[14. 15.  0.  2.]
[30. 31.  0.  2.]
[70. 71.  0.  2.]
[487.  72.   0.   3.]
[488.  73.   0.   4.]
[489.  74.   0.   5.]
[81. 82.  0.  2.]
[491.  85.   0.   3.]
[93. 94.  0.  2.]
[493.  95.   0.   3.]
[494.  96.   0.   4.]
[109. 114.   0.   2.]
[112. 117.   0.   2.]
[497. 120.   0.   3.]
[498. 125.   0.   4.]
[116. 499.   0.   5.]
[113. 127.   0.   2.]
[132. 133.   0.   2.]
[502. 135.   0.   3.]
[157. 215.   0.   2.]
[504. 216.   0.   3.]
[505. 218.   0.   4.]
[506. 219.   0.   5.]
[507. 222.   0.   6.]
[178. 180.   0.   2.]
[179. 181.   0.   2.]
[184. 509.   0.   3.]
[198. 199.   0.   2.]
[205. 211.   0.   2.]
[206. 207.   0.   2.]
[514. 513.   0.   4.]
[209. 515.   0.   5.]
[212. 221.   0.   2.]
[225. 227.   0.   2.]
[242. 244.   0.   2.]
[284. 303.   0.   2.]
[286. 298.   0.   2.]
[291. 297.   0.   2.]
[299. 301.   0.   2.]
[316. 318.   0.   2.]
[524. 321.   0.   3.]
[319. 320.   0.   2.]
[526. 324.   0.   3.]
[361. 363.   0.   2.]
[368. 370.   0.   2.]
[375. 376.   0.   2.]
[379. 385.   0.   2.]
[531. 386.   0.   3.]
[532. 388.   0.   4.]
[533. 399.   0.   5.]
[534. 411.   0.   6.]
[430. 431.   0.   2.]
[443. 444.   0.   2.]
[537. 445.   0.   3.]
[448. 453.   0.   2.]
[458. 519.   0.   3.]
[456. 464.   0.   2.]
[473. 474.   0.   2.]
[475. 476.   0.   2.]
[1.23000000e+02 1.24000000e+02 1.11022302e-16 2.00000000e+00]
[5.44000000e+02 1.28000000e+02 1.11022302e-16 3.00000000e+00]
[1.92000000e+02 1.97000000e+02 1.11022302e-16 2.00000000e+00]
[2.33000000e+02 2.35000000e+02 1.11022302e-16 2.00000000e+00]
[5.47000000e+02 2.36000000e+02 1.11022302e-16 3.00000000e+00]
[5.48000000e+02 2.39000000e+02 1.11022302e-16 4.00000000e+00]
[5.49000000e+02 2.40000000e+02 1.11022302e-16 5.00000000e+00]
[5.50000000e+02 2.43000000e+02 1.11022302e-16 6.00000000e+00]
[3.33000000e+02 3.41000000e+02 1.11022302e-16 2.00000000e+00]
[3.62000000e+02 3.64000000e+02 1.11022302e-16 2.00000000e+00]
[4.50000000e+02 4.52000000e+02 1.11022302e-16 2.00000000e+00]
[5.54000000e+02 4.59000000e+02 1.11022302e-16 3.00000000e+00]
[5.55000000e+02 5.39000000e+02 1.11022302e-16 5.00000000e+00]
[4.70000000e+02 5.56000000e+02 1.11022302e-16 6.00000000e+00]
[1.49000000e+02 1.50000000e+02 2.22044605e-16 2.00000000e+00]
[5.58000000e+02 1.51000000e+02 2.22044605e-16 3.00000000e+00]
[5.59000000e+02 1.53000000e+02 2.22044605e-16 4.00000000e+00]
[1.72000000e+02 1.74000000e+02 2.22044605e-16 2.00000000e+00]
[3.11000000e+02 3.25000000e+02 2.22044605e-16 2.00000000e+00]
[3.95000000e+02 3.96000000e+02 2.22044605e-16 2.00000000e+00]
[5.63000000e+02 4.01000000e+02 2.22044605e-16 3.00000000e+00]
[1.3600000e+02 1.3700000e+02 4.4408921e-16 2.0000000e+00]
[4.46000000e+02 4.47000000e+02 1.11022302e-15 2.00000000e+00]
[4.67000000e+02 5.57000000e+02 1.68283698e-03 7.00000000e+00]
[1.06000000e+02 1.07000000e+02 1.90266865e-03 2.00000000e+00]
[5.11000000e+02 5.10000000e+02 2.22193898e-03 5.00000000e+00]
[3.9700000e+02 4.1300000e+02 2.9939564e-03 2.0000000e+00]
[2.08000000e+02 5.16000000e+02 3.05848753e-03 6.00000000e+00]
[1.39000000e+02 1.40000000e+02 3.06514138e-03 2.00000000e+00]
[5.65000000e+02 1.38000000e+02 3.69368425e-03 3.00000000e+00]
[1.82000000e+02 5.69000000e+02 3.94017893e-03 6.00000000e+00]
[4.85000000e+02 1.60000000e+01 4.30182758e-03 3.00000000e+00]
[3.52000000e+02 3.53000000e+02 4.63647626e-03 2.00000000e+00]
[2.61000000e+02 2.63000000e+02 5.20167957e-03 2.00000000e+00]
[3.42000000e+02 3.43000000e+02 5.20959505e-03 2.00000000e+00]
[1.59000000e+02 1.60000000e+02 5.83572097e-03 2.00000000e+00]
[3.89000000e+02 5.70000000e+02 6.83044016e-03 3.00000000e+00]
[4.21000000e+02 4.23000000e+02 7.21683315e-03 2.00000000e+00]
[5.72000000e+02 1.41000000e+02 7.24320813e-03 3.00000000e+00]
[8.00000000e+01 4.92000000e+02 8.21997697e-03 4.00000000e+00]
[4.10000000e+01 4.30000000e+01 8.61381647e-03 2.00000000e+00]
[2.92000000e+02 3.04000000e+02 8.68312434e-03 2.00000000e+00]
[1.76000000e+02 1.83000000e+02 9.06098548e-03 2.00000000e+00]
[3.7200000e+02 3.7300000e+02 9.1778396e-03 2.0000000e+00]
[1.6600000e+02 1.6700000e+02 9.5772931e-03 2.0000000e+00]
[3.70000000e+01 3.90000000e+01 1.06816443e-02 2.00000000e+00]
[2.83000000e+02 2.87000000e+02 1.07684639e-02 2.00000000e+00]
[2.34000000e+02 2.37000000e+02 1.15380704e-02 2.00000000e+00]
[2.76000000e+02 5.20000000e+02 1.18844603e-02 3.00000000e+00]
[3.45000000e+02 3.47000000e+02 1.19166832e-02 2.00000000e+00]
[2.3200000e+02 5.5100000e+02 1.2499958e-02 7.0000000e+00]
[4.80000000e+02 4.82000000e+02 1.28074584e-02 2.00000000e+00]
[3.51000000e+02 3.55000000e+02 1.31158669e-02 2.00000000e+00]
[2.57000000e+02 2.58000000e+02 1.33211803e-02 2.00000000e+00]
[5.28000000e+02 5.53000000e+02 1.43164618e-02 4.00000000e+00]
[1.93000000e+02 1.96000000e+02 1.43558358e-02 2.00000000e+00]
[3.93000000e+02 5.64000000e+02 1.52151455e-02 4.00000000e+00]
[3.14000000e+02 3.15000000e+02 1.60435279e-02 2.00000000e+00]
[4.4200000e+02 5.3800000e+02 1.6348749e-02 4.0000000e+00]
[4.72000000e+02 5.43000000e+02 1.63887588e-02 3.00000000e+00]
[3.74000000e+02 5.30000000e+02 1.64883579e-02 3.00000000e+00]
[5.12000000e+02 2.00000000e+02 1.67961264e-02 3.00000000e+00]
[4.10000000e+02 5.81000000e+02 1.71631614e-02 3.00000000e+00]
[4.25000000e+02 4.26000000e+02 1.76120741e-02 2.00000000e+00]
[4.69000000e+02 5.42000000e+02 1.80507701e-02 3.00000000e+00]
[2.67000000e+02 2.70000000e+02 1.81584668e-02 2.00000000e+00]
[1.48000000e+02 5.60000000e+02 1.87024809e-02 5.00000000e+00]
[4.15000000e+02 4.16000000e+02 1.87742535e-02 2.00000000e+00]
[4.51000000e+02 4.71000000e+02 1.87836973e-02 2.00000000e+00]
[2.93000000e+02 5.23000000e+02 1.87945951e-02 3.00000000e+00]
[5.18000000e+02 2.26000000e+02 1.89450421e-02 3.00000000e+00]
[7.50000000e+01 7.60000000e+01 2.00365057e-02 2.00000000e+00]
[5.0300000e+02 1.3400000e+02 2.0825575e-02 4.0000000e+00]
[4.62000000e+02 4.65000000e+02 2.09550154e-02 2.00000000e+00]
[4.00000000e+01 5.84000000e+02 2.12486277e-02 3.00000000e+00]
[2.51000000e+02 2.52000000e+02 2.16072378e-02 2.00000000e+00]
[1.54000000e+02 1.55000000e+02 2.31316694e-02 2.00000000e+00]
[4.61000000e+02 4.84000000e+02 2.36536988e-02 2.00000000e+00]
[1.73000000e+02 1.87000000e+02 2.42117993e-02 2.00000000e+00]
[5.01000000e+02 5.00000000e+02 2.53996574e-02 7.00000000e+00]
[2.75000000e+02 2.78000000e+02 2.58077767e-02 2.00000000e+00]
[5.50000000e+01 5.80000000e+01 2.59126835e-02 2.00000000e+00]
[5.73000000e+02 1.44000000e+02 2.95054291e-02 4.00000000e+00]
[5.68000000e+02 1.08000000e+02 2.99038773e-02 3.00000000e+00]
[5.82000000e+02 6.26000000e+02 3.04518739e-02 7.00000000e+00]
[3.92000000e+02 3.98000000e+02 3.06330005e-02 2.00000000e+00]
[1.42000000e+02 1.43000000e+02 3.10467768e-02 2.00000000e+00]
[4.28000000e+02 4.33000000e+02 3.15601068e-02 2.00000000e+00]
[1.89000000e+02 5.46000000e+02 3.17793713e-02 3.00000000e+00]
[3.22000000e+02 3.23000000e+02 3.39361843e-02 2.00000000e+00]
[3.02000000e+02 3.06000000e+02 3.40053678e-02 2.00000000e+00]
[5.17000000e+02 2.14000000e+02 3.44606833e-02 3.00000000e+00]
[1.91000000e+02 6.05000000e+02 3.45636741e-02 4.00000000e+00]
[2.48000000e+02 2.49000000e+02 3.51851263e-02 2.00000000e+00]
[8.70000000e+01 8.80000000e+01 3.72018532e-02 2.00000000e+00]
[5.41000000e+02 5.40000000e+02 3.86699935e-02 5.00000000e+00]
[4.00000000e+00 4.79000000e+02 4.09178732e-02 2.00000000e+00]
[6.3200000e+02 1.9000000e+02 4.1297085e-02 4.0000000e+00]
[5.36000000e+02 4.34000000e+02 4.16154317e-02 3.00000000e+00]
[1.31000000e+02 6.16000000e+02 4.19435091e-02 5.00000000e+00]
[3.60000000e+02 5.98000000e+02 4.20518356e-02 5.00000000e+00]
[1.4700000e+02 6.1000000e+02 4.4179628e-02 6.0000000e+00]
[5.52000000e+02 5.78000000e+02 4.53036007e-02 4.00000000e+00]
[5.62000000e+02 3.13000000e+02 4.55588743e-02 3.00000000e+00]
[1.00000000e+00 5.90000000e+02 4.62703587e-02 3.00000000e+00]
[5.22000000e+02 4.07000000e+02 4.70252348e-02 3.00000000e+00]
[8.00000000e+00 3.84000000e+02 4.78121262e-02 2.00000000e+00]
[1.21000000e+02 5.45000000e+02 4.79352901e-02 4.00000000e+00]
[5.86000000e+02 5.74000000e+02 4.86973134e-02 8.00000000e+00]
[5.2500000e+02 5.2700000e+02 5.0045125e-02 6.0000000e+00]
[6.37000000e+02 2.53000000e+02 5.03195904e-02 3.00000000e+00]
[4.3500000e+02 6.0200000e+02 5.0744884e-02 5.0000000e+00]
[2.6800000e+02 6.1400000e+02 5.1266438e-02 4.0000000e+00]
[6.01000000e+02 6.53000000e+02 5.21938961e-02 8.00000000e+00]
[5.66000000e+02 4.78000000e+02 5.24359079e-02 3.00000000e+00]
[5.67000000e+02 6.55000000e+02 5.25048656e-02 1.20000000e+01]
[1.62000000e+02 1.63000000e+02 5.30829085e-02 2.00000000e+00]
[6.49000000e+02 6.07000000e+02 5.58390991e-02 5.00000000e+00]
[2.90000000e+02 3.94000000e+02 5.71023008e-02 2.00000000e+00]
[1.11000000e+02 3.57000000e+02 5.80109169e-02 2.00000000e+00]
[ 3.         57.          0.05944704  2.        ]
[2.77000000e+02 5.80000000e+02 6.05973418e-02 4.00000000e+00]
[6.28000000e+02 6.30000000e+02 6.06872252e-02 9.00000000e+00]
[4.0600000e+02 4.1400000e+02 6.2227725e-02 2.0000000e+00]
[2.20000000e+02 2.50000000e+02 6.27390919e-02 2.00000000e+00]
[2.85000000e+02 2.89000000e+02 6.29251517e-02 2.00000000e+00]
[3.90000000e+02 3.91000000e+02 6.37825384e-02 2.00000000e+00]
[6.24000000e+02 3.07000000e+02 6.39668764e-02 3.00000000e+00]
[4.40000000e+01 2.24000000e+02 6.40003552e-02 2.00000000e+00]
[2.73000000e+02 5.29000000e+02 6.53076798e-02 3.00000000e+00]
[5.94000000e+02 4.77000000e+02 6.56308117e-02 8.00000000e+00]
[2.31000000e+02 6.03000000e+02 6.56450829e-02 4.00000000e+00]
[1.8800000e+02 4.0900000e+02 6.6115966e-02 2.0000000e+00]
[7.00000000e+00 1.61000000e+02 6.72529977e-02 2.00000000e+00]
[2.64000000e+02 3.80000000e+02 6.78571672e-02 2.00000000e+00]
[6.61000000e+02 3.36000000e+02 6.80657946e-02 6.00000000e+00]
[5.85000000e+02 6.00000000e+02 6.90087475e-02 6.00000000e+00]
[2.90000000e+01 4.86000000e+02 6.97326661e-02 3.00000000e+00]
[1.58000000e+02 5.79000000e+02 7.07095482e-02 3.00000000e+00]
[1.52000000e+02 6.39000000e+02 7.07578074e-02 6.00000000e+00]
[3.54000000e+02 5.87000000e+02 7.17031704e-02 3.00000000e+00]
[4.81000000e+02 6.77000000e+02 7.17162311e-02 3.00000000e+00]
[2.69000000e+02 3.29000000e+02 7.19236863e-02 2.00000000e+00]
[6.79000000e+02 4.04000000e+02 7.26600236e-02 7.00000000e+00]
[1.29000000e+02 6.65000000e+02 7.29729841e-02 5.00000000e+00]
[19.         33.          0.07346538  2.        ]
[5.75000000e+02 2.28000000e+02 7.42415105e-02 4.00000000e+00]
[2.79000000e+02 5.91000000e+02 7.42596491e-02 3.00000000e+00]
[3.5600000e+02 6.0400000e+02 7.4454773e-02 4.0000000e+00]
[4.54000000e+02 6.59000000e+02 7.49887377e-02 1.30000000e+01]
[8.30000000e+01 6.45000000e+02 7.53374281e-02 7.00000000e+00]
[6.5000000e+02 6.8600000e+02 7.6161505e-02 4.0000000e+00]
[3.82000000e+02 6.88000000e+02 7.67138905e-02 6.00000000e+00]
[2.30000000e+01 2.01000000e+02 7.77894022e-02 2.00000000e+00]
[24.        34.         0.0788637  2.       ]
[5.71000000e+02 2.56000000e+02 7.89985374e-02 7.00000000e+00]
[1.26000000e+02 6.91000000e+02 7.94136279e-02 4.00000000e+00]
[6.40000000e+02 1.20000000e+01 7.95255353e-02 3.00000000e+00]
[9.90000000e+01 1.46000000e+02 7.96903138e-02 2.00000000e+00]
[6.12000000e+02 6.96000000e+02 8.00803977e-02 8.00000000e+00]
[2.60000000e+02 3.65000000e+02 8.02138888e-02 2.00000000e+00]
[6.35000000e+02 6.68000000e+02 8.06125465e-02 5.00000000e+00]
[2.95000000e+02 3.30000000e+02 8.20037929e-02 2.00000000e+00]
[6.95000000e+02 1.75000000e+02 8.29812387e-02 5.00000000e+00]
[6.76000000e+02 4.02000000e+02 8.34325024e-02 3.00000000e+00]
[6.56000000e+02 6.63000000e+02 8.41178505e-02 6.00000000e+00]
[6.60000000e+01 6.54000000e+02 8.52328598e-02 4.00000000e+00]
[1.19000000e+02 7.01000000e+02 8.61489141e-02 4.00000000e+00]
[5.90000000e+01 7.03000000e+02 8.63529861e-02 9.00000000e+00]
[6.73000000e+02 3.66000000e+02 8.66520792e-02 4.00000000e+00]
[5.20000000e+01 6.94000000e+02 8.69301515e-02 8.00000000e+00]
[5.89000000e+02 4.29000000e+02 8.75801357e-02 3.00000000e+00]
[6.18000000e+02 4.50000000e+01 8.80876897e-02 4.00000000e+00]
[25.        54.         0.0884067  2.       ]
[1.00000000e+01 6.97000000e+02 8.87975987e-02 3.00000000e+00]
[3.37000000e+02 6.85000000e+02 8.98815319e-02 4.00000000e+00]
[6.00000000e+01 5.61000000e+02 9.01377962e-02 3.00000000e+00]
[6.41000000e+02 6.36000000e+02 9.06872851e-02 8.00000000e+00]
[2.88000000e+02 6.62000000e+02 9.10310185e-02 3.00000000e+00]
[1.95000000e+02 6.92000000e+02 9.10930086e-02 5.00000000e+00]
[2.23000000e+02 3.81000000e+02 9.20065979e-02 2.00000000e+00]
[9.20000000e+01 5.08000000e+02 9.21463622e-02 7.00000000e+00]
[7.18000000e+02 3.38000000e+02 9.39246474e-02 4.00000000e+00]
[4.95000000e+02 7.14000000e+02 9.40488688e-02 1.20000000e+01]
[4.60000000e+01 6.21000000e+02 9.48803563e-02 3.00000000e+00]
[6.71000000e+02 4.39000000e+02 9.49645813e-02 4.00000000e+00]
[7.7000000e+01 6.7400000e+02 9.5461459e-02 9.0000000e+00]
[4.66000000e+02 7.23000000e+02 9.55255491e-02 6.00000000e+00]
[5.96000000e+02 6.44000000e+02 9.60808985e-02 7.00000000e+00]
[6.52000000e+02 7.10000000e+02 9.61478211e-02 1.20000000e+01]
[4.05000000e+02 6.31000000e+02 9.73922655e-02 3.00000000e+00]
[9.80000000e+01 4.57000000e+02 9.79448929e-02 2.00000000e+00]
[2.82000000e+02 4.68000000e+02 9.81090676e-02 2.00000000e+00]
[2.30000000e+02 6.75000000e+02 9.84429778e-02 5.00000000e+00]
[1.1800000e+02 6.9000000e+02 9.9098135e-02 5.0000000e+00]
[7.11000000e+02 2.47000000e+02 9.91215003e-02 5.00000000e+00]
[3.78000000e+02 7.27000000e+02 1.01188142e-01 1.30000000e+01]
[2.00000000e+00 6.13000000e+02 1.02217808e-01 4.00000000e+00]
[35.        63.         0.1022514  2.       ]
[1.02000000e+02 2.94000000e+02 1.02349678e-01 2.00000000e+00]
[7.12000000e+02 6.72000000e+02 1.04549395e-01 1.10000000e+01]
[1.8500000e+02 7.1300000e+02 1.0475748e-01 5.0000000e+00]
[6.99000000e+02 6.23000000e+02 1.05203726e-01 1.40000000e+01]
[4.70000000e+01 7.44000000e+02 1.05969799e-01 1.20000000e+01]
[7.26000000e+02 8.40000000e+01 1.06334327e-01 5.00000000e+00]
[1.64000000e+02 7.47000000e+02 1.06576826e-01 1.30000000e+01]
[2.65000000e+02 7.31000000e+02 1.06876192e-01 7.00000000e+00]
[1.56000000e+02 6.22000000e+02 1.07367446e-01 3.00000000e+00]
[3.27000000e+02 6.17000000e+02 1.07697486e-01 3.00000000e+00]
[7.20000000e+02 4.17000000e+02 1.07921376e-01 4.00000000e+00]
[9.70000000e+01 7.04000000e+02 1.08000325e-01 3.00000000e+00]
[ 90.         104.           0.10807652   2.        ]
[6.83000000e+02 4.24000000e+02 1.08188035e-01 7.00000000e+00]
[6.840000e+02 7.290000e+02 1.084816e-01 7.000000e+00]
[7.07000000e+02 2.80000000e+02 1.10047736e-01 6.00000000e+00]
[5.60000000e+01 2.74000000e+02 1.10472006e-01 2.00000000e+00]
[1.94000000e+02 7.40000000e+02 1.10514696e-01 1.40000000e+01]
[4.9600000e+02 2.1300000e+02 1.1093082e-01 3.0000000e+00]
[6.90000000e+01 7.38000000e+02 1.11760584e-01 6.00000000e+00]
[2.55000000e+02 6.87000000e+02 1.12148384e-01 8.00000000e+00]
[7.08000000e+02 4.20000000e+02 1.12194642e-01 4.00000000e+00]
[6.48000000e+02 6.80000000e+02 1.13196683e-01 9.00000000e+00]
[2.46000000e+02 3.17000000e+02 1.13974548e-01 2.00000000e+00]
[8.90000000e+01 4.55000000e+02 1.14079426e-01 2.00000000e+00]
[5.92000000e+02 7.00000000e+02 1.14419645e-01 7.00000000e+00]
[2.66000000e+02 7.50000000e+02 1.14773478e-01 8.00000000e+00]
[8.60000000e+01 7.02000000e+02 1.16552221e-01 3.00000000e+00]
[7.68000000e+02 4.22000000e+02 1.16909025e-01 8.00000000e+00]
[6.98000000e+02 7.63000000e+02 1.17703499e-01 1.00000000e+01]
[6.1000000e+01 6.4300000e+02 1.1845959e-01 6.0000000e+00]
[6.20000000e+01 3.35000000e+02 1.18876867e-01 2.00000000e+00]
[2.17000000e+02 6.19000000e+02 1.19544377e-01 3.00000000e+00]
[5.000000e+00 7.540000e+02 1.209294e-01 4.000000e+00]
[3.05000000e+02 7.49000000e+02 1.21429033e-01 1.40000000e+01]
[1.77000000e+02 7.33000000e+02 1.21594189e-01 1.30000000e+01]
[9.10000000e+01 7.09000000e+02 1.21645004e-01 7.00000000e+00]
[7.28000000e+02 3.10000000e+02 1.21959735e-01 4.00000000e+00]
[4.08000000e+02 6.11000000e+02 1.23056392e-01 3.00000000e+00]
[6.6000000e+02 7.3000000e+02 1.2574167e-01 1.1000000e+01]
[4.37000000e+02 6.93000000e+02 1.26733501e-01 1.40000000e+01]
[7.64000000e+02 7.22000000e+02 1.26814644e-01 7.00000000e+00]
[3.34000000e+02 7.60000000e+02 1.27508867e-01 1.50000000e+01]
[6.46000000e+02 7.79000000e+02 1.27912524e-01 1.10000000e+01]
[2.04000000e+02 7.46000000e+02 1.28611055e-01 1.50000000e+01]
[1.86000000e+02 7.39000000e+02 1.30004403e-01 6.00000000e+00]
[6.50000000e+01 7.86000000e+02 1.30312813e-01 1.20000000e+01]
[7.82000000e+02 6.38000000e+02 1.31774193e-01 1.30000000e+01]
[7.52000000e+02 7.69000000e+02 1.31811833e-01 1.10000000e+01]
[7.53000000e+02 5.77000000e+02 1.32420002e-01 6.00000000e+00]
[2.1000000e+01 2.6200000e+02 1.3303135e-01 2.0000000e+00]
[7.51000000e+02 7.84000000e+02 1.33070639e-01 1.00000000e+01]
[7.90000000e+01 7.25000000e+02 1.34396843e-01 8.00000000e+00]
[6.78000000e+02 7.32000000e+02 1.34519778e-01 9.00000000e+00]
[7.35000000e+02 7.19000000e+02 1.35204565e-01 6.00000000e+00]
[ 49.         103.           0.13565201   2.        ]
[1.22000000e+02 7.88000000e+02 1.36303184e-01 7.00000000e+00]
[2.71000000e+02 6.69000000e+02 1.36647855e-01 3.00000000e+00]
[7.90000000e+02 7.43000000e+02 1.37696536e-01 1.50000000e+01]
[7.48000000e+02 7.45000000e+02 1.37712891e-01 1.00000000e+01]
[8.01000000e+02 1.65000000e+02 1.37969847e-01 1.60000000e+01]
[6.8200000e+02 5.3500000e+02 1.3831866e-01 9.0000000e+00]
[7.72000000e+02 7.06000000e+02 1.38488847e-01 1.20000000e+01]
[7.66000000e+02 7.57000000e+02 1.39271007e-01 9.00000000e+00]
[7.15000000e+02 4.63000000e+02 1.39663729e-01 4.00000000e+00]
[7.55000000e+02 7.94000000e+02 1.39726077e-01 1.20000000e+01]
[7.42000000e+02 7.71000000e+02 1.40265374e-01 1.00000000e+01]
[4.80000000e+01 8.08000000e+02 1.40432221e-01 1.30000000e+01]
[7.6500000e+02 4.8300000e+02 1.4057231e-01 1.0000000e+01]
[7.24000000e+02 7.96000000e+02 1.41530907e-01 1.10000000e+01]
[7.58000000e+02 2.38000000e+02 1.41588312e-01 7.00000000e+00]
[7.70000000e+02 7.87000000e+02 1.43791238e-01 1.80000000e+01]
[7.61000000e+02 2.41000000e+02 1.44126629e-01 4.00000000e+00]
[7.80000000e+01 3.67000000e+02 1.44396981e-01 2.00000000e+00]
[8.05000000e+02 2.54000000e+02 1.44930031e-01 1.30000000e+01]
[3.80000000e+01 3.49000000e+02 1.47083657e-01 2.00000000e+00]
[1.69000000e+02 8.14000000e+02 1.49115564e-01 1.90000000e+01]
[7.56000000e+02 7.85000000e+02 1.50846662e-01 2.20000000e+01]
[1.01000000e+02 4.27000000e+02 1.51365844e-01 2.00000000e+00]
[2.03000000e+02 4.90000000e+02 1.51552428e-01 6.00000000e+00]
[2.29000000e+02 5.97000000e+02 1.51669369e-01 3.00000000e+00]
[6.58000000e+02 8.10000000e+02 1.51896765e-01 1.60000000e+01]
[4.00000000e+02 8.20000000e+02 1.52147376e-01 2.30000000e+01]
[1.05000000e+02 1.68000000e+02 1.53598281e-01 2.00000000e+00]
[8.17000000e+02 2.81000000e+02 1.54494941e-01 1.40000000e+01]
[7.17000000e+02 7.77000000e+02 1.55907619e-01 1.60000000e+01]
[7.9100000e+02 7.9300000e+02 1.5593053e-01 1.3000000e+01]
[3.4600000e+02 8.2900000e+02 1.5626848e-01 1.4000000e+01]
[2.80000000e+01 2.02000000e+02 1.58368015e-01 2.00000000e+00]
[4.19000000e+02 6.42000000e+02 1.58640171e-01 4.00000000e+00]
[7.16000000e+02 6.25000000e+02 1.59982559e-01 6.00000000e+00]
[3.69000000e+02 8.27000000e+02 1.60253603e-01 1.50000000e+01]
[8.15000000e+02 8.34000000e+02 1.61801608e-01 1.90000000e+01]
[1.10000000e+01 5.83000000e+02 1.63139732e-01 5.00000000e+00]
[7.76000000e+02 8.09000000e+02 1.63259614e-01 1.40000000e+01]
[8.13000000e+02 8.02000000e+02 1.63274214e-01 1.70000000e+01]
[0.00000000e+00 8.22000000e+02 1.63553512e-01 7.00000000e+00]
[7.62000000e+02 8.37000000e+02 1.64295577e-01 2.00000000e+01]
[7.41000000e+02 7.89000000e+02 1.64471236e-01 1.60000000e+01]
[8.07000000e+02 6.08000000e+02 1.66079055e-01 7.00000000e+00]
[6.47000000e+02 6.57000000e+02 1.66573497e-01 1.10000000e+01]
[3.32000000e+02 3.40000000e+02 1.66576955e-01 2.00000000e+00]
[7.80000000e+02 5.00000000e+01 1.66616669e-01 5.00000000e+00]
[8.1900000e+02 4.1800000e+02 1.6848253e-01 2.0000000e+01]
[6.15000000e+02 4.32000000e+02 1.68696027e-01 3.00000000e+00]
[8.2800000e+02 6.6600000e+02 1.7010703e-01 2.5000000e+01]
[7.36000000e+02 8.38000000e+02 1.71306536e-01 1.90000000e+01]
[8.12000000e+02 5.21000000e+02 1.71581391e-01 1.30000000e+01]
[3.71000000e+02 8.03000000e+02 1.72832346e-01 1.70000000e+01]
[1.30000000e+02 8.48000000e+02 1.73361198e-01 2.60000000e+01]
[7.98000000e+02 7.92000000e+02 1.74701084e-01 8.00000000e+00]
[3.60000000e+01 4.03000000e+02 1.75090982e-01 2.00000000e+00]
[4.20000000e+01 8.50000000e+02 1.77110884e-01 1.40000000e+01]
[7.99000000e+02 7.37000000e+02 1.80113025e-01 1.20000000e+01]
[5.99000000e+02 5.95000000e+02 1.80838405e-01 4.00000000e+00]
[8.11000000e+02 7.05000000e+02 1.80961772e-01 1.50000000e+01]
[7.78000000e+02 6.09000000e+02 1.81144982e-01 1.50000000e+01]
[6.6400000e+02 3.5800000e+02 1.8117864e-01 3.0000000e+00]
[4.36000000e+02 7.34000000e+02 1.85769966e-01 4.00000000e+00]
[8.40000000e+02 6.51000000e+02 1.88173149e-01 2.40000000e+01]
[8.06000000e+02 8.24000000e+02 1.91330308e-01 2.50000000e+01]
[5.8800000e+02 2.9600000e+02 1.9263104e-01 3.0000000e+00]
[7.81000000e+02 7.73000000e+02 1.93779274e-01 9.00000000e+00]
[8.18000000e+02 1.00000000e+02 1.94047811e-01 3.00000000e+00]
[7.75000000e+02 8.46000000e+02 1.94268538e-01 2.30000000e+01]
[8.47000000e+02 8.26000000e+02 1.94997327e-01 5.00000000e+00]
[8.39000000e+02 8.30000000e+02 1.95826203e-01 2.10000000e+01]
[8.55000000e+02 8.60000000e+02 1.95895484e-01 1.70000000e+01]
[13.         51.          0.19614895  2.        ]
[2.10000000e+02 8.25000000e+02 1.96333356e-01 2.40000000e+01]
[7.59000000e+02 8.72000000e+02 1.96576499e-01 2.60000000e+01]
[8.49000000e+02 8.51000000e+02 1.97715087e-01 3.60000000e+01]
[8.35000000e+02 1.71000000e+02 1.98418878e-01 2.00000000e+01]
[8.52000000e+02 8.04000000e+02 1.98591319e-01 3.50000000e+01]
[2.20000000e+01 8.23000000e+02 1.99007278e-01 4.00000000e+00]
[8.74000000e+02 8.59000000e+02 2.03430166e-01 5.10000000e+01]
[145.         170.           0.20658359   2.        ]
[8.7000000e+02 6.6700000e+02 2.0727834e-01 1.9000000e+01]
[6.89000000e+02 8.78000000e+02 2.08061444e-01 5.30000000e+01]
[7.95000000e+02 8.67000000e+02 2.09007768e-01 3.10000000e+01]
[8.62000000e+02 8.16000000e+02 2.09046192e-01 2.60000000e+01]
[8.83000000e+02 3.31000000e+02 2.09948212e-01 2.70000000e+01]
[7.74000000e+02 8.53000000e+02 2.10299725e-01 1.00000000e+01]
[8.69000000e+02 2.70000000e+01 2.10965153e-01 2.20000000e+01]
[1.15000000e+02 8.75000000e+02 2.11664429e-01 2.10000000e+01]
[ 32.        110.          0.2131916   2.       ]
[8.42000000e+02 8.44000000e+02 2.13974274e-01 9.00000000e+00]
[6.70000000e+02 8.56000000e+02 2.15123089e-01 1.40000000e+01]
[8.4500000e+02 8.8600000e+02 2.1563005e-01 2.7000000e+01]
[3.39000000e+02 8.87000000e+02 2.20063981e-01 2.20000000e+01]
[8.58000000e+02 7.21000000e+02 2.20737665e-01 2.30000000e+01]
[8.81000000e+02 8.76000000e+02 2.21055516e-01 8.80000000e+01]
[3.09000000e+02 8.63000000e+02 2.21627796e-01 2.60000000e+01]
[6.00000000e+00 8.54000000e+02 2.22920903e-01 3.00000000e+00]
[7.97000000e+02 8.95000000e+02 2.23313176e-01 3.20000000e+01]
[8.80000000e+02 6.27000000e+02 2.23849409e-01 2.20000000e+01]
[5.30000000e+01 7.67000000e+02 2.25109992e-01 3.00000000e+00]
[6.70000000e+01 8.73000000e+02 2.25297124e-01 2.70000000e+01]
[8.93000000e+02 8.68000000e+02 2.25978561e-01 2.80000000e+01]
[1.70000000e+01 8.94000000e+02 2.31375627e-01 8.90000000e+01]
[8.66000000e+02 9.02000000e+02 2.34769393e-01 9.20000000e+01]
[6.80000000e+01 8.32000000e+02 2.36748557e-01 5.00000000e+00]
[8.82000000e+02 8.92000000e+02 2.39146049e-01 5.30000000e+01]
[8.7700000e+02 8.2100000e+02 2.4688205e-01 6.0000000e+00]
[8.79000000e+02 8.98000000e+02 2.52457316e-01 2.40000000e+01]
[8.89000000e+02 8.85000000e+02 2.52577085e-01 1.90000000e+01]
[9.01000000e+02 8.97000000e+02 2.53426298e-01 6.00000000e+01]
[8.99000000e+02 5.76000000e+02 2.55194716e-01 5.00000000e+00]
[9.05000000e+02 8.41000000e+02 2.56805718e-01 6.90000000e+01]
[9.00000000e+02 8.90000000e+02 2.59089538e-01 4.10000000e+01]
[9.11000000e+02 3.12000000e+02 2.62274533e-01 7.00000000e+01]
[8.64000000e+02 2.72000000e+02 2.62412562e-01 4.00000000e+00]
[3.44000000e+02 8.61000000e+02 2.64683505e-01 5.00000000e+00]
[9.10000000e+02 6.06000000e+02 2.66629802e-01 8.00000000e+00]
[6.29000000e+02 8.65000000e+02 2.67430355e-01 1.10000000e+01]
[3.77000000e+02 8.84000000e+02 2.72089467e-01 2.80000000e+01]
[3.28000000e+02 5.93000000e+02 2.72119195e-01 3.00000000e+00]
[9.09000000e+02 8.00000000e+02 2.74437872e-01 6.30000000e+01]
[8.71000000e+02 9.07000000e+02 2.80471299e-01 2.60000000e+01]
[9.14000000e+02 9.13000000e+02 2.83802463e-01 7.40000000e+01]
[6.81000000e+02 3.48000000e+02 2.85778049e-01 4.00000000e+00]
[8.3300000e+02 3.0800000e+02 2.8898134e-01 7.0000000e+00]
[9.12000000e+02 9.20000000e+02 2.89056185e-01 1.04000000e+02]
[8.91000000e+02 9.03000000e+02 2.91476882e-01 1.19000000e+02]
[6.34000000e+02 3.83000000e+02 2.97111399e-01 3.00000000e+00]
[8.31000000e+02 9.21000000e+02 2.97160598e-01 2.80000000e+01]
[9.08000000e+02 9.25000000e+02 2.97386987e-01 1.23000000e+02]
[9.06000000e+02 2.45000000e+02 2.99999099e-01 7.00000000e+00]
[9.24000000e+02 9.22000000e+02 3.02646404e-01 8.10000000e+01]
[8.36000000e+02 9.18000000e+02 3.02689642e-01 3.30000000e+01]
[1.80000000e+01 9.17000000e+02 3.08019622e-01 1.20000000e+01]
[6.33000000e+02 4.38000000e+02 3.08747465e-01 3.00000000e+00]
[8.9600000e+02 9.1500000e+02 3.2290283e-01 8.0000000e+00]
[9.29000000e+02 9.28000000e+02 3.37830383e-01 1.51000000e+02]
[2.00000000e+01 9.36000000e+02 3.43627717e-01 1.52000000e+02]
[9.320000e+02 6.200000e+02 3.438001e-01 3.500000e+01]
[9.26000000e+02 4.60000000e+02 3.46904723e-01 1.20000000e+02]
[9.27000000e+02 3.59000000e+02 3.49074762e-01 4.00000000e+00]
[9.39000000e+02 9.37000000e+02 3.55995736e-01 2.72000000e+02]
[9.00000000e+00 9.38000000e+02 3.57329846e-01 3.60000000e+01]
[4.41000000e+02 9.41000000e+02 3.65319112e-01 2.73000000e+02]
[9.33000000e+02 9.30000000e+02 3.74067704e-01 1.90000000e+01]
[9.350000e+02 9.420000e+02 3.787994e-01 4.400000e+01]
[3.50000000e+02 4.12000000e+02 3.80255887e-01 2.00000000e+00]
[9.31000000e+02 9.40000000e+02 3.85198484e-01 8.50000000e+01]
[8.88000000e+02 9.43000000e+02 3.88127428e-01 2.75000000e+02]
[9.23000000e+02 8.57000000e+02 3.90064791e-01 8.00000000e+00]
[9.16000000e+02 8.43000000e+02 3.99816995e-01 1.90000000e+01]
[9.47000000e+02 9.19000000e+02 4.01954292e-01 8.80000000e+01]
[2.59000000e+02 9.34000000e+02 4.10142758e-01 4.00000000e+00]
[2.60000000e+01 9.46000000e+02 4.18726189e-01 3.00000000e+00]
[9.51000000e+02 6.40000000e+01 4.20855656e-01 8.90000000e+01]
[9.54000000e+02 7.83000000e+02 4.44016038e-01 1.03000000e+02]
[9.44000000e+02 9.48000000e+02 4.47657693e-01 2.94000000e+02]
[9.45000000e+02 9.52000000e+02 4.63843082e-01 4.80000000e+01]
[300.         326.           0.48650989   2.        ]
[9.57000000e+02 9.50000000e+02 5.12354372e-01 6.70000000e+01]
[9.59000000e+02 9.56000000e+02 5.41883355e-01 3.61000000e+02]
[9.55000000e+02 9.58000000e+02 5.52245535e-01 1.05000000e+02]
[9.53000000e+02 9.49000000e+02 5.77295814e-01 1.10000000e+01]
[9.60000000e+02 9.61000000e+02 5.89641631e-01 4.66000000e+02]
[9.63000000e+02 9.62000000e+02 6.78458447e-01 4.77000000e+02]
[9.64000000e+02 9.04000000e+02 7.36813722e-01 4.82000000e+02]
[9.65000000e+02 3.87000000e+02 9.63292468e-01 4.83000000e+02]
[966. 440.   1. 484.]
[967. 449.   1. 485.]
