[14. 15.  0.  2.]
[30. 31.  0.  2.]
[70. 71.  0.  2.]
[487.  72.   0.   3.]
[488.  73.   0.   4.]
[489.  74.   0.   5.]
[81. 82.  0.  2.]
[491.  85.   0.   3.]
[93. 94.  0.  2.]
[493.  95.   0.   3.]
[494.  96.   0.   4.]
[109. 114.   0.   2.]
[112. 117.   0.   2.]
[497. 120.   0.   3.]
[498. 125.   0.   4.]
[116. 499.   0.   5.]
[127. 500.   0.   6.]
[132. 133.   0.   2.]
[502. 135.   0.   3.]
[157. 215.   0.   2.]
[504. 216.   0.   3.]
[505. 218.   0.   4.]
[506. 219.   0.   5.]
[507. 222.   0.   6.]
[178. 180.   0.   2.]
[179. 181.   0.   2.]
[184. 509.   0.   3.]
[198. 199.   0.   2.]
[205. 211.   0.   2.]
[206. 207.   0.   2.]
[514. 513.   0.   4.]
[209. 515.   0.   5.]
[212. 221.   0.   2.]
[225. 227.   0.   2.]
[242. 244.   0.   2.]
[284. 303.   0.   2.]
[286. 298.   0.   2.]
[291. 297.   0.   2.]
[299. 301.   0.   2.]
[316. 318.   0.   2.]
[524. 321.   0.   3.]
[319. 320.   0.   2.]
[526. 324.   0.   3.]
[361. 363.   0.   2.]
[368. 370.   0.   2.]
[375. 376.   0.   2.]
[379. 385.   0.   2.]
[531. 386.   0.   3.]
[532. 388.   0.   4.]
[533. 399.   0.   5.]
[534. 411.   0.   6.]
[430. 431.   0.   2.]
[443. 444.   0.   2.]
[537. 445.   0.   3.]
[448. 453.   0.   2.]
[458. 519.   0.   3.]
[464. 540.   0.   4.]
[473. 474.   0.   2.]
[475. 476.   0.   2.]
[1.23000000e+02 1.24000000e+02 1.11022302e-16 2.00000000e+00]
[5.44000000e+02 1.28000000e+02 1.11022302e-16 3.00000000e+00]
[1.92000000e+02 1.97000000e+02 1.11022302e-16 2.00000000e+00]
[2.33000000e+02 2.35000000e+02 1.11022302e-16 2.00000000e+00]
[5.47000000e+02 2.36000000e+02 1.11022302e-16 3.00000000e+00]
[5.48000000e+02 2.39000000e+02 1.11022302e-16 4.00000000e+00]
[5.49000000e+02 2.40000000e+02 1.11022302e-16 5.00000000e+00]
[5.50000000e+02 2.43000000e+02 1.11022302e-16 6.00000000e+00]
[3.33000000e+02 3.41000000e+02 1.11022302e-16 2.00000000e+00]
[3.64000000e+02 5.28000000e+02 1.11022302e-16 3.00000000e+00]
[4.50000000e+02 4.52000000e+02 1.11022302e-16 2.00000000e+00]
[5.54000000e+02 4.59000000e+02 1.11022302e-16 3.00000000e+00]
[5.55000000e+02 5.39000000e+02 1.11022302e-16 5.00000000e+00]
[4.70000000e+02 5.56000000e+02 1.11022302e-16 6.00000000e+00]
[1.49000000e+02 1.50000000e+02 2.22044605e-16 2.00000000e+00]
[5.58000000e+02 1.51000000e+02 2.22044605e-16 3.00000000e+00]
[5.59000000e+02 1.53000000e+02 2.22044605e-16 4.00000000e+00]
[1.72000000e+02 1.74000000e+02 2.22044605e-16 2.00000000e+00]
[3.11000000e+02 3.25000000e+02 2.22044605e-16 2.00000000e+00]
[3.95000000e+02 3.96000000e+02 2.22044605e-16 2.00000000e+00]
[5.63000000e+02 4.01000000e+02 2.22044605e-16 3.00000000e+00]
[1.3600000e+02 1.3700000e+02 4.4408921e-16 2.0000000e+00]
[4.46000000e+02 4.47000000e+02 1.11022302e-15 2.00000000e+00]
[4.67000000e+02 5.57000000e+02 1.68283698e-03 7.00000000e+00]
[1.06000000e+02 1.07000000e+02 1.90266865e-03 2.00000000e+00]
[5.11000000e+02 5.10000000e+02 2.22193898e-03 5.00000000e+00]
[3.9700000e+02 4.1300000e+02 2.9939564e-03 2.0000000e+00]
[2.08000000e+02 5.16000000e+02 3.05848753e-03 6.00000000e+00]
[1.39000000e+02 1.40000000e+02 3.06514138e-03 2.00000000e+00]
[5.65000000e+02 1.38000000e+02 3.69368425e-03 3.00000000e+00]
[1.82000000e+02 5.69000000e+02 3.94017893e-03 6.00000000e+00]
[4.85000000e+02 1.60000000e+01 4.30182758e-03 3.00000000e+00]
[3.52000000e+02 5.01000000e+02 4.63647626e-03 7.00000000e+00]
[2.61000000e+02 2.63000000e+02 5.20167957e-03 2.00000000e+00]
[3.42000000e+02 5.52000000e+02 5.20959505e-03 3.00000000e+00]
[3.62000000e+02 5.53000000e+02 5.72658473e-03 4.00000000e+00]
[1.60000000e+02 5.35000000e+02 5.83572097e-03 7.00000000e+00]
[3.89000000e+02 5.70000000e+02 6.83044016e-03 3.00000000e+00]
[4.21000000e+02 4.23000000e+02 7.21683315e-03 2.00000000e+00]
[5.72000000e+02 5.73000000e+02 7.24320813e-03 5.00000000e+00]
[8.00000000e+01 4.92000000e+02 8.21997697e-03 4.00000000e+00]
[4.10000000e+01 4.30000000e+01 8.61381647e-03 2.00000000e+00]
[3.04000000e+02 5.64000000e+02 8.68312434e-03 4.00000000e+00]
[1.83000000e+02 5.74000000e+02 9.06098548e-03 7.00000000e+00]
[3.7200000e+02 3.7300000e+02 9.1778396e-03 2.0000000e+00]
[1.6700000e+02 5.3800000e+02 9.5772931e-03 4.0000000e+00]
[3.70000000e+01 3.90000000e+01 1.06816443e-02 2.00000000e+00]
[2.83000000e+02 2.87000000e+02 1.07684639e-02 2.00000000e+00]
[2.34000000e+02 2.37000000e+02 1.15380704e-02 2.00000000e+00]
[2.76000000e+02 5.20000000e+02 1.18844603e-02 3.00000000e+00]
[3.47000000e+02 5.51000000e+02 1.19166832e-02 7.00000000e+00]
[4.80000000e+02 4.82000000e+02 1.28074584e-02 2.00000000e+00]
[3.55000000e+02 5.79000000e+02 1.31158669e-02 5.00000000e+00]
[2.58000000e+02 5.08000000e+02 1.33211803e-02 7.00000000e+00]
[1.96000000e+02 5.12000000e+02 1.43558358e-02 3.00000000e+00]
[3.15000000e+02 5.25000000e+02 1.60435279e-02 4.00000000e+00]
[5.43000000e+02 5.30000000e+02 1.63887588e-02 4.00000000e+00]
[4.56000000e+02 5.41000000e+02 1.65728543e-02 5.00000000e+00]
[4.10000000e+02 5.82000000e+02 1.71631614e-02 3.00000000e+00]
[4.26000000e+02 5.22000000e+02 1.76120741e-02 3.00000000e+00]
[4.69000000e+02 5.42000000e+02 1.80507701e-02 3.00000000e+00]
[2.67000000e+02 2.70000000e+02 1.81584668e-02 2.00000000e+00]
[1.48000000e+02 5.60000000e+02 1.87024809e-02 5.00000000e+00]
[4.15000000e+02 4.16000000e+02 1.87742535e-02 2.00000000e+00]
[4.71000000e+02 5.81000000e+02 1.87836973e-02 4.00000000e+00]
[2.93000000e+02 5.23000000e+02 1.87945951e-02 3.00000000e+00]
[5.18000000e+02 2.26000000e+02 1.89450421e-02 3.00000000e+00]
[7.60000000e+01 5.91000000e+02 2.00365057e-02 3.00000000e+00]
[5.0300000e+02 1.3400000e+02 2.0825575e-02 4.0000000e+00]
[4.62000000e+02 4.65000000e+02 2.09550154e-02 2.00000000e+00]
[4.00000000e+01 5.85000000e+02 2.12486277e-02 3.00000000e+00]
[2.51000000e+02 2.52000000e+02 2.16072378e-02 2.00000000e+00]
[1.55000000e+02 4.95000000e+02 2.31316694e-02 5.00000000e+00]
[4.61000000e+02 4.84000000e+02 2.36536988e-02 2.00000000e+00]
[1.73000000e+02 1.87000000e+02 2.42117993e-02 2.00000000e+00]
[5.8300000e+02 1.4100000e+02 2.5166981e-02 6.0000000e+00]
[2.75000000e+02 2.78000000e+02 2.58077767e-02 2.00000000e+00]
[5.80000000e+01 5.89000000e+02 2.59126835e-02 5.00000000e+00]
[4.35000000e+02 5.67000000e+02 2.63291783e-02 8.00000000e+00]
[5.78000000e+02 3.43000000e+02 2.78754459e-02 4.00000000e+00]
[5.68000000e+02 1.08000000e+02 2.99038773e-02 3.00000000e+00]
[3.98000000e+02 5.97000000e+02 3.06330005e-02 8.00000000e+00]
[1.42000000e+02 6.19000000e+02 3.10467768e-02 7.00000000e+00]
[4.28000000e+02 4.33000000e+02 3.15601068e-02 2.00000000e+00]
[1.89000000e+02 5.46000000e+02 3.17793713e-02 3.00000000e+00]
[1.76000000e+02 5.87000000e+02 3.21745738e-02 8.00000000e+00]
[3.23000000e+02 5.88000000e+02 3.39361843e-02 3.00000000e+00]
[5.99000000e+02 5.27000000e+02 3.39548694e-02 7.00000000e+00]
[3.02000000e+02 3.06000000e+02 3.40053678e-02 2.00000000e+00]
[5.17000000e+02 2.14000000e+02 3.44606833e-02 3.00000000e+00]
[2.48000000e+02 2.49000000e+02 3.51851263e-02 2.00000000e+00]
[2.92000000e+02 5.86000000e+02 3.63079859e-02 5.00000000e+00]
[8.70000000e+01 8.80000000e+01 3.72018532e-02 2.00000000e+00]
[6.3100000e+02 5.6200000e+02 3.7916924e-02 9.0000000e+00]
[4.79000000e+02 4.66000000e+02 4.09178732e-02 2.00000000e+00]
[6.2800000e+02 1.9000000e+02 4.1297085e-02 4.0000000e+00]
[5.36000000e+02 5.66000000e+02 4.16154317e-02 4.00000000e+00]
[1.31000000e+02 6.12000000e+02 4.19435091e-02 5.00000000e+00]
[4.5100000e+02 6.0800000e+02 4.2539293e-02 5.0000000e+00]
[1.4700000e+02 6.0600000e+02 4.4179628e-02 6.0000000e+00]
[4.2500000e+02 6.0300000e+02 4.4295633e-02 4.0000000e+00]
[8.00000000e+00 1.75000000e+02 4.78121262e-02 2.00000000e+00]
[1.21000000e+02 5.45000000e+02 4.79352901e-02 4.00000000e+00]
[5.80000000e+02 6.34000000e+02 4.83195689e-02 9.00000000e+00]
[2.6800000e+02 6.1000000e+02 5.1266438e-02 4.0000000e+00]
[1.62000000e+02 1.63000000e+02 5.30829085e-02 2.00000000e+00]
[4.72000000e+02 6.00000000e+02 5.38212116e-02 5.00000000e+00]
[4.77000000e+02 2.69000000e+02 5.50434172e-02 2.00000000e+00]
[6.26000000e+02 1.43000000e+02 5.55381715e-02 8.00000000e+00]
[1.91000000e+02 6.39000000e+02 5.64515345e-02 5.00000000e+00]
[2.90000000e+02 3.94000000e+02 5.71023008e-02 2.00000000e+00]
[6.4500000e+02 3.8400000e+02 5.7362643e-02 3.0000000e+00]
[1.11000000e+02 6.48000000e+02 5.80109169e-02 5.00000000e+00]
[3.14000000e+02 6.37000000e+02 5.81997002e-02 1.00000000e+01]
[4.04000000e+02 4.07000000e+02 5.85912501e-02 2.00000000e+00]
[6.3500000e+02 3.9300000e+02 5.9307899e-02 6.0000000e+00]
[ 3.         57.          0.05944704  2.        ]
[6.38000000e+02 2.77000000e+02 6.12918026e-02 3.00000000e+00]
[6.47000000e+02 2.53000000e+02 6.19210223e-02 1.00000000e+01]
[4.1400000e+02 5.7100000e+02 6.2227725e-02 7.0000000e+00]
[2.20000000e+02 6.33000000e+02 6.27390919e-02 4.00000000e+00]
[2.89000000e+02 6.11000000e+02 6.29251517e-02 4.00000000e+00]
[3.90000000e+02 3.91000000e+02 6.37825384e-02 2.00000000e+00]
[6.20000000e+02 3.07000000e+02 6.39668764e-02 3.00000000e+00]
[2.24000000e+02 5.96000000e+02 6.40003552e-02 6.00000000e+00]
[2.73000000e+02 5.29000000e+02 6.53076798e-02 3.00000000e+00]
[2.31000000e+02 6.50000000e+02 6.56450829e-02 6.00000000e+00]
[4.0900000e+02 4.0200000e+02 6.6115966e-02 2.0000000e+00]
[5.76000000e+02 6.63000000e+02 6.62877151e-02 1.40000000e+01]
[7.00000000e+00 6.70000000e+02 6.72529977e-02 7.00000000e+00]
[6.22000000e+02 4.42000000e+02 6.73878689e-02 9.00000000e+00]
[6.64000000e+02 2.50000000e+02 6.75100601e-02 5.00000000e+00]
[5.94000000e+02 2.32000000e+02 6.76892912e-02 8.00000000e+00]
[3.80000000e+02 6.71000000e+02 6.78571672e-02 3.00000000e+00]
[1.59000000e+02 6.62000000e+02 6.84124589e-02 1.10000000e+01]
[1.20000000e+01 6.61000000e+02 6.94188185e-02 4.00000000e+00]
[5.9800000e+02 6.0100000e+02 6.9446259e-02 8.0000000e+00]
[2.90000000e+01 4.86000000e+02 6.97326661e-02 3.00000000e+00]
[1.52000000e+02 2.00000000e+02 7.07578074e-02 2.00000000e+00]
[4.81000000e+02 3.37000000e+02 7.17162311e-02 2.00000000e+00]
[1.90000000e+01 6.36000000e+02 7.34653819e-02 3.00000000e+00]
[6.56000000e+02 3.57000000e+02 7.39374316e-02 6.00000000e+00]
[3.36000000e+02 6.44000000e+02 7.40464907e-02 5.00000000e+00]
[5.75000000e+02 2.28000000e+02 7.42415105e-02 4.00000000e+00]
[2.79000000e+02 5.92000000e+02 7.42596491e-02 3.00000000e+00]
[3.2900000e+02 6.5100000e+02 7.4386729e-02 3.0000000e+00]
[8.30000000e+01 6.43000000e+02 7.53374281e-02 7.00000000e+00]
[6.76000000e+02 8.40000000e+01 7.56222269e-02 9.00000000e+00]
[2.95000000e+02 3.82000000e+02 7.67138905e-02 2.00000000e+00]
[4.00000000e+00 6.79000000e+02 7.68702263e-02 5.00000000e+00]
[2.30000000e+01 2.01000000e+02 7.77894022e-02 2.00000000e+00]
[24.        34.         0.0788637  2.       ]
[6.52000000e+02 1.44000000e+02 7.91472028e-02 9.00000000e+00]
[1.26000000e+02 6.88000000e+02 7.94136279e-02 4.00000000e+00]
[9.90000000e+01 1.46000000e+02 7.96903138e-02 2.00000000e+00]
[3.56000000e+02 4.96000000e+02 7.98803863e-02 3.00000000e+00]
[6.40000000e+02 4.34000000e+02 8.00761827e-02 5.00000000e+00]
[2.60000000e+02 3.65000000e+02 8.02138888e-02 2.00000000e+00]
[4.57000000e+02 6.83000000e+02 8.04235921e-02 3.00000000e+00]
[1.29000000e+02 6.42000000e+02 8.14430389e-02 6.00000000e+00]
[1.13000000e+02 6.72000000e+02 8.27056864e-02 1.50000000e+01]
[6.91000000e+02 6.94000000e+02 8.44534008e-02 1.10000000e+01]
[6.86000000e+02 6.58000000e+02 8.52994872e-02 7.00000000e+00]
[1.19000000e+02 6.93000000e+02 8.61489141e-02 6.00000000e+00]
[5.90000000e+01 7.03000000e+02 8.63529861e-02 7.00000000e+00]
[6.69000000e+02 3.66000000e+02 8.66520792e-02 4.00000000e+00]
[4.29000000e+02 6.97000000e+02 8.75801357e-02 5.00000000e+00]
[4.70000000e+01 6.55000000e+02 8.76248171e-02 4.00000000e+00]
[6.77000000e+02 3.81000000e+02 8.76874129e-02 4.00000000e+00]
[1.61000000e+02 6.73000000e+02 8.79435259e-02 8.00000000e+00]
[4.50000000e+01 6.85000000e+02 8.80876897e-02 7.00000000e+00]
[5.40000000e+01 6.95000000e+02 8.84067027e-02 3.00000000e+00]
[3.30000000e+02 7.06000000e+02 8.86914417e-02 8.00000000e+00]
[1.00000000e+01 1.04000000e+02 8.87975987e-02 2.00000000e+00]
[6.00000000e+01 5.61000000e+02 9.01377962e-02 3.00000000e+00]
[2.88000000e+02 6.54000000e+02 9.10310185e-02 3.00000000e+00]
[1.95000000e+02 6.99000000e+02 9.10930086e-02 4.00000000e+00]
[6.29000000e+02 1.77000000e+02 9.17782722e-02 9.00000000e+00]
[3.60000000e+02 6.68000000e+02 9.23302242e-02 7.00000000e+00]
[1.00000000e+00 6.59000000e+02 9.29986764e-02 7.00000000e+00]
[7.12000000e+02 2.64000000e+02 9.39139331e-02 5.00000000e+00]
[7.0500000e+02 7.0900000e+02 9.4569679e-02 1.5000000e+01]
[4.60000000e+01 7.10000000e+02 9.48803563e-02 6.00000000e+00]
[6.67000000e+02 4.39000000e+02 9.49645813e-02 4.00000000e+00]
[7.04000000e+02 2.56000000e+02 9.52343559e-02 1.60000000e+01]
[3.51000000e+02 7.22000000e+02 9.53009916e-02 8.00000000e+00]
[7.02000000e+02 4.78000000e+02 9.59242685e-02 4.00000000e+00]
[1.88000000e+02 7.29000000e+02 9.60951851e-02 9.00000000e+00]
[5.50000000e+01 7.14000000e+02 9.63071648e-02 8.00000000e+00]
[1.640000e+02 7.080000e+02 9.633471e-02 8.000000e+00]
[6.27000000e+02 6.13000000e+02 9.73922655e-02 4.00000000e+00]
[2.82000000e+02 6.89000000e+02 9.81090676e-02 4.00000000e+00]
[6.92000000e+02 7.16000000e+02 9.90154698e-02 1.00000000e+01]
[1.1800000e+02 6.8700000e+02 9.9098135e-02 5.0000000e+00]
[7.07000000e+02 7.15000000e+02 1.00848895e-01 9.00000000e+00]
[6.90000000e+02 9.70000000e+01 1.00868242e-01 8.00000000e+00]
[1.94000000e+02 2.41000000e+02 1.01188142e-01 2.00000000e+00]
[6.78000000e+02 7.21000000e+02 1.01736654e-01 2.00000000e+01]
[7.30000000e+02 6.82000000e+02 1.02102829e-01 6.00000000e+00]
[6.09000000e+02 7.33000000e+02 1.02217808e-01 1.10000000e+01]
[3.50000000e+01 5.93000000e+02 1.02251402e-01 4.00000000e+00]
[2.94000000e+02 7.19000000e+02 1.02349678e-01 4.00000000e+00]
[6.74000000e+02 4.54000000e+02 1.04212317e-01 1.00000000e+01]
[3.38000000e+02 7.25000000e+02 1.06520521e-01 1.60000000e+01]
[2.65000000e+02 7.20000000e+02 1.06876192e-01 5.00000000e+00]
[5.20000000e+01 7.39000000e+02 1.07160119e-01 9.00000000e+00]
[1.56000000e+02 6.18000000e+02 1.07367446e-01 3.00000000e+00]
[7.18000000e+02 6.98000000e+02 1.07921376e-01 5.00000000e+00]
[6.2100000e+02 7.3200000e+02 1.0798482e-01 1.3000000e+01]
[7.35000000e+02 7.11000000e+02 1.08018675e-01 8.00000000e+00]
[9.20000000e+01 6.15000000e+02 1.08437258e-01 3.00000000e+00]
[3.54000000e+02 7.27000000e+02 1.08571494e-01 5.00000000e+00]
[7.38000000e+02 2.47000000e+02 1.09006864e-01 1.00000000e+01]
[7.1700000e+02 7.5000000e+02 1.0903957e-01 5.0000000e+00]
[6.80000000e+02 7.42000000e+02 1.09687027e-01 1.40000000e+01]
[2.74000000e+02 7.26000000e+02 1.10472006e-01 7.00000000e+00]
[7.37000000e+02 7.44000000e+02 1.11760584e-01 9.00000000e+00]
[2.55000000e+02 7.49000000e+02 1.12148384e-01 1.00000000e+01]
[7.70000000e+01 6.41000000e+02 1.12942475e-01 6.00000000e+00]
[6.17000000e+02 7.36000000e+02 1.13535615e-01 1.20000000e+01]
[6.84000000e+02 6.49000000e+02 1.13870461e-01 5.00000000e+00]
[2.46000000e+02 7.55000000e+02 1.13974548e-01 6.00000000e+00]
[8.90000000e+01 6.53000000e+02 1.14079426e-01 6.00000000e+00]
[4.68000000e+02 7.53000000e+02 1.14406311e-01 9.00000000e+00]
[2.66000000e+02 7.48000000e+02 1.14773478e-01 6.00000000e+00]
[6.60000000e+01 7.47000000e+02 1.15219202e-01 1.70000000e+01]
[1.02000000e+02 7.62000000e+02 1.15450284e-01 7.00000000e+00]
[6.30000000e+02 7.65000000e+02 1.16242019e-01 9.00000000e+00]
[6.65000000e+02 7.23000000e+02 1.16851908e-01 1.10000000e+01]
[7.28000000e+02 6.60000000e+02 1.16883334e-01 1.80000000e+01]
[2.57000000e+02 6.25000000e+02 1.17229261e-01 9.00000000e+00]
[4.40000000e+01 7.56000000e+02 1.17956487e-01 1.10000000e+01]
[7.31000000e+02 7.24000000e+02 1.18064587e-01 1.40000000e+01]
[6.1000000e+01 7.6400000e+02 1.1845959e-01 6.0000000e+00]
[3.35000000e+02 6.04000000e+02 1.18876867e-01 4.00000000e+00]
[7.61000000e+02 7.01000000e+02 1.19177456e-01 1.20000000e+01]
[3.1700000e+02 7.7100000e+02 1.2144307e-01 1.0000000e+01]
[6.50000000e+01 6.23000000e+02 1.21645004e-01 5.00000000e+00]
[7.46000000e+02 7.52000000e+02 1.21903728e-01 2.30000000e+01]
[2.80000000e+02 7.75000000e+02 1.22029886e-01 1.20000000e+01]
[4.08000000e+02 7.77000000e+02 1.23056392e-01 7.00000000e+00]
[2.85000000e+02 7.72000000e+02 1.23290762e-01 1.20000000e+01]
[86.         90.          0.12528715  2.        ]
[7.40000000e+02 7.13000000e+02 1.25347575e-01 1.00000000e+01]
[3.34000000e+02 3.78000000e+02 1.25585487e-01 2.00000000e+00]
[6.90000000e+01 7.60000000e+02 1.26164557e-01 1.00000000e+01]
[1.54000000e+02 6.16000000e+02 1.27519457e-01 6.00000000e+00]
[2.54000000e+02 7.83000000e+02 1.28409542e-01 1.30000000e+01]
[7.73000000e+02 4.20000000e+01 1.28644371e-01 1.90000000e+01]
[7.34000000e+02 7.68000000e+02 1.30319211e-01 1.00000000e+01]
[1.8500000e+02 7.6700000e+02 1.3069895e-01 1.0000000e+01]
[4.00000000e+02 7.87000000e+02 1.30901294e-01 1.10000000e+01]
[7.76000000e+02 5.21000000e+02 1.31083499e-01 1.60000000e+01]
[7.41000000e+02 7.69000000e+02 1.32011582e-01 3.70000000e+01]
[1.69000000e+02 7.86000000e+02 1.32927748e-01 3.00000000e+00]
[2.6200000e+02 3.2700000e+02 1.3303135e-01 2.0000000e+00]
[9.10000000e+01 7.81000000e+02 1.33325884e-01 6.00000000e+00]
[5.77000000e+02 7.96000000e+02 1.34071996e-01 1.80000000e+01]
[1.86000000e+02 7.95000000e+02 1.34883388e-01 1.20000000e+01]
[1.03000000e+02 7.51000000e+02 1.35652007e-01 6.00000000e+00]
[5.60000000e+01 7.59000000e+02 1.35867527e-01 8.00000000e+00]
[7.92000000e+02 8.03000000e+02 1.36753161e-01 2.50000000e+01]
[7.91000000e+02 2.13000000e+02 1.37102023e-01 1.40000000e+01]
[2.10000000e+01 7.93000000e+02 1.37274833e-01 1.10000000e+01]
[5.90000000e+02 8.04000000e+02 1.37501264e-01 1.00000000e+01]
[2.04000000e+02 8.02000000e+02 1.38851257e-01 1.30000000e+01]
[7.54000000e+02 7.57000000e+02 1.39843281e-01 8.00000000e+00]
[2.38000000e+02 7.43000000e+02 1.40432221e-01 1.20000000e+01]
[3.74000000e+02 6.07000000e+02 1.41177469e-01 3.00000000e+00]
[2.29000000e+02 7.74000000e+02 1.41208175e-01 1.00000000e+01]
[8.06000000e+02 3.05000000e+02 1.41894293e-01 1.50000000e+01]
[7.80000000e+01 7.89000000e+02 1.44396981e-01 1.10000000e+01]
[2.30000000e+02 6.05000000e+02 1.45249435e-01 3.00000000e+00]
[7.98000000e+02 8.09000000e+02 1.46091205e-01 1.60000000e+01]
[3.80000000e+01 8.12000000e+02 1.47083657e-01 4.00000000e+00]
[7.5800000e+02 7.6600000e+02 1.4753255e-01 2.0000000e+01]
[7.79000000e+02 2.23000000e+02 1.48508835e-01 1.30000000e+01]
[2.50000000e+01 7.97000000e+02 1.49237846e-01 3.80000000e+01]
[6.57000000e+02 6.02000000e+02 1.49449706e-01 1.30000000e+01]
[8.20000000e+02 2.81000000e+02 1.49688294e-01 1.40000000e+01]
[4.27000000e+02 8.15000000e+02 1.51365844e-01 1.20000000e+01]
[2.03000000e+02 4.90000000e+02 1.51552428e-01 6.00000000e+00]
[1.65000000e+02 7.70000000e+02 1.53066553e-01 8.00000000e+00]
[1.68000000e+02 7.85000000e+02 1.53598281e-01 1.30000000e+01]
[4.22000000e+02 7.88000000e+02 1.53777455e-01 3.00000000e+00]
[4.63000000e+02 8.08000000e+02 1.55122747e-01 1.10000000e+01]
[0.0000000e+00 8.2500000e+02 1.5626848e-01 7.0000000e+00]
[8.00000000e+02 8.10000000e+02 1.57150339e-01 1.40000000e+01]
[4.20000000e+02 8.01000000e+02 1.57383058e-01 1.90000000e+01]
[4.80000000e+01 7.45000000e+02 1.57944553e-01 5.00000000e+00]
[5.00000000e+01 7.63000000e+02 1.57988291e-01 1.30000000e+01]
[3.46000000e+02 8.30000000e+02 1.58045939e-01 8.00000000e+00]
[2.02000000e+02 5.95000000e+02 1.58368015e-01 3.00000000e+00]
[5.00000000e+00 6.46000000e+02 1.60738089e-01 5.00000000e+00]
[4.19000000e+02 7.00000000e+02 1.61266032e-01 6.00000000e+00]
[7.78000000e+02 8.29000000e+02 1.62695978e-01 1.50000000e+01]
[8.31000000e+02 2.17000000e+02 1.62723233e-01 1.50000000e+01]
[1.10000000e+01 5.84000000e+02 1.63139732e-01 5.00000000e+00]
[1.93000000e+02 8.19000000e+02 1.64210123e-01 2.10000000e+01]
[6.75000000e+02 7.94000000e+02 1.64367566e-01 1.50000000e+01]
[3.32000000e+02 8.39000000e+02 1.66576955e-01 1.60000000e+01]
[2.71000000e+02 8.27000000e+02 1.68213322e-01 1.40000000e+01]
[4.17000000e+02 8.32000000e+02 1.68530877e-01 2.00000000e+01]
[8.14000000e+02 3.69000000e+02 1.68605984e-01 1.60000000e+01]
[8.05000000e+02 8.17000000e+02 1.68971344e-01 4.10000000e+01]
[4.3200000e+02 8.4500000e+02 1.6940866e-01 1.5000000e+01]
[1.71000000e+02 8.34000000e+02 1.69504557e-01 1.40000000e+01]
[1.30000000e+02 8.21000000e+02 1.70410091e-01 3.90000000e+01]
[2.96000000e+02 3.71000000e+02 1.72832346e-01 2.00000000e+00]
[8.47000000e+02 8.23000000e+02 1.73059685e-01 3.00000000e+01]
[1.22000000e+02 8.16000000e+02 1.73971725e-01 4.00000000e+00]
[8.33000000e+02 8.11000000e+02 1.74280264e-01 1.70000000e+01]
[8.07000000e+02 8.35000000e+02 1.74865664e-01 1.90000000e+01]
[3.60000000e+01 2.10000000e+02 1.75090982e-01 2.00000000e+00]
[3.13000000e+02 8.22000000e+02 1.76182524e-01 1.40000000e+01]
[7.8000000e+02 3.2200000e+02 1.7779779e-01 1.1000000e+01]
[7.50000000e+01 8.53000000e+02 1.80545981e-01 3.10000000e+01]
[7.90000000e+01 8.40000000e+02 1.80950707e-01 1.60000000e+01]
[1.00000000e+02 8.51000000e+02 1.82815663e-01 4.00000000e+01]
[8.26000000e+02 8.55000000e+02 1.83777088e-01 2.50000000e+01]
[8.18000000e+02 8.13000000e+02 1.84697209e-01 1.40000000e+01]
[6.300000e+01 8.280000e+02 1.848744e-01 4.000000e+00]
[9.80000000e+01 8.36000000e+02 1.85551026e-01 4.00000000e+00]
[4.36000000e+02 8.65000000e+02 1.85769966e-01 5.00000000e+00]
[6.00000000e+00 8.67000000e+02 1.87145747e-01 6.00000000e+00]
[1.70000000e+01 8.63000000e+02 1.87589193e-01 2.60000000e+01]
[2.00000000e+00 8.61000000e+02 1.92320506e-01 1.70000000e+01]
[8.56000000e+02 8.57000000e+02 1.95684461e-01 2.10000000e+01]
[5.10000000e+01 6.96000000e+02 1.96148949e-01 1.00000000e+01]
[8.24000000e+02 8.37000000e+02 1.96358328e-01 1.70000000e+01]
[3.30000000e+01 8.69000000e+02 1.98799142e-01 2.70000000e+01]
[3.67000000e+02 8.70000000e+02 2.00118446e-01 1.80000000e+01]
[4.5500000e+02 8.4200000e+02 2.0127126e-01 2.2000000e+01]
[8.71000000e+02 7.99000000e+02 2.03230303e-01 2.30000000e+01]
[8.48000000e+02 1.66000000e+02 2.04196966e-01 4.20000000e+01]
[8.43000000e+02 1.15000000e+02 2.05784231e-01 1.60000000e+01]
[1.45000000e+02 8.46000000e+02 2.06583592e-01 2.10000000e+01]
[3.31000000e+02 8.75000000e+02 2.06854142e-01 1.90000000e+01]
[4.83000000e+02 8.79000000e+02 2.07086808e-01 1.70000000e+01]
[8.78000000e+02 1.70000000e+02 2.07179386e-01 4.30000000e+01]
[8.83000000e+02 3.53000000e+02 2.08874271e-01 4.40000000e+01]
[8.64000000e+02 8.62000000e+02 2.09562308e-01 5.40000000e+01]
[4.90000000e+01 8.80000000e+02 2.10034452e-01 2.20000000e+01]
[3.4900000e+02 8.7700000e+02 2.1018736e-01 2.4000000e+01]
[8.60000000e+02 8.50000000e+02 2.12181156e-01 4.50000000e+01]
[8.68000000e+02 8.87000000e+02 2.12334186e-01 3.00000000e+01]
[1.10000000e+02 8.72000000e+02 2.13191597e-01 1.10000000e+01]
[8.59000000e+02 8.88000000e+02 2.17240667e-01 5.60000000e+01]
[6.70000000e+01 8.91000000e+02 2.18131807e-01 5.70000000e+01]
[4.1800000e+02 8.8200000e+02 2.1865995e-01 1.8000000e+01]
[3.09000000e+02 8.66000000e+02 2.20063981e-01 5.00000000e+00]
[6.20000000e+01 8.84000000e+02 2.20438038e-01 4.50000000e+01]
[4.24000000e+02 8.95000000e+02 2.20670596e-01 4.60000000e+01]
[7.82000000e+02 6.14000000e+02 2.21721831e-01 2.60000000e+01]
[2.20000000e+01 8.85000000e+02 2.24016186e-01 5.50000000e+01]
[3.20000000e+01 8.90000000e+02 2.26742291e-01 1.20000000e+01]
[8.44000000e+02 8.86000000e+02 2.27396956e-01 3.80000000e+01]
[1.05000000e+02 8.92000000e+02 2.27533873e-01 5.80000000e+01]
[8.89000000e+02 4.03000000e+02 2.28300517e-01 3.10000000e+01]
[7.84000000e+02 8.74000000e+02 2.29899368e-01 3.40000000e+01]
[3.08000000e+02 8.97000000e+02 2.33629995e-01 2.70000000e+01]
[1.30000000e+01 8.94000000e+02 2.43252645e-01 6.00000000e+00]
[6.66000000e+02 8.93000000e+02 2.43345386e-01 2.00000000e+01]
[8.38000000e+02 9.01000000e+02 2.43623561e-01 6.40000000e+01]
[8.52000000e+02 9.05000000e+02 2.45901779e-01 8.00000000e+00]
[8.81000000e+02 8.73000000e+02 2.49076931e-01 3.60000000e+01]
[2.45000000e+02 8.98000000e+02 2.51123705e-01 5.60000000e+01]
[4.0600000e+02 6.2400000e+02 2.5264482e-01 4.0000000e+00]
[8.54000000e+02 9.06000000e+02 2.57574756e-01 2.40000000e+01]
[3.39000000e+02 9.09000000e+02 2.59415616e-01 3.70000000e+01]
[3.10000000e+02 3.40000000e+02 2.61840671e-01 2.00000000e+00]
[1.58000000e+02 9.03000000e+02 2.61914969e-01 3.50000000e+01]
[3.58000000e+02 9.08000000e+02 2.62876197e-01 9.00000000e+00]
[1.01000000e+02 9.10000000e+02 2.69004206e-01 5.70000000e+01]
[7.90000000e+02 8.96000000e+02 2.73934179e-01 5.20000000e+01]
[3.45000000e+02 9.15000000e+02 2.77302236e-01 3.60000000e+01]
[9.0700000e+02 9.1200000e+02 2.8272022e-01 8.8000000e+01]
[2.80000000e+01 9.16000000e+02 2.84880156e-01 1.00000000e+01]
[2.70000000e+01 9.02000000e+02 2.85495967e-01 3.20000000e+01]
[6.81000000e+02 8.76000000e+02 2.85778049e-01 2.50000000e+01]
[9.11000000e+02 9.00000000e+02 2.88506861e-01 4.20000000e+01]
[6.32000000e+02 3.83000000e+02 2.97111399e-01 3.00000000e+00]
[9.17000000e+02 8.41000000e+02 2.99253836e-01 6.20000000e+01]
[3.12000000e+02 9.26000000e+02 3.05523453e-01 6.30000000e+01]
[9.24000000e+02 9.14000000e+02 3.06536734e-01 4.40000000e+01]
[9.04000000e+02 9.27000000e+02 3.06544234e-01 9.00000000e+01]
[9.28000000e+02 9.18000000e+02 3.10292754e-01 9.60000000e+01]
[9.20000000e+02 8.49000000e+02 3.12441371e-01 1.03000000e+02]
[4.05000000e+02 9.22000000e+02 3.19472928e-01 3.30000000e+01]
[8.99000000e+02 9.32000000e+02 3.24124206e-01 4.50000000e+01]
[1.80000000e+01 9.33000000e+02 3.27443818e-01 4.60000000e+01]
[3.44000000e+02 9.13000000e+02 3.32152117e-01 3.80000000e+01]
[9.21000000e+02 3.59000000e+02 3.37079239e-01 1.10000000e+01]
[2.00000000e+01 9.19000000e+02 3.44005097e-01 3.70000000e+01]
[9.25000000e+02 9.35000000e+02 3.44843637e-01 4.10000000e+01]
[9.36000000e+02 9.31000000e+02 3.50253605e-01 1.14000000e+02]
[3.28000000e+02 9.29000000e+02 3.51298513e-01 9.10000000e+01]
[9.30000000e+02 9.38000000e+02 3.56028858e-01 1.37000000e+02]
[6.40000000e+01 9.39000000e+02 3.65319112e-01 1.15000000e+02]
[2.7200000e+02 9.4100000e+02 3.7048967e-01 1.3800000e+02]
[9.2300000e+02 9.3700000e+02 3.7676758e-01 6.2000000e+01]
[2.59000000e+02 4.60000000e+02 3.79811069e-01 2.00000000e+00]
[3.50000000e+02 4.12000000e+02 3.80255887e-01 2.00000000e+00]
[5.30000000e+01 9.43000000e+02 3.89000629e-01 1.39000000e+02]
[3.92000000e+02 9.40000000e+02 3.91662431e-01 9.20000000e+01]
[9.4200000e+02 9.4700000e+02 3.9423375e-01 2.5400000e+02]
[9.49000000e+02 4.41000000e+02 4.09507303e-01 2.55000000e+02]
[9.00000000e+00 9.50000000e+02 4.17827593e-01 2.56000000e+02]
[9.46000000e+02 4.38000000e+02 4.18726189e-01 3.00000000e+00]
[9.44000000e+02 9.51000000e+02 4.30896108e-01 3.18000000e+02]
[2.60000000e+01 9.53000000e+02 4.42306607e-01 3.19000000e+02]
[9.48000000e+02 9.34000000e+02 4.45211458e-01 1.38000000e+02]
[9.45000000e+02 8.58000000e+02 4.80394527e-01 1.60000000e+01]
[3.26000000e+02 9.54000000e+02 4.86509888e-01 3.20000000e+02]
[3.00000000e+02 9.57000000e+02 5.02356107e-01 3.21000000e+02]
[3.4800000e+02 9.5200000e+02 5.3975204e-01 4.0000000e+00]
[9.56000000e+02 9.58000000e+02 5.94744804e-01 3.37000000e+02]
[9.55000000e+02 9.60000000e+02 6.16806186e-01 4.75000000e+02]
[9.61000000e+02 9.59000000e+02 6.87760775e-01 4.79000000e+02]
[9.62000000e+02 6.80000000e+01 6.88970012e-01 4.80000000e+02]
[3.77000000e+02 9.63000000e+02 6.89706234e-01 4.81000000e+02]
[9.64000000e+02 4.37000000e+02 7.17921211e-01 4.82000000e+02]
[9.65000000e+02 3.87000000e+02 9.59556036e-01 4.83000000e+02]
[966. 440.   1. 484.]
[967. 449.   1. 485.]
