[14. 15.  0.  2.]
[30. 31.  0.  2.]
[70. 71.  0.  2.]
[487.  72.   0.   3.]
[488.  73.   0.   4.]
[489.  74.   0.   5.]
[81. 82.  0.  2.]
[491.  85.   0.   3.]
[93. 94.  0.  2.]
[493.  95.   0.   3.]
[494.  96.   0.   4.]
[109. 114.   0.   2.]
[112. 117.   0.   2.]
[497. 120.   0.   3.]
[498. 125.   0.   4.]
[116. 499.   0.   5.]
[127. 500.   0.   6.]
[132. 133.   0.   2.]
[502. 135.   0.   3.]
[157. 215.   0.   2.]
[504. 216.   0.   3.]
[505. 218.   0.   4.]
[506. 219.   0.   5.]
[507. 222.   0.   6.]
[178. 180.   0.   2.]
[179. 181.   0.   2.]
[184. 509.   0.   3.]
[198. 199.   0.   2.]
[205. 211.   0.   2.]
[206. 207.   0.   2.]
[514. 513.   0.   4.]
[209. 515.   0.   5.]
[212. 221.   0.   2.]
[225. 227.   0.   2.]
[242. 244.   0.   2.]
[284. 303.   0.   2.]
[286. 298.   0.   2.]
[291. 297.   0.   2.]
[299. 301.   0.   2.]
[316. 318.   0.   2.]
[524. 321.   0.   3.]
[319. 320.   0.   2.]
[526. 324.   0.   3.]
[361. 363.   0.   2.]
[368. 370.   0.   2.]
[375. 376.   0.   2.]
[379. 385.   0.   2.]
[531. 386.   0.   3.]
[532. 388.   0.   4.]
[533. 399.   0.   5.]
[534. 411.   0.   6.]
[430. 431.   0.   2.]
[443. 444.   0.   2.]
[537. 445.   0.   3.]
[448. 453.   0.   2.]
[458. 519.   0.   3.]
[464. 540.   0.   4.]
[473. 474.   0.   2.]
[475. 476.   0.   2.]
[1.23000000e+02 1.24000000e+02 1.11022302e-16 2.00000000e+00]
[5.44000000e+02 1.28000000e+02 1.11022302e-16 3.00000000e+00]
[1.92000000e+02 1.97000000e+02 1.11022302e-16 2.00000000e+00]
[2.33000000e+02 2.35000000e+02 1.11022302e-16 2.00000000e+00]
[5.47000000e+02 2.36000000e+02 1.11022302e-16 3.00000000e+00]
[5.48000000e+02 2.39000000e+02 1.11022302e-16 4.00000000e+00]
[5.49000000e+02 2.40000000e+02 1.11022302e-16 5.00000000e+00]
[5.50000000e+02 2.43000000e+02 1.11022302e-16 6.00000000e+00]
[3.33000000e+02 3.41000000e+02 1.11022302e-16 2.00000000e+00]
[3.64000000e+02 5.28000000e+02 1.11022302e-16 3.00000000e+00]
[4.50000000e+02 4.52000000e+02 1.11022302e-16 2.00000000e+00]
[5.54000000e+02 4.59000000e+02 1.11022302e-16 3.00000000e+00]
[5.55000000e+02 5.39000000e+02 1.11022302e-16 5.00000000e+00]
[4.70000000e+02 5.56000000e+02 1.11022302e-16 6.00000000e+00]
[1.49000000e+02 1.50000000e+02 2.22044605e-16 2.00000000e+00]
[5.58000000e+02 1.51000000e+02 2.22044605e-16 3.00000000e+00]
[5.59000000e+02 1.53000000e+02 2.22044605e-16 4.00000000e+00]
[1.72000000e+02 1.74000000e+02 2.22044605e-16 2.00000000e+00]
[3.11000000e+02 3.25000000e+02 2.22044605e-16 2.00000000e+00]
[3.95000000e+02 3.96000000e+02 2.22044605e-16 2.00000000e+00]
[5.63000000e+02 4.01000000e+02 2.22044605e-16 3.00000000e+00]
[1.3600000e+02 1.3700000e+02 4.4408921e-16 2.0000000e+00]
[4.46000000e+02 4.47000000e+02 1.11022302e-15 2.00000000e+00]
[4.67000000e+02 5.57000000e+02 1.68283698e-03 7.00000000e+00]
[1.06000000e+02 1.07000000e+02 1.90266865e-03 2.00000000e+00]
[5.11000000e+02 5.10000000e+02 2.22193898e-03 5.00000000e+00]
[3.9700000e+02 4.1300000e+02 2.9939564e-03 2.0000000e+00]
[2.08000000e+02 5.16000000e+02 3.05848753e-03 6.00000000e+00]
[1.39000000e+02 1.40000000e+02 3.06514138e-03 2.00000000e+00]
[5.65000000e+02 1.38000000e+02 3.69368425e-03 3.00000000e+00]
[1.82000000e+02 5.69000000e+02 3.94017893e-03 6.00000000e+00]
[4.85000000e+02 1.60000000e+01 4.30182758e-03 3.00000000e+00]
[3.52000000e+02 3.53000000e+02 4.63647626e-03 2.00000000e+00]
[2.61000000e+02 2.63000000e+02 5.20167957e-03 2.00000000e+00]
[3.42000000e+02 5.52000000e+02 5.20959505e-03 3.00000000e+00]
[3.62000000e+02 5.53000000e+02 5.72658473e-03 4.00000000e+00]
[1.59000000e+02 1.60000000e+02 5.83572097e-03 2.00000000e+00]
[3.89000000e+02 5.70000000e+02 6.83044016e-03 3.00000000e+00]
[4.21000000e+02 4.23000000e+02 7.21683315e-03 2.00000000e+00]
[5.72000000e+02 5.73000000e+02 7.24320813e-03 5.00000000e+00]
[8.00000000e+01 4.92000000e+02 8.21997697e-03 4.00000000e+00]
[4.10000000e+01 4.30000000e+01 8.61381647e-03 2.00000000e+00]
[3.04000000e+02 5.64000000e+02 8.68312434e-03 4.00000000e+00]
[1.83000000e+02 5.74000000e+02 9.06098548e-03 7.00000000e+00]
[3.7200000e+02 3.7300000e+02 9.1778396e-03 2.0000000e+00]
[1.6600000e+02 1.6700000e+02 9.5772931e-03 2.0000000e+00]
[3.70000000e+01 3.90000000e+01 1.06816443e-02 2.00000000e+00]
[2.83000000e+02 2.87000000e+02 1.07684639e-02 2.00000000e+00]
[2.34000000e+02 2.37000000e+02 1.15380704e-02 2.00000000e+00]
[1.13000000e+02 5.01000000e+02 1.15452988e-02 7.00000000e+00]
[2.76000000e+02 5.20000000e+02 1.18844603e-02 3.00000000e+00]
[3.45000000e+02 3.47000000e+02 1.19166832e-02 2.00000000e+00]
[2.3200000e+02 5.5100000e+02 1.2499958e-02 7.0000000e+00]
[4.80000000e+02 4.82000000e+02 1.28074584e-02 2.00000000e+00]
[3.51000000e+02 3.55000000e+02 1.31158669e-02 2.00000000e+00]
[2.57000000e+02 2.58000000e+02 1.33211803e-02 2.00000000e+00]
[1.93000000e+02 1.96000000e+02 1.43558358e-02 2.00000000e+00]
[3.15000000e+02 5.25000000e+02 1.60435279e-02 4.00000000e+00]
[4.4200000e+02 5.3800000e+02 1.6348749e-02 4.0000000e+00]
[4.72000000e+02 5.43000000e+02 1.63887588e-02 3.00000000e+00]
[5.30000000e+02 5.08000000e+02 1.64883579e-02 8.00000000e+00]
[4.56000000e+02 5.41000000e+02 1.65728543e-02 5.00000000e+00]
[5.12000000e+02 5.46000000e+02 1.67961264e-02 4.00000000e+00]
[4.10000000e+02 5.82000000e+02 1.71631614e-02 3.00000000e+00]
[4.26000000e+02 5.22000000e+02 1.76120741e-02 3.00000000e+00]
[4.69000000e+02 5.42000000e+02 1.80507701e-02 3.00000000e+00]
[2.67000000e+02 2.70000000e+02 1.81584668e-02 2.00000000e+00]
[1.48000000e+02 5.60000000e+02 1.87024809e-02 5.00000000e+00]
[4.15000000e+02 4.16000000e+02 1.87742535e-02 2.00000000e+00]
[4.71000000e+02 5.81000000e+02 1.87836973e-02 4.00000000e+00]
[2.93000000e+02 5.23000000e+02 1.87945951e-02 3.00000000e+00]
[5.18000000e+02 2.26000000e+02 1.89450421e-02 3.00000000e+00]
[7.50000000e+01 7.60000000e+01 2.00365057e-02 2.00000000e+00]
[5.0300000e+02 1.3400000e+02 2.0825575e-02 4.0000000e+00]
[4.62000000e+02 4.65000000e+02 2.09550154e-02 2.00000000e+00]
[4.00000000e+01 5.85000000e+02 2.12486277e-02 3.00000000e+00]
[2.51000000e+02 2.52000000e+02 2.16072378e-02 2.00000000e+00]
[1.54000000e+02 1.55000000e+02 2.31316694e-02 2.00000000e+00]
[4.61000000e+02 4.84000000e+02 2.36536988e-02 2.00000000e+00]
[1.73000000e+02 1.87000000e+02 2.42117993e-02 2.00000000e+00]
[5.8300000e+02 1.4100000e+02 2.5166981e-02 6.0000000e+00]
[2.75000000e+02 2.78000000e+02 2.58077767e-02 2.00000000e+00]
[5.50000000e+01 5.80000000e+01 2.59126835e-02 2.00000000e+00]
[5.78000000e+02 3.43000000e+02 2.78754459e-02 4.00000000e+00]
[5.68000000e+02 1.08000000e+02 2.99038773e-02 3.00000000e+00]
[3.92000000e+02 3.98000000e+02 3.06330005e-02 2.00000000e+00]
[1.42000000e+02 6.24000000e+02 3.10467768e-02 7.00000000e+00]
[4.28000000e+02 4.33000000e+02 3.15601068e-02 2.00000000e+00]
[1.76000000e+02 5.87000000e+02 3.21745738e-02 8.00000000e+00]
[3.22000000e+02 3.23000000e+02 3.39361843e-02 2.00000000e+00]
[1.9100000e+02 6.0600000e+02 3.3948487e-02 5.0000000e+00]
[6.01000000e+02 5.27000000e+02 3.39548694e-02 7.00000000e+00]
[3.02000000e+02 3.06000000e+02 3.40053678e-02 2.00000000e+00]
[5.17000000e+02 2.14000000e+02 3.44606833e-02 3.00000000e+00]
[2.48000000e+02 2.49000000e+02 3.51851263e-02 2.00000000e+00]
[5.86000000e+02 5.91000000e+02 3.63079859e-02 6.00000000e+00]
[8.70000000e+01 8.80000000e+01 3.72018532e-02 2.00000000e+00]
[3.1400000e+02 6.3500000e+02 3.7916924e-02 8.0000000e+00]
[4.79000000e+02 4.66000000e+02 4.09178732e-02 2.00000000e+00]
[1.90000000e+02 6.34000000e+02 4.16126633e-02 6.00000000e+00]
[5.36000000e+02 4.34000000e+02 4.16154317e-02 3.00000000e+00]
[1.31000000e+02 6.17000000e+02 4.19435091e-02 5.00000000e+00]
[4.5100000e+02 6.1300000e+02 4.2539293e-02 5.0000000e+00]
[1.4700000e+02 6.1100000e+02 4.4179628e-02 6.0000000e+00]
[4.2500000e+02 6.0800000e+02 4.4295633e-02 4.0000000e+00]
[2.92000000e+02 6.39000000e+02 4.51530932e-02 7.00000000e+00]
[5.62000000e+02 3.13000000e+02 4.55588743e-02 3.00000000e+00]
[8.00000000e+00 1.75000000e+02 4.78121262e-02 2.00000000e+00]
[1.21000000e+02 5.45000000e+02 4.79352901e-02 4.00000000e+00]
[6.38000000e+02 2.53000000e+02 5.03195904e-02 3.00000000e+00]
[6.0200000e+02 5.6700000e+02 5.0744884e-02 1.1000000e+01]
[2.6800000e+02 6.1500000e+02 5.1266438e-02 4.0000000e+00]
[5.66000000e+02 4.78000000e+02 5.24359079e-02 3.00000000e+00]
[1.62000000e+02 1.63000000e+02 5.30829085e-02 2.00000000e+00]
[6.30000000e+02 1.43000000e+02 5.55381715e-02 8.00000000e+00]
[2.90000000e+02 3.94000000e+02 5.71023008e-02 2.00000000e+00]
[6.5100000e+02 3.8400000e+02 5.7362643e-02 3.0000000e+00]
[1.11000000e+02 6.55000000e+02 5.80109169e-02 5.00000000e+00]
[4.04000000e+02 4.07000000e+02 5.85912501e-02 2.00000000e+00]
[ 3.         57.          0.05944704  2.        ]
[6.42000000e+02 2.77000000e+02 6.12918026e-02 3.00000000e+00]
[4.1400000e+02 5.7100000e+02 6.2227725e-02 7.0000000e+00]
[2.20000000e+02 6.37000000e+02 6.27390919e-02 4.00000000e+00]
[2.85000000e+02 2.89000000e+02 6.29251517e-02 2.00000000e+00]
[3.90000000e+02 3.91000000e+02 6.37825384e-02 2.00000000e+00]
[6.25000000e+02 3.07000000e+02 6.39668764e-02 3.00000000e+00]
[2.24000000e+02 5.79000000e+02 6.40003552e-02 5.00000000e+00]
[2.73000000e+02 5.29000000e+02 6.53076798e-02 3.00000000e+00]
[5.96000000e+02 4.77000000e+02 6.56308117e-02 8.00000000e+00]
[2.31000000e+02 6.03000000e+02 6.56450829e-02 4.00000000e+00]
[4.0900000e+02 4.0200000e+02 6.6115966e-02 2.0000000e+00]
[1.89000000e+02 6.43000000e+02 6.69107213e-02 7.00000000e+00]
[6.49000000e+02 3.93000000e+02 6.69484639e-02 8.00000000e+00]
[7.00000000e+00 6.73000000e+02 6.72529977e-02 5.00000000e+00]
[6.66000000e+02 2.50000000e+02 6.75100601e-02 5.00000000e+00]
[3.80000000e+02 6.74000000e+02 6.78571672e-02 3.00000000e+00]
[1.20000000e+01 6.64000000e+02 6.94188185e-02 4.00000000e+00]
[2.90000000e+01 4.86000000e+02 6.97326661e-02 3.00000000e+00]
[5.80000000e+02 6.32000000e+02 7.07095482e-02 1.00000000e+01]
[6.04000000e+02 4.96000000e+02 7.07320745e-02 1.00000000e+01]
[1.52000000e+02 6.05000000e+02 7.07578074e-02 6.00000000e+00]
[3.54000000e+02 5.88000000e+02 7.17031704e-02 3.00000000e+00]
[4.81000000e+02 3.37000000e+02 7.17162311e-02 2.00000000e+00]
[3.29000000e+02 6.60000000e+02 7.19236863e-02 4.00000000e+00]
[4.35000000e+02 6.54000000e+02 7.28244732e-02 1.20000000e+01]
[19.         33.          0.07346538  2.        ]
[6.61000000e+02 3.57000000e+02 7.39374316e-02 6.00000000e+00]
[3.36000000e+02 6.48000000e+02 7.40464907e-02 5.00000000e+00]
[5.75000000e+02 2.28000000e+02 7.42415105e-02 4.00000000e+00]
[2.79000000e+02 5.92000000e+02 7.42596491e-02 3.00000000e+00]
[8.30000000e+01 6.47000000e+02 7.53374281e-02 7.00000000e+00]
[2.95000000e+02 3.82000000e+02 7.67138905e-02 2.00000000e+00]
[4.00000000e+00 6.80000000e+02 7.68702263e-02 5.00000000e+00]
[2.30000000e+01 2.01000000e+02 7.77894022e-02 2.00000000e+00]
[24.        34.         0.0788637  2.       ]
[6.58000000e+02 1.44000000e+02 7.91472028e-02 9.00000000e+00]
[2.6900000e+02 6.8700000e+02 7.9398714e-02 5.0000000e+00]
[1.26000000e+02 6.93000000e+02 7.94136279e-02 4.00000000e+00]
[9.90000000e+01 1.46000000e+02 7.96903138e-02 2.00000000e+00]
[3.74000000e+02 6.83000000e+02 7.98803863e-02 1.10000000e+01]
[3.56000000e+02 7.03000000e+02 7.99848832e-02 1.20000000e+01]
[2.60000000e+02 3.65000000e+02 8.02138888e-02 2.00000000e+00]
[1.29000000e+02 6.46000000e+02 8.14430389e-02 6.00000000e+00]
[6.77000000e+02 1.61000000e+02 8.52195618e-02 6.00000000e+00]
[6.60000000e+01 6.53000000e+02 8.52328598e-02 4.00000000e+00]
[4.57000000e+02 6.84000000e+02 8.52577681e-02 7.00000000e+00]
[6.91000000e+02 6.62000000e+02 8.52994872e-02 7.00000000e+00]
[6.7000000e+02 3.6000000e+02 8.6043528e-02 6.0000000e+00]
[1.19000000e+02 6.96000000e+02 8.61489141e-02 6.00000000e+00]
[5.9300000e+02 6.6500000e+02 8.6313293e-02 1.4000000e+01]
[1.64000000e+02 5.35000000e+02 8.63529861e-02 7.00000000e+00]
[6.71000000e+02 3.66000000e+02 8.66520792e-02 4.00000000e+00]
[7.13000000e+02 2.56000000e+02 8.68544145e-02 1.50000000e+01]
[5.20000000e+01 6.94000000e+02 8.69301515e-02 8.00000000e+00]
[4.29000000e+02 7.01000000e+02 8.75801357e-02 5.00000000e+00]
[6.79000000e+02 3.81000000e+02 8.76874129e-02 4.00000000e+00]
[4.50000000e+01 6.90000000e+02 8.80876897e-02 7.00000000e+00]
[25.        54.         0.0884067  2.       ]
[3.30000000e+02 7.10000000e+02 8.86914417e-02 8.00000000e+00]
[1.00000000e+01 6.97000000e+02 8.87975987e-02 3.00000000e+00]
[6.00000000e+01 5.61000000e+02 9.01377962e-02 3.00000000e+00]
[2.88000000e+02 6.59000000e+02 9.10310185e-02 3.00000000e+00]
[1.95000000e+02 7.04000000e+02 9.10930086e-02 1.30000000e+01]
[6.86000000e+02 6.76000000e+02 9.28933319e-02 1.00000000e+01]
[7.19000000e+02 2.64000000e+02 9.39139331e-02 5.00000000e+00]
[3.38000000e+02 7.08000000e+02 9.39246474e-02 5.00000000e+00]
[4.95000000e+02 7.17000000e+02 9.40488688e-02 1.20000000e+01]
[4.60000000e+01 7.06000000e+02 9.48803563e-02 7.00000000e+00]
[6.69000000e+02 6.85000000e+02 9.49645813e-02 6.00000000e+00]
[7.7000000e+01 6.7200000e+02 9.5461459e-02 9.0000000e+00]
[1.88000000e+02 7.28000000e+02 9.60951851e-02 6.00000000e+00]
[7.09000000e+02 4.24000000e+02 9.62580262e-02 8.00000000e+00]
[4.40000000e+01 7.22000000e+02 9.68810014e-02 9.00000000e+00]
[6.31000000e+02 6.18000000e+02 9.73922655e-02 4.00000000e+00]
[4.68000000e+02 7.00000000e+02 9.81090676e-02 6.00000000e+00]
[6.95000000e+02 7.36000000e+02 9.90154698e-02 1.10000000e+01]
[1.1800000e+02 6.9200000e+02 9.9098135e-02 5.0000000e+00]
[7.32000000e+02 4.39000000e+02 1.00264995e-01 7.00000000e+00]
[7.12000000e+02 2.47000000e+02 1.00848895e-01 7.00000000e+00]
[3.78000000e+02 7.30000000e+02 1.01188142e-01 1.30000000e+01]
[6.14000000e+02 5.98000000e+02 1.02217808e-01 5.00000000e+00]
[3.50000000e+01 5.94000000e+02 1.02251402e-01 4.00000000e+00]
[2.94000000e+02 7.25000000e+02 1.02349678e-01 4.00000000e+00]
[4.70000000e+01 7.29000000e+02 1.04311559e-01 6.00000000e+00]
[1.00000000e+00 7.46000000e+02 1.04566015e-01 5.00000000e+00]
[7.1500000e+02 7.2300000e+02 1.0475748e-01 7.0000000e+00]
[2.00000000e+02 7.35000000e+02 1.05650803e-01 9.00000000e+00]
[2.65000000e+02 7.26000000e+02 1.06876192e-01 1.40000000e+01]
[1.56000000e+02 6.23000000e+02 1.07367446e-01 3.00000000e+00]
[7.24000000e+02 7.02000000e+02 1.07921376e-01 5.00000000e+00]
[9.70000000e+01 7.05000000e+02 1.08000325e-01 3.00000000e+00]
[9.00000000e+01 7.52000000e+02 1.08076525e-01 4.00000000e+00]
[9.20000000e+01 7.42000000e+02 1.08437258e-01 8.00000000e+00]
[7.38000000e+02 7.33000000e+02 1.09562312e-01 1.50000000e+01]
[2.74000000e+02 7.18000000e+02 1.10472006e-01 6.00000000e+00]
[1.94000000e+02 7.43000000e+02 1.10514696e-01 1.40000000e+01]
[7.40000000e+02 7.45000000e+02 1.11760584e-01 9.00000000e+00]
[2.55000000e+02 7.54000000e+02 1.12148384e-01 4.00000000e+00]
[6.22000000e+02 7.31000000e+02 1.13535615e-01 9.00000000e+00]
[3.17000000e+02 6.56000000e+02 1.13974548e-01 4.00000000e+00]
[8.90000000e+01 4.55000000e+02 1.14079426e-01 2.00000000e+00]
[1.85000000e+02 7.49000000e+02 1.14347306e-01 8.00000000e+00]
[2.66000000e+02 7.51000000e+02 1.14773478e-01 1.50000000e+01]
[7.34000000e+02 7.11000000e+02 1.17460033e-01 1.20000000e+01]
[6.98000000e+02 7.21000000e+02 1.17703499e-01 4.00000000e+00]
[6.88000000e+02 4.54000000e+02 1.17934536e-01 1.30000000e+01]
[6.1000000e+01 6.4500000e+02 1.1845959e-01 6.0000000e+00]
[3.35000000e+02 6.09000000e+02 1.18876867e-01 4.00000000e+00]
[7.07000000e+02 1.22000000e+02 1.19406219e-01 7.00000000e+00]
[7.44000000e+02 2.80000000e+02 1.19455843e-01 6.00000000e+00]
[6.20000000e+02 7.56000000e+02 1.19544377e-01 1.00000000e+01]
[7.39000000e+02 7.68000000e+02 1.20761488e-01 1.50000000e+01]
[7.57000000e+02 7.47000000e+02 1.20767173e-01 2.10000000e+01]
[6.50000000e+01 6.27000000e+02 1.21645004e-01 5.00000000e+00]
[7.55000000e+02 1.04000000e+02 1.22226903e-01 5.00000000e+00]
[4.08000000e+02 7.70000000e+02 1.23056392e-01 7.00000000e+00]
[7.14000000e+02 4.06000000e+02 1.23858369e-01 8.00000000e+00]
[1.77000000e+02 7.76000000e+02 1.24226028e-01 2.20000000e+01]
[8.4000000e+01 5.9500000e+02 1.2433996e-01 3.0000000e+00]
[6.5700000e+02 6.4000000e+02 1.2574167e-01 4.0000000e+00]
[6.82000000e+02 7.81000000e+02 1.26018479e-01 3.20000000e+01]
[6.90000000e+01 7.60000000e+02 1.26164557e-01 1.00000000e+01]
[7.63000000e+02 7.41000000e+02 1.26394936e-01 1.10000000e+01]
[7.62000000e+02 7.66000000e+02 1.27223757e-01 2.40000000e+01]
[3.34000000e+02 7.59000000e+02 1.27508867e-01 1.50000000e+01]
[7.61000000e+02 2.81000000e+02 1.27663196e-01 5.00000000e+00]
[7.65000000e+02 2.04000000e+02 1.28133321e-01 9.00000000e+00]
[3.05000000e+02 7.75000000e+02 1.28409542e-01 1.60000000e+01]
[1.69000000e+02 7.74000000e+02 1.29625617e-01 1.10000000e+01]
[2.41000000e+02 7.72000000e+02 1.30004403e-01 8.00000000e+00]
[4.05000000e+02 7.37000000e+02 1.30319211e-01 5.00000000e+00]
[1.86000000e+02 7.93000000e+02 1.30901294e-01 9.00000000e+00]
[2.6200000e+02 3.2700000e+02 1.3303135e-01 2.0000000e+00]
[9.10000000e+01 7.73000000e+02 1.33325884e-01 7.00000000e+00]
[8.60000000e+01 7.16000000e+02 1.33346535e-01 1.60000000e+01]
[1.0200000e+02 7.8300000e+02 1.3360878e-01 5.0000000e+00]
[5.77000000e+02 7.53000000e+02 1.34071996e-01 7.00000000e+00]
[5.60000000e+01 7.88000000e+02 1.34339559e-01 1.60000000e+01]
[2.5400000e+02 7.9100000e+02 1.3465856e-01 1.7000000e+01]
[7.67000000e+02 5.21000000e+02 1.35047402e-01 1.40000000e+01]
[1.03000000e+02 7.71000000e+02 1.35652007e-01 5.00000000e+00]
[6.67000000e+02 7.27000000e+02 1.36647855e-01 1.20000000e+01]
[7.86000000e+02 7.78000000e+02 1.36737275e-01 1.60000000e+01]
[7.96000000e+02 3.46000000e+02 1.37274833e-01 3.00000000e+00]
[5.90000000e+02 7.58000000e+02 1.37501264e-01 8.00000000e+00]
[7.99000000e+02 1.65000000e+02 1.37674622e-01 6.00000000e+00]
[3.69000000e+02 8.02000000e+02 1.39684542e-01 1.80000000e+01]
[8.00000000e+02 8.03000000e+02 1.39775829e-01 2.10000000e+01]
[4.80000000e+01 6.16000000e+02 1.40432221e-01 3.00000000e+00]
[4.00000000e+02 8.01000000e+02 1.40447206e-01 1.70000000e+01]
[6.12000000e+02 5.99000000e+02 1.41254235e-01 4.00000000e+00]
[7.97000000e+02 7.77000000e+02 1.43772564e-01 1.20000000e+01]
[7.80000000e+01 7.85000000e+02 1.44396981e-01 1.10000000e+01]
[2.29000000e+02 8.14000000e+02 1.44725946e-01 5.00000000e+00]
[9.80000000e+01 8.05000000e+02 1.45981637e-01 1.30000000e+01]
[4.20000000e+02 8.11000000e+02 1.47036759e-01 2.20000000e+01]
[3.80000000e+01 7.87000000e+02 1.47083657e-01 2.50000000e+01]
[8.08000000e+02 4.63000000e+02 1.50362647e-01 9.00000000e+00]
[7.48000000e+02 8.12000000e+02 1.50579144e-01 8.00000000e+00]
[4.27000000e+02 8.16000000e+02 1.51365844e-01 1.20000000e+01]
[2.03000000e+02 4.90000000e+02 1.51552428e-01 6.00000000e+00]
[2.23000000e+02 6.28000000e+02 1.52485307e-01 4.00000000e+00]
[2.46000000e+02 8.06000000e+02 1.52718647e-01 1.70000000e+01]
[1.30000000e+02 7.80000000e+02 1.53214804e-01 9.00000000e+00]
[1.05000000e+02 8.19000000e+02 1.53598281e-01 2.30000000e+01]
[63.          6.          0.15377745  2.        ]
[4.9000000e+01 8.0400000e+02 1.5475859e-01 6.0000000e+00]
[8.15000000e+02 7.20000000e+02 1.55997571e-01 1.90000000e+01]
[2.13000000e+02 8.10000000e+02 1.56007915e-01 1.90000000e+01]
[3.49000000e+02 8.20000000e+02 1.57988291e-01 2.60000000e+01]
[2.02000000e+02 7.50000000e+02 1.58368015e-01 1.00000000e+01]
[4.19000000e+02 6.44000000e+02 1.58640171e-01 4.00000000e+00]
[2.10000000e+01 8.07000000e+02 1.59884314e-01 4.00000000e+00]
[2.8200000e+02 8.0900000e+02 1.6002922e-01 7.0000000e+00]
[5.90000000e+01 8.27000000e+02 1.60227488e-01 1.00000000e+01]
[3.32000000e+02 8.21000000e+02 1.60738089e-01 1.00000000e+01]
[7.69000000e+02 4.37000000e+02 1.61559427e-01 1.40000000e+01]
[1.10000000e+01 8.32000000e+02 1.63139732e-01 2.00000000e+01]
[7.9800000e+02 6.6300000e+02 1.6350346e-01 1.8000000e+01]
[8.24000000e+02 8.13000000e+02 1.63553512e-01 2.30000000e+01]
[6.78000000e+02 7.90000000e+02 1.64367566e-01 1.40000000e+01]
[8.42000000e+02 5.76000000e+02 1.65406154e-01 2.00000000e+01]
[4.22000000e+02 5.84000000e+02 1.65884901e-01 5.00000000e+00]
[6.50000000e+02 6.41000000e+02 1.67508526e-01 1.10000000e+01]
[1.68000000e+02 8.28000000e+02 1.67565456e-01 2.40000000e+01]
[4.32000000e+02 8.48000000e+02 1.68213322e-01 2.50000000e+01]
[4.17000000e+02 8.30000000e+02 1.68530877e-01 7.00000000e+00]
[3.71000000e+02 7.92000000e+02 1.72114141e-01 1.20000000e+01]
[3.09000000e+02 8.31000000e+02 1.72926839e-01 2.00000000e+01]
[6.2600000e+02 8.4000000e+02 1.7345529e-01 1.6000000e+01]
[7.82000000e+02 7.84000000e+02 1.74026714e-01 3.50000000e+01]
[5.00000000e+01 8.33000000e+02 1.74704741e-01 2.70000000e+01]
[3.60000000e+01 8.43000000e+02 1.75090982e-01 2.40000000e+01]
[4.20000000e+01 8.45000000e+02 1.75291235e-01 2.10000000e+01]
[2.38000000e+02 8.38000000e+02 1.76054325e-01 1.10000000e+01]
[6.52000000e+02 8.23000000e+02 1.77517165e-01 1.60000000e+01]
[8.25000000e+02 8.57000000e+02 1.79312852e-01 2.50000000e+01]
[8.17000000e+02 6.10000000e+02 1.80434234e-01 7.00000000e+00]
[6.00000000e+02 8.34000000e+02 1.80838405e-01 1.20000000e+01]
[5.89000000e+02 8.53000000e+02 1.82700908e-01 1.80000000e+01]
[5.0000000e+00 8.3900000e+02 1.8323071e-01 1.1000000e+01]
[8.37000000e+02 8.22000000e+02 1.83522542e-01 1.50000000e+01]
[8.65000000e+02 4.83000000e+02 1.83930352e-01 1.60000000e+01]
[7.95000000e+02 8.41000000e+02 1.84694322e-01 2.90000000e+01]
[4.36000000e+02 8.64000000e+02 1.85769966e-01 1.20000000e+01]
[6.68000000e+02 8.67000000e+02 1.91372531e-01 3.10000000e+01]
[2.00000000e+00 8.52000000e+02 1.92320506e-01 2.10000000e+01]
[8.62000000e+02 8.18000000e+02 1.93483128e-01 2.50000000e+01]
[0.00000000e+00 8.55000000e+02 1.93509275e-01 2.80000000e+01]
[8.58000000e+02 4.18000000e+02 1.94985931e-01 1.20000000e+01]
[2.10000000e+02 8.69000000e+02 1.95194771e-01 3.20000000e+01]
[4.03000000e+02 8.56000000e+02 1.95298205e-01 2.50000000e+01]
[1.30000000e+01 8.60000000e+02 1.96148949e-01 2.60000000e+01]
[2.17000000e+02 8.70000000e+02 1.99529276e-01 2.20000000e+01]
[3.67000000e+02 8.59000000e+02 2.00118446e-01 1.70000000e+01]
[1.70000000e+01 8.73000000e+02 2.02021082e-01 1.30000000e+01]
[1.71000000e+02 8.26000000e+02 2.03529708e-01 1.80000000e+01]
[8.4400000e+02 8.6600000e+02 2.0630797e-01 3.0000000e+01]
[1.70000000e+02 8.54000000e+02 2.06583592e-01 3.60000000e+01]
[8.36000000e+02 8.72000000e+02 2.07106194e-01 3.20000000e+01]
[6.89000000e+02 7.79000000e+02 2.08061444e-01 9.00000000e+00]
[1.45000000e+02 8.50000000e+02 2.08335946e-01 8.00000000e+00]
[8.68000000e+02 7.89000000e+02 2.08965473e-01 1.70000000e+01]
[8.61000000e+02 8.84000000e+02 2.09562104e-01 1.60000000e+01]
[ 32.        110.          0.2131916   2.       ]
[8.81000000e+02 8.51000000e+02 2.14000193e-01 4.20000000e+01]
[3.31000000e+02 8.77000000e+02 2.14455897e-01 2.30000000e+01]
[8.80000000e+02 6.33000000e+02 2.14843498e-01 2.00000000e+01]
[8.86000000e+02 8.29000000e+02 2.14956974e-01 1.90000000e+01]
[1.15000000e+02 8.89000000e+02 2.17136074e-01 4.30000000e+01]
[3.40000000e+02 8.92000000e+02 2.19484284e-01 2.00000000e+01]
[8.71000000e+02 6.75000000e+02 2.20412342e-01 3.20000000e+01]
[2.00000000e+01 6.99000000e+02 2.20438038e-01 1.00000000e+01]
[8.49000000e+02 8.93000000e+02 2.21440587e-01 6.80000000e+01]
[8.63000000e+02 6.19000000e+02 2.21851985e-01 2.10000000e+01]
[2.20000000e+01 8.87000000e+02 2.24016186e-01 1.70000000e+01]
[7.64000000e+02 8.74000000e+02 2.25109992e-01 3.40000000e+01]
[5.1000000e+01 8.7900000e+02 2.2730466e-01 1.4000000e+01]
[8.7800000e+02 8.4600000e+02 2.3274815e-01 2.2000000e+01]
[2.96000000e+02 8.76000000e+02 2.33071413e-01 2.70000000e+01]
[7.90000000e+01 8.90000000e+02 2.33258369e-01 2.40000000e+01]
[9.02000000e+02 9.04000000e+02 2.34624282e-01 4.60000000e+01]
[3.10000000e+02 8.96000000e+02 2.35336175e-01 1.10000000e+01]
[8.83000000e+02 7.94000000e+02 2.36031702e-01 3.70000000e+01]
[8.35000000e+02 8.97000000e+02 2.36748557e-01 7.20000000e+01]
[6.20000000e+01 8.85000000e+02 2.41374118e-01 9.00000000e+00]
[9.07000000e+02 2.70000000e+01 2.42492034e-01 3.80000000e+01]
[6.70000000e+01 9.00000000e+02 2.44658643e-01 3.50000000e+01]
[1.00000000e+02 8.99000000e+02 2.45742154e-01 1.80000000e+01]
[8.91000000e+02 9.11000000e+02 2.47066008e-01 5.50000000e+01]
[8.9800000e+02 9.0300000e+02 2.5250805e-01 4.8000000e+01]
[2.3000000e+02 9.1000000e+02 2.5634105e-01 3.9000000e+01]
[8.95000000e+02 5.97000000e+02 2.57650312e-01 3.40000000e+01]
[8.94000000e+02 3.44000000e+02 2.58380622e-01 2.10000000e+01]
[3.39000000e+02 9.13000000e+02 2.59415616e-01 5.60000000e+01]
[1.58000000e+02 8.82000000e+02 2.61914969e-01 3.70000000e+01]
[3.00000000e+02 9.01000000e+02 2.62876197e-01 1.50000000e+01]
[6.07000000e+02 9.17000000e+02 2.72014619e-01 2.40000000e+01]
[3.77000000e+02 9.05000000e+02 2.72089467e-01 4.70000000e+01]
[6.29000000e+02 9.12000000e+02 2.77078422e-01 2.00000000e+01]
[2.80000000e+01 9.16000000e+02 2.84880156e-01 3.50000000e+01]
[6.81000000e+02 9.19000000e+02 2.85778049e-01 4.00000000e+01]
[2.71000000e+02 9.08000000e+02 2.90642178e-01 7.30000000e+01]
[3.12000000e+02 9.18000000e+02 2.91870329e-01 5.70000000e+01]
[6.36000000e+02 3.83000000e+02 2.97111399e-01 3.00000000e+00]
[9.14000000e+02 9.09000000e+02 3.03656406e-01 5.70000000e+01]
[9.15000000e+02 9.06000000e+02 3.04679973e-01 5.00000000e+01]
[8.88000000e+02 9.30000000e+02 3.08019622e-01 5.20000000e+01]
[2.45000000e+02 9.23000000e+02 3.11319194e-01 2.10000000e+01]
[3.26000000e+02 9.21000000e+02 3.14107906e-01 2.50000000e+01]
[6.80000000e+01 9.26000000e+02 3.14285857e-01 7.40000000e+01]
[1.01000000e+02 9.32000000e+02 3.15968581e-01 2.20000000e+01]
[9.20000000e+02 3.58000000e+02 3.16080592e-01 1.60000000e+01]
[9.29000000e+02 9.28000000e+02 3.17353972e-01 6.00000000e+01]
[6.21000000e+02 9.22000000e+02 3.21633138e-01 4.90000000e+01]
[9.37000000e+02 9.24000000e+02 3.23126981e-01 9.50000000e+01]
[9.3900000e+02 2.7200000e+02 3.4201764e-01 9.6000000e+01]
[9.31000000e+02 8.75000000e+02 3.48932516e-01 7.70000000e+01]
[9.00000000e+00 9.38000000e+02 3.51298513e-01 5.00000000e+01]
[9.27000000e+02 9.40000000e+02 3.60227403e-01 1.53000000e+02]
[3.08000000e+02 9.43000000e+02 3.65049094e-01 1.54000000e+02]
[4.41000000e+02 9.41000000e+02 3.65319112e-01 7.80000000e+01]
[4.60000000e+02 9.42000000e+02 3.79811069e-01 5.10000000e+01]
[3.50000000e+02 4.12000000e+02 3.80255887e-01 2.00000000e+00]
[3.59000000e+02 9.44000000e+02 3.88317888e-01 1.55000000e+02]
[5.30000000e+01 9.45000000e+02 4.13631166e-01 7.90000000e+01]
[2.5900000e+02 9.4800000e+02 4.1422122e-01 1.5600000e+02]
[2.60000000e+01 9.33000000e+02 4.18726189e-01 2.60000000e+01]
[9.25000000e+02 9.49000000e+02 4.31359227e-01 1.19000000e+02]
[9.35000000e+02 9.46000000e+02 4.38009219e-01 7.30000000e+01]
[3.28000000e+02 9.53000000e+02 4.46547264e-01 7.40000000e+01]
[9.52000000e+02 9.36000000e+02 4.76146699e-01 1.35000000e+02]
[4.38000000e+02 9.55000000e+02 4.80063381e-01 1.36000000e+02]
[9.51000000e+02 9.50000000e+02 5.11989734e-01 1.82000000e+02]
[6.40000000e+01 9.57000000e+02 5.14567778e-01 1.83000000e+02]
[9.5600000e+02 9.5800000e+02 5.4351542e-01 3.1900000e+02]
[9.47000000e+02 9.59000000e+02 5.50118799e-01 3.21000000e+02]
[3.48000000e+02 9.60000000e+02 5.54651403e-01 3.22000000e+02]
[1.80000000e+01 8.47000000e+02 6.41301055e-01 1.20000000e+01]
[9.5400000e+02 9.6100000e+02 7.4105017e-01 3.9600000e+02]
[9.34000000e+02 9.63000000e+02 7.55450442e-01 4.70000000e+02]
[9.62000000e+02 9.64000000e+02 8.50015243e-01 4.82000000e+02]
[9.65000000e+02 3.87000000e+02 9.41990543e-01 4.83000000e+02]
[966. 440.   1. 484.]
[967. 449.   1. 485.]
