[  1. 216.   0.   2.]
[540. 113.   0.   3.]
[ 50. 135.   0.   2.]
[542. 329.   0.   3.]
[64. 68.  0.  2.]
[544.  93.   0.   3.]
[545. 123.   0.   4.]
[546. 214.   0.   5.]
[547. 261.   0.   6.]
[ 72. 437.   0.   2.]
[74. 91.  0.  2.]
[550. 317.   0.   3.]
[ 78. 125.   0.   2.]
[552. 315.   0.   3.]
[103. 196.   0.   2.]
[205. 251.   0.   2.]
[270. 271.   0.   2.]
[300. 302.   0.   2.]
[359. 413.   0.   2.]
[5.56000000e+02 1.40000000e+02 7.02447475e-09 3.00000000e+00]
[9.00000000e+01 5.18000000e+02 1.49011612e-08 2.00000000e+00]
[2.20000000e+02 2.95000000e+02 1.49011612e-08 2.00000000e+00]
[5.59000000e+02 1.70000000e+02 1.81731402e-08 4.00000000e+00]
[2.40000000e+01 4.23000000e+02 2.10734243e-08 2.00000000e+00]
[9.50000000e+01 1.52000000e+02 2.10734243e-08 2.00000000e+00]
[5.64000000e+02 2.40000000e+02 2.10734243e-08 3.00000000e+00]
[5.65000000e+02 3.01000000e+02 2.10734243e-08 4.00000000e+00]
[5.66000000e+02 3.08000000e+02 2.10734243e-08 5.00000000e+00]
[5.67000000e+02 5.61000000e+02 2.10734243e-08 7.00000000e+00]
[3.07000000e+02 5.68000000e+02 2.10734243e-08 8.00000000e+00]
[8.10000000e+01 5.69000000e+02 2.61361579e-08 9.00000000e+00]
[6.00000000e+00 1.29000000e+02 2.98023224e-08 2.00000000e+00]
[1.36000000e+02 3.36000000e+02 2.98023224e-08 2.00000000e+00]
[5.57000000e+02 4.68000000e+02 3.23812286e-08 3.00000000e+00]
[1.78000000e+02 2.45000000e+02 3.33200094e-08 2.00000000e+00]
[6.10000000e+01 2.36000000e+02 3.65002415e-08 2.00000000e+00]
[3.80000000e+02 4.00000000e+02 5.16191366e-08 2.00000000e+00]
[5.51000000e+02 2.74000000e+02 5.96046448e-08 4.00000000e+00]
[5.62000000e+02 5.76000000e+02 2.27451297e-02 6.00000000e+00]
[5.43000000e+02 1.30000000e+02 9.41240233e-02 4.00000000e+00]
[4.36000000e+02 5.22000000e+02 9.80953684e-02 2.00000000e+00]
[1.2400000e+02 3.0500000e+02 1.0218939e-01 2.0000000e+00]
[1.70000000e+01 2.83000000e+02 1.06903111e-01 2.00000000e+00]
[3.48000000e+02 3.67000000e+02 1.08707885e-01 2.00000000e+00]
[2.18000000e+02 5.03000000e+02 1.09689735e-01 2.00000000e+00]
[3.03000000e+02 3.69000000e+02 1.12037024e-01 2.00000000e+00]
[4.9200000e+02 5.2300000e+02 1.1243809e-01 2.0000000e+00]
[4.0000000e+00 2.6200000e+02 1.1307147e-01 2.0000000e+00]
[4.90000000e+01 2.46000000e+02 1.17374234e-01 2.00000000e+00]
[65.         76.          0.11880498  2.        ]
[2.47000000e+02 2.49000000e+02 1.20010184e-01 2.00000000e+00]
[5.79000000e+02 5.70000000e+02 1.20576692e-01 1.30000000e+01]
[6.30000000e+01 4.26000000e+02 1.21497705e-01 2.00000000e+00]
[3.00000000e+01 2.09000000e+02 1.22036623e-01 2.00000000e+00]
[21.         40.          0.12305682  2.        ]
[3.39000000e+02 4.73000000e+02 1.24315851e-01 2.00000000e+00]
[1.65000000e+02 2.91000000e+02 1.26090956e-01 2.00000000e+00]
[5.77000000e+02 2.04000000e+02 1.30833491e-01 5.00000000e+00]
[3.96000000e+02 4.14000000e+02 1.33428741e-01 2.00000000e+00]
[3.46000000e+02 4.38000000e+02 1.34073472e-01 2.00000000e+00]
[41.         52.          0.13538276  2.        ]
[3.09000000e+02 3.94000000e+02 1.37506668e-01 2.00000000e+00]
[5.96000000e+02 1.80000000e+02 1.43392654e-01 3.00000000e+00]
[2.90000000e+02 5.30000000e+02 1.44171102e-01 2.00000000e+00]
[1.55000000e+02 2.72000000e+02 1.48294393e-01 2.00000000e+00]
[3.66000000e+02 5.17000000e+02 1.48814917e-01 2.00000000e+00]
[5.78000000e+02 3.34000000e+02 1.50316287e-01 7.00000000e+00]
[ 62.         112.           0.15177983   2.        ]
[4.18000000e+02 4.61000000e+02 1.52822334e-01 2.00000000e+00]
[1.85000000e+02 1.95000000e+02 1.55259193e-01 2.00000000e+00]
[1.43000000e+02 4.45000000e+02 1.55499242e-01 2.00000000e+00]
[2.13000e+02 3.86000e+02 1.56214e-01 2.00000e+00]
[1.40000000e+01 4.33000000e+02 1.56289304e-01 2.00000000e+00]
[1.60000000e+01 4.39000000e+02 1.56935311e-01 2.00000000e+00]
[5.87000000e+02 2.21000000e+02 1.57453686e-01 3.00000000e+00]
[2.97000000e+02 4.27000000e+02 1.58261313e-01 2.00000000e+00]
[6.02000000e+02 2.08000000e+02 1.59154188e-01 4.00000000e+00]
[3.81000000e+02 4.05000000e+02 1.59672579e-01 2.00000000e+00]
[5.97000000e+02 1.64000000e+02 1.59731726e-01 6.00000000e+00]
[3.56000000e+02 4.67000000e+02 1.60973448e-01 2.00000000e+00]
[2.29000000e+02 6.06000000e+02 1.63679755e-01 8.00000000e+00]
[8.00000000e+01 4.09000000e+02 1.66038538e-01 2.00000000e+00]
[1.44000000e+02 5.58000000e+02 1.67329639e-01 3.00000000e+00]
[3.20000000e+02 4.06000000e+02 1.67974792e-01 2.00000000e+00]
[1.09000000e+02 5.73000000e+02 1.69043829e-01 4.00000000e+00]
[4.15000000e+02 4.60000000e+02 1.73027553e-01 2.00000000e+00]
[5.91000000e+02 2.19000000e+02 1.74254323e-01 1.40000000e+01]
[2.48000000e+02 5.16000000e+02 1.76096955e-01 2.00000000e+00]
[2.07000000e+02 2.56000000e+02 1.77731059e-01 2.00000000e+00]
[4.02000000e+02 4.89000000e+02 1.79398178e-01 2.00000000e+00]
[6.26000000e+02 1.54000000e+02 1.79997793e-01 1.50000000e+01]
[3.97000000e+02 4.44000000e+02 1.82192757e-01 2.00000000e+00]
[2.76000000e+02 3.45000000e+02 1.84785589e-01 2.00000000e+00]
[1.83000000e+02 3.47000000e+02 1.86008353e-01 2.00000000e+00]
[6.16000000e+02 2.33000000e+02 1.86312083e-01 5.00000000e+00]
[6.18000000e+02 1.21000000e+02 1.88138953e-01 7.00000000e+00]
[ 27.         172.           0.18937542   2.        ]
[5.72000000e+02 1.76000000e+02 1.89653907e-01 3.00000000e+00]
[ 54.         150.           0.19117028   2.        ]
[2.9000000e+01 4.8600000e+02 1.9267775e-01 2.0000000e+00]
[  9.         156.           0.19496846   2.        ]
[ 19.         104.           0.19503188   2.        ]
[2.06000000e+02 3.22000000e+02 1.96929304e-01 2.00000000e+00]
[6.3800000e+02 1.4800000e+02 1.9961484e-01 3.0000000e+00]
[6.30000000e+02 4.48000000e+02 2.00288032e-01 1.60000000e+01]
[1.28000000e+02 3.33000000e+02 2.05447849e-01 2.00000000e+00]
[6.14000000e+02 5.55000000e+02 2.07845423e-01 5.00000000e+00]
[6.44000000e+02 1.60000000e+02 2.08455792e-01 1.70000000e+01]
[3.27000000e+02 5.38000000e+02 2.10102429e-01 2.00000000e+00]
[6.00000000e+02 3.82000000e+02 2.11044392e-01 3.00000000e+00]
[1.42000000e+02 5.19000000e+02 2.11099003e-01 2.00000000e+00]
[6.20000000e+02 2.98000000e+02 2.11410197e-01 9.00000000e+00]
[3.18000000e+02 5.09000000e+02 2.16031428e-01 2.00000000e+00]
[6.41000000e+02 6.51000000e+02 2.17911274e-01 1.10000000e+01]
[2.00000000e+01 2.65000000e+02 2.18618808e-01 2.00000000e+00]
[5.00000000e+00 2.75000000e+02 2.20140438e-01 2.00000000e+00]
[6.45000000e+02 6.34000000e+02 2.22937036e-01 7.00000000e+00]
[6.47000000e+02 4.80000000e+02 2.26401646e-01 1.80000000e+01]
[3.61000000e+02 5.27000000e+02 2.28147969e-01 2.00000000e+00]
[6.07000000e+02 6.56000000e+02 2.30375946e-01 9.00000000e+00]
[6.57000000e+02 4.54000000e+02 2.30663405e-01 1.90000000e+01]
[6.40000000e+02 5.53000000e+02 2.37179204e-01 5.00000000e+00]
[3.93000000e+02 5.11000000e+02 2.38977129e-01 2.00000000e+00]
[9.20000000e+01 2.69000000e+02 2.41706178e-01 2.00000000e+00]
[3.74000000e+02 3.83000000e+02 2.41961081e-01 2.00000000e+00]
[7.00000000e+01 6.33000000e+02 2.44036557e-01 3.00000000e+00]
[2.37000000e+02 4.90000000e+02 2.45297208e-01 2.00000000e+00]
[6.60000000e+02 2.39000000e+02 2.47808443e-01 2.00000000e+01]
[117.        153.          0.2482027   2.       ]
[6.59000000e+02 1.15000000e+02 2.51983727e-01 1.00000000e+01]
[6.46000000e+02 6.53000000e+02 2.54474533e-01 1.60000000e+01]
[6.54000000e+02 6.28000000e+02 2.55220242e-01 4.00000000e+00]
[3.80000000e+01 6.24000000e+02 2.56763832e-01 5.00000000e+00]
[3.50000000e+01 2.64000000e+02 2.58498975e-01 2.00000000e+00]
[6.67000000e+02 3.28000000e+02 2.59956115e-01 2.10000000e+01]
[5.71000000e+02 6.32000000e+02 2.60255652e-01 4.00000000e+00]
[6.3500000e+02 8.7000000e+01 2.6488373e-01 8.0000000e+00]
[3.63000000e+02 5.21000000e+02 2.65388287e-01 2.00000000e+00]
[7.10000000e+01 4.62000000e+02 2.65582039e-01 2.00000000e+00]
[6.65000000e+02 1.82000000e+02 2.74403654e-01 4.00000000e+00]
[ 33.         122.           0.27495232   2.        ]
[6.74000000e+02 8.50000000e+01 2.75165242e-01 2.20000000e+01]
[3.0000000e+00 6.7000000e+02 2.7604193e-01 1.7000000e+01]
[6.6300000e+02 1.9200000e+02 2.7711885e-01 3.0000000e+00]
[6.71000000e+02 1.19000000e+02 2.80431195e-01 5.00000000e+00]
[6.73000000e+02 6.81000000e+02 2.80533808e-01 2.40000000e+01]
[6.76000000e+02 1.74000000e+02 2.81828776e-01 9.00000000e+00]
[6.37000000e+02 1.86000000e+02 2.82115633e-01 4.00000000e+00]
[5.48000000e+02 3.24000000e+02 2.90669648e-01 7.00000000e+00]
[ 82.         211.           0.29279264   2.        ]
[6.61000000e+02 1.99000000e+02 2.93907533e-01 6.00000000e+00]
[3.65000000e+02 4.43000000e+02 2.94117807e-01 2.00000000e+00]
[4.08000000e+02 4.50000000e+02 2.95776352e-01 2.00000000e+00]
[6.82000000e+02 6.84000000e+02 2.96233145e-01 2.20000000e+01]
[6.87000000e+02 3.40000000e+02 3.01427044e-01 5.00000000e+00]
[9.80000000e+01 6.04000000e+02 3.01841452e-01 3.00000000e+00]
[2.10000000e+02 6.64000000e+02 3.02937433e-01 3.00000000e+00]
[6.42000000e+02 2.25000000e+02 3.05244834e-01 3.00000000e+00]
[6.75000000e+02 6.70000000e+01 3.05451188e-01 5.00000000e+00]
[ 73.         200.           0.30733956   2.        ]
[6.55000000e+02 3.40000000e+01 3.08289808e-01 3.00000000e+00]
[6.89000000e+02 1.27000000e+02 3.11632664e-01 3.00000000e+00]
[6.85000000e+02 6.79000000e+02 3.11792174e-01 2.80000000e+01]
[5.89000000e+02 6.17000000e+02 3.12606606e-01 4.00000000e+00]
[6.86000000e+02 6.68000000e+02 3.13402342e-01 1.10000000e+01]
[2.28000000e+02 3.57000000e+02 3.14724994e-01 2.00000000e+00]
[3.32000000e+02 4.69000000e+02 3.15617665e-01 2.00000000e+00]
[6.03000000e+02 4.22000000e+02 3.16907905e-01 3.00000000e+00]
[ 99.         266.           0.31792345   2.        ]
[6.93000000e+02 7.02000000e+02 3.18049773e-01 5.00000000e+01]
[4.24000000e+02 4.85000000e+02 3.21539143e-01 2.00000000e+00]
[7.01000000e+02 4.63000000e+02 3.22328373e-01 4.00000000e+00]
[3.35000000e+02 3.38000000e+02 3.22656937e-01 2.00000000e+00]
[4.49000000e+02 5.29000000e+02 3.22799134e-01 2.00000000e+00]
[1.32000000e+02 3.72000000e+02 3.25610415e-01 2.00000000e+00]
[139.        241.          0.3256283   2.       ]
[4.60000000e+01 7.03000000e+02 3.27325378e-01 5.00000000e+00]
[ 58.         238.           0.32796321   2.        ]
[ 97.         226.           0.33041251   2.        ]
[6.13000000e+02 4.87000000e+02 3.31905153e-01 3.00000000e+00]
[6.60000000e+01 5.54000000e+02 3.32013798e-01 3.00000000e+00]
[7.00000000e+02 6.43000000e+02 3.33580958e-01 6.00000000e+00]
[5.7500000e+02 1.5100000e+02 3.3389856e-01 3.0000000e+00]
[6.08000000e+02 5.80000000e+02 3.34430368e-01 4.00000000e+00]
[6.95000000e+02 2.85000000e+02 3.35906926e-01 4.00000000e+00]
[1.2000000e+01 4.5700000e+02 3.3736456e-01 2.0000000e+00]
[6.11000000e+02 4.71000000e+02 3.37668174e-01 3.00000000e+00]
[5.74000000e+02 2.44000000e+02 3.38131114e-01 3.00000000e+00]
[3.84000000e+02 4.79000000e+02 3.40475044e-01 2.00000000e+00]
[6.90000000e+02 4.35000000e+02 3.40906364e-01 7.00000000e+00]
[ 83.         321.           0.34115263   2.        ]
[1.01000000e+02 5.25000000e+02 3.42972462e-01 2.00000000e+00]
[2.30000000e+02 6.52000000e+02 3.43722877e-01 3.00000000e+00]
[6.94000000e+02 2.27000000e+02 3.44956991e-01 6.00000000e+00]
[5.83000000e+02 7.10000000e+02 3.45441936e-01 4.00000000e+00]
[6.12000000e+02 2.20000000e+01 3.46047368e-01 3.00000000e+00]
[7.19000000e+02 6.48000000e+02 3.47737462e-01 5.00000000e+00]
[3.91000000e+02 5.12000000e+02 3.48763874e-01 2.00000000e+00]
[7.07000000e+02 4.96000000e+02 3.49096629e-01 4.00000000e+00]
[1.00000000e+01 6.97000000e+02 3.50918203e-01 4.00000000e+00]
[6.69000000e+02 2.02000000e+02 3.51056525e-01 1.10000000e+01]
[2.99000000e+02 3.95000000e+02 3.51101656e-01 2.00000000e+00]
[7.27000000e+02 2.55000000e+02 3.52019837e-01 4.00000000e+00]
[7.31000000e+02 4.21000000e+02 3.53380025e-01 3.00000000e+00]
[4.72000000e+02 5.08000000e+02 3.54444924e-01 2.00000000e+00]
[5.70000000e+01 7.26000000e+02 3.54942583e-01 4.00000000e+00]
[6.72000000e+02 7.33000000e+02 3.55015173e-01 1.10000000e+01]
[7.37000000e+02 5.13000000e+02 3.55042268e-01 3.00000000e+00]
[7.05000000e+02 3.90000000e+02 3.55379015e-01 3.00000000e+00]
[ 18.        294.          0.3569217   2.       ]
[6.80000000e+02 3.62000000e+02 3.58738411e-01 3.00000000e+00]
[2.50000000e+02 4.42000000e+02 3.59081022e-01 2.00000000e+00]
[5.82000000e+02 1.97000000e+02 3.62873716e-01 3.00000000e+00]
[2.59000000e+02 3.87000000e+02 3.63336515e-01 2.00000000e+00]
[5.90000000e+01 7.04000000e+02 3.64751901e-01 1.20000000e+01]
[9.40000000e+01 7.48000000e+02 3.65115055e-01 4.00000000e+00]
[7.36000000e+02 2.30000000e+01 3.66046916e-01 6.00000000e+00]
[7.17000000e+02 2.63000000e+02 3.66873044e-01 3.00000000e+00]
[7.16000000e+02 5.24000000e+02 3.67395769e-01 6.00000000e+00]
[217.         222.           0.36824334   2.        ]
[7.28000000e+02 4.94000000e+02 3.68511376e-01 3.00000000e+00]
[4.40000000e+01 4.52000000e+02 3.69158875e-01 2.00000000e+00]
[7.21000000e+02 6.88000000e+02 3.69870863e-01 1.30000000e+01]
[7.30000000e+02 3.89000000e+02 3.70365127e-01 3.00000000e+00]
[6.98000000e+02 7.56000000e+02 3.71079455e-01 1.10000000e+01]
[7.42000000e+02 3.58000000e+02 3.72227216e-01 5.00000000e+00]
[7.09000000e+02 7.46000000e+02 3.74045816e-01 6.10000000e+01]
[6.19000000e+02 5.35000000e+02 3.74309095e-01 3.00000000e+00]
[194.         252.           0.37758122   2.        ]
[2.50000000e+01 4.04000000e+02 3.77865521e-01 2.00000000e+00]
[8.80000000e+01 4.10000000e+02 3.78554893e-01 2.00000000e+00]
[3.23000000e+02 4.46000000e+02 3.79031639e-01 2.00000000e+00]
[7.18000000e+02 5.20000000e+02 3.79128821e-01 3.00000000e+00]
[6.99000000e+02 1.73000000e+02 3.80142228e-01 3.00000000e+00]
[7.58000000e+02 7.11000000e+02 3.80557916e-01 1.00000000e+01]
[2.92000000e+02 3.98000000e+02 3.80584376e-01 2.00000000e+00]
[1.57000000e+02 4.95000000e+02 3.80604471e-01 2.00000000e+00]
[7.6400000e+02 7.2400000e+02 3.8133842e-01 1.5000000e+01]
[6.05000000e+02 3.71000000e+02 3.82091911e-01 3.00000000e+00]
[7.66000000e+02 3.50000000e+02 3.82445574e-01 6.20000000e+01]
[313.         378.           0.38275915   2.        ]
[7.38000000e+02 5.01000000e+02 3.84667175e-01 5.00000000e+00]
[3.2000000e+01 7.1500000e+02 3.8558897e-01 3.0000000e+00]
[7.25000000e+02 7.34000000e+02 3.85987322e-01 6.00000000e+00]
[7.52000000e+02 7.13000000e+02 3.86740584e-01 5.00000000e+00]
[2.32000000e+02 5.86000000e+02 3.87291666e-01 3.00000000e+00]
[1.87000000e+02 5.00000000e+02 3.87470972e-01 2.00000000e+00]
[7.00000000e+00 5.28000000e+02 3.87925334e-01 2.00000000e+00]
[7.50000000e+02 2.78000000e+02 3.87969686e-01 4.00000000e+00]
[7.22000000e+02 4.17000000e+02 3.88161085e-01 4.00000000e+00]
[7.79000000e+02 7.53000000e+02 3.89487056e-01 6.40000000e+01]
[7.14000000e+02 1.49000000e+02 3.91113161e-01 3.00000000e+00]
[  0.         331.           0.39177853   2.        ]
[158.         325.           0.39249109   2.        ]
[2.35000000e+02 5.39000000e+02 3.93891038e-01 2.00000000e+00]
[6.09000000e+02 7.81000000e+02 3.94269474e-01 7.00000000e+00]
[7.90000000e+02 7.74000000e+02 3.95831102e-01 7.40000000e+01]
[161.         260.           0.39744915   2.        ]
[4.76000000e+02 5.15000000e+02 3.98355483e-01 2.00000000e+00]
[7.84000000e+02 7.50000000e+01 3.98622597e-01 6.00000000e+00]
[5.4900000e+02 6.6200000e+02 3.9950504e-01 4.0000000e+00]
[7.96000000e+02 7.77000000e+02 4.01082934e-01 8.90000000e+01]
[342.         368.           0.40113394   2.        ]
[7.82000000e+02 1.88000000e+02 4.04437272e-01 4.00000000e+00]
[7.55000000e+02 3.73000000e+02 4.04705101e-01 5.00000000e+00]
[7.40000000e+02 2.53000000e+02 4.04813321e-01 1.20000000e+01]
[7.72000000e+02 7.43000000e+02 4.06024417e-01 6.00000000e+00]
[7.85000000e+02 7.78000000e+02 4.06757023e-01 6.00000000e+00]
[6.83000000e+02 2.80000000e+02 4.07040329e-01 4.00000000e+00]
[2.15000000e+02 7.98000000e+02 4.07102939e-01 3.00000000e+00]
[7.69000000e+02 3.52000000e+02 4.07808698e-01 3.00000000e+00]
[7.6000000e+02 7.4700000e+02 4.0900726e-01 6.0000000e+00]
[5.88000000e+02 1.05000000e+02 4.09319899e-01 3.00000000e+00]
[137.         168.           0.40976125   2.        ]
[7.49000000e+02 3.54000000e+02 4.09897665e-01 3.00000000e+00]
[111.        267.          0.4101491   2.       ]
[7.83000000e+02 3.53000000e+02 4.10674545e-01 7.00000000e+00]
[7.71000000e+02 6.29000000e+02 4.11672764e-01 4.00000000e+00]
[1.75000000e+02 7.23000000e+02 4.11963252e-01 5.00000000e+00]
[3.70000000e+01 7.91000000e+02 4.12925064e-01 4.00000000e+00]
[344.        376.          0.4133387   2.       ]
[7.45000000e+02 8.02000000e+02 4.13404682e-01 6.00000000e+00]
[3.70000000e+02 4.59000000e+02 4.13500141e-01 2.00000000e+00]
[6.27000000e+02 4.12000000e+02 4.13871123e-01 3.00000000e+00]
[189.         349.           0.41436516   2.        ]
[5.10000000e+01 6.92000000e+02 4.15457669e-01 3.00000000e+00]
[8.24000000e+02 6.25000000e+02 4.18450801e-01 4.00000000e+00]
[7.95000000e+02 7.12000000e+02 4.18757291e-01 9.00000000e+00]
[2.73000000e+02 4.65000000e+02 4.19077288e-01 2.00000000e+00]
[3.60000000e+01 5.26000000e+02 4.19102345e-01 2.00000000e+00]
[8.04000000e+02 8.11000000e+02 4.19650748e-01 1.10000000e+01]
[7.99000000e+02 8.06000000e+02 4.20258367e-01 1.20000000e+01]
[2.86000000e+02 7.44000000e+02 4.20543403e-01 3.00000000e+00]
[5.90000000e+02 7.67000000e+02 4.20647263e-01 5.00000000e+00]
[7.88000000e+02 4.28000000e+02 4.20768787e-01 5.00000000e+00]
[1.1800000e+02 6.9600000e+02 4.2264419e-01 4.0000000e+00]
[5.92000000e+02 3.26000000e+02 4.23819337e-01 3.00000000e+00]
[7.32000000e+02 5.32000000e+02 4.24252615e-01 4.00000000e+00]
[26.         96.          0.42542145  2.        ]
[8.05000000e+02 1.67000000e+02 4.26390765e-01 1.30000000e+01]
[193.         279.           0.42693964   2.        ]
[7.92000000e+02 4.91000000e+02 4.27545213e-01 3.00000000e+00]
[7.8900000e+02 1.5900000e+02 4.2761285e-01 5.0000000e+00]
[8.01000000e+02 7.73000000e+02 4.30206027e-01 9.20000000e+01]
[8.16000000e+02 8.31000000e+02 4.30408244e-01 1.90000000e+01]
[2.2400000e+02 8.0700000e+02 4.3045853e-01 7.0000000e+00]
[7.57000000e+02 7.70000000e+02 4.30534498e-01 5.00000000e+00]
[7.62000000e+02 1.38000000e+02 4.31572902e-01 1.40000000e+01]
[7.51000000e+02 4.83000000e+02 4.31868582e-01 3.00000000e+00]
[7.87000000e+02 8.10000000e+02 4.32955964e-01 5.00000000e+00]
[8.44000000e+02 8.30000000e+02 4.33865671e-01 3.00000000e+01]
[8.46000000e+02 1.06000000e+02 4.34132887e-01 6.00000000e+00]
[7.59000000e+02 7.41000000e+02 4.35714838e-01 4.00000000e+00]
[8.20000000e+02 4.84000000e+02 4.35729472e-01 3.00000000e+00]
[8.1300000e+02 2.4300000e+02 4.3575964e-01 3.0000000e+00]
[7.63000000e+02 8.43000000e+02 4.36873769e-01 9.50000000e+01]
[7.35000000e+02 6.77000000e+02 4.37021299e-01 5.00000000e+00]
[7.54000000e+02 7.80000000e+02 4.38041878e-01 1.40000000e+01]
[8.50000000e+02 8.21000000e+02 4.38325455e-01 3.60000000e+01]
[1.00000000e+02 8.33000000e+02 4.38461436e-01 6.00000000e+00]
[8.14000000e+02 2.87000000e+02 4.38490417e-01 4.00000000e+00]
[4.30000000e+02 4.66000000e+02 4.38727719e-01 2.00000000e+00]
[6.21000000e+02 1.41000000e+02 4.39677847e-01 3.00000000e+00]
[ 28.         184.           0.44006489   2.        ]
[8.25000000e+02 5.10000000e+02 4.40073376e-01 4.00000000e+00]
[2.88000000e+02 4.78000000e+02 4.40453418e-01 2.00000000e+00]
[8.19000000e+02 7.65000000e+02 4.43189195e-01 9.00000000e+00]
[ 79.         330.           0.44398999   2.        ]
[257.         293.           0.44435137   2.        ]
[8.27000000e+02 4.82000000e+02 4.46133959e-01 1.00000000e+01]
[8.34000000e+02 7.75000000e+02 4.46411686e-01 7.00000000e+00]
[4.3200000e+02 5.3700000e+02 4.4912034e-01 2.0000000e+00]
[8.18000000e+02 6.58000000e+02 4.49951233e-01 7.00000000e+00]
[3.12000000e+02 8.61000000e+02 4.50180324e-01 3.00000000e+00]
[5.410000e+02 8.080000e+02 4.504655e-01 7.000000e+00]
[163.         440.           0.45080569   2.        ]
[8.38000000e+02 4.03000000e+02 4.52769212e-01 3.00000000e+00]
[ 53.        258.          0.4538355   2.       ]
[8.1500000e+02 2.9600000e+02 4.5512566e-01 3.0000000e+00]
[7.61000000e+02 3.37000000e+02 4.56043895e-01 3.00000000e+00]
[7.29000000e+02 1.46000000e+02 4.56722963e-01 8.00000000e+00]
[8.66000000e+02 8.26000000e+02 4.57597121e-01 1.30000000e+01]
[231.         234.           0.45809497   2.        ]
[8.63000000e+02 8.64000000e+02 4.58169602e-01 6.00000000e+00]
[8.90000000e+01 8.68000000e+02 4.60021668e-01 3.00000000e+00]
[8.4700000e+02 4.8000000e+01 4.6066234e-01 1.5000000e+01]
[7.93000000e+02 6.66000000e+02 4.61348053e-01 4.00000000e+00]
[7.0800000e+02 5.8500000e+02 4.6272401e-01 4.0000000e+00]
[6.01000000e+02 3.60000000e+02 4.62821109e-01 3.00000000e+00]
[1.02000000e+02 4.81000000e+02 4.63347175e-01 2.00000000e+00]
[8.41000000e+02 8.55000000e+02 4.64556353e-01 9.80000000e+01]
[8.80000000e+02 7.97000000e+02 4.65147726e-01 1.00000000e+01]
[8.42000000e+02 4.11000000e+02 4.66260226e-01 6.00000000e+00]
[8.69000000e+02 8.48000000e+02 4.68322185e-01 1.30000000e+01]
[8.58000000e+02 5.94000000e+02 4.68481635e-01 3.80000000e+01]
[8.81000000e+02 8.39000000e+02 4.68702596e-01 2.60000000e+01]
[8.03000000e+02 7.76000000e+02 4.69028359e-01 6.00000000e+00]
[8.94000000e+02 1.90000000e+02 4.69303916e-01 3.90000000e+01]
[8.54000000e+02 4.53000000e+02 4.69485238e-01 4.00000000e+00]
[3.90000000e+01 5.99000000e+02 4.69684408e-01 3.00000000e+00]
[8.28000000e+02 3.99000000e+02 4.70768455e-01 3.00000000e+00]
[8.7700000e+02 4.5600000e+02 4.7146531e-01 3.0000000e+00]
[6.36000000e+02 8.75000000e+02 4.71853881e-01 4.00000000e+00]
[8.76000000e+02 5.31000000e+02 4.71948296e-01 4.00000000e+00]
[5.6000000e+01 4.9900000e+02 4.7430152e-01 2.0000000e+00]
[8.62000000e+02 6.31000000e+02 4.75068872e-01 5.00000000e+00]
[8.70000000e+02 2.03000000e+02 4.76370636e-01 8.00000000e+00]
[4.30000000e+01 8.12000000e+02 4.78242644e-01 4.00000000e+00]
[8.95000000e+02 8.78000000e+02 4.78280863e-01 2.90000000e+01]
[1.16000000e+02 8.23000000e+02 4.78376195e-01 4.00000000e+00]
[8.5900000e+02 8.9300000e+02 4.7854515e-01 1.9000000e+01]
[3.92000000e+02 5.05000000e+02 4.78685921e-01 2.00000000e+00]
[8.97000000e+02 8.83000000e+02 4.78928676e-01 4.50000000e+01]
[1.10000000e+01 5.04000000e+02 4.79766462e-01 2.00000000e+00]
[8.45000000e+02 4.75000000e+02 4.80040239e-01 8.00000000e+00]
[8.29000000e+02 8.51000000e+02 4.84027071e-01 8.00000000e+00]
[8.90000000e+02 6.78000000e+02 4.85043591e-01 1.00000000e+02]
[9.03000000e+02 8.36000000e+02 4.85702262e-01 7.00000000e+00]
[9.1600000e+02 9.0700000e+02 4.8638423e-01 1.0400000e+02]
[6.50000000e+02 6.22000000e+02 4.86733354e-01 5.00000000e+00]
[9.12000000e+02 9.10000000e+02 4.87513581e-01 6.40000000e+01]
[8.56000000e+02 9.06000000e+02 4.88350208e-01 1.30000000e+01]
[8.9200000e+02 8.2200000e+02 4.8835499e-01 8.0000000e+00]
[8.09000000e+02 8.65000000e+02 4.88466655e-01 5.00000000e+00]
[6.9000000e+01 7.9400000e+02 4.8914247e-01 3.0000000e+00]
[8.37000000e+02 8.53000000e+02 4.89267352e-01 7.00000000e+00]
[8.86000000e+02 3.43000000e+02 4.90254413e-01 5.00000000e+00]
[8.32000000e+02 4.51000000e+02 4.90645637e-01 4.00000000e+00]
[8.87000000e+02 7.06000000e+02 4.91222621e-01 6.00000000e+00]
[8.35000000e+02 3.85000000e+02 4.91543456e-01 5.00000000e+00]
[8.96000000e+02 1.34000000e+02 4.92343229e-01 7.00000000e+00]
[179.        198.          0.4928105   2.       ]
[8.91000000e+02 8.00000000e+02 4.92878576e-01 1.40000000e+01]
[8.85000000e+02 8.60000000e+02 4.95030869e-01 1.90000000e+01]
[8.74000000e+02 8.57000000e+02 4.95270937e-01 2.10000000e+01]
[8.98000000e+02 5.84000000e+02 4.96097882e-01 6.00000000e+00]
[8.89000000e+02 8.73000000e+02 4.97133162e-01 5.00000000e+00]
[377.         431.           0.49771083   2.        ]
[8.1700000e+02 5.3400000e+02 4.9790212e-01 5.0000000e+00]
[9.32000000e+02 4.25000000e+02 4.98108698e-01 1.50000000e+01]
[5.95000000e+02 4.64000000e+02 4.98695845e-01 3.00000000e+00]
[145.         242.           0.49912272   2.        ]
[9.26000000e+02 9.23000000e+02 4.99129734e-01 1.00000000e+01]
[181.         401.           0.50026481   2.        ]
[9.18000000e+02 9.08000000e+02 5.00358002e-01 1.33000000e+02]
[223.         375.           0.50100024   2.        ]
[9.17000000e+02 9.00000000e+02 5.02227733e-01 1.00000000e+01]
[8.79000000e+02 9.05000000e+02 5.02750124e-01 8.00000000e+00]
[5.93000000e+02 9.14000000e+02 5.03281577e-01 1.00000000e+01]
[9.01000000e+02 2.82000000e+02 5.03514224e-01 4.00000000e+00]
[8.00000000e+00 9.11000000e+02 5.03756226e-01 3.00000000e+00]
[3.41000000e+02 5.36000000e+02 5.04660584e-01 2.00000000e+00]
[9.20000000e+02 9.36000000e+02 5.06236672e-01 6.90000000e+01]
[9.27000000e+02 6.15000000e+02 5.07293481e-01 6.00000000e+00]
[9.52000000e+02 8.72000000e+02 5.08526026e-01 7.60000000e+01]
[9.44000000e+02 9.28000000e+02 5.08937301e-01 1.39000000e+02]
[9.55000000e+02 8.67000000e+02 5.12476581e-01 1.41000000e+02]
[9.15000000e+02 5.60000000e+02 5.13347957e-01 1.00000000e+01]
[7.39000000e+02 2.84000000e+02 5.13417606e-01 5.00000000e+00]
[9.54000000e+02 9.45000000e+02 5.17166686e-01 7.80000000e+01]
[3.06000000e+02 9.38000000e+02 5.17602606e-01 6.00000000e+00]
[8.49000000e+02 9.59000000e+02 5.18526234e-01 8.30000000e+01]
[9.30000000e+02 2.54000000e+02 5.20663622e-01 8.00000000e+00]
[ 42.         126.           0.52260387   2.        ]
[8.84000000e+02 4.97000000e+02 5.22629405e-01 4.00000000e+00]
[9.5600000e+02 9.3500000e+02 5.2391645e-01 1.4700000e+02]
[4.16000000e+02 8.71000000e+02 5.24524457e-01 3.00000000e+00]
[9.21000000e+02 9.43000000e+02 5.24605043e-01 1.50000000e+01]
[9.48000000e+02 3.10000000e+01 5.24925992e-01 1.10000000e+01]
[6.49000000e+02 6.00000000e+01 5.25754115e-01 4.00000000e+00]
[9.65000000e+02 1.10000000e+02 5.28549774e-01 1.48000000e+02]
[9.0400000e+02 2.8100000e+02 5.2938244e-01 3.0000000e+00]
[9.46000000e+02 8.40000000e+01 5.30305675e-01 1.10000000e+01]
[9.29000000e+02 5.14000000e+02 5.31129359e-01 6.00000000e+00]
[9.70000000e+02 9.62000000e+02 5.31486169e-01 1.56000000e+02]
[9.19000000e+02 9.42000000e+02 5.31711385e-01 1.50000000e+01]
[9.74000000e+02 9.33000000e+02 5.32266322e-01 1.75000000e+02]
[9.390000e+02 4.980000e+02 5.340146e-01 1.600000e+01]
[351.         493.           0.53424393   2.        ]
[9.02000000e+02 9.68000000e+02 5.35683939e-01 1.50000000e+01]
[4.70000000e+01 9.40000000e+02 5.35806552e-01 4.00000000e+00]
[9.63000000e+02 9.25000000e+02 5.38606595e-01 9.00000000e+00]
[9.58000000e+02 2.68000000e+02 5.39249509e-01 6.00000000e+00]
[9.09000000e+02 5.81000000e+02 5.39835078e-01 6.00000000e+00]
[9.76000000e+02 9.24000000e+02 5.43229542e-01 1.78000000e+02]
[9.13000000e+02 1.50000000e+01 5.45782648e-01 3.00000000e+00]
[8.9900000e+02 9.6600000e+02 5.4589133e-01 6.0000000e+00]
[9.77000000e+02 9.53000000e+02 5.46296725e-01 2.20000000e+01]
[9.61000000e+02 9.67000000e+02 5.49134539e-01 9.80000000e+01]
[9.47000000e+02 9.64000000e+02 5.50793811e-01 1.20000000e+01]
[9.49000000e+02 9.22000000e+02 5.51375932e-01 1.20000000e+01]
[9.84000000e+02 9.34000000e+02 5.55000123e-01 1.99000000e+02]
[9.50000000e+02 9.72000000e+02 5.56413934e-01 1.40000000e+01]
[7.86000000e+02 8.52000000e+02 5.57493767e-01 6.00000000e+00]
[6.23000000e+02 5.98000000e+02 5.59146103e-01 4.00000000e+00]
[9.60000000e+02 3.79000000e+02 5.59367579e-01 7.00000000e+00]
[9.91000000e+02 9.88000000e+02 5.61150971e-01 2.97000000e+02]
[9.71000000e+02 1.33000000e+02 5.66254177e-01 4.00000000e+00]
[9.41000000e+02 9.95000000e+02 5.66424036e-01 9.00000000e+00]
[9.87000000e+02 9.89000000e+02 5.72241957e-01 3.40000000e+01]
[107.         316.           0.57355423   2.        ]
[9.99000000e+02 9.57000000e+02 5.77754524e-01 4.40000000e+01]
[9.69000000e+02 3.04000000e+02 5.78453701e-01 5.00000000e+00]
[9.75000000e+02 4.74000000e+02 5.79775092e-01 1.60000000e+01]
[9.81000000e+02 4.88000000e+02 5.79852411e-01 1.00000000e+01]
[9.96000000e+02 4.20000000e+02 5.79937716e-01 2.98000000e+02]
[9.93000000e+02 9.37000000e+02 5.80022926e-01 8.00000000e+00]
[9.7900000e+02 9.8600000e+02 5.8347619e-01 2.1000000e+01]
[1.00300000e+03 9.31000000e+02 5.86405913e-01 1.80000000e+01]
[9.92000000e+02 1.00100000e+03 5.86621758e-01 5.80000000e+01]
[1.0050000e+03 9.9400000e+02 5.8778193e-01 3.0200000e+02]
[9.78000000e+02 4.07000000e+02 5.90647631e-01 3.00000000e+00]
[6.3900000e+02 9.8000000e+02 5.9389211e-01 6.0000000e+00]
[310.         455.           0.59820962   2.        ]
[8.82000000e+02 4.47000000e+02 5.98898192e-01 3.00000000e+00]
[1.00700000e+03 1.00800000e+03 5.99221768e-01 3.90000000e+01]
[1.01000000e+03 1.00900000e+03 6.01324432e-01 3.60000000e+02]
[1.14000000e+02 8.40000000e+02 6.03509481e-01 3.00000000e+00]
[9.98000000e+02 1.01400000e+03 6.07449383e-01 1.20000000e+01]
[9.97000000e+02 3.64000000e+02 6.07753781e-01 5.00000000e+00]
[1.01500000e+03 8.88000000e+02 6.13493909e-01 4.20000000e+01]
[177.         477.           0.61374865   2.        ]
[4.5000000e+01 7.6800000e+02 6.1673894e-01 3.0000000e+00]
[9.90000000e+02 7.70000000e+01 6.17593772e-01 1.30000000e+01]
[1.0160000e+03 4.7000000e+02 6.2022699e-01 3.6100000e+02]
[1.02400000e+03 9.73000000e+02 6.24415521e-01 3.67000000e+02]
[1.02000000e+03 9.83000000e+02 6.28598584e-01 4.80000000e+01]
[1.0110000e+03 3.8800000e+02 6.3123832e-01 4.0000000e+00]
[1.02300000e+03 1.00600000e+03 6.33273465e-01 2.10000000e+01]
[120.        166.          0.6379531   2.       ]
[419.         502.           0.63901101   2.        ]
[1.02600000e+03 1.00200000e+03 6.39841303e-01 5.30000000e+01]
[1.02500000e+03 1.02800000e+03 6.42950924e-01 3.88000000e+02]
[1.03100000e+03 1.02700000e+03 6.45018194e-01 5.70000000e+01]
[5.50000000e+01 1.00000000e+03 6.45587538e-01 3.00000000e+00]
[1.01700000e+03 1.91000000e+02 6.48217165e-01 4.00000000e+00]
[1.03300000e+03 1.01200000e+03 6.49976495e-01 6.30000000e+01]
[1.00400000e+03 1.71000000e+02 6.52506648e-01 1.10000000e+01]
[131.         434.           0.65532352   2.        ]
[1.01900000e+03 1.01800000e+03 6.56873166e-01 1.70000000e+01]
[9.82000000e+02 1.62000000e+02 6.62845563e-01 7.00000000e+00]
[1.03500000e+03 3.55000000e+02 6.74843689e-01 5.00000000e+00]
[1.03700000e+03 1.02100000e+03 6.75737133e-01 1.30000000e+01]
[1.03200000e+03 1.04000000e+03 6.85893906e-01 3.95000000e+02]
[1.04300000e+03 9.85000000e+02 6.92462276e-01 3.98000000e+02]
[1.03800000e+03 1.01300000e+03 6.93637804e-01 4.00000000e+00]
[1.04400000e+03 7.20000000e+02 6.95318653e-01 4.01000000e+02]
[1.04600000e+03 1.03900000e+03 6.98942021e-01 4.18000000e+02]
[2.00000000e+00 1.03600000e+03 7.06965024e-01 6.40000000e+01]
[1.02900000e+03 1.69000000e+02 7.08327325e-01 3.00000000e+00]
[1.04700000e+03 1.02200000e+03 7.12576932e-01 4.21000000e+02]
[1.0420000e+03 1.0300000e+03 7.1895775e-01 1.5000000e+01]
[1.04100000e+03 6.10000000e+02 7.20233258e-01 7.00000000e+00]
[1.05000000e+03 1.05100000e+03 7.26590769e-01 4.36000000e+02]
[1.05300000e+03 1.04500000e+03 7.35190702e-01 4.40000000e+02]
[1.0480000e+03 9.5100000e+02 7.3545904e-01 6.6000000e+01]
[212.         507.           0.73963846   2.        ]
[1.05400000e+03 1.03400000e+03 7.51234947e-01 4.43000000e+02]
[1.05700000e+03 5.06000000e+02 7.54345306e-01 4.44000000e+02]
[1.05800000e+03 1.05500000e+03 7.58281803e-01 5.10000000e+02]
[1.05200000e+03 4.41000000e+02 7.62141545e-01 8.00000000e+00]
[1.06000000e+03 1.04900000e+03 7.77334661e-01 1.10000000e+01]
[1.05900000e+03 1.06100000e+03 8.01701753e-01 5.21000000e+02]
[1.06200000e+03 1.05600000e+03 8.10342865e-01 5.23000000e+02]
[1.06300000e+03 3.19000000e+02 8.19605393e-01 5.24000000e+02]
[1.06400000e+03 1.30000000e+01 8.26431664e-01 5.25000000e+02]
[1.06500000e+03 4.58000000e+02 8.27335706e-01 5.26000000e+02]
[563.         147.           0.83631158   3.        ]
[1.06600000e+03 6.91000000e+02 8.37432573e-01 5.28000000e+02]
[1.06800000e+03 8.60000000e+01 8.45534498e-01 5.29000000e+02]
[1.06900000e+03 1.08000000e+02 8.46465409e-01 5.30000000e+02]
[1.07000000e+03 3.14000000e+02 8.88186931e-01 5.31000000e+02]
[1.07100000e+03 1.06700000e+03 9.43007389e-01 5.34000000e+02]
[1.07200000e+03 3.11000000e+02 9.45903627e-01 5.35000000e+02]
[1.07300000e+03 5.33000000e+02 9.88897377e-01 5.36000000e+02]
[1.07400000e+03 2.77000000e+02 1.00532227e+00 5.37000000e+02]
[1.0750000e+03 2.8900000e+02 1.0155072e+00 5.3800000e+02]
[1.07600000e+03 2.01000000e+02 1.03657639e+00 5.39000000e+02]
[1.07700000e+03 4.29000000e+02 1.04078606e+00 5.40000000e+02]
