[  1. 216.   0.   2.]
[540. 113.   0.   3.]
[ 50. 135.   0.   2.]
[542. 329.   0.   3.]
[64. 68.  0.  2.]
[544.  93.   0.   3.]
[545. 123.   0.   4.]
[546. 214.   0.   5.]
[547. 261.   0.   6.]
[ 72. 437.   0.   2.]
[74. 91.  0.  2.]
[550. 317.   0.   3.]
[ 78. 125.   0.   2.]
[552. 315.   0.   3.]
[ 90. 518.   0.   2.]
[103. 196.   0.   2.]
[205. 251.   0.   2.]
[300. 302.   0.   2.]
[359. 413.   0.   2.]
[2.20000000e+02 2.95000000e+02 1.49011612e-08 2.00000000e+00]
[2.70000000e+02 2.71000000e+02 1.49011612e-08 2.00000000e+00]
[5.60000000e+02 1.40000000e+02 1.69585822e-08 3.00000000e+00]
[2.40000000e+01 4.23000000e+02 2.10734243e-08 2.00000000e+00]
[9.50000000e+01 1.52000000e+02 2.10734243e-08 2.00000000e+00]
[5.63000000e+02 2.40000000e+02 2.10734243e-08 3.00000000e+00]
[5.64000000e+02 3.01000000e+02 2.10734243e-08 4.00000000e+00]
[5.65000000e+02 3.08000000e+02 2.10734243e-08 5.00000000e+00]
[5.66000000e+02 5.59000000e+02 2.10734243e-08 7.00000000e+00]
[3.07000000e+02 5.67000000e+02 2.10734243e-08 8.00000000e+00]
[5.61000000e+02 1.70000000e+02 2.50743268e-08 4.00000000e+00]
[8.10000000e+01 5.68000000e+02 2.61361579e-08 9.00000000e+00]
[6.00000000e+00 1.29000000e+02 2.98023224e-08 2.00000000e+00]
[1.36000000e+02 3.36000000e+02 2.98023224e-08 2.00000000e+00]
[5.57000000e+02 4.68000000e+02 3.23812286e-08 3.00000000e+00]
[1.78000000e+02 2.45000000e+02 3.33200094e-08 2.00000000e+00]
[6.10000000e+01 2.36000000e+02 3.65002415e-08 2.00000000e+00]
[4.00000000e+02 5.69000000e+02 4.94215606e-08 5.00000000e+00]
[5.51000000e+02 2.74000000e+02 5.96046448e-08 4.00000000e+00]
[3.80000000e+02 5.76000000e+02 1.01089768e-02 6.00000000e+00]
[5.43000000e+02 5.70000000e+02 9.41240233e-02 1.20000000e+01]
[4.36000000e+02 5.22000000e+02 9.80953684e-02 2.00000000e+00]
[1.2400000e+02 3.0500000e+02 1.0218939e-01 2.0000000e+00]
[1.70000000e+01 2.83000000e+02 1.06903111e-01 2.00000000e+00]
[3.48000000e+02 3.67000000e+02 1.08707885e-01 2.00000000e+00]
[2.18000000e+02 5.03000000e+02 1.09689735e-01 2.00000000e+00]
[3.03000000e+02 3.69000000e+02 1.12037024e-01 2.00000000e+00]
[4.9200000e+02 5.2300000e+02 1.1243809e-01 2.0000000e+00]
[2.6200000e+02 5.7800000e+02 1.1307147e-01 7.0000000e+00]
[5.79000000e+02 1.30000000e+02 1.16496702e-01 1.30000000e+01]
[4.90000000e+01 2.46000000e+02 1.17374234e-01 2.00000000e+00]
[65.         76.          0.11880498  2.        ]
[2.47000000e+02 2.49000000e+02 1.20010184e-01 2.00000000e+00]
[6.30000000e+01 4.26000000e+02 1.21497705e-01 2.00000000e+00]
[3.00000000e+01 2.09000000e+02 1.22036623e-01 2.00000000e+00]
[21.         40.          0.12305682  2.        ]
[3.39000000e+02 4.73000000e+02 1.24315851e-01 2.00000000e+00]
[1.65000000e+02 2.91000000e+02 1.26090956e-01 2.00000000e+00]
[5.77000000e+02 2.04000000e+02 1.30833491e-01 5.00000000e+00]
[3.96000000e+02 4.14000000e+02 1.33428741e-01 2.00000000e+00]
[3.46000000e+02 4.38000000e+02 1.34073472e-01 2.00000000e+00]
[41.         52.          0.13538276  2.        ]
[4.00000000e+00 5.87000000e+02 1.35424591e-01 8.00000000e+00]
[3.09000000e+02 3.94000000e+02 1.37506668e-01 2.00000000e+00]
[5.96000000e+02 1.80000000e+02 1.43392654e-01 3.00000000e+00]
[2.90000000e+02 5.30000000e+02 1.44171102e-01 2.00000000e+00]
[1.55000000e+02 2.72000000e+02 1.48294393e-01 2.00000000e+00]
[3.66000000e+02 5.17000000e+02 1.48814917e-01 2.00000000e+00]
[ 62.         112.           0.15177983   2.        ]
[4.18000000e+02 4.61000000e+02 1.52822334e-01 2.00000000e+00]
[1.85000000e+02 1.95000000e+02 1.55259193e-01 2.00000000e+00]
[1.43000000e+02 4.45000000e+02 1.55499242e-01 2.00000000e+00]
[2.13000e+02 3.86000e+02 1.56214e-01 2.00000e+00]
[1.40000000e+01 4.33000000e+02 1.56289304e-01 2.00000000e+00]
[1.60000000e+01 4.39000000e+02 1.56935311e-01 2.00000000e+00]
[2.97000000e+02 4.27000000e+02 1.58261313e-01 2.00000000e+00]
[6.03000000e+02 6.07000000e+02 1.59154188e-01 5.00000000e+00]
[3.81000000e+02 4.05000000e+02 1.59672579e-01 2.00000000e+00]
[5.97000000e+02 1.64000000e+02 1.59731726e-01 6.00000000e+00]
[3.56000000e+02 4.67000000e+02 1.60973448e-01 2.00000000e+00]
[6.01000000e+02 5.56000000e+02 1.62128173e-01 1.00000000e+01]
[8.00000000e+01 4.09000000e+02 1.66038538e-01 2.00000000e+00]
[1.44000000e+02 5.58000000e+02 1.67329639e-01 3.00000000e+00]
[3.20000000e+02 4.06000000e+02 1.67974792e-01 2.00000000e+00]
[1.09000000e+02 5.73000000e+02 1.69043829e-01 4.00000000e+00]
[6.19000000e+02 3.34000000e+02 1.71518308e-01 1.10000000e+01]
[4.15000000e+02 4.60000000e+02 1.73027553e-01 2.00000000e+00]
[5.88000000e+02 2.19000000e+02 1.74035487e-01 1.40000000e+01]
[2.48000000e+02 5.16000000e+02 1.76096955e-01 2.00000000e+00]
[6.24000000e+02 2.21000000e+02 1.76134642e-01 1.20000000e+01]
[2.07000000e+02 2.56000000e+02 1.77731059e-01 2.00000000e+00]
[6.26000000e+02 1.60000000e+02 1.78869726e-01 1.50000000e+01]
[4.02000000e+02 4.89000000e+02 1.79398178e-01 2.00000000e+00]
[6.15000000e+02 2.08000000e+02 1.80815069e-01 6.00000000e+00]
[3.97000000e+02 4.44000000e+02 1.82192757e-01 2.00000000e+00]
[6.30000000e+02 1.54000000e+02 1.82438601e-01 1.60000000e+01]
[2.76000000e+02 3.45000000e+02 1.84785589e-01 2.00000000e+00]
[1.83000000e+02 3.47000000e+02 1.86008353e-01 2.00000000e+00]
[6.17000000e+02 1.21000000e+02 1.88138953e-01 7.00000000e+00]
[ 27.         172.           0.18937542   2.        ]
[5.72000000e+02 1.76000000e+02 1.89653907e-01 3.00000000e+00]
[ 54.         150.           0.19117028   2.        ]
[2.9000000e+01 4.8600000e+02 1.9267775e-01 2.0000000e+00]
[9.00000000e+00 5.53000000e+02 1.94968465e-01 4.00000000e+00]
[ 19.         104.           0.19503188   2.        ]
[2.06000000e+02 3.22000000e+02 1.96929304e-01 2.00000000e+00]
[6.4000000e+02 1.4800000e+02 1.9961484e-01 3.0000000e+00]
[6.34000000e+02 2.39000000e+02 2.03645111e-01 1.70000000e+01]
[6.46000000e+02 3.50000000e+01 2.05434303e-01 1.80000000e+01]
[1.28000000e+02 6.32000000e+02 2.05447849e-01 7.00000000e+00]
[6.47000000e+02 6.28000000e+02 2.09628136e-01 3.00000000e+01]
[3.27000000e+02 5.38000000e+02 2.10102429e-01 2.00000000e+00]
[6.00000000e+02 3.82000000e+02 2.11044392e-01 3.00000000e+00]
[1.42000000e+02 5.19000000e+02 2.11099003e-01 2.00000000e+00]
[2.29000000e+02 6.49000000e+02 2.12814787e-01 3.10000000e+01]
[6.48000000e+02 3.33000000e+02 2.14946541e-01 8.00000000e+00]
[3.18000000e+02 5.09000000e+02 2.16031428e-01 2.00000000e+00]
[2.00000000e+01 6.29000000e+02 2.18618808e-01 3.00000000e+00]
[6.42000000e+02 1.56000000e+02 2.19566037e-01 5.00000000e+00]
[5.00000000e+00 2.75000000e+02 2.20140438e-01 2.00000000e+00]
[3.61000000e+02 5.27000000e+02 2.28147969e-01 2.00000000e+00]
[2.9800000e+02 6.5300000e+02 2.3279206e-01 3.2000000e+01]
[3.93000000e+02 5.11000000e+02 2.38977129e-01 2.00000000e+00]
[6.54000000e+02 1.15000000e+02 2.41462684e-01 9.00000000e+00]
[9.20000000e+01 2.69000000e+02 2.41706178e-01 2.00000000e+00]
[3.74000000e+02 3.83000000e+02 2.41961081e-01 2.00000000e+00]
[7.00000000e+01 6.60000000e+02 2.44036557e-01 3.30000000e+01]
[6.56000000e+02 2.65000000e+02 2.44466973e-01 4.00000000e+00]
[2.37000000e+02 4.90000000e+02 2.45297208e-01 2.00000000e+00]
[1.53000000e+02 6.37000000e+02 2.48202705e-01 8.00000000e+00]
[6.62000000e+02 2.33000000e+02 2.49041779e-01 1.00000000e+01]
[6.23000000e+02 6.65000000e+02 2.56763832e-01 3.70000000e+01]
[5.71000000e+02 6.43000000e+02 2.60255652e-01 4.00000000e+00]
[3.28000000e+02 4.80000000e+02 2.61792506e-01 2.00000000e+00]
[4.48000000e+02 6.16000000e+02 2.62248252e-01 3.00000000e+00]
[3.63000000e+02 5.21000000e+02 2.65388287e-01 2.00000000e+00]
[7.10000000e+01 4.62000000e+02 2.65582039e-01 2.00000000e+00]
[8.70000000e+01 6.68000000e+02 2.65942777e-01 9.00000000e+00]
[6.7100000e+02 6.3500000e+02 2.7313061e-01 6.0000000e+00]
[ 33.         122.           0.27495232   2.        ]
[6.6300000e+02 1.9200000e+02 2.7711885e-01 3.0000000e+00]
[6.66000000e+02 6.58000000e+02 2.78283782e-01 6.00000000e+00]
[1.82000000e+02 6.73000000e+02 2.79671266e-01 4.00000000e+00]
[6.39000000e+02 6.50000000e+02 2.82115633e-01 5.00000000e+00]
[4.54000000e+02 6.70000000e+02 2.83103042e-01 3.80000000e+01]
[6.810000e+02 6.050000e+02 2.904554e-01 6.000000e+00]
[6.57000000e+02 1.99000000e+02 2.90630942e-01 6.00000000e+00]
[5.48000000e+02 3.24000000e+02 2.90669648e-01 7.00000000e+00]
[8.20000000e+01 6.84000000e+02 2.92792641e-01 7.00000000e+00]
[8.50000000e+01 6.13000000e+02 2.93274785e-01 3.00000000e+00]
[6.8000000e+02 1.1900000e+02 2.9395487e-01 7.0000000e+00]
[3.65000000e+02 4.43000000e+02 2.94117807e-01 2.00000000e+00]
[2.11000000e+02 6.87000000e+02 2.94157751e-01 8.00000000e+00]
[4.08000000e+02 4.50000000e+02 2.95776352e-01 2.00000000e+00]
[3.40000000e+02 6.89000000e+02 3.00523149e-01 8.00000000e+00]
[2.10000000e+02 6.64000000e+02 3.02937433e-01 3.00000000e+00]
[3.00000000e+00 6.83000000e+02 3.03968554e-01 3.90000000e+01]
[6.44000000e+02 2.25000000e+02 3.05244834e-01 3.00000000e+00]
[6.76000000e+02 1.17000000e+02 3.05394137e-01 1.00000000e+01]
[ 73.         200.           0.30733956   2.        ]
[4.87000000e+02 6.93000000e+02 3.08726932e-01 9.00000000e+00]
[6.91000000e+02 6.36000000e+02 3.10670584e-01 1.00000000e+01]
[7.00000000e+02 6.72000000e+02 3.12477487e-01 1.20000000e+01]
[2.64000000e+02 6.95000000e+02 3.13209064e-01 4.00000000e+01]
[2.28000000e+02 3.57000000e+02 3.14724994e-01 2.00000000e+00]
[1.2700000e+02 7.0100000e+02 3.1531099e-01 1.3000000e+01]
[3.32000000e+02 4.69000000e+02 3.15617665e-01 2.00000000e+00]
[4.95000000e+02 6.99000000e+02 3.15708884e-01 1.00000000e+01]
[6.04000000e+02 5.29000000e+02 3.16907905e-01 3.00000000e+00]
[2.66000000e+02 7.02000000e+02 3.17923449e-01 4.10000000e+01]
[6.82000000e+02 6.88000000e+02 3.20876998e-01 8.00000000e+00]
[4.85000000e+02 5.83000000e+02 3.21539143e-01 3.00000000e+00]
[3.35000000e+02 7.07000000e+02 3.22656937e-01 4.00000000e+00]
[1.32000000e+02 7.09000000e+02 3.25610415e-01 9.00000000e+00]
[1.39000000e+02 6.69000000e+02 3.25628305e-01 1.10000000e+01]
[ 58.         238.           0.32796321   2.        ]
[4.60000000e+01 7.04000000e+02 3.28076965e-01 1.40000000e+01]
[6.77000000e+02 7.15000000e+02 3.29635245e-01 2.00000000e+01]
[ 97.         226.           0.33041251   2.        ]
[6.60000000e+01 5.55000000e+02 3.32013798e-01 3.00000000e+00]
[4.24000000e+02 7.10000000e+02 3.32865072e-01 4.00000000e+00]
[5.7500000e+02 1.5100000e+02 3.3389856e-01 3.0000000e+00]
[6.08000000e+02 5.80000000e+02 3.34430368e-01 4.00000000e+00]
[1.2000000e+01 3.9000000e+02 3.3736456e-01 2.0000000e+00]
[6.11000000e+02 4.71000000e+02 3.37668174e-01 3.00000000e+00]
[5.74000000e+02 2.55000000e+02 3.38131114e-01 3.00000000e+00]
[6.85000000e+02 4.35000000e+02 3.40252141e-01 7.00000000e+00]
[3.84000000e+02 4.79000000e+02 3.40475044e-01 2.00000000e+00]
[6.70000000e+01 7.16000000e+02 3.40856157e-01 2.10000000e+01]
[2.44000000e+02 7.24000000e+02 3.41030829e-01 4.00000000e+00]
[8.30000000e+01 5.90000000e+02 3.41152634e-01 3.00000000e+00]
[1.01000000e+02 5.25000000e+02 3.42972462e-01 2.00000000e+00]
[1.97000000e+02 5.82000000e+02 3.43633538e-01 3.00000000e+00]
[2.30000000e+02 6.55000000e+02 3.43722877e-01 3.00000000e+00]
[6.97000000e+02 1.74000000e+02 3.44045783e-01 1.10000000e+01]
[6.12000000e+02 2.20000000e+01 3.46047368e-01 3.00000000e+00]
[3.21000000e+02 7.29000000e+02 3.46136053e-01 4.00000000e+00]
[4.63000000e+02 7.08000000e+02 3.46315337e-01 4.20000000e+01]
[5.12000000e+02 5.13000000e+02 3.48763874e-01 2.00000000e+00]
[3.91000000e+02 7.19000000e+02 3.50822076e-01 5.00000000e+00]
[6.96000000e+02 7.27000000e+02 3.50918203e-01 2.40000000e+01]
[299.         222.           0.35110166   2.        ]
[7.30000000e+02 7.17000000e+02 3.53380025e-01 4.00000000e+00]
[6.4500000e+02 6.8600000e+02 3.5431281e-01 1.0000000e+01]
[4.72000000e+02 5.08000000e+02 3.54444924e-01 2.00000000e+00]
[5.70000000e+01 7.28000000e+02 3.54942583e-01 5.00000000e+00]
[4.2200000e+02 7.3100000e+02 3.5541093e-01 4.0000000e+00]
[9.80000000e+01 7.12000000e+02 3.55946268e-01 1.00000000e+01]
[ 18.        294.          0.3569217   2.       ]
[6.78000000e+02 3.62000000e+02 3.58738411e-01 3.00000000e+00]
[4.42000000e+02 7.11000000e+02 3.59081022e-01 5.00000000e+00]
[7.03000000e+02 7.45000000e+02 3.60718573e-01 6.00000000e+00]
[4.21000000e+02 7.41000000e+02 3.63063524e-01 5.00000000e+00]
[3.87000000e+02 3.49000000e+02 3.63336515e-01 2.00000000e+00]
[2.27000000e+02 7.52000000e+02 3.65681852e-01 3.00000000e+00]
[7.22000000e+02 7.50000000e+02 3.66277197e-01 8.00000000e+00]
[7.35000000e+02 3.89000000e+02 3.66529593e-01 5.00000000e+00]
[7.14000000e+02 2.63000000e+02 3.66873044e-01 3.00000000e+00]
[2.30000000e+01 7.46000000e+02 3.67430175e-01 1.10000000e+01]
[7.26000000e+02 7.23000000e+02 3.68511376e-01 5.00000000e+00]
[4.40000000e+01 4.52000000e+02 3.69158875e-01 2.00000000e+00]
[5.35000000e+02 7.51000000e+02 3.74309095e-01 6.00000000e+00]
[ 38.         186.           0.37474736   2.        ]
[7.40000000e+02 3.95000000e+02 3.77436598e-01 3.00000000e+00]
[1.94000000e+02 7.36000000e+02 3.77581221e-01 4.30000000e+01]
[2.50000000e+01 4.04000000e+02 3.77865521e-01 2.00000000e+00]
[4.9600000e+02 7.4900000e+02 3.7852198e-01 6.0000000e+00]
[8.80000000e+01 7.38000000e+02 3.78554893e-01 6.00000000e+00]
[4.46000000e+02 7.60000000e+02 3.79031639e-01 7.00000000e+00]
[4.49000000e+02 7.58000000e+02 3.79527252e-01 6.00000000e+00]
[1.73000000e+02 7.39000000e+02 3.80142228e-01 2.50000000e+01]
[3.98000000e+02 7.55000000e+02 3.80584376e-01 6.00000000e+00]
[3.40000000e+01 7.42000000e+02 3.80606447e-01 1.10000000e+01]
[7.33000000e+02 6.79000000e+02 3.80716371e-01 1.40000000e+01]
[3.50000000e+02 7.57000000e+02 3.81398646e-01 1.20000000e+01]
[6.06000000e+02 5.86000000e+02 3.82091911e-01 4.00000000e+00]
[3.78000000e+02 7.48000000e+02 3.82759152e-01 4.00000000e+00]
[7.72000000e+02 2.80000000e+02 3.85361776e-01 1.50000000e+01]
[5.90000000e+01 7.76000000e+02 3.85591371e-01 1.60000000e+01]
[9.40000000e+01 7.54000000e+02 3.86674556e-01 9.00000000e+00]
[1.87000000e+02 5.00000000e+02 3.87470972e-01 2.00000000e+00]
[5.28000000e+02 7.64000000e+02 3.87925334e-01 3.00000000e+00]
[2.52000000e+02 7.63000000e+02 3.88090996e-01 4.40000000e+01]
[4.17000000e+02 7.75000000e+02 3.88161085e-01 5.00000000e+00]
[4.94000000e+02 7.78000000e+02 3.88668735e-01 1.00000000e+01]
[3.23000000e+02 7.67000000e+02 3.89302511e-01 8.00000000e+00]
[2.32000000e+02 7.74000000e+02 3.90033548e-01 5.00000000e+00]
[5.1000000e+01 7.2100000e+02 3.9061593e-01 5.0000000e+00]
[3.31000000e+02 5.91000000e+02 3.91778535e-01 3.00000000e+00]
[1.58000000e+02 7.85000000e+02 3.92491085e-01 6.00000000e+00]
[7.68000000e+02 7.83000000e+02 3.93688197e-01 1.60000000e+01]
[2.35000000e+02 7.61000000e+02 3.93891038e-01 3.00000000e+00]
[7.0600000e+02 7.6900000e+02 3.9401616e-01 3.5000000e+01]
[0.0000000e+00 7.8700000e+02 3.9451104e-01 4.0000000e+00]
[1.61000000e+02 7.25000000e+02 3.97449148e-01 8.00000000e+00]
[6.09000000e+02 7.65000000e+02 3.98279813e-01 8.00000000e+00]
[4.76000000e+02 5.15000000e+02 3.98355483e-01 2.00000000e+00]
[5.4900000e+02 6.6100000e+02 3.9950504e-01 4.0000000e+00]
[7.44000000e+02 6.92000000e+02 3.99876078e-01 7.00000000e+00]
[3.20000000e+01 7.91000000e+02 4.00504945e-01 3.60000000e+01]
[7.80000000e+02 2.78000000e+02 4.00513107e-01 4.00000000e+00]
[7.13000000e+02 2.53000000e+02 4.00966072e-01 1.20000000e+01]
[342.         368.           0.40113394   2.        ]
[3.7000000e+01 6.9800000e+02 4.0211764e-01 3.0000000e+00]
[7.66000000e+02 7.37000000e+02 4.02652804e-01 8.00000000e+00]
[2.92000000e+02 7.70000000e+02 4.03395048e-01 7.00000000e+00]
[5.20000000e+02 7.86000000e+02 4.05960487e-01 6.00000000e+00]
[3.7300000e+02 7.8900000e+02 4.0638432e-01 1.7000000e+01]
[7.53000000e+02 7.73000000e+02 4.06387572e-01 1.50000000e+01]
[8.03000000e+02 4.10000000e+02 4.06395526e-01 9.00000000e+00]
[2.15000000e+02 8.06000000e+02 4.07102939e-01 1.80000000e+01]
[7.97000000e+02 7.50000000e+01 4.07135704e-01 8.00000000e+00]
[2.5900000e+02 8.0700000e+02 4.0739475e-01 1.6000000e+01]
[1.05000000e+02 6.25000000e+02 4.09319899e-01 3.00000000e+00]
[8.00000000e+02 2.02000000e+02 4.09704627e-01 1.30000000e+01]
[137.         168.           0.40976125   2.        ]
[7.47000000e+02 1.38000000e+02 4.09897665e-01 3.00000000e+00]
[1.11000000e+02 8.14000000e+02 4.10149101e-01 3.00000000e+00]
[8.10000000e+02 3.72000000e+02 4.11172907e-01 9.00000000e+00]
[3.76000000e+02 7.32000000e+02 4.13338695e-01 4.00000000e+00]
[4.59000000e+02 7.20000000e+02 4.13500141e-01 4.00000000e+00]
[6.27000000e+02 4.12000000e+02 4.13871123e-01 3.00000000e+00]
[4.65000000e+02 5.92000000e+02 4.19077288e-01 3.00000000e+00]
[5.26000000e+02 8.08000000e+02 4.19102345e-01 1.00000000e+01]
[4.57000000e+02 8.17000000e+02 4.19132038e-01 1.00000000e+01]
[2.50000000e+02 7.71000000e+02 4.20492876e-01 1.20000000e+01]
[2.86000000e+02 7.43000000e+02 4.20543403e-01 3.00000000e+00]
[8.02000000e+02 7.90000000e+02 4.20844554e-01 6.00000000e+00]
[3.5800000e+02 5.8500000e+02 4.2145659e-01 3.0000000e+00]
[3.71000000e+02 7.88000000e+02 4.21472033e-01 7.00000000e+00]
[6.18000000e+02 7.94000000e+02 4.22559444e-01 1.00000000e+01]
[1.1800000e+02 6.9400000e+02 4.2264419e-01 4.0000000e+00]
[7.77000000e+02 3.13000000e+02 4.23328204e-01 1.70000000e+01]
[8.13000000e+02 8.16000000e+02 4.23774919e-01 1.60000000e+01]
[5.39000000e+02 8.26000000e+02 4.24310566e-01 7.00000000e+00]
[7.92000000e+02 5.24000000e+02 4.24373429e-01 5.00000000e+00]
[96.         28.          0.42542145  2.        ]
[7.99000000e+02 4.28000000e+02 4.26560674e-01 5.00000000e+00]
[8.15000000e+02 5.89000000e+02 4.26735417e-01 5.00000000e+00]
[193.         279.           0.42693964   2.        ]
[3.53000000e+02 8.09000000e+02 4.27647893e-01 1.90000000e+01]
[8.29000000e+02 5.01000000e+02 4.28303205e-01 1.10000000e+01]
[2.73000000e+02 8.12000000e+02 4.29327409e-01 4.00000000e+00]
[2.41000000e+02 7.98000000e+02 4.29905301e-01 3.70000000e+01]
[8.19000000e+02 7.82000000e+02 4.30305513e-01 9.00000000e+00]
[1.59000000e+02 8.43000000e+02 4.30680004e-01 1.00000000e+01]
[3.44000000e+02 8.22000000e+02 4.34779598e-01 1.10000000e+01]
[7.56000000e+02 1.06000000e+02 4.34984269e-01 4.00000000e+00]
[2.17000000e+02 7.62000000e+02 4.35664819e-01 4.00000000e+00]
[1.75000000e+02 6.59000000e+02 4.35862646e-01 3.00000000e+00]
[7.34000000e+02 6.74000000e+02 4.37021299e-01 5.00000000e+00]
[7.8400000e+02 6.3100000e+02 4.3704969e-01 1.0000000e+01]
[4.66000000e+02 7.79000000e+02 4.38727719e-01 3.00000000e+00]
[3.38000000e+02 8.11000000e+02 4.38821746e-01 1.70000000e+01]
[6.20000000e+02 6.33000000e+02 4.39677847e-01 4.00000000e+00]
[4.78000000e+02 8.28000000e+02 4.40453418e-01 8.00000000e+00]
[7.93000000e+02 3.37000000e+02 4.41105347e-01 9.00000000e+00]
[1.41000000e+02 8.55000000e+02 4.41957419e-01 1.00000000e+01]
[149.        267.          0.4419619   2.       ]
[293.         257.           0.44249806   2.        ]
[2.60000000e+01 8.35000000e+02 4.43435824e-01 3.00000000e+00]
[7.90000000e+01 8.24000000e+02 4.43989985e-01 1.30000000e+01]
[8.27000000e+02 8.34000000e+02 4.44364875e-01 8.00000000e+00]
[7.00000000e+00 8.36000000e+02 4.45681164e-01 6.00000000e+00]
[8.32000000e+02 8.42000000e+02 4.46007105e-01 5.30000000e+01]
[5.32000000e+02 8.18000000e+02 4.47096281e-01 5.00000000e+00]
[4.3200000e+02 7.9600000e+02 4.4912034e-01 5.0000000e+00]
[4.40000000e+02 8.54000000e+02 4.50805686e-01 9.00000000e+00]
[8.23000000e+02 8.59000000e+02 4.50823813e-01 1.30000000e+01]
[3.12000000e+02 8.05000000e+02 4.51071933e-01 7.00000000e+00]
[4.84000000e+02 8.45000000e+02 4.51764825e-01 1.20000000e+01]
[8.41000000e+02 8.67000000e+02 4.52307378e-01 1.70000000e+01]
[8.63000000e+02 1.88000000e+02 4.52744559e-01 5.40000000e+01]
[5.30000000e+01 8.33000000e+02 4.53835504e-01 8.00000000e+00]
[4.30000000e+02 8.01000000e+02 4.54453702e-01 3.00000000e+00]
[4.82000000e+02 8.40000000e+02 4.54860415e-01 1.20000000e+01]
[5.3700000e+02 8.5300000e+02 4.5532604e-01 5.0000000e+00]
[3.52000000e+02 8.62000000e+02 4.56768468e-01 7.00000000e+00]
[1.89000000e+02 8.71000000e+02 4.58089795e-01 5.50000000e+01]
[231.         234.           0.45809497   2.        ]
[8.90000000e+01 8.39000000e+02 4.59109847e-01 2.00000000e+01]
[1.00000000e+02 8.74000000e+02 4.59423699e-01 1.30000000e+01]
[8.52000000e+02 4.83000000e+02 4.59790056e-01 1.80000000e+01]
[8.37000000e+02 2.87000000e+02 4.60182054e-01 6.00000000e+00]
[1.46000000e+02 8.56000000e+02 4.61059493e-01 1.10000000e+01]
[6.38000000e+02 8.66000000e+02 4.61957461e-01 1.10000000e+01]
[6.52000000e+02 6.21000000e+02 4.62258168e-01 5.00000000e+00]
[3.60000000e+02 8.50000000e+02 4.62821109e-01 1.10000000e+01]
[2.0300000e+02 8.0400000e+02 4.6320432e-01 8.0000000e+00]
[4.81000000e+02 8.73000000e+02 4.63347175e-01 4.00000000e+00]
[1.02000000e+02 8.68000000e+02 4.64909869e-01 8.00000000e+00]
[2.85000000e+02 8.70000000e+02 4.66652273e-01 1.80000000e+01]
[8.61000000e+02 8.90000000e+02 4.69385217e-01 2.60000000e+01]
[8.84000000e+02 1.63000000e+02 4.69485168e-01 1.20000000e+01]
[5.99000000e+02 5.94000000e+02 4.69684408e-01 4.00000000e+00]
[2.96000000e+02 8.87000000e+02 4.70034578e-01 9.00000000e+00]
[8.79000000e+02 8.58000000e+02 4.70213182e-01 2.20000000e+01]
[10.         48.          0.47030876  2.        ]
[8.57000000e+02 8.94000000e+02 4.70853694e-01 1.10000000e+01]
[2.23000000e+02 8.89000000e+02 4.71046847e-01 9.00000000e+00]
[3.43000000e+02 8.95000000e+02 4.71140432e-01 2.30000000e+01]
[7.95000000e+02 8.99000000e+02 4.71386986e-01 2.50000000e+01]
[3.26000000e+02 9.00000000e+02 4.73799801e-01 2.60000000e+01]
[8.60000000e+02 8.77000000e+02 4.73904112e-01 6.80000000e+01]
[4.9900000e+02 8.8800000e+02 4.7430152e-01 5.0000000e+00]
[2.24000000e+02 8.75000000e+02 4.74505581e-01 6.00000000e+00]
[1.57000000e+02 9.02000000e+02 4.74940803e-01 6.90000000e+01]
[260.         403.           0.47647366   2.        ]
[4.53000000e+02 6.22000000e+02 4.77550085e-01 3.00000000e+00]
[1.16000000e+02 8.83000000e+02 4.78376195e-01 1.20000000e+01]
[5.05000000e+02 7.81000000e+02 4.78685921e-01 4.50000000e+01]
[1.10000000e+01 9.08000000e+02 4.79766462e-01 1.30000000e+01]
[6.67000000e+02 9.01000000e+02 4.80626719e-01 2.80000000e+01]
[4.51000000e+02 8.25000000e+02 4.81206815e-01 4.00000000e+00]
[3.25000000e+02 9.11000000e+02 4.82201014e-01 2.90000000e+01]
[8.51000000e+02 9.03000000e+02 4.82482092e-01 8.00000000e+00]
[5.1000000e+02 8.7600000e+02 4.8415797e-01 8.0000000e+00]
[2.88000000e+02 8.86000000e+02 4.84692489e-01 1.20000000e+01]
[3.60000000e+01 8.46000000e+02 4.84755568e-01 5.00000000e+00]
[6.7500000e+02 8.9700000e+02 4.8881521e-01 1.3000000e+01]
[2.58000000e+02 9.18000000e+02 4.89643105e-01 1.40000000e+01]
[9.06000000e+02 8.21000000e+02 4.89819497e-01 5.00000000e+00]
[8.44000000e+02 9.19000000e+02 4.90038409e-01 2.40000000e+01]
[9.15000000e+02 8.98000000e+02 4.90117329e-01 1.70000000e+01]
[8.82000000e+02 4.30000000e+01 4.91233548e-01 7.00000000e+00]
[8.30000000e+02 3.85000000e+02 4.91543456e-01 5.00000000e+00]
[179.        198.          0.4928105   2.       ]
[9.90000000e+01 8.91000000e+02 4.93591004e-01 2.70000000e+01]
[1.84000000e+02 9.22000000e+02 4.94768458e-01 1.80000000e+01]
[8.31000000e+02 8.49000000e+02 4.94949318e-01 2.20000000e+01]
[4.31000000e+02 9.14000000e+02 4.97710828e-01 9.00000000e+00]
[4.91000000e+02 8.81000000e+02 4.97953597e-01 1.90000000e+01]
[3.92000000e+02 9.09000000e+02 4.98056982e-01 4.60000000e+01]
[5.95000000e+02 6.41000000e+02 4.98695845e-01 4.00000000e+00]
[3.99000000e+02 9.20000000e+02 4.99115025e-01 6.00000000e+00]
[1.45000000e+02 8.47000000e+02 4.99122718e-01 5.00000000e+00]
[8.72000000e+02 9.21000000e+02 4.99512525e-01 3.20000000e+01]
[8.64000000e+02 8.69000000e+02 4.99564266e-01 1.70000000e+01]
[1.81000000e+02 8.80000000e+02 5.00264806e-01 1.40000000e+01]
[3.06000000e+02 5.34000000e+02 5.01114447e-01 2.00000000e+00]
[8.48000000e+02 9.27000000e+02 5.03261214e-01 2.10000000e+01]
[ 84.         190.           0.50376708   2.        ]
[9.05000000e+02 9.26000000e+02 5.03941754e-01 9.60000000e+01]
[9.23000000e+02 3.54000000e+02 5.04335339e-01 8.00000000e+00]
[3.41000000e+02 5.36000000e+02 5.04660584e-01 2.00000000e+00]
[2.82000000e+02 9.35000000e+02 5.06311998e-01 3.30000000e+01]
[9.12000000e+02 9.33000000e+02 5.06420156e-01 1.00000000e+01]
[4.01000000e+02 9.44000000e+02 5.06473926e-01 3.40000000e+01]
[5.41000000e+02 9.28000000e+02 5.09276037e-01 2.50000000e+01]
[9.30000000e+02 9.41000000e+02 5.14648298e-01 1.15000000e+02]
[167.         243.           0.51491149   2.        ]
[5.31000000e+02 9.45000000e+02 5.15254325e-01 1.10000000e+01]
[5.54000000e+02 9.36000000e+02 5.17322614e-01 1.90000000e+01]
[9.04000000e+02 8.92000000e+02 5.17554525e-01 1.80000000e+01]
[5.81000000e+02 9.52000000e+02 5.18154597e-01 2.00000000e+01]
[3.90000000e+01 8.65000000e+02 5.18298883e-01 6.00000000e+00]
[9.42000000e+02 8.00000000e+00 5.20542297e-01 9.00000000e+00]
[9.47000000e+02 9.48000000e+02 5.20908006e-01 1.40000000e+02]
[9.29000000e+02 9.46000000e+02 5.21646242e-01 4.30000000e+01]
[ 42.         126.           0.52260387   2.        ]
[9.39000000e+02 9.37000000e+02 5.23985895e-01 3.50000000e+01]
[9.55000000e+02 5.14000000e+02 5.25380764e-01 1.00000000e+01]
[6.00000000e+01 9.10000000e+02 5.25754115e-01 1.40000000e+01]
[9.13000000e+02 9.16000000e+02 5.32441727e-01 4.10000000e+01]
[6.1400000e+02 9.3100000e+02 5.3245157e-01 4.8000000e+01]
[2.81000000e+02 9.62000000e+02 5.32959173e-01 4.20000000e+01]
[3.75000000e+02 9.59000000e+02 5.33660826e-01 3.60000000e+01]
[4.93000000e+02 9.53000000e+02 5.34243931e-01 2.10000000e+01]
[3.10000000e+01 9.66000000e+02 5.34419235e-01 2.20000000e+01]
[9.50000000e+02 9.40000000e+02 5.35505155e-01 1.30000000e+01]
[8.85000000e+02 4.16000000e+02 5.37377801e-01 6.00000000e+00]
[4.64000000e+02 9.67000000e+02 5.37488129e-01 2.30000000e+01]
[1.34000000e+02 9.56000000e+02 5.38166485e-01 1.41000000e+02]
[4.25000000e+02 9.61000000e+02 5.38980418e-01 1.50000000e+01]
[9.17000000e+02 9.51000000e+02 5.39643473e-01 2.40000000e+01]
[9.07000000e+02 9.65000000e+02 5.41139442e-01 3.90000000e+01]
[8.96000000e+02 9.71000000e+02 5.41363542e-01 1.43000000e+02]
[8.93000000e+02 9.68000000e+02 5.43998759e-01 1.70000000e+01]
[9.64000000e+02 7.59000000e+02 5.47355812e-01 4.40000000e+01]
[2.84000000e+02 9.75000000e+02 5.48041303e-01 1.44000000e+02]
[5.60000000e+01 9.77000000e+02 5.48773467e-01 4.50000000e+01]
[5.84000000e+02 9.74000000e+02 5.50380326e-01 4.10000000e+01]
[9.69000000e+02 9.25000000e+02 5.50523635e-01 8.00000000e+00]
[9.38000000e+02 9.79000000e+02 5.54500567e-01 4.70000000e+01]
[9.60000000e+02 2.54000000e+02 5.54638951e-01 1.10000000e+01]
[9.34000000e+02 9.57000000e+02 5.55421052e-01 4.80000000e+01]
[1.50000000e+01 9.24000000e+02 5.55521903e-01 6.00000000e+00]
[6.90000000e+01 9.83000000e+02 5.56783836e-01 1.20000000e+01]
[5.93000000e+02 9.70000000e+02 5.58784251e-01 2.50000000e+01]
[4.9800000e+02 9.5800000e+02 5.5898053e-01 3.0000000e+00]
[9.32000000e+02 9.87000000e+02 5.62227195e-01 2.90000000e+01]
[1.10000000e+02 9.49000000e+02 5.64031052e-01 3.00000000e+00]
[4.20000000e+02 9.80000000e+02 5.66751683e-01 4.20000000e+01]
[9.81000000e+02 5.07000000e+02 5.70823398e-01 9.00000000e+00]
[9.78000000e+02 7.05000000e+02 5.71807364e-01 1.46000000e+02]
[1.33000000e+02 8.20000000e+02 5.72271324e-01 4.00000000e+00]
[9.930000e+02 9.860000e+02 5.728824e-01 1.580000e+02]
[4.11000000e+02 9.90000000e+02 5.73102062e-01 4.00000000e+00]
[107.         316.           0.57355423   2.        ]
[9.76000000e+02 9.63000000e+02 5.73821994e-01 6.50000000e+01]
[9.7200000e+02 9.7300000e+02 5.7536164e-01 3.9000000e+01]
[3.79000000e+02 9.82000000e+02 5.76413774e-01 4.80000000e+01]
[2.68000000e+02 9.95000000e+02 5.79464122e-01 1.59000000e+02]
[3.04000000e+02 9.99000000e+02 5.79768894e-01 4.00000000e+01]
[319.         456.           0.58211764   2.        ]
[4.75000000e+02 9.92000000e+02 5.82993341e-01 1.00000000e+01]
[9.8900000e+02 5.9800000e+02 5.8878954e-01 3.1000000e+01]
[4.97000000e+02 9.88000000e+02 5.89623384e-01 4.00000000e+00]
[4.70000000e+01 1.00500000e+03 5.91658565e-01 3.20000000e+01]
[9.84000000e+02 4.47000000e+02 5.93181455e-01 4.90000000e+01]
[2.42000000e+02 1.00000000e+03 5.96605528e-01 4.90000000e+01]
[6.51000000e+02 1.00200000e+03 5.97387741e-01 4.30000000e+01]
[3.51000000e+02 9.54000000e+02 5.97714888e-01 7.00000000e+00]
[1.0060000e+03 8.7800000e+02 5.9773578e-01 6.0000000e+00]
[3.10000000e+02 9.98000000e+02 5.98209621e-01 6.60000000e+01]
[4.74000000e+02 1.00700000e+03 5.98413032e-01 3.30000000e+01]
[1.00800000e+03 1.00900000e+03 5.98958062e-01 9.80000000e+01]
[1.14000000e+02 8.38000000e+02 6.03509481e-01 3.00000000e+00]
[9.91000000e+02 1.01100000e+03 6.04138611e-01 4.90000000e+01]
[1.01700000e+03 9.96000000e+02 6.09991779e-01 5.30000000e+01]
[3.30000000e+02 1.01800000e+03 6.10121876e-01 5.40000000e+01]
[504.        177.          0.6127664   2.       ]
[1.01400000e+03 1.00400000e+03 6.20374151e-01 4.30000000e+01]
[1.01500000e+03 3.77000000e+02 6.23073531e-01 9.90000000e+01]
[1.310000e+02 1.013000e+03 6.237766e-01 6.700000e+01]
[6.0200000e+02 1.0210000e+03 6.2399921e-01 4.5000000e+01]
[171.        488.          0.6284946   2.       ]
[2.00000000e+00 1.02400000e+03 6.34352688e-01 4.60000000e+01]
[120.        166.          0.6379531   2.       ]
[9.94000000e+02 1.02600000e+03 6.38528789e-01 5.00000000e+01]
[4.19000000e+02 1.00100000e+03 6.39011008e-01 1.60000000e+02]
[4.70000000e+02 1.02900000e+03 6.43486645e-01 1.61000000e+02]
[5.50000000e+01 1.02300000e+03 6.45587538e-01 6.80000000e+01]
[1.01600000e+03 1.01000000e+03 6.48217165e-01 4.60000000e+01]
[3.88000000e+02 1.03100000e+03 6.54725654e-01 6.90000000e+01]
[3.7000000e+02 1.0220000e+03 6.6246269e-01 1.0000000e+02]
[4.7700000e+02 1.0280000e+03 6.7168667e-01 5.1000000e+01]
[7.70000000e+01 1.00300000e+03 6.72581548e-01 3.00000000e+00]
[4.34000000e+02 1.03300000e+03 6.75155275e-01 7.00000000e+01]
[4.07000000e+02 1.03700000e+03 6.75713256e-01 7.10000000e+01]
[3.55000000e+02 1.03200000e+03 6.78939451e-01 4.70000000e+01]
[3.64000000e+02 1.03500000e+03 6.80501455e-01 5.20000000e+01]
[1.01900000e+03 1.03000000e+03 6.82204332e-01 2.15000000e+02]
[502.         506.           0.69340421   2.        ]
[1.02500000e+03 1.04100000e+03 6.93764915e-01 2.17000000e+02]
[1.01200000e+03 1.04300000e+03 7.01551783e-01 2.23000000e+02]
[9.85000000e+02 1.04400000e+03 7.08220198e-01 2.29000000e+02]
[1.69000000e+02 1.04000000e+03 7.08327325e-01 5.30000000e+01]
[1.03900000e+03 1.03800000e+03 7.10222009e-01 1.18000000e+02]
[1.04500000e+03 1.02000000e+03 7.11827544e-01 2.31000000e+02]
[1.03600000e+03 1.03400000e+03 7.26854438e-01 1.03000000e+02]
[6.10000000e+02 1.04700000e+03 7.36375816e-01 1.20000000e+02]
[6.90000000e+02 1.05000000e+03 7.46947908e-01 1.22000000e+02]
[9.97000000e+02 4.55000000e+02 7.48831484e-01 3.00000000e+00]
[1.91000000e+02 1.05100000e+03 7.54829526e-01 1.23000000e+02]
[1.04800000e+03 7.18000000e+02 7.60331714e-01 2.34000000e+02]
[1.0270000e+03 1.0460000e+03 7.6245559e-01 5.5000000e+01]
[4.50000000e+01 9.43000000e+02 7.63413806e-01 3.00000000e+00]
[4.41000000e+02 1.05400000e+03 7.70683259e-01 2.35000000e+02]
[1.3000000e+01 1.0530000e+03 7.8839968e-01 1.2400000e+02]
[1.05500000e+03 1.05700000e+03 8.11926719e-01 2.90000000e+02]
[1.05600000e+03 1.05800000e+03 8.23824675e-01 1.27000000e+02]
[4.5800000e+02 1.0590000e+03 8.2553782e-01 2.9100000e+02]
[1.05200000e+03 1.06100000e+03 8.26612634e-01 2.94000000e+02]
[1.04200000e+03 1.06200000e+03 8.26863256e-01 2.96000000e+02]
[562.         147.           0.83631158   3.        ]
[1.06300000e+03 1.06000000e+03 8.58557627e-01 4.23000000e+02]
[1.08000000e+02 1.06500000e+03 8.69644791e-01 4.24000000e+02]
[1.04900000e+03 2.12000000e+02 8.79277424e-01 1.04000000e+02]
[1.06600000e+03 1.62000000e+02 8.95989945e-01 4.25000000e+02]
[1.06800000e+03 1.06700000e+03 9.06267444e-01 5.29000000e+02]
[1.06900000e+03 3.14000000e+02 9.26495465e-01 5.30000000e+02]
[8.60000000e+01 1.07000000e+03 9.40666865e-01 5.31000000e+02]
[3.11000000e+02 1.07100000e+03 9.58782007e-01 5.32000000e+02]
[1.07200000e+03 1.06400000e+03 9.92971717e-01 5.35000000e+02]
[1.07300000e+03 2.77000000e+02 9.93655183e-01 5.36000000e+02]
[1.07400000e+03 5.33000000e+02 9.93790281e-01 5.37000000e+02]
[1.07500000e+03 4.29000000e+02 1.05996715e+00 5.38000000e+02]
[ 201.         1076.            1.07762386  539.        ]
[1077.          289.            1.15333077  540.        ]
