[  1. 216.   0.   2.]
[540. 113.   0.   3.]
[ 50. 135.   0.   2.]
[542. 329.   0.   3.]
[64. 68.  0.  2.]
[544.  93.   0.   3.]
[545. 123.   0.   4.]
[546. 214.   0.   5.]
[547. 261.   0.   6.]
[ 72. 437.   0.   2.]
[74. 91.  0.  2.]
[550. 317.   0.   3.]
[ 78. 125.   0.   2.]
[552. 315.   0.   3.]
[ 90. 518.   0.   2.]
[103. 196.   0.   2.]
[205. 251.   0.   2.]
[300. 302.   0.   2.]
[359. 413.   0.   2.]
[2.20000000e+02 2.95000000e+02 1.49011612e-08 2.00000000e+00]
[2.70000000e+02 2.71000000e+02 1.49011612e-08 2.00000000e+00]
[5.60000000e+02 1.40000000e+02 1.69585822e-08 3.00000000e+00]
[2.40000000e+01 4.23000000e+02 2.10734243e-08 2.00000000e+00]
[9.50000000e+01 1.52000000e+02 2.10734243e-08 2.00000000e+00]
[5.63000000e+02 2.40000000e+02 2.10734243e-08 3.00000000e+00]
[5.64000000e+02 3.01000000e+02 2.10734243e-08 4.00000000e+00]
[5.65000000e+02 3.08000000e+02 2.10734243e-08 5.00000000e+00]
[5.66000000e+02 5.59000000e+02 2.10734243e-08 7.00000000e+00]
[3.07000000e+02 5.67000000e+02 2.10734243e-08 8.00000000e+00]
[5.61000000e+02 1.70000000e+02 2.50743268e-08 4.00000000e+00]
[5.68000000e+02 5.43000000e+02 2.61361579e-08 1.10000000e+01]
[6.00000000e+00 1.29000000e+02 2.98023224e-08 2.00000000e+00]
[1.36000000e+02 3.36000000e+02 2.98023224e-08 2.00000000e+00]
[5.57000000e+02 4.68000000e+02 3.23812286e-08 3.00000000e+00]
[1.78000000e+02 2.45000000e+02 3.33200094e-08 2.00000000e+00]
[6.10000000e+01 2.36000000e+02 3.65002415e-08 2.00000000e+00]
[4.00000000e+02 5.69000000e+02 4.94215606e-08 5.00000000e+00]
[5.51000000e+02 2.74000000e+02 5.96046448e-08 4.00000000e+00]
[5.76000000e+02 3.34000000e+02 1.01089768e-02 6.00000000e+00]
[5.70000000e+02 1.30000000e+02 2.44584054e-02 1.20000000e+01]
[5.78000000e+02 2.29000000e+02 2.96670012e-02 7.00000000e+00]
[5.7900000e+02 2.1900000e+02 3.3832908e-02 1.3000000e+01]
[8.10000000e+01 5.81000000e+02 4.14345554e-02 1.40000000e+01]
[5.8000000e+02 2.6200000e+02 4.5479237e-02 8.0000000e+00]
[3.80000000e+02 5.82000000e+02 5.76958618e-02 1.50000000e+01]
[4.36000000e+02 5.22000000e+02 9.80953684e-02 2.00000000e+00]
[1.2400000e+02 3.0500000e+02 1.0218939e-01 2.0000000e+00]
[1.70000000e+01 2.83000000e+02 1.06903111e-01 2.00000000e+00]
[3.48000000e+02 3.67000000e+02 1.08707885e-01 2.00000000e+00]
[2.18000000e+02 5.03000000e+02 1.09689735e-01 2.00000000e+00]
[3.03000000e+02 3.69000000e+02 1.12037024e-01 2.00000000e+00]
[4.9200000e+02 5.2300000e+02 1.1243809e-01 2.0000000e+00]
[4.90000000e+01 2.46000000e+02 1.17374234e-01 2.00000000e+00]
[65.         76.          0.11880498  2.        ]
[2.47000000e+02 2.49000000e+02 1.20010184e-01 2.00000000e+00]
[6.30000000e+01 4.26000000e+02 1.21497705e-01 2.00000000e+00]
[3.00000000e+01 2.09000000e+02 1.22036623e-01 2.00000000e+00]
[21.         40.          0.12305682  2.        ]
[3.39000000e+02 4.73000000e+02 1.24315851e-01 2.00000000e+00]
[1.65000000e+02 2.91000000e+02 1.26090956e-01 2.00000000e+00]
[5.84000000e+02 5.83000000e+02 1.29746155e-01 2.30000000e+01]
[5.77000000e+02 2.04000000e+02 1.30833491e-01 5.00000000e+00]
[3.96000000e+02 4.14000000e+02 1.33428741e-01 2.00000000e+00]
[3.46000000e+02 4.38000000e+02 1.34073472e-01 2.00000000e+00]
[5.20000000e+01 3.82000000e+02 1.35382764e-01 2.00000000e+00]
[4.00000000e+00 6.00000000e+02 1.35424591e-01 2.40000000e+01]
[3.09000000e+02 3.94000000e+02 1.37506668e-01 2.00000000e+00]
[5.99000000e+02 1.80000000e+02 1.43392654e-01 3.00000000e+00]
[2.90000000e+02 5.30000000e+02 1.44171102e-01 2.00000000e+00]
[1.55000000e+02 9.80000000e+01 1.48294393e-01 2.00000000e+00]
[3.66000000e+02 5.17000000e+02 1.48814917e-01 2.00000000e+00]
[6.2000000e+01 6.0700000e+02 1.5177983e-01 4.0000000e+00]
[4.18000000e+02 4.61000000e+02 1.52822334e-01 2.00000000e+00]
[1.85000000e+02 1.95000000e+02 1.55259193e-01 2.00000000e+00]
[1.43000000e+02 4.45000000e+02 1.55499242e-01 2.00000000e+00]
[2.13000e+02 3.86000e+02 1.56214e-01 2.00000e+00]
[1.40000000e+01 4.33000000e+02 1.56289304e-01 2.00000000e+00]
[1.60000000e+01 4.39000000e+02 1.56935311e-01 2.00000000e+00]
[4.10000000e+01 6.04000000e+02 1.58120575e-01 3.00000000e+00]
[2.97000000e+02 4.27000000e+02 1.58261313e-01 2.00000000e+00]
[3.81000000e+02 4.48000000e+02 1.59672579e-01 2.00000000e+00]
[6.01000000e+02 1.64000000e+02 1.59731726e-01 6.00000000e+00]
[3.56000000e+02 4.67000000e+02 1.60973448e-01 2.00000000e+00]
[8.00000000e+01 4.09000000e+02 1.66038538e-01 2.00000000e+00]
[1.44000000e+02 5.58000000e+02 1.67329639e-01 3.00000000e+00]
[3.20000000e+02 4.06000000e+02 1.67974792e-01 2.00000000e+00]
[5.73000000e+02 5.56000000e+02 1.69043829e-01 5.00000000e+00]
[4.15000000e+02 4.60000000e+02 1.73027553e-01 2.00000000e+00]
[6.05000000e+02 2.98000000e+02 1.74822416e-01 2.50000000e+01]
[2.48000000e+02 5.16000000e+02 1.76096955e-01 2.00000000e+00]
[6.28000000e+02 1.60000000e+02 1.77015526e-01 2.60000000e+01]
[2.07000000e+02 6.30000000e+02 1.77731059e-01 2.70000000e+01]
[4.02000000e+02 4.89000000e+02 1.79398178e-01 2.00000000e+00]
[3.97000000e+02 4.44000000e+02 1.82192757e-01 2.00000000e+00]
[3.45000000e+02 5.71000000e+02 1.84785589e-01 3.00000000e+00]
[1.83000000e+02 3.47000000e+02 1.86008353e-01 2.00000000e+00]
[6.11000000e+02 1.12000000e+02 1.86400257e-01 5.00000000e+00]
[6.21000000e+02 1.21000000e+02 1.88138953e-01 7.00000000e+00]
[ 27.         172.           0.18937542   2.        ]
[5.72000000e+02 1.76000000e+02 1.89653907e-01 3.00000000e+00]
[ 54.         150.           0.19117028   2.        ]
[2.9000000e+01 4.8600000e+02 1.9267775e-01 2.0000000e+00]
[9.00000000e+00 5.53000000e+02 1.94968465e-01 4.00000000e+00]
[1.90000000e+01 6.34000000e+02 1.95031883e-01 4.00000000e+00]
[1.09000000e+02 6.26000000e+02 1.96558407e-01 6.00000000e+00]
[2.06000000e+02 3.22000000e+02 1.96929304e-01 2.00000000e+00]
[2.08000000e+02 6.36000000e+02 1.98824606e-01 6.00000000e+00]
[6.4000000e+02 1.4800000e+02 1.9961484e-01 3.0000000e+00]
[1.28000000e+02 6.46000000e+02 2.05447849e-01 7.00000000e+00]
[6.0900000e+02 1.8200000e+02 2.0798408e-01 3.0000000e+00]
[3.27000000e+02 1.19000000e+02 2.10102429e-01 2.00000000e+00]
[1.42000000e+02 5.19000000e+02 2.11099003e-01 2.00000000e+00]
[6.48000000e+02 3.33000000e+02 2.14313308e-01 8.00000000e+00]
[3.18000000e+02 5.09000000e+02 2.16031428e-01 2.00000000e+00]
[6.3100000e+02 2.2100000e+02 2.1691071e-01 2.8000000e+01]
[6.20000000e+02 1.54000000e+02 2.16977823e-01 3.00000000e+00]
[2.00000000e+01 6.54000000e+02 2.18618808e-01 2.90000000e+01]
[6.42000000e+02 1.56000000e+02 2.19566037e-01 5.00000000e+00]
[2.75000000e+02 6.56000000e+02 2.20140438e-01 3.00000000e+01]
[6.49000000e+02 7.00000000e+01 2.20503232e-01 4.00000000e+00]
[3.61000000e+02 5.27000000e+02 2.28147969e-01 2.00000000e+00]
[6.55000000e+02 4.05000000e+02 2.35860212e-01 4.00000000e+00]
[5.11000000e+02 6.57000000e+02 2.38977129e-01 6.00000000e+00]
[9.20000000e+01 2.69000000e+02 2.41706178e-01 2.00000000e+00]
[3.74000000e+02 3.83000000e+02 2.41961081e-01 2.00000000e+00]
[2.37000000e+02 4.90000000e+02 2.45297208e-01 2.00000000e+00]
[6.52000000e+02 1.15000000e+02 2.46194614e-01 9.00000000e+00]
[1.53000000e+02 6.37000000e+02 2.48202705e-01 8.00000000e+00]
[6.5900000e+02 6.3500000e+02 2.4846036e-01 6.0000000e+00]
[6.43000000e+02 1.04000000e+02 2.48511399e-01 5.00000000e+00]
[6.66000000e+02 2.02000000e+02 2.53300516e-01 1.00000000e+01]
[2.39000000e+02 3.28000000e+02 2.55006989e-01 2.00000000e+00]
[4.80000000e+02 6.61000000e+02 2.57268828e-01 5.00000000e+00]
[2.64000000e+02 6.58000000e+02 2.58498975e-01 3.10000000e+01]
[5.38000000e+02 6.39000000e+02 2.59320981e-01 4.00000000e+00]
[3.63000000e+02 6.16000000e+02 2.65388287e-01 3.00000000e+00]
[7.10000000e+01 4.62000000e+02 2.65582039e-01 2.00000000e+00]
[8.70000000e+01 6.67000000e+02 2.65942777e-01 9.00000000e+00]
[3.80000000e+01 6.44000000e+02 2.67371702e-01 7.00000000e+00]
[6.70000000e+02 2.33000000e+02 2.67977839e-01 1.10000000e+01]
[6.73000000e+02 2.65000000e+02 2.70840377e-01 3.20000000e+01]
[1.22000000e+02 2.78000000e+02 2.74952321e-01 2.00000000e+00]
[6.71000000e+02 6.69000000e+02 2.75911304e-01 7.00000000e+00]
[6.6300000e+02 6.7700000e+02 2.7711885e-01 1.1000000e+01]
[6.68000000e+02 8.20000000e+01 2.83331022e-01 7.00000000e+00]
[3.50000000e+01 6.80000000e+02 2.86339408e-01 3.30000000e+01]
[6.84000000e+02 1.27000000e+02 2.88330337e-01 8.00000000e+00]
[6.72000000e+02 6.82000000e+02 2.89611852e-01 1.20000000e+01]
[5.48000000e+02 6.47000000e+02 2.90669648e-01 9.00000000e+00]
[8.50000000e+01 6.85000000e+02 2.93274785e-01 3.40000000e+01]
[3.65000000e+02 4.43000000e+02 2.94117807e-01 2.00000000e+00]
[6.7400000e+02 6.5000000e+02 2.9412863e-01 6.0000000e+00]
[6.87000000e+02 6.89000000e+02 2.95466955e-01 4.60000000e+01]
[4.08000000e+02 5.88000000e+02 2.95776352e-01 3.00000000e+00]
[6.86000000e+02 2.72000000e+02 2.98247251e-01 9.00000000e+00]
[2.76000000e+02 6.17000000e+02 3.00659455e-01 3.00000000e+00]
[2.10000000e+02 6.64000000e+02 3.02937433e-01 3.00000000e+00]
[6.45000000e+02 2.25000000e+02 3.05244834e-01 3.00000000e+00]
[6.9200000e+02 2.6600000e+02 3.0601343e-01 4.7000000e+01]
[3.40000000e+02 6.78000000e+02 3.06487111e-01 8.00000000e+00]
[6.98000000e+02 3.00000000e+00 3.06785521e-01 4.80000000e+01]
[4.54000000e+02 7.00000000e+02 3.07208905e-01 4.90000000e+01]
[7.30000000e+01 7.01000000e+02 3.07339559e-01 5.00000000e+01]
[5.0000000e+00 6.8800000e+02 3.1073138e-01 1.0000000e+01]
[6.70000000e+01 6.95000000e+02 3.13554875e-01 4.00000000e+00]
[2.11000000e+02 6.94000000e+02 3.14456756e-01 1.00000000e+01]
[2.28000000e+02 3.57000000e+02 3.14724994e-01 2.00000000e+00]
[4.69000000e+02 7.05000000e+02 3.15617665e-01 1.10000000e+01]
[6.81000000e+02 5.28000000e+02 3.16161772e-01 3.00000000e+00]
[6.08000000e+02 5.29000000e+02 3.16907905e-01 3.00000000e+00]
[2.56000000e+02 7.03000000e+02 3.19077203e-01 1.10000000e+01]
[4.85000000e+02 5.87000000e+02 3.21539143e-01 3.00000000e+00]
[6.91000000e+02 6.99000000e+02 3.21897853e-01 1.40000000e+01]
[3.35000000e+02 7.09000000e+02 3.22656937e-01 4.00000000e+00]
[1.32000000e+02 7.12000000e+02 3.25610415e-01 1.50000000e+01]
[1.39000000e+02 6.79000000e+02 3.25628305e-01 1.20000000e+01]
[6.75000000e+02 5.21000000e+02 3.26175087e-01 4.00000000e+00]
[ 58.         238.           0.32796321   2.        ]
[4.60000000e+01 5.93000000e+02 3.28076965e-01 3.00000000e+00]
[ 97.         226.           0.33041251   2.        ]
[6.60000000e+01 5.55000000e+02 3.32013798e-01 3.00000000e+00]
[5.7500000e+02 1.5100000e+02 3.3389856e-01 3.0000000e+00]
[6.12000000e+02 5.85000000e+02 3.34430368e-01 4.00000000e+00]
[4.87000000e+02 2.30000000e+01 3.35107169e-01 2.00000000e+00]
[6.62000000e+02 1.99000000e+02 3.35509186e-01 7.00000000e+00]
[1.2000000e+01 3.9000000e+02 3.3736456e-01 2.0000000e+00]
[6.15000000e+02 4.71000000e+02 3.37668174e-01 3.00000000e+00]
[5.74000000e+02 2.44000000e+02 3.38131114e-01 3.00000000e+00]
[6.83000000e+02 1.92000000e+02 3.38986055e-01 1.20000000e+01]
[3.84000000e+02 4.79000000e+02 3.40475044e-01 2.00000000e+00]
[8.30000000e+01 7.18000000e+02 3.41152634e-01 4.00000000e+00]
[1.01000000e+02 5.25000000e+02 3.42972462e-01 2.00000000e+00]
[1.97000000e+02 7.11000000e+02 3.43633538e-01 4.00000000e+00]
[2.30000000e+02 6.53000000e+02 3.43722877e-01 3.00000000e+00]
[7.08000000e+02 4.28000000e+02 3.44579285e-01 4.00000000e+00]
[7.04000000e+02 7.10000000e+02 3.45137321e-01 1.50000000e+01]
[7.28000000e+02 1.17000000e+02 3.45637155e-01 1.30000000e+01]
[7.23000000e+02 4.95000000e+02 3.45881504e-01 3.00000000e+00]
[6.9300000e+02 7.2700000e+02 3.4591746e-01 6.0000000e+00]
[3.89000000e+02 7.30000000e+02 3.46136053e-01 5.00000000e+00]
[4.63000000e+02 7.07000000e+02 3.46315337e-01 1.20000000e+01]
[3.91000000e+02 4.35000000e+02 3.48619201e-01 2.00000000e+00]
[7.02000000e+02 2.00000000e+02 3.48871063e-01 5.10000000e+01]
[6.97000000e+02 7.35000000e+02 3.50918203e-01 1.80000000e+01]
[299.         222.           0.35110166   2.        ]
[5.70000000e+01 7.26000000e+02 3.52954239e-01 4.00000000e+00]
[7.31000000e+02 7.19000000e+02 3.53380025e-01 4.00000000e+00]
[5.08000000e+02 7.24000000e+02 3.54444924e-01 8.00000000e+00]
[5.12000000e+02 6.13000000e+02 3.55249845e-01 3.00000000e+00]
[4.2200000e+02 7.3200000e+02 3.5541093e-01 5.0000000e+00]
[ 18.        294.          0.3569217   2.       ]
[3.21000000e+02 7.39000000e+02 3.57660256e-01 6.00000000e+00]
[3.62000000e+02 3.30000000e+01 3.58973055e-01 2.00000000e+00]
[4.42000000e+02 7.13000000e+02 3.59081022e-01 5.00000000e+00]
[7.06000000e+02 7.49000000e+02 3.60718573e-01 7.00000000e+00]
[7.14000000e+02 1.86000000e+02 3.60952245e-01 1.60000000e+01]
[7.37000000e+02 3.49000000e+02 3.61508572e-01 4.00000000e+00]
[4.21000000e+02 7.46000000e+02 3.63063524e-01 5.00000000e+00]
[2.59000000e+02 3.87000000e+02 3.63336515e-01 2.00000000e+00]
[2.87000000e+02 7.50000000e+02 3.64254691e-01 3.00000000e+00]
[3.50000000e+02 7.20000000e+02 3.65681852e-01 4.00000000e+00]
[7.25000000e+02 7.54000000e+02 3.66277197e-01 9.00000000e+00]
[7.17000000e+02 7.41000000e+02 3.66873044e-01 4.00000000e+00]
[7.29000000e+02 7.61000000e+02 3.68511376e-01 1.10000000e+01]
[4.40000000e+01 4.52000000e+02 3.69158875e-01 2.00000000e+00]
[4.50000000e+02 7.38000000e+02 3.72658853e-01 7.00000000e+00]
[5.35000000e+02 7.57000000e+02 3.74309095e-01 6.00000000e+00]
[7.42000000e+02 1.73000000e+02 3.74923369e-01 5.20000000e+01]
[4.57000000e+02 7.63000000e+02 3.75445399e-01 1.20000000e+01]
[1.74000000e+02 7.36000000e+02 3.76379285e-01 1.40000000e+01]
[7.56000000e+02 7.55000000e+02 3.76688516e-01 2.00000000e+01]
[7.44000000e+02 2.55000000e+02 3.77436598e-01 3.00000000e+00]
[1.94000000e+02 7.40000000e+02 3.77581221e-01 1.30000000e+01]
[2.50000000e+01 4.04000000e+02 3.77865521e-01 2.00000000e+00]
[8.80000000e+01 7.62000000e+02 3.78554893e-01 5.00000000e+00]
[4.46000000e+02 7.66000000e+02 3.79031639e-01 7.00000000e+00]
[4.49000000e+02 7.45000000e+02 3.79527252e-01 5.00000000e+00]
[3.98000000e+02 7.51000000e+02 3.80584376e-01 7.00000000e+00]
[3.40000000e+01 4.83000000e+02 3.80606447e-01 2.00000000e+00]
[6.10000000e+02 5.91000000e+02 3.82091911e-01 4.00000000e+00]
[3.78000000e+02 7.52000000e+02 3.82759152e-01 3.00000000e+00]
[7.530000e+02 1.680000e+02 3.830874e-01 6.000000e+00]
[5.90000000e+01 7.69000000e+02 3.85591371e-01 1.50000000e+01]
[9.40000000e+01 7.68000000e+02 3.86674556e-01 1.30000000e+01]
[1.87000000e+02 5.00000000e+02 3.87470972e-01 2.00000000e+00]
[4.96000000e+02 7.81000000e+02 3.87749869e-01 7.00000000e+00]
[3.20000000e+01 7.15000000e+02 3.88090996e-01 1.30000000e+01]
[4.17000000e+02 7.34000000e+02 3.88161085e-01 5.00000000e+00]
[4.94000000e+02 7.83000000e+02 3.88668735e-01 1.40000000e+01]
[3.23000000e+02 7.75000000e+02 3.89302511e-01 8.00000000e+00]
[3.93000000e+02 7.47000000e+02 3.89567065e-01 9.00000000e+00]
[2.32000000e+02 7.79000000e+02 3.90033548e-01 5.00000000e+00]
[5.1000000e+01 7.6500000e+02 3.9061593e-01 8.0000000e+00]
[7.48000000e+02 5.13000000e+02 3.91575742e-01 4.00000000e+00]
[3.31000000e+02 7.73000000e+02 3.91778535e-01 3.00000000e+00]
[1.58000000e+02 7.91000000e+02 3.92491085e-01 6.00000000e+00]
[3.70000000e+01 7.67000000e+02 3.93571596e-01 5.30000000e+01]
[5.39000000e+02 7.96000000e+02 3.93891038e-01 5.40000000e+01]
[0.0000000e+00 7.9400000e+02 3.9451104e-01 4.0000000e+00]
[3.73000000e+02 7.76000000e+02 3.95596162e-01 6.00000000e+00]
[7.77000000e+02 7.85000000e+02 3.96812171e-01 1.40000000e+01]
[7.74000000e+02 4.10000000e+02 3.97288847e-01 6.00000000e+00]
[1.61000000e+02 7.90000000e+02 3.97449148e-01 1.00000000e+01]
[5.15000000e+02 7.99000000e+02 3.98355483e-01 7.00000000e+00]
[4.76000000e+02 8.03000000e+02 3.99734915e-01 8.00000000e+00]
[342.         203.           0.40113394   2.        ]
[2.52000000e+02 7.86000000e+02 4.02019733e-01 1.40000000e+01]
[4.2400000e+02 8.0100000e+02 4.0218631e-01 7.0000000e+00]
[2.27000000e+02 7.58000000e+02 4.05165706e-01 3.00000000e+00]
[3.53000000e+02 5.20000000e+02 4.05960487e-01 2.00000000e+00]
[1.05000000e+02 6.27000000e+02 4.09319899e-01 3.00000000e+00]
[1.11000000e+02 7.70000000e+02 4.10149101e-01 2.10000000e+01]
[137.         243.           0.41037754   2.        ]
[7.59000000e+02 3.24000000e+02 4.10580627e-01 4.00000000e+00]
[2.6300000e+02 8.0700000e+02 4.1121227e-01 8.0000000e+00]
[1.75000000e+02 7.22000000e+02 4.11963252e-01 5.00000000e+00]
[1.00000000e+02 5.94000000e+02 4.12282848e-01 3.00000000e+00]
[7.82000000e+02 2.80000000e+02 4.12481935e-01 1.60000000e+01]
[3.76000000e+02 7.33000000e+02 4.13338695e-01 4.00000000e+00]
[4.59000000e+02 7.21000000e+02 4.13500141e-01 4.00000000e+00]
[8.04000000e+02 2.81000000e+02 4.13797098e-01 9.00000000e+00]
[6.29000000e+02 6.23000000e+02 4.13871123e-01 4.00000000e+00]
[7.97000000e+02 5.30000000e+01 4.14805308e-01 5.50000000e+01]
[2.92000000e+02 8.00000000e+02 4.15153422e-01 1.50000000e+01]
[7.78000000e+02 8.08000000e+02 4.15169929e-01 5.00000000e+00]
[2.35000000e+02 8.22000000e+02 4.16341283e-01 5.60000000e+01]
[8.17000000e+02 3.13000000e+02 4.16569827e-01 1.70000000e+01]
[7.71000000e+02 7.80000000e+02 4.17624105e-01 6.00000000e+00]
[3.72000000e+02 8.10000000e+02 4.17876812e-01 4.00000000e+00]
[7.50000000e+01 7.92000000e+02 4.17995888e-01 9.00000000e+00]
[4.65000000e+02 5.95000000e+02 4.19077288e-01 3.00000000e+00]
[3.60000000e+01 5.26000000e+02 4.19102345e-01 2.00000000e+00]
[2.50000000e+02 8.11000000e+02 4.20492876e-01 2.20000000e+01]
[1.00000000e+01 7.43000000e+02 4.20759327e-01 1.90000000e+01]
[3.5800000e+02 8.3200000e+02 4.2145659e-01 2.3000000e+01]
[3.71000000e+02 8.14000000e+02 4.21472033e-01 9.00000000e+00]
[5.01000000e+02 7.88000000e+02 4.22559444e-01 1.50000000e+01]
[1.1800000e+02 6.9600000e+02 4.2264419e-01 4.0000000e+00]
[2.15000000e+02 8.20000000e+02 4.22693094e-01 1.00000000e+01]
[96.         28.          0.42542145  2.        ]
[1.93000000e+02 8.39000000e+02 4.26939637e-01 3.00000000e+00]
[5.24000000e+02 8.36000000e+02 4.27754683e-01 1.60000000e+01]
[2.73000000e+02 8.06000000e+02 4.29327409e-01 1.50000000e+01]
[157.        241.          0.4299053   2.       ]
[8.19000000e+02 7.87000000e+02 4.30305513e-01 9.00000000e+00]
[1.89000000e+02 8.34000000e+02 4.30673579e-01 2.40000000e+01]
[7.95000000e+02 8.09000000e+02 4.30992134e-01 8.00000000e+00]
[4.72000000e+02 5.92000000e+02 4.31092044e-01 3.00000000e+00]
[1.59000000e+02 8.44000000e+02 4.31164477e-01 1.00000000e+01]
[8.16000000e+02 8.29000000e+02 4.32089634e-01 1.20000000e+01]
[4.84000000e+02 8.18000000e+02 4.34779598e-01 5.00000000e+00]
[8.27000000e+02 2.17000000e+02 4.34810334e-01 7.00000000e+00]
[1.38000000e+02 8.13000000e+02 4.36671801e-01 5.00000000e+00]
[7.8900000e+02 7.9300000e+02 4.3704969e-01 1.2000000e+01]
[1.49000000e+02 8.28000000e+02 4.37160029e-01 5.00000000e+00]
[4.66000000e+02 6.60000000e+02 4.38727719e-01 3.00000000e+00]
[8.02000000e+02 2.60000000e+02 4.40051738e-01 1.10000000e+01]
[2.88000000e+02 8.46000000e+02 4.40453418e-01 9.00000000e+00]
[8.5100000e+02 8.2300000e+02 4.4055315e-01 2.2000000e+01]
[3.44000000e+02 8.50000000e+02 4.41285472e-01 6.00000000e+00]
[1.41000000e+02 6.18000000e+02 4.41957419e-01 4.00000000e+00]
[293.         257.           0.44249806   2.        ]
[7.90000000e+01 8.25000000e+02 4.43989985e-01 5.70000000e+01]
[7.98000000e+02 8.45000000e+02 4.44315098e-01 2.80000000e+01]
[2.60000000e+01 8.30000000e+02 4.44957696e-01 4.00000000e+00]
[4.78000000e+02 8.57000000e+02 4.45058006e-01 1.00000000e+01]
[8.49000000e+02 8.15000000e+02 4.45635532e-01 1.70000000e+01]
[3.52000000e+02 8.66000000e+02 4.45681164e-01 1.80000000e+01]
[5.32000000e+02 5.54000000e+02 4.47096281e-01 3.00000000e+00]
[4.3200000e+02 5.4900000e+02 4.4912034e-01 3.0000000e+00]
[8.05000000e+02 4.82000000e+02 4.49472119e-01 3.00000000e+00]
[1.63000000e+02 6.38000000e+02 4.50805686e-01 3.00000000e+00]
[312.         430.           0.45107193   2.        ]
[8.70000000e+02 6.22000000e+02 4.54183159e-01 5.00000000e+00]
[5.3700000e+02 8.6500000e+02 4.5532604e-01 1.1000000e+01]
[8.33000000e+02 1.88000000e+02 4.55593445e-01 2.00000000e+01]
[3.37000000e+02 8.56000000e+02 4.56043895e-01 1.20000000e+01]
[8.55000000e+02 4.81000000e+02 4.57104332e-01 4.00000000e+00]
[8.54000000e+02 6.76000000e+02 4.57160537e-01 7.00000000e+00]
[5.90000000e+02 8.41000000e+02 4.57714674e-01 1.80000000e+01]
[2.31000000e+02 8.53000000e+02 4.58094973e-01 1.30000000e+01]
[8.90000000e+01 8.61000000e+02 4.59109847e-01 3.00000000e+00]
[1.16000000e+02 8.21000000e+02 4.61059493e-01 5.00000000e+00]
[7.00000000e+00 8.67000000e+02 4.61331819e-01 1.90000000e+01]
[2.53000000e+02 8.43000000e+02 4.61977598e-01 3.00000000e+00]
[6.51000000e+02 8.35000000e+02 4.62258168e-01 1.10000000e+01]
[3.60000000e+02 8.38000000e+02 4.62821109e-01 1.10000000e+01]
[5.86000000e+02 8.74000000e+02 4.63130517e-01 1.30000000e+01]
[8.75000000e+02 2.84000000e+02 4.63568898e-01 2.10000000e+01]
[8.1200000e+02 5.8900000e+02 4.6389923e-01 4.0000000e+00]
[1.02000000e+02 8.83000000e+02 4.64909869e-01 2.00000000e+01]
[8.71000000e+02 5.96000000e+02 4.65454219e-01 5.00000000e+00]
[2.85000000e+02 8.42000000e+02 4.66652273e-01 1.60000000e+01]
[4.80000000e+01 8.62000000e+02 4.67081915e-01 5.80000000e+01]
[8.24000000e+02 8.52000000e+02 4.67229332e-01 1.00000000e+01]
[1.06000000e+02 8.85000000e+02 4.67633592e-01 1.20000000e+01]
[7.16000000e+02 8.78000000e+02 4.68143933e-01 1.10000000e+01]
[8.6400000e+02 4.0300000e+02 4.6898016e-01 5.0000000e+00]
[6.03000000e+02 5.97000000e+02 4.69684408e-01 4.00000000e+00]
[8.73000000e+02 2.67000000e+02 4.70998133e-01 6.00000000e+00]
[2.23000000e+02 8.90000000e+02 4.71046847e-01 2.10000000e+01]
[8.77000000e+02 4.99000000e+02 4.72907997e-01 5.00000000e+00]
[6.65000000e+02 8.95000000e+02 4.73799801e-01 1.40000000e+01]
[2.20000000e+01 8.96000000e+02 4.74120544e-01 1.20000000e+01]
[2.24000000e+02 8.91000000e+02 4.74505581e-01 6.00000000e+00]
[3.68000000e+02 8.99000000e+02 4.75245663e-01 7.00000000e+00]
[8.79000000e+02 8.63000000e+02 4.76273971e-01 4.60000000e+01]
[4.53000000e+02 8.89000000e+02 4.77550085e-01 5.00000000e+00]
[3.92000000e+02 6.19000000e+02 4.78685921e-01 3.00000000e+00]
[1.46000000e+02 8.82000000e+02 4.79566611e-01 6.00000000e+00]
[1.10000000e+01 8.76000000e+02 4.79766462e-01 1.30000000e+01]
[8.970000e+02 3.990000e+02 4.803052e-01 6.000000e+00]
[2.86000000e+02 8.47000000e+02 4.81149259e-01 4.00000000e+00]
[4.51000000e+02 9.09000000e+02 4.81206815e-01 7.00000000e+00]
[3.7500000e+02 9.0000000e+02 4.8415797e-01 2.2000000e+01]
[8.72000000e+02 9.01000000e+02 4.85920795e-01 7.00000000e+00]
[2.96000000e+02 9.06000000e+02 4.86726161e-01 4.70000000e+01]
[2.54000000e+02 9.16000000e+02 4.88124086e-01 4.80000000e+01]
[1.9000000e+02 9.1100000e+02 4.8833972e-01 7.0000000e+00]
[7.60000000e+02 5.14000000e+02 4.88339786e-01 5.00000000e+00]
[2.58000000e+02 8.58000000e+02 4.89643105e-01 2.30000000e+01]
[8.48000000e+02 9.20000000e+02 4.90874127e-01 3.30000000e+01]
[8.37000000e+02 3.85000000e+02 4.91543456e-01 5.00000000e+00]
[7.64000000e+02 8.59000000e+02 4.92426028e-01 8.00000000e+00]
[1.98000000e+02 6.24000000e+02 4.92810496e-01 4.00000000e+00]
[9.02000000e+02 3.26000000e+02 4.93054558e-01 1.50000000e+01]
[9.90000000e+01 8.26000000e+02 4.93591004e-01 1.80000000e+01]
[3.30000000e+02 8.93000000e+02 4.96121542e-01 5.90000000e+01]
[9.05000000e+02 9.15000000e+02 4.96321819e-01 1.40000000e+01]
[4.31000000e+02 9.28000000e+02 4.97710828e-01 1.50000000e+01]
[1.10000000e+02 8.31000000e+02 4.97953597e-01 3.00000000e+00]
[5.98000000e+02 6.41000000e+02 4.98695845e-01 4.00000000e+00]
[1.45000000e+02 8.80000000e+02 4.99122718e-01 1.40000000e+01]
[4.01000000e+02 9.29000000e+02 5.00264806e-01 1.60000000e+01]
[9.1400000e+02 5.1000000e+02 5.0075191e-01 2.3000000e+01]
[5.34000000e+02 8.86000000e+02 5.01114447e-01 1.20000000e+01]
[8.81000000e+02 9.23000000e+02 5.02283442e-01 1.10000000e+01]
[8.68000000e+02 9.25000000e+02 5.03138827e-01 1.80000000e+01]
[9.18000000e+02 8.92000000e+02 5.03183573e-01 2.30000000e+01]
[1.67000000e+02 9.26000000e+02 5.03794238e-01 1.90000000e+01]
[5.36000000e+02 9.34000000e+02 5.04660584e-01 2.40000000e+01]
[8.00000000e+00 9.12000000e+02 5.05129222e-01 5.00000000e+00]
[8.94000000e+02 9.27000000e+02 5.06431348e-01 6.90000000e+01]
[5.31000000e+02 9.36000000e+02 5.06900005e-01 1.20000000e+01]
[9.10000000e+02 3.38000000e+02 5.10181916e-01 1.40000000e+01]
[3.43000000e+02 8.98000000e+02 5.11131957e-01 5.00000000e+00]
[1.81000000e+02 9.33000000e+02 5.13080637e-01 1.70000000e+01]
[3.25000000e+02 9.37000000e+02 5.13912081e-01 1.90000000e+01]
[9.04000000e+02 8.87000000e+02 5.14405553e-01 1.90000000e+01]
[8.60000000e+02 9.48000000e+02 5.15449507e-01 2.30000000e+01]
[4.91000000e+02 9.42000000e+02 5.15559009e-01 7.00000000e+01]
[4.11000000e+02 9.21000000e+02 5.15937093e-01 3.40000000e+01]
[9.07000000e+02 5.41000000e+02 5.17400266e-01 8.00000000e+00]
[6.32000000e+02 9.32000000e+02 5.18608703e-01 1.60000000e+01]
[8.40000000e+02 9.49000000e+02 5.20145174e-01 2.60000000e+01]
[9.51000000e+02 9.03000000e+02 5.20559887e-01 4.60000000e+01]
[ 42.         126.           0.52260387   2.        ]
[4.30000000e+01 9.50000000e+02 5.23167365e-01 7.10000000e+01]
[1.8400000e+02 9.3800000e+02 5.2810593e-01 2.4000000e+01]
[2.82000000e+02 9.55000000e+02 5.28162536e-01 4.70000000e+01]
[5.0500000e+02 9.1700000e+02 5.2837575e-01 4.9000000e+01]
[9.44000000e+02 6.00000000e+01 5.28573998e-01 1.50000000e+01]
[9.53000000e+02 9.35000000e+02 5.28749542e-01 2.80000000e+01]
[9.39000000e+02 9.52000000e+02 5.29837137e-01 2.70000000e+01]
[9.61000000e+02 4.25000000e+02 5.31340887e-01 1.60000000e+01]
[9.24000000e+02 9.47000000e+02 5.32865562e-01 2.30000000e+01]
[9.41000000e+02 9.57000000e+02 5.33681507e-01 7.60000000e+01]
[4.93000000e+02 9.54000000e+02 5.34243931e-01 2.70000000e+01]
[9.63000000e+02 8.84000000e+02 5.37115749e-01 3.00000000e+01]
[4.64000000e+02 9.31000000e+02 5.37488129e-01 5.00000000e+00]
[9.45000000e+02 9.43000000e+02 5.38431849e-01 1.70000000e+01]
[9.58000000e+02 9.60000000e+02 5.38755827e-01 7.30000000e+01]
[9.71000000e+02 9.66000000e+02 5.39561265e-01 1.49000000e+02]
[4.40000000e+02 9.67000000e+02 5.40891525e-01 2.80000000e+01]
[9.6900000e+02 3.1000000e+01 5.4848327e-01 6.0000000e+00]
[1.34000000e+02 9.68000000e+02 5.50698231e-01 3.10000000e+01]
[9.4600000e+02 9.5900000e+02 5.5122718e-01 6.4000000e+01]
[6.90000000e+01 9.75000000e+02 5.51336515e-01 3.20000000e+01]
[3.95000000e+02 7.84000000e+02 5.51415796e-01 3.00000000e+00]
[9.13000000e+02 9.70000000e+02 5.54777253e-01 2.40000000e+01]
[3.06000000e+02 9.62000000e+02 5.55370677e-01 2.90000000e+01]
[1.50000000e+01 9.64000000e+02 5.55521903e-01 1.70000000e+01]
[2.68000000e+02 9.77000000e+02 5.55742553e-01 3.30000000e+01]
[4.70000000e+01 9.73000000e+02 5.56213555e-01 2.90000000e+01]
[8.40000000e+01 6.02000000e+02 5.57392219e-01 3.00000000e+00]
[1.7700000e+02 6.3300000e+02 5.5898053e-01 3.0000000e+00]
[4.56000000e+02 9.78000000e+02 5.59696592e-01 4.00000000e+00]
[8.69000000e+02 3.04000000e+02 5.64030424e-01 4.00000000e+00]
[4.88000000e+02 9.87000000e+02 5.67004462e-01 5.00000000e+00]
[9.65000000e+02 4.75000000e+02 5.67373056e-01 2.40000000e+01]
[9.7200000e+02 9.0800000e+02 5.6786056e-01 1.5200000e+02]
[4.16000000e+02 9.83000000e+02 5.68000921e-01 3.00000000e+01]
[9.90000000e+02 7.72000000e+02 5.69450314e-01 1.65000000e+02]
[9.89000000e+02 4.77000000e+02 5.70718929e-01 2.50000000e+01]
[9.80000000e+02 3.79000000e+02 5.71137074e-01 3.00000000e+01]
[133.         364.           0.57246752   2.        ]
[4.97000000e+02 9.85000000e+02 5.73545622e-01 4.00000000e+00]
[1.07000000e+02 9.91000000e+02 5.73554226e-01 3.10000000e+01]
[9.92000000e+02 6.25000000e+02 5.74760265e-01 1.67000000e+02]
[4.9800000e+02 9.7900000e+02 5.7529945e-01 2.5000000e+01]
[9.9300000e+02 9.9500000e+02 5.7575546e-01 2.7000000e+01]
[9.30000000e+02 9.40000000e+02 5.75858524e-01 2.70000000e+01]
[1.00000000e+03 5.07000000e+02 5.81685589e-01 2.80000000e+01]
[1.0020000e+03 4.7400000e+02 5.8511546e-01 2.9000000e+01]
[2.42000000e+02 9.94000000e+02 5.85436865e-01 3.10000000e+01]
[1.00300000e+03 9.84000000e+02 5.87150794e-01 3.20000000e+01]
[4.20000000e+02 9.98000000e+02 5.87954923e-01 1.68000000e+02]
[3.88000000e+02 9.97000000e+02 5.88135481e-01 3.20000000e+01]
[8.88000000e+02 9.82000000e+02 5.89697318e-01 5.40000000e+01]
[1.005000e+03 9.740000e+02 5.948525e-01 3.800000e+01]
[9.86000000e+02 9.76000000e+02 5.95551385e-01 6.80000000e+01]
[4.07000000e+02 9.81000000e+02 5.97714888e-01 1.80000000e+01]
[3.10000000e+02 1.00100000e+03 5.98209621e-01 2.80000000e+01]
[3.5100000e+02 1.0110000e+03 5.9908833e-01 1.9000000e+01]
[4.12000000e+02 1.00700000e+03 5.99471189e-01 3.30000000e+01]
[1.14000000e+02 6.14000000e+02 6.07028396e-01 3.00000000e+00]
[1.01000000e+03 3.77000000e+02 6.07052467e-01 6.90000000e+01]
[9.99000000e+02 1.01200000e+03 6.07897696e-01 5.30000000e+01]
[3.32000000e+02 1.01600000e+03 6.07996437e-01 7.00000000e+01]
[9.96000000e+02 1.01700000e+03 6.10427513e-01 5.70000000e+01]
[1.00900000e+03 6.06000000e+02 6.11715696e-01 4.00000000e+01]
[3.54000000e+02 1.00600000e+03 6.12747279e-01 1.69000000e+02]
[1.31000000e+02 1.01900000e+03 6.12766401e-01 5.80000000e+01]
[9.88000000e+02 9.56000000e+02 6.14235524e-01 7.00000000e+00]
[1.02000000e+03 5.60000000e+01 6.17442392e-01 4.10000000e+01]
[1.02400000e+03 2.00000000e+00 6.18172962e-01 4.20000000e+01]
[9.19000000e+02 1.02100000e+03 6.20025223e-01 1.74000000e+02]
[1.02500000e+03 1.01400000e+03 6.21130376e-01 7.50000000e+01]
[1.01500000e+03 2.79000000e+02 6.27244998e-01 4.00000000e+00]
[3.90000000e+01 1.01300000e+03 6.27275747e-01 2.00000000e+01]
[1.02300000e+03 1.02200000e+03 6.29068521e-01 6.50000000e+01]
[1.00400000e+03 4.47000000e+02 6.35010245e-01 3.20000000e+01]
[1.03100000e+03 4.58000000e+02 6.35755432e-01 3.30000000e+01]
[1.20000000e+02 1.02700000e+03 6.37953103e-01 7.60000000e+01]
[4.19000000e+02 1.03200000e+03 6.39011008e-01 3.40000000e+01]
[1.01800000e+03 1.02600000e+03 6.45272336e-01 2.44000000e+02]
[7.7000000e+01 1.0350000e+03 6.6246269e-01 2.4500000e+02]
[2.34000000e+02 1.03000000e+03 6.62989932e-01 6.60000000e+01]
[4.70000000e+02 1.03600000e+03 6.67405511e-01 2.46000000e+02]
[1.71000000e+02 1.03700000e+03 6.70206139e-01 6.70000000e+01]
[1.69000000e+02 1.03300000e+03 6.70490545e-01 7.70000000e+01]
[ 45.         434.           0.67515527   2.        ]
[4.41000000e+02 1.04000000e+03 6.78939451e-01 7.80000000e+01]
[1.00800000e+03 1.03800000e+03 6.85816912e-01 3.00000000e+02]
[1.02800000e+03 1.91000000e+02 6.86906288e-01 5.00000000e+00]
[1.03900000e+03 1.03400000e+03 6.89665752e-01 1.01000000e+02]
[5.02000000e+02 1.04500000e+03 6.93404208e-01 1.02000000e+02]
[3.19000000e+02 1.04300000e+03 6.97479741e-01 3.01000000e+02]
[1.02900000e+03 9.22000000e+02 7.02234632e-01 2.50000000e+01]
[1.04800000e+03 1.04600000e+03 7.02248667e-01 1.27000000e+02]
[1.04700000e+03 1.04900000e+03 7.02249005e-01 4.28000000e+02]
[ 55.        690.          0.7119179   3.       ]
[1.79000000e+02 1.04200000e+03 7.14901007e-01 7.90000000e+01]
[1.04400000e+03 3.55000000e+02 7.27392107e-01 6.00000000e+00]
[1.05000000e+03 1.05100000e+03 7.33984458e-01 4.31000000e+02]
[1.05400000e+03 5.04000000e+02 7.35567185e-01 4.32000000e+02]
[1.05500000e+03 1.62000000e+02 7.35925514e-01 4.33000000e+02]
[1.0560000e+03 5.0600000e+02 7.3645154e-01 4.3400000e+02]
[1.05700000e+03 3.70000000e+02 7.36860028e-01 4.35000000e+02]
[1.05200000e+03 4.55000000e+02 7.51371899e-01 8.00000000e+01]
[1.05900000e+03 1.05300000e+03 7.56420786e-01 8.60000000e+01]
[1.06000000e+03 1.30000000e+01 7.66250691e-01 8.70000000e+01]
[1.06100000e+03 3.41000000e+02 7.67634485e-01 8.80000000e+01]
[1.47000000e+02 1.06200000e+03 7.68691121e-01 8.90000000e+01]
[3.16000000e+02 1.06300000e+03 7.88060608e-01 9.00000000e+01]
[1.06400000e+03 1.04100000e+03 8.61866401e-01 9.20000000e+01]
[1.06500000e+03 2.01000000e+02 8.62270598e-01 9.30000000e+01]
[1.05800000e+03 8.60000000e+01 8.63027528e-01 4.36000000e+02]
[1.06700000e+03 1.08000000e+02 8.63417609e-01 4.37000000e+02]
[1.06800000e+03 1.06600000e+03 8.63602308e-01 5.30000000e+02]
[1.0690000e+03 3.1400000e+02 8.7620199e-01 5.3100000e+02]
[1.07000000e+03 5.62000000e+02 8.76519145e-01 5.33000000e+02]
[1.07100000e+03 3.11000000e+02 8.77505963e-01 5.34000000e+02]
[2.12000000e+02 1.07200000e+03 8.77745976e-01 5.35000000e+02]
[1.66000000e+02 1.07300000e+03 9.02072257e-01 5.36000000e+02]
[1.0740000e+03 4.2900000e+02 9.9464822e-01 5.3700000e+02]
[277.         533.           1.06620307   2.        ]
[1075.          289.            1.08473601  538.        ]
[1077.        1076.           1.0943809  540.       ]
