[  1. 216.   0.   2.]
[540. 113.   0.   3.]
[ 50. 135.   0.   2.]
[542. 329.   0.   3.]
[64. 68.  0.  2.]
[544.  93.   0.   3.]
[545. 123.   0.   4.]
[546. 214.   0.   5.]
[547. 261.   0.   6.]
[ 72. 437.   0.   2.]
[74. 91.  0.  2.]
[550. 317.   0.   3.]
[ 78. 125.   0.   2.]
[552. 315.   0.   3.]
[ 90. 518.   0.   2.]
[103. 196.   0.   2.]
[205. 251.   0.   2.]
[300. 302.   0.   2.]
[359. 413.   0.   2.]
[2.20000000e+02 2.95000000e+02 1.49011612e-08 2.00000000e+00]
[2.70000000e+02 2.71000000e+02 1.49011612e-08 2.00000000e+00]
[5.60000000e+02 1.40000000e+02 1.69585822e-08 3.00000000e+00]
[2.40000000e+01 4.23000000e+02 2.10734243e-08 2.00000000e+00]
[9.50000000e+01 1.52000000e+02 2.10734243e-08 2.00000000e+00]
[5.63000000e+02 2.40000000e+02 2.10734243e-08 3.00000000e+00]
[5.64000000e+02 3.01000000e+02 2.10734243e-08 4.00000000e+00]
[5.65000000e+02 3.08000000e+02 2.10734243e-08 5.00000000e+00]
[5.66000000e+02 5.59000000e+02 2.10734243e-08 7.00000000e+00]
[3.07000000e+02 5.67000000e+02 2.10734243e-08 8.00000000e+00]
[5.61000000e+02 1.70000000e+02 2.50743268e-08 4.00000000e+00]
[8.10000000e+01 5.68000000e+02 2.61361579e-08 9.00000000e+00]
[6.00000000e+00 1.29000000e+02 2.98023224e-08 2.00000000e+00]
[1.36000000e+02 3.36000000e+02 2.98023224e-08 2.00000000e+00]
[5.57000000e+02 4.68000000e+02 3.23812286e-08 3.00000000e+00]
[1.78000000e+02 2.45000000e+02 3.33200094e-08 2.00000000e+00]
[6.10000000e+01 2.36000000e+02 3.65002415e-08 2.00000000e+00]
[3.80000000e+02 4.00000000e+02 4.94215606e-08 2.00000000e+00]
[5.51000000e+02 2.74000000e+02 5.96046448e-08 4.00000000e+00]
[5.69000000e+02 5.76000000e+02 2.27451312e-02 6.00000000e+00]
[5.43000000e+02 1.30000000e+02 9.41240233e-02 4.00000000e+00]
[4.36000000e+02 5.22000000e+02 9.80953684e-02 2.00000000e+00]
[1.2400000e+02 3.0500000e+02 1.0218939e-01 2.0000000e+00]
[1.70000000e+01 2.83000000e+02 1.06903111e-01 2.00000000e+00]
[3.48000000e+02 3.67000000e+02 1.08707885e-01 2.00000000e+00]
[2.18000000e+02 5.03000000e+02 1.09689735e-01 2.00000000e+00]
[3.03000000e+02 3.69000000e+02 1.12037024e-01 2.00000000e+00]
[4.9200000e+02 5.2300000e+02 1.1243809e-01 2.0000000e+00]
[4.0000000e+00 2.6200000e+02 1.1307147e-01 2.0000000e+00]
[4.90000000e+01 2.46000000e+02 1.17374234e-01 2.00000000e+00]
[65.         76.          0.11880498  2.        ]
[2.47000000e+02 2.49000000e+02 1.20010184e-01 2.00000000e+00]
[5.79000000e+02 5.70000000e+02 1.20576692e-01 1.30000000e+01]
[6.30000000e+01 4.26000000e+02 1.21497705e-01 2.00000000e+00]
[3.00000000e+01 2.09000000e+02 1.22036623e-01 2.00000000e+00]
[21.         40.          0.12305682  2.        ]
[3.39000000e+02 4.73000000e+02 1.24315851e-01 2.00000000e+00]
[1.65000000e+02 2.91000000e+02 1.26090956e-01 2.00000000e+00]
[5.77000000e+02 2.04000000e+02 1.30833491e-01 5.00000000e+00]
[3.96000000e+02 4.14000000e+02 1.33428741e-01 2.00000000e+00]
[3.46000000e+02 4.38000000e+02 1.34073472e-01 2.00000000e+00]
[41.         52.          0.13538276  2.        ]
[3.09000000e+02 3.94000000e+02 1.37506668e-01 2.00000000e+00]
[5.96000000e+02 1.80000000e+02 1.43392654e-01 3.00000000e+00]
[2.90000000e+02 5.30000000e+02 1.44171102e-01 2.00000000e+00]
[1.55000000e+02 2.72000000e+02 1.48294393e-01 2.00000000e+00]
[3.66000000e+02 5.17000000e+02 1.48814917e-01 2.00000000e+00]
[5.78000000e+02 5.87000000e+02 1.50316287e-01 8.00000000e+00]
[ 62.         112.           0.15177983   2.        ]
[4.18000000e+02 4.61000000e+02 1.52822334e-01 2.00000000e+00]
[1.85000000e+02 1.95000000e+02 1.55259193e-01 2.00000000e+00]
[1.43000000e+02 4.45000000e+02 1.55499242e-01 2.00000000e+00]
[2.13000e+02 3.86000e+02 1.56214e-01 2.00000e+00]
[1.40000000e+01 4.33000000e+02 1.56289304e-01 2.00000000e+00]
[1.60000000e+01 4.39000000e+02 1.56935311e-01 2.00000000e+00]
[2.97000000e+02 4.27000000e+02 1.58261313e-01 2.00000000e+00]
[6.02000000e+02 2.08000000e+02 1.59154188e-01 4.00000000e+00]
[3.81000000e+02 4.05000000e+02 1.59672579e-01 2.00000000e+00]
[5.97000000e+02 1.64000000e+02 1.59731726e-01 6.00000000e+00]
[3.56000000e+02 4.67000000e+02 1.60973448e-01 2.00000000e+00]
[6.06000000e+02 3.34000000e+02 1.62459956e-01 9.00000000e+00]
[8.00000000e+01 4.09000000e+02 1.66038538e-01 2.00000000e+00]
[1.44000000e+02 5.58000000e+02 1.67329639e-01 3.00000000e+00]
[3.20000000e+02 4.06000000e+02 1.67974792e-01 2.00000000e+00]
[1.09000000e+02 5.73000000e+02 1.69043829e-01 4.00000000e+00]
[4.15000000e+02 4.60000000e+02 1.73027553e-01 2.00000000e+00]
[5.91000000e+02 2.19000000e+02 1.74254323e-01 1.40000000e+01]
[2.48000000e+02 5.16000000e+02 1.76096955e-01 2.00000000e+00]
[6.19000000e+02 5.56000000e+02 1.76866054e-01 1.10000000e+01]
[2.07000000e+02 2.56000000e+02 1.77731059e-01 2.00000000e+00]
[4.02000000e+02 4.89000000e+02 1.79398178e-01 2.00000000e+00]
[6.25000000e+02 1.54000000e+02 1.79997793e-01 1.50000000e+01]
[3.97000000e+02 4.44000000e+02 1.82192757e-01 2.00000000e+00]
[2.76000000e+02 3.45000000e+02 1.84785589e-01 2.00000000e+00]
[1.83000000e+02 3.47000000e+02 1.86008353e-01 2.00000000e+00]
[6.15000000e+02 2.33000000e+02 1.86312083e-01 5.00000000e+00]
[6.17000000e+02 1.21000000e+02 1.88138953e-01 7.00000000e+00]
[2.29000000e+02 6.27000000e+02 1.88776203e-01 1.20000000e+01]
[ 27.         172.           0.18937542   2.        ]
[5.72000000e+02 1.76000000e+02 1.89653907e-01 3.00000000e+00]
[ 54.         150.           0.19117028   2.        ]
[2.9000000e+01 4.8600000e+02 1.9267775e-01 2.0000000e+00]
[  9.         156.           0.19496846   2.        ]
[ 19.         104.           0.19503188   2.        ]
[2.06000000e+02 3.22000000e+02 1.96929304e-01 2.00000000e+00]
[6.3900000e+02 1.4800000e+02 1.9961484e-01 3.0000000e+00]
[6.30000000e+02 1.60000000e+02 2.00288032e-01 1.60000000e+01]
[6.45000000e+02 4.48000000e+02 2.03519288e-01 1.70000000e+01]
[1.28000000e+02 3.33000000e+02 2.05447849e-01 2.00000000e+00]
[3.27000000e+02 5.38000000e+02 2.10102429e-01 2.00000000e+00]
[6.00000000e+02 3.82000000e+02 2.11044392e-01 3.00000000e+00]
[1.42000000e+02 5.19000000e+02 2.11099003e-01 2.00000000e+00]
[6.36000000e+02 6.42000000e+02 2.15835988e-01 1.40000000e+01]
[3.18000000e+02 5.09000000e+02 2.16031428e-01 2.00000000e+00]
[2.00000000e+01 2.65000000e+02 2.18618808e-01 2.00000000e+00]
[5.00000000e+00 2.75000000e+02 2.20140438e-01 2.00000000e+00]
[6.51000000e+02 2.98000000e+02 2.21526794e-01 1.50000000e+01]
[2.21000000e+02 6.55000000e+02 2.22171574e-01 1.60000000e+01]
[6.47000000e+02 6.34000000e+02 2.22937036e-01 7.00000000e+00]
[6.46000000e+02 2.39000000e+02 2.26401646e-01 1.80000000e+01]
[6.5800000e+02 3.5000000e+01 2.2790719e-01 1.9000000e+01]
[3.61000000e+02 5.27000000e+02 2.28147969e-01 2.00000000e+00]
[6.07000000e+02 6.57000000e+02 2.30375946e-01 9.00000000e+00]
[6.59000000e+02 3.28000000e+02 2.30677372e-01 2.00000000e+01]
[6.62000000e+02 6.56000000e+02 2.32159045e-01 3.60000000e+01]
[6.41000000e+02 5.53000000e+02 2.37179204e-01 5.00000000e+00]
[3.93000000e+02 5.11000000e+02 2.38977129e-01 2.00000000e+00]
[9.20000000e+01 2.69000000e+02 2.41706178e-01 2.00000000e+00]
[3.74000000e+02 3.83000000e+02 2.41961081e-01 2.00000000e+00]
[7.00000000e+01 6.63000000e+02 2.44036557e-01 3.70000000e+01]
[2.37000000e+02 4.90000000e+02 2.45297208e-01 2.00000000e+00]
[1.53000000e+02 6.35000000e+02 2.48202705e-01 8.00000000e+00]
[6.61000000e+02 1.15000000e+02 2.51983727e-01 1.00000000e+01]
[6.53000000e+02 6.28000000e+02 2.55220242e-01 4.00000000e+00]
[3.80000000e+01 6.23000000e+02 2.56763832e-01 5.00000000e+00]
[5.71000000e+02 6.32000000e+02 2.60255652e-01 4.00000000e+00]
[3.63000000e+02 5.21000000e+02 2.65388287e-01 2.00000000e+00]
[7.10000000e+01 4.62000000e+02 2.65582039e-01 2.00000000e+00]
[8.70000000e+01 6.70000000e+02 2.65942777e-01 9.00000000e+00]
[4.54000000e+02 6.68000000e+02 2.67484497e-01 3.80000000e+01]
[6.78000000e+02 4.80000000e+02 2.70680605e-01 3.90000000e+01]
[ 33.         122.           0.27495232   2.        ]
[6.6600000e+02 1.9200000e+02 2.7711885e-01 3.0000000e+00]
[ 82.         182.           0.27967127   2.        ]
[6.72000000e+02 6.54000000e+02 2.80431195e-01 6.00000000e+00]
[6.38000000e+02 6.79000000e+02 2.82115633e-01 4.20000000e+01]
[5.48000000e+02 3.24000000e+02 2.90669648e-01 7.00000000e+00]
[8.50000000e+01 4.87000000e+02 2.93274785e-01 2.00000000e+00]
[6.64000000e+02 1.99000000e+02 2.93907533e-01 6.00000000e+00]
[3.65000000e+02 4.43000000e+02 2.94117807e-01 2.00000000e+00]
[2.11000000e+02 6.33000000e+02 2.94157751e-01 3.00000000e+00]
[6.83000000e+02 1.19000000e+02 2.95565431e-01 7.00000000e+00]
[4.08000000e+02 4.50000000e+02 2.95776352e-01 2.00000000e+00]
[6.04000000e+02 6.82000000e+02 3.01841452e-01 4.00000000e+00]
[6.90000000e+02 2.64000000e+02 3.02070294e-01 8.00000000e+00]
[2.10000000e+02 6.67000000e+02 3.02937433e-01 3.00000000e+00]
[1.27000000e+02 6.89000000e+02 3.05099451e-01 4.00000000e+00]
[6.43000000e+02 2.25000000e+02 3.05244834e-01 3.00000000e+00]
[6.77000000e+02 1.17000000e+02 3.05394137e-01 1.00000000e+01]
[6.74000000e+02 6.92000000e+02 3.05451188e-01 8.00000000e+00]
[ 73.         200.           0.30733956   2.        ]
[3.40000000e+02 6.84000000e+02 3.10672702e-01 4.30000000e+01]
[3.00000000e+00 6.93000000e+02 3.11334994e-01 9.00000000e+00]
[5.89000000e+02 6.16000000e+02 3.12606606e-01 4.00000000e+00]
[2.28000000e+02 3.57000000e+02 3.14724994e-01 2.00000000e+00]
[3.32000000e+02 4.69000000e+02 3.15617665e-01 2.00000000e+00]
[6.70000000e+01 4.95000000e+02 3.15708884e-01 2.00000000e+00]
[6.03000000e+02 4.22000000e+02 3.16907905e-01 3.00000000e+00]
[ 99.         266.           0.31792345   2.        ]
[4.24000000e+02 4.85000000e+02 3.21539143e-01 2.00000000e+00]
[3.35000000e+02 3.38000000e+02 3.22656937e-01 2.00000000e+00]
[4.49000000e+02 5.29000000e+02 3.22799134e-01 2.00000000e+00]
[1.32000000e+02 6.48000000e+02 3.25610415e-01 3.00000000e+00]
[139.        241.          0.3256283   2.       ]
[4.60000000e+01 7.02000000e+02 3.27325378e-01 5.00000000e+00]
[6.86000000e+02 7.00000000e+02 3.27370842e-01 4.50000000e+01]
[ 58.         238.           0.32796321   2.        ]
[ 97.         226.           0.33041251   2.        ]
[6.60000000e+01 5.55000000e+02 3.32013798e-01 3.00000000e+00]
[5.7500000e+02 1.5100000e+02 3.3389856e-01 3.0000000e+00]
[6.08000000e+02 5.80000000e+02 3.34430368e-01 4.00000000e+00]
[6.95000000e+02 6.98000000e+02 3.37018403e-01 1.20000000e+01]
[1.2000000e+01 7.0800000e+02 3.3736456e-01 3.0000000e+00]
[6.11000000e+02 4.71000000e+02 3.37668174e-01 3.00000000e+00]
[5.74000000e+02 2.55000000e+02 3.38131114e-01 3.00000000e+00]
[3.84000000e+02 4.79000000e+02 3.40475044e-01 2.00000000e+00]
[6.87000000e+02 4.35000000e+02 3.40906364e-01 7.00000000e+00]
[2.44000000e+02 7.23000000e+02 3.41030829e-01 4.00000000e+00]
[8.30000000e+01 7.13000000e+02 3.41152634e-01 6.00000000e+00]
[1.01000000e+02 5.25000000e+02 3.42972462e-01 2.00000000e+00]
[2.30000000e+02 6.52000000e+02 3.43722877e-01 3.00000000e+00]
[6.97000000e+02 1.74000000e+02 3.44045783e-01 1.10000000e+01]
[6.12000000e+02 2.20000000e+01 3.46047368e-01 3.00000000e+00]
[3.21000000e+02 3.89000000e+02 3.46136053e-01 2.00000000e+00]
[1.94000000e+02 4.63000000e+02 3.46315337e-01 2.00000000e+00]
[3.91000000e+02 7.24000000e+02 3.48763874e-01 3.00000000e+00]
[7.06000000e+02 4.96000000e+02 3.49096629e-01 4.00000000e+00]
[7.14000000e+02 7.01000000e+02 3.50280232e-01 5.40000000e+01]
[1.00000000e+01 6.96000000e+02 3.50918203e-01 4.00000000e+00]
[6.71000000e+02 2.02000000e+02 3.51056525e-01 1.10000000e+01]
[2.99000000e+02 3.95000000e+02 3.51101656e-01 2.00000000e+00]
[7.28000000e+02 7.16000000e+02 3.53380025e-01 4.00000000e+00]
[7.21000000e+02 4.57000000e+02 3.54004961e-01 4.00000000e+00]
[6.4400000e+02 6.8500000e+02 3.5431281e-01 1.0000000e+01]
[4.72000000e+02 5.08000000e+02 3.54444924e-01 2.00000000e+00]
[9.80000000e+01 7.20000000e+02 3.54748916e-01 1.30000000e+01]
[5.70000000e+01 7.22000000e+02 3.54942583e-01 4.00000000e+00]
[5.12000000e+02 5.13000000e+02 3.55249845e-01 2.00000000e+00]
[7.03000000e+02 3.90000000e+02 3.55379015e-01 3.00000000e+00]
[6.13000000e+02 7.36000000e+02 3.56579614e-01 5.60000000e+01]
[ 18.        294.          0.3569217   2.       ]
[6.80000000e+02 3.62000000e+02 3.58738411e-01 3.00000000e+00]
[4.42000000e+02 7.09000000e+02 3.59081022e-01 3.00000000e+00]
[2.30000000e+01 7.48000000e+02 3.61123004e-01 5.70000000e+01]
[5.82000000e+02 1.97000000e+02 3.62873716e-01 3.00000000e+00]
[4.21000000e+02 4.46000000e+02 3.63063524e-01 2.00000000e+00]
[3.87000000e+02 3.49000000e+02 3.63336515e-01 2.00000000e+00]
[1.86000000e+02 7.38000000e+02 3.65049982e-01 1.20000000e+01]
[9.40000000e+01 7.47000000e+02 3.65115055e-01 4.00000000e+00]
[227.         350.           0.36568185   2.        ]
[7.15000000e+02 2.63000000e+02 3.66873044e-01 3.00000000e+00]
[217.         222.           0.36824334   2.        ]
[4.40000000e+01 4.52000000e+02 3.69158875e-01 2.00000000e+00]
[6.73000000e+02 2.35000000e+02 3.69563355e-01 6.00000000e+00]
[6.18000000e+02 5.35000000e+02 3.74309095e-01 3.00000000e+00]
[7.34000000e+02 7.46000000e+02 3.74335018e-01 5.00000000e+00]
[7.33000000e+02 2.52000000e+02 3.76567174e-01 3.00000000e+00]
[7.52000000e+02 7.44000000e+02 3.76663396e-01 7.00000000e+01]
[2.50000000e+01 4.04000000e+02 3.77865521e-01 2.00000000e+00]
[7.27000000e+02 7.32000000e+02 3.78085998e-01 8.00000000e+00]
[7.41000000e+02 5.83000000e+02 3.78430152e-01 6.00000000e+00]
[8.80000000e+01 4.10000000e+02 3.78554893e-01 2.00000000e+00]
[2.59000000e+02 7.55000000e+02 3.79027489e-01 3.00000000e+00]
[6.99000000e+02 1.73000000e+02 3.80142228e-01 3.00000000e+00]
[2.92000000e+02 3.98000000e+02 3.80584376e-01 2.00000000e+00]
[ 34.         138.           0.38060645   2.        ]
[7.30000000e+02 6.81000000e+02 3.80716371e-01 1.40000000e+01]
[6.05000000e+02 3.71000000e+02 3.82091911e-01 3.00000000e+00]
[3.78000000e+02 7.35000000e+02 3.82759152e-01 5.00000000e+00]
[7.26000000e+02 7.45000000e+02 3.84285219e-01 8.00000000e+00]
[7.110000e+02 7.660000e+02 3.853356e-01 7.300000e+01]
[7.75000000e+02 2.80000000e+02 3.85361776e-01 1.50000000e+01]
[3.2000000e+01 7.1200000e+02 3.8558897e-01 3.0000000e+00]
[ 59.         313.           0.38559137   2.        ]
[7.53000000e+02 7.40000000e+02 3.86740584e-01 7.00000000e+00]
[5.86000000e+02 7.76000000e+02 3.87291666e-01 5.00000000e+00]
[1.87000000e+02 5.00000000e+02 3.87470972e-01 2.00000000e+00]
[5.28000000e+02 7.67000000e+02 3.87925334e-01 3.00000000e+00]
[7.50000000e+02 7.73000000e+02 3.87969686e-01 5.00000000e+00]
[7.18000000e+02 4.17000000e+02 3.88161085e-01 4.00000000e+00]
[4.66000000e+02 4.94000000e+02 3.88668735e-01 2.00000000e+00]
[6.29000000e+02 7.54000000e+02 3.89302511e-01 4.00000000e+00]
[3.23000000e+02 7.90000000e+02 3.89351145e-01 5.00000000e+00]
[2.32000000e+02 7.84000000e+02 3.90033548e-01 6.00000000e+00]
[5.1000000e+01 5.2000000e+02 3.9061593e-01 2.0000000e+00]
[3.31000000e+02 7.68000000e+02 3.91778535e-01 9.00000000e+00]
[158.         325.           0.39249109   2.        ]
[0.0000000e+00 7.9400000e+02 3.9451104e-01 1.0000000e+01]
[7.10000000e+02 7.83000000e+02 3.94661256e-01 9.00000000e+00]
[161.         260.           0.39744915   2.        ]
[4.76000000e+02 5.15000000e+02 3.98355483e-01 2.00000000e+00]
[5.4900000e+02 6.6500000e+02 3.9950504e-01 4.0000000e+00]
[7.00000000e+00 7.86000000e+02 4.00513107e-01 4.00000000e+00]
[342.         368.           0.40113394   2.        ]
[3.7000000e+01 5.3900000e+02 4.0211764e-01 2.0000000e+00]
[2.50000000e+02 7.51000000e+02 4.02745209e-01 4.00000000e+00]
[7.62000000e+02 7.56000000e+02 4.02768898e-01 1.80000000e+01]
[7.58000000e+02 7.71000000e+02 4.02862412e-01 5.00000000e+00]
[7.81000000e+02 1.88000000e+02 4.04437272e-01 4.00000000e+00]
[7.57000000e+02 7.69000000e+02 4.04705101e-01 1.00000000e+01]
[2.78000000e+02 7.87000000e+02 4.06178797e-01 6.00000000e+00]
[7.96000000e+02 5.24000000e+02 4.07075671e-01 1.10000000e+01]
[2.15000000e+02 7.99000000e+02 4.07102939e-01 3.00000000e+00]
[5.88000000e+02 1.05000000e+02 4.09319899e-01 3.00000000e+00]
[7.97000000e+02 8.08000000e+02 4.09338169e-01 1.90000000e+01]
[137.         168.           0.40976125   2.        ]
[7.49000000e+02 7.42000000e+02 4.09897665e-01 1.20000000e+01]
[111.        267.          0.4101491   2.       ]
[7.19000000e+02 7.93000000e+02 4.11963252e-01 6.00000000e+00]
[7.50000000e+01 8.13000000e+02 4.12282848e-01 2.00000000e+01]
[3.73000000e+02 7.64000000e+02 4.12434343e-01 6.00000000e+00]
[6.09000000e+02 8.19000000e+02 4.12531387e-01 8.00000000e+00]
[344.        376.          0.4133387   2.       ]
[3.70000000e+02 4.59000000e+02 4.13500141e-01 2.00000000e+00]
[6.26000000e+02 4.12000000e+02 4.13871123e-01 3.00000000e+00]
[7.79000000e+02 1.89000000e+02 4.15140634e-01 7.40000000e+01]
[8.24000000e+02 3.72000000e+02 4.15335283e-01 7.50000000e+01]
[7.78000000e+02 6.91000000e+02 4.18855827e-01 1.00000000e+01]
[4.65000000e+02 5.92000000e+02 4.19077288e-01 3.00000000e+00]
[3.60000000e+01 5.26000000e+02 4.19102345e-01 2.00000000e+00]
[2.24000000e+02 7.92000000e+02 4.20252658e-01 7.00000000e+00]
[2.86000000e+02 7.43000000e+02 4.20543403e-01 3.00000000e+00]
[7.63000000e+02 7.77000000e+02 4.20647263e-01 8.00000000e+00]
[3.5800000e+02 8.2500000e+02 4.2145659e-01 7.6000000e+01]
[1.1800000e+02 6.9400000e+02 4.2264419e-01 4.0000000e+00]
[7.29000000e+02 5.32000000e+02 4.24252615e-01 4.00000000e+00]
[7.82000000e+02 7.80000000e+02 4.25097397e-01 1.70000000e+01]
[1.49000000e+02 6.24000000e+02 4.25267664e-01 3.00000000e+00]
[26.         96.          0.42542145  2.        ]
[193.         279.           0.42693964   2.        ]
[8.17000000e+02 8.18000000e+02 4.26944595e-01 2.60000000e+01]
[8.09000000e+02 4.28000000e+02 4.27090299e-01 7.00000000e+00]
[7.8800000e+02 1.5900000e+02 4.2761285e-01 5.0000000e+00]
[8.31000000e+02 5.90000000e+02 4.28765371e-01 1.00000000e+01]
[ 43.         273.           0.42932741   2.        ]
[8.15000000e+02 2.87000000e+02 4.30178053e-01 1.30000000e+01]
[7.59000000e+02 7.70000000e+02 4.30534498e-01 5.00000000e+00]
[3.53000000e+02 8.39000000e+02 4.32980906e-01 2.70000000e+01]
[8.42000000e+02 5.01000000e+02 4.33971416e-01 1.10000000e+01]
[8.45000000e+02 1.06000000e+02 4.34132887e-01 6.00000000e+00]
[7.60000000e+02 7.39000000e+02 4.35714838e-01 4.00000000e+00]
[8.21000000e+02 4.84000000e+02 4.35729472e-01 3.00000000e+00]
[8.1400000e+02 8.0400000e+02 4.3575964e-01 6.0000000e+00]
[8.07000000e+02 7.05000000e+02 4.35791123e-01 6.00000000e+00]
[8.32000000e+02 8.10000000e+02 4.35813389e-01 8.70000000e+01]
[175.         352.           0.43586265   2.        ]
[7.31000000e+02 6.75000000e+02 4.37021299e-01 5.00000000e+00]
[7.89000000e+02 6.60000000e+02 4.38569106e-01 4.00000000e+00]
[8.26000000e+02 8.53000000e+02 4.39534023e-01 9.70000000e+01]
[6.20000000e+02 6.31000000e+02 4.39677847e-01 4.00000000e+00]
[2.80000000e+01 8.46000000e+02 4.40064886e-01 2.80000000e+01]
[2.88000000e+02 7.95000000e+02 4.40453418e-01 3.00000000e+00]
[8.03000000e+02 7.72000000e+02 4.40475684e-01 5.00000000e+00]
[7.61000000e+02 1.41000000e+02 4.41957419e-01 3.00000000e+00]
[8.57000000e+02 2.85000000e+02 4.42278079e-01 9.80000000e+01]
[ 79.         330.           0.44398999   2.        ]
[2.93000000e+02 8.37000000e+02 4.44351372e-01 3.00000000e+00]
[8.05000000e+02 8.52000000e+02 4.44775216e-01 2.40000000e+01]
[4.78000000e+02 8.60000000e+02 4.45058006e-01 4.00000000e+00]
[8.16000000e+02 8.66000000e+02 4.48930639e-01 2.60000000e+01]
[4.3200000e+02 5.3700000e+02 4.4912034e-01 2.0000000e+00]
[163.         440.           0.45080569   2.        ]
[4.30000000e+02 8.02000000e+02 4.51071933e-01 3.00000000e+00]
[7.98000000e+02 7.25000000e+02 4.53761783e-01 9.00000000e+00]
[2.58000000e+02 6.76000000e+02 4.53835504e-01 3.00000000e+00]
[8.20000000e+02 5.99000000e+02 4.54296714e-01 1.00000000e+01]
[1.00000000e+02 8.59000000e+02 4.54860415e-01 2.90000000e+01]
[ 53.         456.           0.45649653   2.        ]
[8.51000000e+02 8.68000000e+02 4.57404972e-01 3.20000000e+01]
[2.96000000e+02 8.63000000e+02 4.57714674e-01 9.90000000e+01]
[231.         234.           0.45809497   2.        ]
[1.9000000e+02 8.6500000e+02 4.5809818e-01 4.0000000e+00]
[7.74000000e+02 8.44000000e+02 4.59978832e-01 1.50000000e+01]
[3.37000000e+02 8.72000000e+02 4.60122811e-01 1.00000000e+01]
[8.9000000e+01 8.8000000e+02 4.6093349e-01 5.0000000e+00]
[116.         146.           0.46105949   2.        ]
[8.78000000e+02 8.77000000e+02 4.61707672e-01 1.31000000e+02]
[167.        253.          0.4619776   2.       ]
[8.56000000e+02 8.54000000e+02 4.62253064e-01 6.00000000e+00]
[5.8500000e+02 8.8500000e+02 4.6272401e-01 1.3300000e+02]
[6.01000000e+02 3.60000000e+02 4.62821109e-01 3.00000000e+00]
[7.37000000e+02 4.80000000e+01 4.63299036e-01 5.00000000e+00]
[4.81000000e+02 8.71000000e+02 4.63347175e-01 4.00000000e+00]
[1.02000000e+02 8.91000000e+02 4.64909869e-01 5.00000000e+00]
[8.41000000e+02 8.40000000e+02 4.66260226e-01 1.20000000e+01]
[8.36000000e+02 8.88000000e+02 4.68013834e-01 1.36000000e+02]
[2.23000000e+02 8.75000000e+02 4.71046847e-01 3.00000000e+01]
[2.03000000e+02 5.94000000e+02 4.71070049e-01 3.00000000e+00]
[6.37000000e+02 8.70000000e+02 4.71853881e-01 4.00000000e+00]
[6.69000000e+02 8.48000000e+02 4.73799801e-01 8.00000000e+00]
[5.6000000e+01 4.9900000e+02 4.7430152e-01 2.0000000e+00]
[8.47000000e+02 4.82000000e+02 4.74382956e-01 1.20000000e+01]
[157.        284.          0.4749408   2.       ]
[8.12000000e+02 8.06000000e+02 4.75717589e-01 8.00000000e+00]
[4.53000000e+02 8.95000000e+02 4.77550085e-01 3.10000000e+01]
[8.930000e+02 4.110000e+02 4.775567e-01 1.300000e+01]
[3.92000000e+02 5.05000000e+02 4.78685921e-01 2.00000000e+00]
[8.29000000e+02 4.75000000e+02 4.79127258e-01 8.00000000e+00]
[1.10000000e+01 5.04000000e+02 4.79766462e-01 2.00000000e+00]
[3.9900000e+02 8.8200000e+02 4.8022025e-01 1.1000000e+01]
[8.83000000e+02 2.57000000e+02 4.80860281e-01 6.00000000e+00]
[4.51000000e+02 8.74000000e+02 4.81206815e-01 1.10000000e+01]
[4.03000000e+02 9.08000000e+02 4.81536785e-01 1.20000000e+01]
[5.1000000e+02 9.0300000e+02 4.8415797e-01 3.2000000e+01]
[8.30000000e+02 4.83000000e+02 4.84184356e-01 4.00000000e+00]
[4.01000000e+02 8.87000000e+02 4.85844266e-01 7.00000000e+00]
[9.02000000e+02 8.81000000e+02 4.86119608e-01 2.30000000e+01]
[6.21000000e+02 9.06000000e+02 4.86733354e-01 1.10000000e+01]
[8.67000000e+02 8.11000000e+02 4.86868212e-01 7.00000000e+00]
[7.07000000e+02 8.94000000e+02 4.86964888e-01 1.38000000e+02]
[8.34000000e+02 8.50000000e+02 4.89267352e-01 7.00000000e+00]
[3.12000000e+02 5.31000000e+02 4.89964391e-01 2.00000000e+00]
[9.00000000e+02 9.14000000e+02 4.90264552e-01 1.90000000e+01]
[6.5000000e+02 9.1600000e+02 4.9079441e-01 1.3000000e+01]
[8.98000000e+02 3.26000000e+02 4.91450525e-01 9.00000000e+00]
[8.33000000e+02 3.85000000e+02 4.91543456e-01 5.00000000e+00]
[7.91000000e+02 8.58000000e+02 4.92112666e-01 9.00000000e+00]
[179.        198.          0.4928105   2.       ]
[1.84000000e+02 9.12000000e+02 4.96261322e-01 3.30000000e+01]
[377.         431.           0.49771083   2.        ]
[110.        491.          0.4979536   2.       ]
[5.95000000e+02 4.64000000e+02 4.98695845e-01 3.00000000e+00]
[145.         242.           0.49912272   2.        ]
[9.21000000e+02 8.92000000e+02 5.01035808e-01 2.40000000e+01]
[3.06000000e+02 5.34000000e+02 5.01114447e-01 2.00000000e+00]
[9.17000000e+02 9.22000000e+02 5.01734412e-01 2.00000000e+01]
[5.41000000e+02 8.35000000e+02 5.01930143e-01 2.00000000e+01]
[8.84000000e+02 8.23000000e+02 5.02957691e-01 5.00000000e+00]
[8.61000000e+02 9.18000000e+02 5.02991922e-01 1.43000000e+02]
[8.96000000e+02 9.32000000e+02 5.03384994e-01 2.70000000e+01]
[8.00000000e+00 9.15000000e+02 5.03756226e-01 2.40000000e+01]
[3.41000000e+02 5.36000000e+02 5.04660584e-01 2.00000000e+00]
[8.28000000e+02 5.54000000e+02 5.05101674e-01 4.00000000e+00]
[8.55000000e+02 1.81000000e+02 5.06217826e-01 6.00000000e+00]
[3.43000000e+02 8.69000000e+02 5.07300408e-01 3.00000000e+00]
[9.11000000e+02 9.10000000e+02 5.07899173e-01 2.30000000e+01]
[2.82000000e+02 9.04000000e+02 5.08137931e-01 1.40000000e+01]
[8.00000000e+02 4.25000000e+02 5.11092202e-01 5.00000000e+00]
[9.13000000e+02 6.14000000e+02 5.11866898e-01 6.00000000e+00]
[9.39000000e+02 9.47000000e+02 5.15157484e-01 3.00000000e+01]
[8.76000000e+02 8.73000000e+02 5.15211215e-01 5.00000000e+00]
[9.27000000e+02 9.38000000e+02 5.15715738e-01 6.00000000e+01]
[8.43000000e+02 9.48000000e+02 5.16691504e-01 3.20000000e+01]
[9.440000e+02 8.270000e+02 5.174123e-01 2.600000e+01]
[9.3500000e+02 7.0400000e+02 5.1830248e-01 2.2000000e+01]
[3.75000000e+02 9.50000000e+02 5.20462858e-01 6.10000000e+01]
[1.26000000e+02 9.19000000e+02 5.22603874e-01 8.00000000e+00]
[9.09000000e+02 9.52000000e+02 5.23670986e-01 3.20000000e+01]
[6.49000000e+02 6.00000000e+01 5.25754115e-01 4.00000000e+00]
[6.90000000e+01 9.37000000e+02 5.25923129e-01 1.44000000e+02]
[9.49000000e+02 9.45000000e+02 5.26570964e-01 1.90000000e+01]
[9.43000000e+02 9.34000000e+02 5.27488113e-01 2.30000000e+01]
[8.90000000e+02 9.01000000e+02 5.28954554e-01 7.00000000e+00]
[2.8100000e+02 9.2500000e+02 5.2938244e-01 1.0000000e+01]
[5.14000000e+02 9.58000000e+02 5.31129359e-01 1.45000000e+02]
[8.01000000e+02 9.54000000e+02 5.31541017e-01 6.50000000e+01]
[4.20000000e+01 9.55000000e+02 5.32616795e-01 9.00000000e+00]
[9.56000000e+02 9.23000000e+02 5.33958055e-01 4.10000000e+01]
[4.93000000e+02 8.97000000e+02 5.34243931e-01 5.00000000e+00]
[5.93000000e+02 3.10000000e+01 5.34419235e-01 3.00000000e+00]
[4.70000000e+01 9.30000000e+02 5.35806552e-01 4.00000000e+00]
[8.62000000e+02 9.66000000e+02 5.35830297e-01 4.40000000e+01]
[9.20000000e+02 9.62000000e+02 5.35925977e-01 1.20000000e+01]
[8.86000000e+02 9.53000000e+02 5.38019734e-01 2.40000000e+01]
[1.34000000e+02 9.63000000e+02 5.38166485e-01 1.46000000e+02]
[9.46000000e+02 3.04000000e+02 5.42034705e-01 6.00000000e+00]
[2.54000000e+02 9.51000000e+02 5.45105376e-01 3.30000000e+01]
[9.07000000e+02 9.74000000e+02 5.45782648e-01 8.00000000e+00]
[6.2200000e+02 9.6400000e+02 5.4667735e-01 6.7000000e+01]
[9.36000000e+02 5.81000000e+02 5.47412108e-01 7.00000000e+00]
[9.29000000e+02 9.72000000e+02 5.47588202e-01 2.60000000e+01]
[5.84000000e+02 9.77000000e+02 5.47734926e-01 6.90000000e+01]
[9.60000000e+02 9.70000000e+02 5.50099718e-01 6.70000000e+01]
[8.99000000e+02 9.71000000e+02 5.50476803e-01 1.40000000e+01]
[8.64000000e+02 4.20000000e+02 5.54285821e-01 3.00000000e+00]
[9.33000000e+02 3.79000000e+02 5.54500567e-01 3.00000000e+00]
[1.50000000e+01 9.24000000e+02 5.55521903e-01 6.00000000e+00]
[9.61000000e+02 9.73000000e+02 5.56305592e-01 1.53000000e+02]
[8.49000000e+02 9.42000000e+02 5.57493767e-01 1.00000000e+01]
[9.75000000e+02 7.65000000e+02 5.57847051e-01 3.60000000e+01]
[9.88000000e+02 9.05000000e+02 5.57861593e-01 3.80000000e+01]
[4.9800000e+02 9.6500000e+02 5.5898053e-01 1.0000000e+01]
[9.81000000e+02 4.74000000e+02 5.59237439e-01 6.80000000e+01]
[7.85000000e+02 9.87000000e+02 5.60340494e-01 1.20000000e+01]
[3.51000000e+02 9.67000000e+02 5.62420189e-01 6.00000000e+00]
[8.40000000e+01 9.91000000e+02 5.65169058e-01 6.90000000e+01]
[ 39.         416.           0.56800092   2.        ]
[9.79000000e+02 9.80000000e+02 5.69358662e-01 9.50000000e+01]
[1.33000000e+02 9.82000000e+02 5.72467517e-01 1.50000000e+01]
[1.07000000e+02 9.41000000e+02 5.73554226e-01 5.00000000e+00]
[9.31000000e+02 4.47000000e+02 5.74182707e-01 3.00000000e+00]
[9.96000000e+02 2.43000000e+02 5.74940589e-01 9.60000000e+01]
[9.92000000e+02 9.28000000e+02 5.79637438e-01 1.40000000e+01]
[9.59000000e+02 8.22000000e+02 5.80209137e-01 2.10000000e+01]
[9.97000000e+02 4.97000000e+02 5.83583037e-01 1.60000000e+01]
[9.86000000e+02 2.68000000e+02 5.86172759e-01 1.54000000e+02]
[9.68000000e+02 3.88000000e+02 5.89772315e-01 4.00000000e+00]
[6.4000000e+02 9.6900000e+02 5.9389211e-01 6.0000000e+00]
[1.00300000e+03 3.64000000e+02 5.95525779e-01 1.70000000e+01]
[9.99000000e+02 8.79000000e+02 5.97915598e-01 5.00000000e+00]
[310.         455.           0.59820962   2.        ]
[1.00000000e+03 9.89000000e+02 6.00043183e-01 1.34000000e+02]
[4.07000000e+02 9.94000000e+02 6.00477763e-01 7.00000000e+01]
[9.83000000e+02 1.00400000e+03 6.01199345e-01 1.57000000e+02]
[8.38000000e+02 1.00600000e+03 6.03509481e-01 8.00000000e+00]
[5.98000000e+02 1.01000000e+03 6.03644531e-01 1.36000000e+02]
[9.93000000e+02 1.01100000e+03 6.04255176e-01 7.60000000e+01]
[9.76000000e+02 9.85000000e+02 6.06967344e-01 1.40000000e+01]
[114.        191.          0.6070284   2.       ]
[4.88000000e+02 1.01600000e+03 6.08866441e-01 1.50000000e+01]
[ 55.         354.           0.61274728   2.        ]
[9.78000000e+02 1.01500000e+03 6.13226865e-01 8.30000000e+01]
[1.0020000e+03 1.0120000e+03 6.1325196e-01 1.7800000e+02]
[9.90000000e+02 1.01800000e+03 6.13275266e-01 2.50000000e+01]
[177.         477.           0.61374865   2.        ]
[1.00500000e+03 1.02000000e+03 6.14406577e-01 8.70000000e+01]
[1.00800000e+03 9.84000000e+02 6.25431688e-01 8.00000000e+00]
[1.02400000e+03 9.57000000e+02 6.29569175e-01 9.10000000e+01]
[9.95000000e+02 1.01400000e+03 6.31089075e-01 1.38000000e+02]
[1.71000000e+02 1.02200000e+03 6.32917571e-01 2.60000000e+01]
[1.0260000e+03 8.8900000e+02 6.3719806e-01 9.4000000e+01]
[120.        166.          0.6379531   2.       ]
[419.         502.           0.63901101   2.        ]
[1.00100000e+03 1.02100000e+03 6.50772437e-01 1.92000000e+02]
[1.02900000e+03 1.02700000e+03 6.54458148e-01 2.32000000e+02]
[131.         434.           0.65532352   2.        ]
[1.03200000e+03 4.70000000e+02 6.59894833e-01 1.93000000e+02]
[1.01300000e+03 1.03300000e+03 6.61571328e-01 2.40000000e+02]
[9.26000000e+02 1.00700000e+03 6.67552519e-01 1.90000000e+01]
[9.98000000e+02 1.00900000e+03 6.70323467e-01 7.00000000e+00]
[3.55000000e+02 1.03600000e+03 6.78939451e-01 2.41000000e+02]
[1.01700000e+03 1.03900000e+03 6.89325261e-01 2.43000000e+02]
[1.03500000e+03 1.02500000e+03 6.91559872e-01 2.01000000e+02]
[2.00000000e+00 1.03800000e+03 6.93014789e-01 8.00000000e+00]
[3.19000000e+02 1.04100000e+03 6.96989469e-01 2.02000000e+02]
[1.03700000e+03 1.02300000e+03 6.97340241e-01 2.10000000e+01]
[7.70000000e+01 1.04300000e+03 6.97413592e-01 2.03000000e+02]
[1.04400000e+03 5.07000000e+02 7.06180401e-01 2.20000000e+01]
[1.03000000e+03 1.69000000e+02 7.08327325e-01 3.00000000e+00]
[1.02800000e+03 1.03100000e+03 7.14459942e-01 2.80000000e+01]
[1.08000000e+02 1.04600000e+03 7.34260244e-01 2.30000000e+01]
[1.0190000e+03 7.1700000e+02 7.3615974e-01 5.0000000e+00]
[6.100000e+02 1.040000e+03 7.388916e-01 2.450000e+02]
[4.50000000e+01 1.03400000e+03 7.45050301e-01 3.00000000e+00]
[1.05100000e+03 6.88000000e+02 7.59152677e-01 2.47000000e+02]
[1.04200000e+03 1.05200000e+03 7.65992016e-01 1.10000000e+01]
[1.0500000e+03 1.0450000e+03 7.7068195e-01 2.0800000e+02]
[1.04700000e+03 1.05300000e+03 7.72154787e-01 2.50000000e+02]
[9.4000000e+02 1.0490000e+03 7.7576223e-01 2.5000000e+01]
[1.05400000e+03 5.06000000e+02 7.80941537e-01 1.20000000e+01]
[201.         316.           0.78806061   2.        ]
[1.05600000e+03 4.41000000e+02 7.96626802e-01 2.51000000e+02]
[1.05800000e+03 1.04800000e+03 8.00365007e-01 4.00000000e+01]
[1.3000000e+01 1.0600000e+03 8.0771661e-01 2.5200000e+02]
[1.06100000e+03 1.05700000e+03 8.16629181e-01 6.50000000e+01]
[562.         147.           0.83631158   3.        ]
[212.         458.           0.83749853   2.        ]
[1.06300000e+03 1.06200000e+03 8.47105741e-01 3.17000000e+02]
[1.0660000e+03 8.6000000e+01 8.7369071e-01 3.1800000e+02]
[1.06700000e+03 1.05500000e+03 8.92160075e-01 5.26000000e+02]
[1.06800000e+03 1.06500000e+03 8.92412016e-01 5.28000000e+02]
[1.06900000e+03 1.62000000e+02 8.92817754e-01 5.29000000e+02]
[3.14000000e+02 1.07000000e+03 9.26655268e-01 5.30000000e+02]
[311.         533.           0.95878201   2.        ]
[2.77000000e+02 1.07100000e+03 9.75714294e-01 5.31000000e+02]
[1.07300000e+03 1.07200000e+03 1.01777948e+00 5.33000000e+02]
[1.07400000e+03 4.29000000e+02 1.03622478e+00 5.34000000e+02]
[1.06400000e+03 1.05900000e+03 1.04311933e+00 5.00000000e+00]
[1.07600000e+03 1.07500000e+03 1.05424771e+00 5.39000000e+02]
[1077.         289.           1.1166296  540.       ]
