[  1. 216.   0.   2.]
[540. 113.   0.   3.]
[ 50. 135.   0.   2.]
[542. 329.   0.   3.]
[64. 68.  0.  2.]
[544.  93.   0.   3.]
[545. 123.   0.   4.]
[546. 214.   0.   5.]
[547. 261.   0.   6.]
[ 72. 437.   0.   2.]
[74. 91.  0.  2.]
[550. 317.   0.   3.]
[ 78. 125.   0.   2.]
[552. 315.   0.   3.]
[196.  66.   0.   2.]
[205. 262.   0.   2.]
[270. 271.   0.   2.]
[300. 302.   0.   2.]
[359. 413.   0.   2.]
[5.56000000e+02 1.40000000e+02 7.02447475e-09 3.00000000e+00]
[9.00000000e+01 5.18000000e+02 1.49011612e-08 2.00000000e+00]
[2.20000000e+02 2.95000000e+02 1.49011612e-08 2.00000000e+00]
[5.59000000e+02 1.70000000e+02 1.81731402e-08 4.00000000e+00]
[2.40000000e+01 2.84000000e+02 2.10734243e-08 2.00000000e+00]
[9.50000000e+01 1.52000000e+02 2.10734243e-08 2.00000000e+00]
[5.64000000e+02 2.40000000e+02 2.10734243e-08 3.00000000e+00]
[5.65000000e+02 3.01000000e+02 2.10734243e-08 4.00000000e+00]
[5.66000000e+02 3.08000000e+02 2.10734243e-08 5.00000000e+00]
[5.67000000e+02 5.61000000e+02 2.10734243e-08 7.00000000e+00]
[3.07000000e+02 5.68000000e+02 2.10734243e-08 8.00000000e+00]
[5.69000000e+02 5.43000000e+02 2.61361579e-08 1.10000000e+01]
[6.00000000e+00 1.29000000e+02 2.98023224e-08 2.00000000e+00]
[1.36000000e+02 3.36000000e+02 2.98023224e-08 2.00000000e+00]
[5.57000000e+02 1.09000000e+02 3.23812286e-08 3.00000000e+00]
[1.78000000e+02 2.45000000e+02 3.33200094e-08 2.00000000e+00]
[2.36000000e+02 1.51000000e+02 3.65002415e-08 2.00000000e+00]
[4.00000000e+02 5.62000000e+02 5.16191366e-08 5.00000000e+00]
[5.51000000e+02 2.74000000e+02 5.96046448e-08 4.00000000e+00]
[5.76000000e+02 3.34000000e+02 1.01089782e-02 6.00000000e+00]
[5.70000000e+02 1.30000000e+02 2.44584054e-02 1.20000000e+01]
[5.78000000e+02 2.29000000e+02 2.96670024e-02 7.00000000e+00]
[5.7900000e+02 2.1900000e+02 3.3832908e-02 1.3000000e+01]
[8.10000000e+01 5.81000000e+02 4.14345554e-02 1.40000000e+01]
[5.73000000e+02 4.68000000e+02 4.22609819e-02 4.00000000e+00]
[3.80000000e+02 5.82000000e+02 4.54792381e-02 1.50000000e+01]
[5.55000000e+02 5.80000000e+02 6.11463245e-02 9.00000000e+00]
[4.36000000e+02 5.22000000e+02 9.80953684e-02 2.00000000e+00]
[1.2400000e+02 3.0500000e+02 1.0218939e-01 2.0000000e+00]
[1.70000000e+01 2.83000000e+02 1.06903111e-01 2.00000000e+00]
[3.67000000e+02 4.85000000e+02 1.08707885e-01 2.00000000e+00]
[2.18000000e+02 5.03000000e+02 1.09689735e-01 2.00000000e+00]
[5.54000000e+02 3.50000000e+02 1.10671266e-01 3.00000000e+00]
[5.75000000e+02 1.65000000e+02 1.11299545e-01 3.00000000e+00]
[3.03000000e+02 3.69000000e+02 1.12037024e-01 2.00000000e+00]
[4.9200000e+02 5.2300000e+02 1.1243809e-01 2.0000000e+00]
[4.90000000e+01 2.46000000e+02 1.17374234e-01 2.00000000e+00]
[65.         76.          0.11880498  2.        ]
[2.47000000e+02 2.49000000e+02 1.20010184e-01 2.00000000e+00]
[4.26000000e+02 5.29000000e+02 1.21497705e-01 2.00000000e+00]
[2.09000000e+02 5.89000000e+02 1.22036623e-01 3.00000000e+00]
[21.         40.          0.12305682  2.        ]
[3.39000000e+02 4.73000000e+02 1.24315851e-01 2.00000000e+00]
[5.85000000e+02 5.84000000e+02 1.30039831e-01 2.40000000e+01]
[5.77000000e+02 2.04000000e+02 1.30833491e-01 5.00000000e+00]
[3.96000000e+02 4.14000000e+02 1.33428741e-01 2.00000000e+00]
[3.46000000e+02 4.38000000e+02 1.34073472e-01 2.00000000e+00]
[5.20000000e+01 3.82000000e+02 1.35382764e-01 2.00000000e+00]
[4.00000000e+00 6.02000000e+02 1.35424591e-01 2.50000000e+01]
[3.94000000e+02 5.94000000e+02 1.37506668e-01 3.00000000e+00]
[2.90000000e+02 5.30000000e+02 1.44171102e-01 2.00000000e+00]
[1.55000000e+02 9.80000000e+01 1.48294393e-01 2.00000000e+00]
[3.66000000e+02 5.17000000e+02 1.48814917e-01 2.00000000e+00]
[ 62.         112.           0.15177983   2.        ]
[4.61000000e+02 5.86000000e+02 1.52822334e-01 3.00000000e+00]
[1.85000000e+02 6.09000000e+02 1.55259193e-01 3.00000000e+00]
[1.43000000e+02 4.45000000e+02 1.55499242e-01 2.00000000e+00]
[2.13000e+02 3.86000e+02 1.56214e-01 2.00000e+00]
[4.33000000e+02 2.20000000e+01 1.56289304e-01 2.00000000e+00]
[1.60000000e+01 4.39000000e+02 1.56935311e-01 2.00000000e+00]
[4.10000000e+01 6.06000000e+02 1.58120575e-01 3.00000000e+00]
[2.97000000e+02 4.27000000e+02 1.58261313e-01 2.00000000e+00]
[3.81000000e+02 4.48000000e+02 1.59672579e-01 2.00000000e+00]
[6.03000000e+02 1.64000000e+02 1.59731726e-01 6.00000000e+00]
[3.56000000e+02 4.67000000e+02 1.60973448e-01 2.00000000e+00]
[1.80000000e+02 6.12000000e+02 1.64097852e-01 3.00000000e+00]
[8.00000000e+01 4.09000000e+02 1.66038538e-01 2.00000000e+00]
[5.58000000e+02 6.11000000e+02 1.67329639e-01 4.00000000e+00]
[3.20000000e+02 6.10000000e+02 1.67974792e-01 3.00000000e+00]
[1.03000000e+02 5.91000000e+02 1.70995341e-01 4.00000000e+00]
[2.91000000e+02 6.24000000e+02 1.71448793e-01 4.00000000e+00]
[6.07000000e+02 2.98000000e+02 1.72999433e-01 2.60000000e+01]
[4.15000000e+02 4.60000000e+02 1.73027553e-01 2.00000000e+00]
[6.30000000e+02 1.60000000e+02 1.75178835e-01 2.70000000e+01]
[5.16000000e+02 4.12000000e+02 1.76096955e-01 2.00000000e+00]
[2.07000000e+02 6.32000000e+02 1.77731059e-01 2.80000000e+01]
[4.02000000e+02 4.89000000e+02 1.79398178e-01 2.00000000e+00]
[4.44000000e+02 6.25000000e+02 1.82192757e-01 3.00000000e+00]
[3.45000000e+02 5.71000000e+02 1.84785589e-01 3.00000000e+00]
[1.83000000e+02 3.47000000e+02 1.86008353e-01 2.00000000e+00]
[2.08000000e+02 6.29000000e+02 1.87365232e-01 5.00000000e+00]
[6.22000000e+02 1.21000000e+02 1.88138953e-01 7.00000000e+00]
[ 27.         172.           0.18937542   2.        ]
[5.72000000e+02 1.76000000e+02 1.89653907e-01 3.00000000e+00]
[ 54.         150.           0.19117028   2.        ]
[5.92000000e+02 6.39000000e+02 1.91650324e-01 8.00000000e+00]
[4.8600000e+02 6.4100000e+02 1.9267775e-01 3.0000000e+00]
[9.00000000e+00 5.53000000e+02 1.94968465e-01 4.00000000e+00]
[1.90000000e+01 6.37000000e+02 1.95031883e-01 4.00000000e+00]
[2.06000000e+02 3.22000000e+02 1.96929304e-01 2.00000000e+00]
[6.4300000e+02 1.4800000e+02 1.9961484e-01 3.0000000e+00]
[1.28000000e+02 3.33000000e+02 2.05447849e-01 2.00000000e+00]
[3.27000000e+02 1.19000000e+02 2.10102429e-01 2.00000000e+00]
[1.42000000e+02 6.26000000e+02 2.11099003e-01 5.00000000e+00]
[6.34000000e+02 2.21000000e+02 2.15968266e-01 2.90000000e+01]
[3.18000000e+02 5.09000000e+02 2.16031428e-01 2.00000000e+00]
[6.17000000e+02 5.21000000e+02 2.16077414e-01 3.00000000e+00]
[6.21000000e+02 1.54000000e+02 2.16977823e-01 3.00000000e+00]
[2.00000000e+01 6.53000000e+02 2.18618808e-01 3.00000000e+01]
[2.51000000e+02 6.57000000e+02 2.19083569e-01 3.10000000e+01]
[6.46000000e+02 1.56000000e+02 2.19566037e-01 5.00000000e+00]
[5.00000000e+00 6.49000000e+02 2.20140438e-01 4.00000000e+00]
[6.30000000e+01 5.98000000e+02 2.26239413e-01 3.00000000e+00]
[4.18000000e+02 6.13000000e+02 2.28120667e-01 4.00000000e+00]
[3.61000000e+02 5.27000000e+02 2.28147969e-01 2.00000000e+00]
[6.56000000e+02 4.05000000e+02 2.35860212e-01 4.00000000e+00]
[5.11000000e+02 6.59000000e+02 2.38977129e-01 6.00000000e+00]
[5.83000000e+02 6.58000000e+02 2.39535659e-01 3.50000000e+01]
[1.15000000e+02 6.50000000e+02 2.41062651e-01 3.00000000e+00]
[9.20000000e+01 2.69000000e+02 2.41706178e-01 2.00000000e+00]
[3.74000000e+02 3.83000000e+02 2.41961081e-01 2.00000000e+00]
[7.00000000e+01 6.38000000e+02 2.44036557e-01 3.00000000e+00]
[2.37000000e+02 4.90000000e+02 2.45297208e-01 2.00000000e+00]
[5.63000000e+02 1.89000000e+02 2.46022174e-01 3.00000000e+00]
[1.53000000e+02 6.40000000e+02 2.48202705e-01 8.00000000e+00]
[6.47000000e+02 1.04000000e+02 2.48511399e-01 5.00000000e+00]
[2.48000000e+02 6.36000000e+02 2.48906857e-01 4.00000000e+00]
[6.14000000e+02 1.95000000e+02 2.49565591e-01 4.00000000e+00]
[2.39000000e+02 3.28000000e+02 2.55006989e-01 2.00000000e+00]
[4.80000000e+02 6.64000000e+02 2.57268828e-01 5.00000000e+00]
[1.82000000e+02 6.70000000e+02 2.58060689e-01 4.00000000e+00]
[3.50000000e+01 6.78000000e+02 2.58498975e-01 6.00000000e+00]
[5.38000000e+02 6.42000000e+02 2.59320981e-01 4.00000000e+00]
[2.75000000e+02 6.60000000e+02 2.61351663e-01 5.00000000e+00]
[4.62000000e+02 6.18000000e+02 2.65582039e-01 3.00000000e+00]
[8.70000000e+01 6.73000000e+02 2.65942777e-01 9.00000000e+00]
[3.00000000e+01 5.99000000e+02 2.68081317e-01 4.00000000e+00]
[6.55000000e+02 3.63000000e+02 2.72114453e-01 4.00000000e+00]
[2.64000000e+02 6.82000000e+02 2.73338714e-01 6.00000000e+00]
[1.22000000e+02 2.78000000e+02 2.74952321e-01 2.00000000e+00]
[4.54000000e+02 6.66000000e+02 2.75911304e-01 3.60000000e+01]
[6.6800000e+02 6.8400000e+02 2.7711885e-01 1.1000000e+01]
[6.74000000e+02 6.77000000e+02 2.78072483e-01 7.00000000e+00]
[6.27000000e+02 6.79000000e+02 2.86580695e-01 7.00000000e+00]
[6.0800000e+02 4.7800000e+02 2.8837407e-01 4.0000000e+00]
[5.48000000e+02 6.87000000e+02 2.90669648e-01 1.20000000e+01]
[8.20000000e+01 6.91000000e+02 2.92792641e-01 8.00000000e+00]
[8.50000000e+01 6.80000000e+02 2.93274785e-01 7.00000000e+00]
[3.65000000e+02 6.01000000e+02 2.94117807e-01 3.00000000e+00]
[6.8100000e+02 6.5100000e+02 2.9412863e-01 6.0000000e+00]
[1.27000000e+02 6.95000000e+02 2.94157751e-01 9.00000000e+00]
[2.3300000e+02 6.4400000e+02 2.9421792e-01 9.0000000e+00]
[4.08000000e+02 5.74000000e+02 2.95776352e-01 3.00000000e+00]
[1.40000000e+01 6.86000000e+02 2.95897341e-01 5.00000000e+00]
[ 67.         256.           0.30065946   2.        ]
[6.99000000e+02 2.11000000e+02 3.02183705e-01 1.00000000e+01]
[2.10000000e+02 6.69000000e+02 3.02937433e-01 3.00000000e+00]
[6.89000000e+02 6.96000000e+02 3.03829933e-01 4.30000000e+01]
[6.48000000e+02 7.03000000e+02 3.05244834e-01 4.00000000e+00]
[3.40000000e+02 7.06000000e+02 3.06487111e-01 4.40000000e+01]
[ 73.         200.           0.30733956   2.        ]
[2.6500000e+02 7.0800000e+02 3.0829758e-01 4.5000000e+01]
[2.28000000e+02 3.57000000e+02 3.14724994e-01 2.00000000e+00]
[4.69000000e+02 7.10000000e+02 3.15617665e-01 4.60000000e+01]
[6.88000000e+02 5.28000000e+02 3.16161772e-01 3.00000000e+00]
[2.66000000e+02 7.12000000e+02 3.17923449e-01 4.70000000e+01]
[1.32000000e+02 6.98000000e+02 3.21897853e-01 7.00000000e+00]
[3.35000000e+02 6.76000000e+02 3.22656937e-01 5.00000000e+00]
[2.72000000e+02 7.04000000e+02 3.24533497e-01 1.10000000e+01]
[1.39000000e+02 6.67000000e+02 3.25628305e-01 4.00000000e+00]
[ 58.         238.           0.32796321   2.        ]
[4.60000000e+01 5.96000000e+02 3.28076965e-01 3.00000000e+00]
[6.83000000e+02 7.20000000e+02 3.28330637e-01 6.00000000e+00]
[ 97.         226.           0.33041251   2.        ]
[6.94000000e+02 3.24000000e+02 3.32178985e-01 1.30000000e+01]
[2.25000000e+02 7.07000000e+02 3.34704842e-01 5.00000000e+00]
[4.87000000e+02 7.17000000e+02 3.35107169e-01 1.20000000e+01]
[6.65000000e+02 1.99000000e+02 3.35509186e-01 7.00000000e+00]
[1.2000000e+01 3.9000000e+02 3.3736456e-01 2.0000000e+00]
[6.16000000e+02 4.71000000e+02 3.37668174e-01 3.00000000e+00]
[2.90000000e+01 6.45000000e+02 3.38863031e-01 4.00000000e+00]
[6.90000000e+02 1.92000000e+02 3.38986055e-01 1.20000000e+01]
[3.84000000e+02 4.79000000e+02 3.40475044e-01 2.00000000e+00]
[2.44000000e+02 3.72000000e+02 3.41030829e-01 2.00000000e+00]
[ 83.         321.           0.34115263   2.        ]
[3.09000000e+02 6.93000000e+02 3.42566089e-01 5.00000000e+00]
[1.01000000e+02 5.25000000e+02 3.42972462e-01 2.00000000e+00]
[1.97000000e+02 5.88000000e+02 3.43633538e-01 3.00000000e+00]
[2.30000000e+02 6.54000000e+02 3.43722877e-01 3.00000000e+00]
[7.13000000e+02 4.28000000e+02 3.44579285e-01 4.00000000e+00]
[7.30000000e+02 1.17000000e+02 3.45637155e-01 1.30000000e+01]
[4.24000000e+02 7.32000000e+02 3.45915387e-01 3.00000000e+00]
[194.         252.           0.34631534   2.        ]
[3.91000000e+02 4.35000000e+02 3.48619201e-01 2.00000000e+00]
[3.95000000e+02 7.00000000e+02 3.51101656e-01 1.00000000e+01]
[7.25000000e+02 3.20000000e+01 3.52701075e-01 1.30000000e+01]
[7.35000000e+02 7.22000000e+02 3.53380025e-01 4.00000000e+00]
[3.00000000e+00 7.14000000e+02 3.53441512e-01 4.80000000e+01]
[2.30000000e+01 7.44000000e+02 3.53753153e-01 1.40000000e+01]
[5.08000000e+02 7.26000000e+02 3.54444924e-01 8.00000000e+00]
[7.28000000e+02 4.22000000e+02 3.54942583e-01 4.00000000e+00]
[5.12000000e+02 7.42000000e+02 3.55249845e-01 3.00000000e+00]
[6.52000000e+02 5.19000000e+02 3.55464804e-01 6.00000000e+00]
[7.41000000e+02 7.46000000e+02 3.55723251e-01 5.00000000e+01]
[ 18.        294.          0.3569217   2.       ]
[1.00000000e+01 7.24000000e+02 3.58823954e-01 6.00000000e+00]
[3.62000000e+02 3.30000000e+01 3.58973055e-01 2.00000000e+00]
[4.42000000e+02 7.16000000e+02 3.59081022e-01 6.00000000e+00]
[7.49000000e+02 4.49000000e+02 3.59616818e-01 5.00000000e+00]
[7.11000000e+02 7.27000000e+02 3.60718573e-01 4.00000000e+00]
[7.15000000e+02 1.86000000e+02 3.61178498e-01 8.00000000e+00]
[4.21000000e+02 7.45000000e+02 3.63063524e-01 5.00000000e+00]
[3.87000000e+02 3.49000000e+02 3.63336515e-01 2.00000000e+00]
[5.70000000e+01 7.57000000e+02 3.64628694e-01 6.00000000e+00]
[5.13000000e+02 7.37000000e+02 3.66455429e-01 4.00000000e+00]
[7.19000000e+02 8.80000000e+01 3.66873044e-01 3.00000000e+00]
[7.21000000e+02 7.33000000e+02 3.67248106e-01 8.00000000e+00]
[6.92000000e+02 7.47000000e+02 3.67668369e-01 2.10000000e+01]
[222.         299.           0.36824334   2.        ]
[2.76000000e+02 5.41000000e+02 3.68397223e-01 4.00000000e+00]
[7.31000000e+02 7.36000000e+02 3.68511376e-01 5.00000000e+00]
[4.40000000e+01 4.52000000e+02 3.69158875e-01 2.00000000e+00]
[7.58000000e+02 7.69000000e+02 3.70145124e-01 9.00000000e+00]
[7.01000000e+02 2.55000000e+02 3.70589681e-01 4.00000000e+00]
[5.10000000e+01 6.62000000e+02 3.72658853e-01 5.00000000e+00]
[6.75000000e+02 3.97000000e+02 3.73787758e-01 5.00000000e+00]
[5.35000000e+02 7.60000000e+02 3.74309095e-01 6.00000000e+00]
[1.74000000e+02 7.39000000e+02 3.76379285e-01 1.40000000e+01]
[7.40000000e+02 7.62000000e+02 3.77342848e-01 9.00000000e+00]
[2.50000000e+01 4.04000000e+02 3.77865521e-01 2.00000000e+00]
[2.2700000e+02 7.2300000e+02 3.7875622e-01 1.4000000e+01]
[2.59000000e+02 7.79000000e+02 3.79027489e-01 1.50000000e+01]
[4.46000000e+02 7.75000000e+02 3.79031639e-01 7.00000000e+00]
[7.09000000e+02 1.73000000e+02 3.80142228e-01 3.00000000e+00]
[4.57000000e+02 7.71000000e+02 3.80498959e-01 1.00000000e+01]
[3.98000000e+02 3.89000000e+02 3.80584376e-01 2.00000000e+00]
[4.95000000e+02 7.18000000e+02 3.80604471e-01 5.00000000e+00]
[3.40000000e+01 7.80000000e+02 3.80606447e-01 1.60000000e+01]
[3.78000000e+02 7.55000000e+02 3.82759152e-01 3.00000000e+00]
[7.52000000e+02 4.63000000e+02 3.83025015e-01 5.10000000e+01]
[7.56000000e+02 4.96000000e+02 3.84868314e-01 7.00000000e+00]
[7.84000000e+02 5.97000000e+02 3.85374296e-01 4.00000000e+00]
[5.90000000e+01 7.76000000e+02 3.85591371e-01 1.50000000e+01]
[7.650000e+02 5.930000e+02 3.863365e-01 1.000000e+01]
[9.40000000e+01 7.83000000e+02 3.86674556e-01 1.10000000e+01]
[7.50000000e+02 7.63000000e+02 3.87341123e-01 7.00000000e+00]
[6.72000000e+02 7.59000000e+02 3.87394784e-01 1.10000000e+01]
[1.87000000e+02 5.00000000e+02 3.87470972e-01 2.00000000e+00]
[4.17000000e+02 7.38000000e+02 3.87854416e-01 5.00000000e+00]
[4.94000000e+02 7.93000000e+02 3.88668735e-01 1.20000000e+01]
[3.23000000e+02 7.81000000e+02 3.89302511e-01 8.00000000e+00]
[3.93000000e+02 7.48000000e+02 3.89567065e-01 9.00000000e+00]
[224.         232.           0.39003355   2.        ]
[7.64000000e+02 4.10000000e+02 3.91472225e-01 4.00000000e+00]
[3.31000000e+02 7.78000000e+02 3.91778535e-01 3.00000000e+00]
[1.58000000e+02 6.71000000e+02 3.92491085e-01 3.00000000e+00]
[235.         267.           0.39389104   2.        ]
[4.50000000e+02 7.73000000e+02 3.93913126e-01 6.00000000e+00]
[7.67000000e+02 7.43000000e+02 3.94439407e-01 1.20000000e+01]
[0.0000000e+00 8.0300000e+02 3.9451104e-01 4.0000000e+00]
[7.51000000e+02 1.44000000e+02 3.96468917e-01 7.00000000e+00]
[7.89000000e+02 1.68000000e+02 3.96826694e-01 8.00000000e+00]
[161.         260.           0.39744915   2.        ]
[4.76000000e+02 5.15000000e+02 3.98355483e-01 2.00000000e+00]
[7.72000000e+02 7.77000000e+02 4.00913724e-01 1.30000000e+01]
[3.42000000e+02 8.13000000e+02 4.01133942e-01 1.40000000e+01]
[3.7000000e+01 7.8200000e+02 4.0211764e-01 4.0000000e+00]
[2.41000000e+02 7.85000000e+02 4.05116673e-01 6.00000000e+00]
[2.50000000e+02 7.86000000e+02 4.05305431e-01 1.70000000e+01]
[8.10000000e+02 4.83000000e+02 4.05444757e-01 9.00000000e+00]
[7.74000000e+02 6.33000000e+02 4.05494722e-01 7.00000000e+00]
[3.53000000e+02 8.04000000e+02 4.05960487e-01 4.00000000e+00]
[2.15000000e+02 8.20000000e+02 4.07102939e-01 5.00000000e+00]
[8.18000000e+02 8.17000000e+02 4.08782456e-01 2.60000000e+01]
[1.05000000e+02 6.31000000e+02 4.09319899e-01 3.00000000e+00]
[6.10000000e+01 7.97000000e+02 4.09688705e-01 6.00000000e+00]
[7.53000000e+02 3.80000000e+01 4.09897665e-01 3.00000000e+00]
[137.         243.           0.41037754   2.        ]
[2.6300000e+02 8.0200000e+02 4.1121227e-01 5.0000000e+00]
[7.50000000e+01 8.06000000e+02 4.12282848e-01 7.00000000e+00]
[7.91000000e+02 2.80000000e+02 4.12481935e-01 1.60000000e+01]
[7.92000000e+02 7.66000000e+02 4.12556499e-01 3.10000000e+01]
[3.76000000e+02 7.94000000e+02 4.13338695e-01 8.00000000e+00]
[4.59000000e+02 8.24000000e+02 4.13500141e-01 7.00000000e+00]
[7.87000000e+02 7.90000000e+02 4.15153422e-01 7.00000000e+00]
[8.33000000e+02 1.49000000e+02 4.15284073e-01 8.00000000e+00]
[8.29000000e+02 3.13000000e+02 4.16569827e-01 1.70000000e+01]
[2.02000000e+02 8.16000000e+02 4.17187881e-01 7.00000000e+00]
[3.7300000e+02 7.9800000e+02 4.1885923e-01 1.3000000e+01]
[273.          26.           0.41907729   2.        ]
[3.60000000e+01 5.26000000e+02 4.19102345e-01 2.00000000e+00]
[3.5800000e+02 8.3000000e+02 4.2145659e-01 3.2000000e+01]
[5.01000000e+02 8.37000000e+02 4.22559444e-01 1.40000000e+01]
[1.1800000e+02 7.0500000e+02 4.2264419e-01 4.0000000e+00]
[8.15000000e+02 8.05000000e+02 4.23564459e-01 6.00000000e+00]
[5.39000000e+02 8.43000000e+02 4.24310566e-01 7.00000000e+00]
[2.92000000e+02 8.34000000e+02 4.25647481e-01 9.00000000e+00]
[6.61000000e+02 8.08000000e+02 4.26394749e-01 7.00000000e+00]
[193.         279.           0.42693964   2.        ]
[1.59000000e+02 8.32000000e+02 4.29377154e-01 8.00000000e+00]
[2.96000000e+02 8.40000000e+02 4.30543503e-01 3.30000000e+01]
[4.72000000e+02 5.95000000e+02 4.31092044e-01 3.00000000e+00]
[5.20000000e+02 8.21000000e+02 4.31864819e-01 6.00000000e+00]
[3.48000000e+02 6.85000000e+02 4.33555248e-01 5.00000000e+00]
[3.44000000e+02 8.31000000e+02 4.34779598e-01 9.00000000e+00]
[4.65000000e+02 8.46000000e+02 4.34839766e-01 8.00000000e+00]
[3.52000000e+02 8.28000000e+02 4.35862646e-01 8.00000000e+00]
[3.38000000e+02 8.22000000e+02 4.36965926e-01 2.70000000e+01]
[7.9900000e+02 6.3500000e+02 4.3704969e-01 1.0000000e+01]
[6.97000000e+02 7.29000000e+02 4.37749842e-01 7.00000000e+00]
[8.25000000e+02 1.38000000e+02 4.38561228e-01 4.00000000e+00]
[4.66000000e+02 6.63000000e+02 4.38727719e-01 3.00000000e+00]
[28.         96.          0.44006489  2.        ]
[1.41000000e+02 6.19000000e+02 4.41957419e-01 4.00000000e+00]
[8.09000000e+02 3.71000000e+02 4.42490677e-01 8.00000000e+00]
[8.59000000e+02 8.23000000e+02 4.43098764e-01 7.00000000e+00]
[6.23000000e+02 8.41000000e+02 4.43135535e-01 1.60000000e+01]
[8.3800000e+02 8.5400000e+02 4.4395702e-01 1.0000000e+01]
[7.90000000e+01 7.61000000e+02 4.43989985e-01 3.00000000e+00]
[257.         293.           0.44435137   2.        ]
[8.07000000e+02 9.90000000e+01 4.44561227e-01 1.30000000e+01]
[8.0000000e+02 8.5600000e+02 4.4517276e-01 3.6000000e+01]
[5.32000000e+02 8.53000000e+02 4.47096281e-01 1.00000000e+01]
[1.06000000e+02 8.27000000e+02 4.47653767e-01 6.00000000e+00]
[1.00000000e+02 8.65000000e+02 4.47925154e-01 1.70000000e+01]
[4.3200000e+02 5.4900000e+02 4.4912034e-01 3.0000000e+00]
[8.14000000e+02 2.03000000e+02 4.50606334e-01 1.50000000e+01]
[1.63000000e+02 8.01000000e+02 4.50805686e-01 3.00000000e+00]
[312.         430.           0.45107193   2.        ]
[4.84000000e+02 8.12000000e+02 4.51764825e-01 3.00000000e+00]
[1.75000000e+02 8.55000000e+02 4.52514199e-01 9.00000000e+00]
[8.67000000e+02 5.24000000e+02 4.52682033e-01 4.00000000e+00]
[2.58000000e+02 8.45000000e+02 4.53835504e-01 1.00000000e+01]
[8.6900000e+02 7.0200000e+02 4.5474745e-01 1.8000000e+01]
[3.25000000e+02 8.63000000e+02 4.54787877e-01 9.00000000e+00]
[7.70000000e+02 3.37000000e+02 4.56043895e-01 3.00000000e+00]
[5.30000000e+01 8.81000000e+02 4.56496531e-01 1.10000000e+01]
[8.75000000e+02 4.82000000e+02 4.56577717e-01 1.60000000e+01]
[8.36000000e+02 2.85000000e+02 4.56930285e-01 8.00000000e+00]
[8.60000000e+02 4.81000000e+02 4.57104332e-01 4.00000000e+00]
[8.86000000e+02 6.00000000e+02 4.57268221e-01 1.80000000e+01]
[2.31000000e+02 8.57000000e+02 4.58094973e-01 1.10000000e+01]
[8.89000000e+02 3.68000000e+02 4.59711798e-01 1.90000000e+01]
[8.68000000e+02 8.51000000e+02 4.60021668e-01 8.00000000e+00]
[8.49000000e+02 7.68000000e+02 4.60785139e-01 3.70000000e+01]
[146.         451.           0.46105949   2.        ]
[7.00000000e+00 8.79000000e+02 4.61331819e-01 1.00000000e+01]
[1.67000000e+02 8.87000000e+02 4.61977598e-01 9.00000000e+00]
[1.11000000e+02 8.93000000e+02 4.62046914e-01 3.80000000e+01]
[8.2600000e+02 8.7300000e+02 4.6389923e-01 1.9000000e+01]
[8.80000000e+02 8.97000000e+02 4.64748853e-01 4.20000000e+01]
[1.02000000e+02 8.95000000e+02 4.64909869e-01 1.10000000e+01]
[8.11000000e+02 8.94000000e+02 4.65986813e-01 4.00000000e+00]
[8.6100000e+02 8.5200000e+02 4.6702949e-01 7.0000000e+00]
[2.53000000e+02 8.82000000e+02 4.67484704e-01 1.90000000e+01]
[7.54000000e+02 1.88000000e+02 4.68276392e-01 7.00000000e+00]
[6.05000000e+02 9.01000000e+02 4.69684408e-01 6.00000000e+00]
[3.99000000e+02 8.66000000e+02 4.69771708e-01 1.10000000e+01]
[4.53000000e+02 8.98000000e+02 4.71046847e-01 2.00000000e+01]
[8.88000000e+02 8.77000000e+02 4.72907997e-01 6.00000000e+00]
[5.37000000e+02 9.02000000e+02 4.73103879e-01 8.00000000e+00]
[3.60000000e+02 8.19000000e+02 4.73147146e-01 8.00000000e+00]
[4.9900000e+02 8.9100000e+02 4.7430152e-01 2.0000000e+01]
[3.92000000e+02 6.20000000e+02 4.78685921e-01 3.00000000e+00]
[1.10000000e+01 8.70000000e+02 4.79766462e-01 3.70000000e+01]
[8.48000000e+02 8.85000000e+02 4.80196093e-01 1.90000000e+01]
[8.76000000e+02 8.72000000e+02 4.80499893e-01 9.00000000e+00]
[8.50000000e+02 8.64000000e+02 4.81149259e-01 1.00000000e+01]
[4.03000000e+02 9.06000000e+02 4.81536785e-01 1.20000000e+01]
[7.10000000e+01 8.99000000e+02 4.81682244e-01 4.30000000e+01]
[2.17000000e+02 9.03000000e+02 4.82711251e-01 2.00000000e+01]
[8.90000000e+01 9.17000000e+02 4.83304997e-01 1.30000000e+01]
[4.80000000e+01 9.04000000e+02 4.83567601e-01 8.00000000e+00]
[5.1000000e+02 9.0700000e+02 4.8415797e-01 2.1000000e+01]
[2.23000000e+02 9.22000000e+02 4.84305114e-01 2.20000000e+01]
[2.86000000e+02 9.16000000e+02 4.86188505e-01 1.10000000e+01]
[3.85000000e+02 9.24000000e+02 4.91543456e-01 1.20000000e+01]
[1.98000000e+02 8.83000000e+02 4.92810496e-01 1.00000000e+01]
[5.14000000e+02 6.28000000e+02 4.94551674e-01 5.00000000e+00]
[3.30000000e+02 9.18000000e+02 4.96121542e-01 4.40000000e+01]
[8.44000000e+02 9.14000000e+02 4.96297662e-01 2.60000000e+01]
[8.71000000e+02 8.78000000e+02 4.97048755e-01 1.30000000e+01]
[4.31000000e+02 9.11000000e+02 4.97710828e-01 2.10000000e+01]
[4.91000000e+02 9.28000000e+02 4.97953597e-01 4.50000000e+01]
[1.45000000e+02 9.19000000e+02 4.99122718e-01 2.10000000e+01]
[4.01000000e+02 9.31000000e+02 5.00264806e-01 2.20000000e+01]
[3.26000000e+02 9.09000000e+02 5.00954166e-01 9.00000000e+00]
[9.20000000e+02 8.84000000e+02 5.00996774e-01 1.60000000e+01]
[3.06000000e+02 5.34000000e+02 5.01114447e-01 2.00000000e+00]
[1.9000000e+02 9.3600000e+02 5.0376708e-01 1.7000000e+01]
[5.36000000e+02 9.23000000e+02 5.04660584e-01 2.30000000e+01]
[5.60000000e+02 9.30000000e+02 5.05101674e-01 1.50000000e+01]
[8.00000000e+00 9.25000000e+02 5.05129222e-01 1.30000000e+01]
[8.35000000e+02 3.32000000e+02 5.05644907e-01 1.80000000e+01]
[8.920000e+02 9.380000e+02 5.059797e-01 2.500000e+01]
[9.29000000e+02 6.90000000e+01 5.07124447e-01 2.70000000e+01]
[3.54000000e+02 9.32000000e+02 5.08268904e-01 4.60000000e+01]
[4.11000000e+02 9.44000000e+02 5.10176784e-01 2.80000000e+01]
[9.08000000e+02 9.34000000e+02 5.13405106e-01 2.80000000e+01]
[9.15000000e+02 4.40000000e+02 5.14107816e-01 1.00000000e+01]
[8.62000000e+02 9.05000000e+02 5.15449507e-01 1.00000000e+01]
[8.39000000e+02 9.40000000e+02 5.16153092e-01 1.70000000e+01]
[8.90000000e+02 2.42000000e+02 5.17163329e-01 1.20000000e+01]
[9.00000000e+02 3.75000000e+02 5.17936523e-01 1.20000000e+01]
[8.40000000e+01 9.43000000e+02 5.18599346e-01 2.60000000e+01]
[2.88000000e+02 9.48000000e+02 5.19862088e-01 1.10000000e+01]
[ 42.         126.           0.52260387   2.        ]
[5.05000000e+02 9.41000000e+02 5.22666394e-01 1.40000000e+01]
[9.52000000e+02 9.47000000e+02 5.23189183e-01 4.00000000e+01]
[1.34000000e+02 9.42000000e+02 5.24279064e-01 1.90000000e+01]
[1.16000000e+02 9.13000000e+02 5.24848898e-01 3.80000000e+01]
[9.51000000e+02 9.33000000e+02 5.25980912e-01 3.30000000e+01]
[9.10000000e+02 9.54000000e+02 5.27413566e-01 1.90000000e+01]
[9.46000000e+02 1.81000000e+02 5.27824979e-01 2.90000000e+01]
[4.30000000e+01 7.88000000e+02 5.28494831e-01 5.20000000e+01]
[9.26000000e+02 3.10000000e+01 5.28675623e-01 1.10000000e+01]
[9.57000000e+02 1.84000000e+02 5.30140133e-01 4.10000000e+01]
[2.82000000e+02 9.65000000e+02 5.30200123e-01 4.20000000e+01]
[9.53000000e+02 5.31000000e+02 5.30308337e-01 2.70000000e+01]
[3.43000000e+02 9.67000000e+02 5.32549606e-01 2.80000000e+01]
[1.57000000e+02 9.58000000e+02 5.32799356e-01 2.00000000e+01]
[2.81000000e+02 9.35000000e+02 5.32959173e-01 1.00000000e+01]
[4.93000000e+02 6.04000000e+02 5.34243931e-01 3.00000000e+00]
[9.56000000e+02 9.63000000e+02 5.34386066e-01 6.60000000e+01]
[4.70000000e+01 9.64000000e+02 5.37488129e-01 1.20000000e+01]
[8.58000000e+02 6.15000000e+02 5.38412862e-01 9.00000000e+00]
[4.25000000e+02 9.59000000e+02 5.38980418e-01 3.90000000e+01]
[9.66000000e+02 4.06000000e+02 5.46191476e-01 4.30000000e+01]
[6.00000000e+01 9.75000000e+02 5.46411675e-01 4.00000000e+01]
[7.34000000e+02 9.61000000e+02 5.48690719e-01 2.40000000e+01]
[9.70000000e+02 9.68000000e+02 5.51668027e-01 3.80000000e+01]
[8.96000000e+02 9.69000000e+02 5.51696311e-01 2.90000000e+01]
[8.42000000e+02 9.72000000e+02 5.52968864e-01 7.00000000e+01]
[9.37000000e+02 9.60000000e+02 5.54500567e-01 3.50000000e+01]
[9.45000000e+02 2.54000000e+02 5.56632076e-01 4.70000000e+01]
[4.9800000e+02 9.5500000e+02 5.5898053e-01 3.0000000e+00]
[9.83000000e+02 9.62000000e+02 5.59230168e-01 7.60000000e+01]
[9.77000000e+02 9.49000000e+02 5.62021439e-01 5.00000000e+01]
[8.74000000e+02 9.86000000e+02 5.64030424e-01 5.30000000e+01]
[1.10000000e+02 9.80000000e+02 5.65561188e-01 3.00000000e+01]
[3.90000000e+01 9.79000000e+02 5.68000921e-01 3.90000000e+01]
[9.74000000e+02 5.87000000e+02 5.69338163e-01 1.10000000e+01]
[2.87000000e+02 9.85000000e+02 5.70486232e-01 7.70000000e+01]
[133.         364.           0.57246752   2.        ]
[2.34000000e+02 9.82000000e+02 5.73545622e-01 3.60000000e+01]
[107.         316.           0.57355423   2.        ]
[9.87000000e+02 9.89000000e+02 5.74805179e-01 9.20000000e+01]
[9.71000000e+02 8.47000000e+02 5.76465684e-01 5.00000000e+00]
[9.73000000e+02 4.64000000e+02 5.77855566e-01 1.30000000e+01]
[4.16000000e+02 9.97000000e+02 5.79255115e-01 1.40000000e+01]
[5.60000000e+01 7.96000000e+02 5.80151589e-01 3.00000000e+00]
[9.78000000e+02 4.75000000e+02 5.81616453e-01 2.50000000e+01]
[4.56000000e+02 9.91000000e+02 5.82117636e-01 7.80000000e+01]
[5.90000000e+02 9.76000000e+02 5.83270804e-01 4.50000000e+01]
[9.81000000e+02 1.00200000e+03 5.83314255e-01 1.15000000e+02]
[4.97000000e+02 9.93000000e+02 5.86367692e-01 3.70000000e+01]
[3.04000000e+02 9.95000000e+02 5.87733844e-01 9.30000000e+01]
[9.27000000e+02 1.00300000e+03 5.90778927e-01 1.20000000e+02]
[7.95000000e+02 9.88000000e+02 5.92938106e-01 4.10000000e+01]
[9.21000000e+02 1.00600000e+03 5.95019841e-01 1.28000000e+02]
[4.74000000e+02 1.00000000e+03 5.96314499e-01 2.60000000e+01]
[2.6800000e+02 1.0080000e+03 5.9765089e-01 1.2900000e+02]
[3.51000000e+02 9.96000000e+02 5.97714888e-01 6.00000000e+00]
[4.55000000e+02 9.50000000e+02 5.98209621e-01 1.80000000e+01]
[9.90000000e+02 9.98000000e+02 5.99162168e-01 2.50000000e+01]
[3.10000000e+02 1.00500000e+03 6.03468417e-01 9.40000000e+01]
[1.14000000e+02 1.01300000e+03 6.07028396e-01 2.60000000e+01]
[1.77000000e+02 1.00400000e+03 6.08552308e-01 3.80000000e+01]
[1.01100000e+03 1.00900000e+03 6.10436088e-01 3.20000000e+01]
[4.88000000e+02 1.01400000e+03 6.11651044e-01 9.50000000e+01]
[504.         15.          0.6127664   2.       ]
[9.84000000e+02 1.01800000e+03 6.17573273e-01 9.80000000e+01]
[1.01200000e+03 1.01700000e+03 6.17860923e-01 5.00000000e+01]
[9.39000000e+02 9.12000000e+02 6.21019829e-01 2.60000000e+01]
[1.0220000e+03 4.7000000e+02 6.3078337e-01 2.7000000e+01]
[1.0230000e+03 4.0700000e+02 6.3216996e-01 2.8000000e+01]
[4.20000000e+02 1.00700000e+03 6.32575395e-01 4.20000000e+01]
[1.02000000e+03 1.01600000e+03 6.34638642e-01 1.36000000e+02]
[9.99000000e+02 9.92000000e+02 6.35019597e-01 5.00000000e+00]
[1.20000000e+02 1.02400000e+03 6.37953103e-01 2.90000000e+01]
[5.02000000e+02 1.01000000e+03 6.39011008e-01 1.30000000e+02]
[2.0000000e+00 1.0210000e+03 6.4505602e-01 5.1000000e+01]
[5.50000000e+01 9.94000000e+02 6.45587538e-01 3.00000000e+00]
[1.31000000e+02 1.02600000e+03 6.49149917e-01 1.37000000e+02]
[1.00100000e+03 3.19000000e+02 6.49176081e-01 7.90000000e+01]
[1.03300000e+03 1.02500000e+03 6.49779876e-01 1.21000000e+02]
[1.02700000e+03 3.79000000e+02 6.54375874e-01 6.00000000e+00]
[3.77000000e+02 1.03500000e+03 6.58212857e-01 7.00000000e+00]
[1.03000000e+03 3.88000000e+02 6.59340502e-01 5.20000000e+01]
[7.7000000e+01 1.0340000e+03 6.6246269e-01 1.2200000e+02]
[1.01500000e+03 1.91000000e+02 6.63509467e-01 2.70000000e+01]
[4.19000000e+02 1.03200000e+03 6.66667814e-01 1.38000000e+02]
[3.70000000e+02 1.02900000e+03 6.68533446e-01 1.31000000e+02]
[169.         179.           0.67049054   2.        ]
[4.50000000e+01 1.03700000e+03 6.75155275e-01 5.30000000e+01]
[3.55000000e+02 1.03900000e+03 6.78939451e-01 2.80000000e+01]
[4.47000000e+02 1.04100000e+03 6.85340388e-01 1.32000000e+02]
[1.04000000e+03 1.01900000e+03 6.92466912e-01 1.40000000e+02]
[1.71000000e+02 1.04600000e+03 6.92707287e-01 1.41000000e+02]
[1.02800000e+03 5.07000000e+02 7.12900286e-01 3.00000000e+01]
[4.77000000e+02 1.04700000e+03 7.21908737e-01 1.42000000e+02]
[1.04400000e+03 1.04800000e+03 7.30230339e-01 5.80000000e+01]
[1.04500000e+03 1.04900000e+03 7.33572567e-01 2.74000000e+02]
[1.05100000e+03 1.03800000e+03 7.45815447e-01 3.96000000e+02]
[1.04300000e+03 4.34000000e+02 7.46731562e-01 5.40000000e+01]
[1.0500000e+03 4.4100000e+02 7.5225689e-01 5.9000000e+01]
[1.0360000e+03 1.0520000e+03 7.5964364e-01 4.0300000e+02]
[1.04200000e+03 1.05400000e+03 7.75648672e-01 6.10000000e+01]
[1.05300000e+03 1.47000000e+02 7.82867958e-01 5.50000000e+01]
[1.05700000e+03 1.03100000e+03 7.84301419e-01 5.80000000e+01]
[1.05800000e+03 1.30000000e+01 7.84956479e-01 5.90000000e+01]
[1.05900000e+03 1.05600000e+03 7.85330306e-01 1.20000000e+02]
[3.41000000e+02 1.05500000e+03 8.14354702e-01 4.04000000e+02]
[5.06000000e+02 1.06100000e+03 8.16099472e-01 4.05000000e+02]
[4.58000000e+02 1.06200000e+03 8.36575179e-01 4.06000000e+02]
[1.06000000e+03 1.06300000e+03 8.43970697e-01 5.26000000e+02]
[1.06400000e+03 1.08000000e+02 8.66818558e-01 5.27000000e+02]
[1.06500000e+03 8.60000000e+01 8.80069423e-01 5.28000000e+02]
[1.06600000e+03 1.62000000e+02 8.80359449e-01 5.29000000e+02]
[1.06700000e+03 3.14000000e+02 8.80557995e-01 5.30000000e+02]
[1.06800000e+03 3.11000000e+02 8.80867544e-01 5.31000000e+02]
[1.06900000e+03 2.12000000e+02 8.81102592e-01 5.32000000e+02]
[4.43000000e+02 1.07000000e+03 8.94250697e-01 5.33000000e+02]
[1.66000000e+02 1.07100000e+03 9.02072257e-01 5.34000000e+02]
[1.07200000e+03 4.23000000e+02 9.94163062e-01 5.35000000e+02]
[1.0730000e+03 2.7700000e+02 9.9460073e-01 5.3600000e+02]
[1.07400000e+03 4.29000000e+02 9.94737584e-01 5.37000000e+02]
[201.         533.           1.03098503   2.        ]
[1075.          289.            1.07977485  538.        ]
[1077.         1076.            1.11783118  540.        ]
