[[array([ 1.08804019,  0.        ,  0.        ,  0.        , -0.18236619,
       -0.92721653,  0.58033578,  0.08933072,  0.        ,  2.26862086,
        1.04676813,  0.2536628 , -0.1309311 , -0.45344421,  0.33963467,
       -1.05214264, -0.00421059,  0.39849515,  0.        ,  0.        ,
        0.        ,  0.        ])]
 [array([ 1.08804019,  0.        ,  0.        , -0.4092668 , -0.4924944 ,
       -0.02626827,  0.355377  , -3.45811795,  0.19453194,  0.18042114,
       -0.69904817, -0.19587508,  0.        ])]
 [array([ 1.08804019,  0.        , -0.51201055,  0.23884501,  0.45386194,
       -2.86642798, -0.26826357,  0.28873085,  0.        ,  0.        ,
        0.        ])]
 [array([ 1.08804019,  0.        ,  2.26862086, -0.12089451, -0.00747494,
        0.113069  ,  2.26862086, -0.12089451, -0.09065041, -0.09134079,
       -1.16480441,  0.188752  ,  0.        ,  0.        ])]
 [array([ 0.        ,  0.2324613 ,  0.        , -1.01742015, -0.59126343,
       -2.86642798, -0.84756018, -0.03379178, -0.37628321,  0.222434  ,
        0.11149738,  0.38294102, -0.17349854,  0.355377  ,  0.05560408,
       -0.01668537, -0.03379178,  0.48934824,  0.        ,  0.        ])]
 [array([ 1.08804019,  0.        , -3.26539019,  0.224669  , -1.16480441,
       -0.27229462, -0.2280804 , -0.8140666 , -0.34962939,  0.23884501,
       -0.83078137,  0.        ,  0.        ])]
 [array([ 1.08804019,  0.        , -0.04716459,  0.21789899, -0.50314537,
       -0.2719889 , -1.01742015, -0.80418699,  0.0405232 ,  0.355377  ,
        2.26862086,  0.55531351,  1.75318794,  0.3164785 ,  0.30643522,
        0.355377  ,  0.39493312, -1.16480441, -0.27229462,  0.        ,
       -3.26539019,  0.11969423, -0.1427098 ,  0.        ])]
 [array([ 1.08804019,  0.        , -2.64679638,  0.39493312, -0.39504022,
        0.08933072, -0.33033741,  1.4161066 , -0.26265046, -1.16480441,
       -0.26303464, -0.1427098 ,  0.224669  ,  0.09994157,  0.        ,
       -0.92721653, -0.18236619,  0.        ,  0.39849515,  0.        ,
        0.        ])]
 [array([ 1.08804019,  0.        , -0.14059047,  0.39946785, -2.32465631,
        0.54007645, -0.09065041, -2.32465631,  0.14586839,  0.4302578 ,
        0.08671259,  0.77967553, -3.26539019, -0.18236619,  0.        ,
        0.        ])]
 [array([ 1.08804019,  0.        ,  0.39497801,  2.26862086,  0.37964821,
       -0.19112259,  2.26862086, -0.10377359, -1.16480441,  0.188752  ,
       -0.20186541, -3.26539019, -0.18236619, -0.45344421,  0.33963467,
       -0.57425926,  0.32283784, -0.16814962, -0.36294757,  0.        ,
        0.        ,  0.25726371,  0.        ,  0.        ,  0.        ])]
 [array([ 1.08804019,  0.        , -0.03379178, -3.26539019, -0.00573341,
       -0.39034042, -1.05214264,  0.14586839, -0.42846533,  2.26862086,
       -0.51671139, -0.80418699, -1.23469082, -0.00573341, -0.40192838,
       -0.57425926, -0.18119781, -0.08269795,  0.        ,  0.        ,
        0.        ])]
 [array([ 1.08804019,  0.        , -0.19313961, -0.1427098 , -3.26539019,
        0.15974702,  1.75318794, -0.36294757, -0.00747494, -0.28273521,
       -2.86642798, -0.51671139, -2.86642798, -1.34437735,  0.23884501,
       -1.3014572 ,  0.        ,  0.        ])]
 [array([ 1.08804019,  0.        , -0.12895158,  0.19087421,  0.355377  ,
       -0.5565164 ,  2.26862086,  0.37964821,  1.75318794,  0.52298282,
       -1.1037514 ,  2.26862086, -0.1993498 , -0.78054219, -0.765517  ,
        0.54007645, -0.20064387,  0.        ,  0.        ])]
 [array([ 1.08804019e+00,  0.00000000e+00, -1.05214264e+00,  7.59180237e-02,
       -3.26539019e+00,  3.94933123e-01,  1.75318794e+00,  3.01693852e-01,
       -3.62947568e-01, -3.61060794e-01,  2.38845008e-01, -5.15527403e-01,
        8.69853162e-02,  4.70992303e-02, -1.10375140e+00, -5.08284895e-01,
        1.60841575e-01,  2.83837505e-04,  5.22982817e-01,  1.51853832e-01,
       -2.72294623e-01,  2.32461304e-01,  0.00000000e+00,  0.00000000e+00])]
 [array([ 1.08804019,  0.        ,  0.15974702, -1.16480441, -0.18236619,
       -0.19171232,  0.887514  ,  0.1890336 ,  0.        ,  0.        ,
        0.        ])]
 [array([ 1.08804019,  0.        ,  2.26862086,  0.40667283, -0.712027  ,
        0.83918155, -0.36573136,  0.23884501,  0.45231511, -0.38952041,
       -0.33033741,  0.40625626,  0.21978115,  0.        ,  0.        ])]
 [array([ 1.08804019,  0.        , -1.42132888,  0.54007645, -0.69904817,
       -0.15143206, -0.1000514 ,  0.36628441,  1.73303558, -2.64679638,
        0.525824  , -0.64685811,  0.34618155,  0.355377  ,  2.26862086,
        0.21216778, -0.20851413,  0.        ,  0.        ,  0.        ])]
 [array([ 1.08804019,  0.        ,  0.        , -0.51493844,  0.52298282,
       -0.03379178,  0.51537237, -1.21060376, -0.61631493, -0.18236619,
        0.19946247,  0.57607205,  0.43417983,  0.36229573,  0.57607205,
        0.53555059,  0.23884501,  0.66794416,  0.        ])]
 [array([ 1.08804019,  0.        , -3.26539019, -0.3985041 ,  0.54007645,
       -0.92721653, -0.8140666 , -0.1993498 , -3.26539019, -0.3985041 ,
        0.54007645, -0.92721653, -0.8140666 , -0.1993498 , -3.26539019,
       -0.3985041 ,  0.54007645, -0.92721653, -0.8140666 , -0.1993498 ,
       -3.26539019, -0.3985041 ,  0.54007645, -0.92721653, -0.8140666 ,
       -0.1993498 , -3.26539019,  0.        ])]
 [array([ 1.08804019,  0.        ,  0.1171392 , -1.42132888,  0.01208569,
        0.        , -0.16843126, -0.25183458, -0.15932436,  0.40679   ,
        0.355377  , -2.64679638,  0.09956407,  1.4161066 ,  0.11451501,
       -0.765517  , -0.40590171,  0.        ,  0.        ])]
 [array([ 1.08804019,  0.        ,  2.26862086, -0.36294757,  0.31977521,
        0.23884501,  0.09515566,  0.10424302, -0.58805018,  0.57607205,
        0.45231511,  0.47263741, -3.26539019,  0.0656732 , -0.33525142,
       -0.06322305,  0.05707599, -0.64685811,  0.24684697, -2.64679638,
        0.13408869,  0.355377  ,  1.04676813, -0.5041068 ,  0.        ])]
 [array([ 1.08804019,  0.        , -3.26539019,  0.224669  , -1.16480441,
       -0.27229462, -0.2280804 , -0.8140666 , -0.34962939,  0.        ,
        0.2324613 ,  0.        ])]
 [array([ 1.08804019,  0.        ,  0.30592299, -0.69904817,  0.1078876 ,
       -0.09065041, -0.1427098 ,  0.7193547 , -0.17616661,  0.30169385,
        0.30994121,  0.40679   , -0.33525142, -0.91145182, -2.86642798,
       -0.18336705, -0.45319069, -0.42124286,  0.06785718, -0.13448484,
       -0.45870295,  0.        ])]
 [array([ 1.08804019,  0.        , -0.03278187, -0.1427098 ,  0.55644296,
       -3.26539019,  0.17813329, -1.16480441, -0.23123129, -0.33270054,
        0.        ,  0.        ])]
 [array([ 1.08804019,  0.        , -0.22832226, -1.16480441,  0.54007645,
        0.224669  ,  0.23884501, -0.27229462,  0.53715746,  0.23884501,
        0.17137677,  0.07497478, -0.29299209, -0.12873541, -0.3306476 ,
        0.32283784,  0.52298282,  0.45231511,  1.75318794,  0.52298282,
        0.        ])]
 [array([ 1.08804019,  0.        , -0.32721841, -1.16480441, -0.12873541,
        0.39224734, -2.32465631, -0.32034347,  0.3009654 , -0.1427098 ,
       -0.45870295, -2.86642798,  0.00549572,  0.        ,  0.        ,
        0.        ,  0.        ])]
 [array([ 1.08804019,  0.        ,  1.68255676,  2.26862086,  3.31614743,
        0.05609321,  0.14696126, -3.26539019,  0.        ,  0.2324613 ,
       -0.1838768 , -0.11312916,  0.        ])]
 [array([0.        , 0.        , 1.02484849, 0.04871824, 0.1209937 ,
       0.33197999])]
 [array([ 1.08804019,  0.        ,  2.26862086, -0.33938224, -2.86642798,
        0.32512858,  0.34222331,  0.355377  , -3.26539019,  0.33242399,
       -0.44792081,  0.        ,  0.        ,  0.        ,  0.        ,
        0.        ])]
 [array([ 1.08804019,  0.        , -0.1427098 , -0.20429059, -0.45870295,
       -0.01104561,  0.21789899,  0.08933072, -0.28274046,  0.23884501,
       -0.37538001,  0.64880279,  0.        ,  0.        ])]
 [array([-0.01822198,  0.04927004,  0.09994157,  0.        ,  0.        ])]
 [array([ 1.08804019,  0.        ,  0.        , -1.16480441,  0.        ,
       -0.33033741,  0.        ,  0.        ,  0.        ])]
 [array([ 1.08804019,  0.        , -0.18236619,  0.4692114 ,  0.288747  ,
       -1.05214264,  0.07591802,  2.26862086,  0.3164785 ,  0.42361025,
        0.        ])]
 [array([-0.6139686 , -1.01742015,  0.10032792, -0.1427098 , -3.26539019,
        0.53715746, -1.16480441,  0.54007645,  0.        , -2.86642798,
       -2.64679638, -0.03074276,  0.02808596,  0.1078876 ,  0.60120012,
       -3.26539019, -1.09906868,  0.45386194,  0.23884501,  0.        ,
        0.        ])]
 [array([ 1.08804019,  0.        , -3.26539019, -0.18236619, -0.6139686 ,
       -0.45870295,  0.5184871 , -3.26539019, -0.00421059,  0.39493312,
       -0.27473483, -3.26539019, -0.12873541,  0.39977233, -1.09906868,
        0.17445056,  0.        ,  0.        ])]
 [array([ 1.08804019,  0.        ,  0.        , -0.03379178, -0.97345667,
       -0.39388631, -2.86642798,  0.29172244, -0.12873541, -1.01742015,
       -0.75811017, -0.30290261, -0.45425037, -0.52688501,  0.56136099,
       -0.34688161, -0.35487168,  0.        ])]
 [array([ 1.08804019,  0.        , -0.15182645, -0.34374678, -0.1427098 ,
       -3.26539019, -0.47236121,  0.23884501,  2.51502287, -0.67723363,
        0.23884501,  0.48120819, -0.09127428, -0.41795336, -1.77548558,
        0.31109419, -3.26539019,  0.54007645, -0.50314537, -0.34243708,
       -0.01614243, -3.26539019,  0.09474164,  0.34757202,  1.75318794,
        0.        ])]
 [array([ 1.08804019,  0.        ,  2.26862086,  0.52298282, -0.1603612 ,
       -0.1427098 , -0.69904817,  0.23221264, -0.27678443,  0.4302578 ,
        0.12122957, -0.08507801,  2.26862086,  1.73303558, -0.79061701,
        0.        ,  0.        ])]
 [array([ 0.0163788 ,  0.14138567,  0.4988144 , -0.57425926,  0.18703837,
        0.288747  , -0.32692018,  0.57607205,  0.7113936 , -0.31771205,
        0.19808727, -3.26539019,  1.02484849,  0.2536628 , -0.10377359,
        0.07591802, -3.26539019, -0.49597044,  1.75318794, -0.1480012 ,
       -0.1427098 ,  0.        ,  0.        ])]
 [array([ 1.08804019e+00,  0.00000000e+00, -4.58702947e-01, -6.70374221e-01,
        1.79242904e-01, -1.42709802e-01, -1.42132888e+00,  5.40076454e-01,
       -1.10375140e+00, -1.65884803e-01, -3.26539019e+00,  1.88751999e-01,
       -4.58702947e-01, -8.78702600e-01,  7.29913153e-01, -3.26539019e+00,
       -1.82366189e-01, -1.42709802e-01, -8.04186992e-01,  2.83837505e-04,
        6.01200118e-01, -1.93139606e-01,  2.13783748e-01,  1.50372774e-01,
        0.00000000e+00])]
 [array([ 1.08804019,  0.        , -0.3817156 , -0.20843221, -0.1427098 ,
       -3.26539019,  0.07097618,  0.2766244 , -0.765517  ,  0.54007645,
        0.5010546 ,  2.26862086,  0.52298282, -1.1037514 ,  2.26862086,
       -0.21940181,  0.40218872,  0.01208569,  0.51060691, -0.42376566,
       -0.12811535,  1.75318794,  0.        ])]
 [array([ 1.08804019,  0.        , -1.42132888, -0.12873541,  0.1424381 ,
       -0.8140666 , -0.09065041, -0.40899352,  0.18932639, -3.26539019,
        0.58889918,  0.        ,  0.        ])]
 [array([ 1.08804019,  0.        ,  2.26862086,  0.07719679, -0.1427098 ,
       -1.01742015, -0.26956857,  0.355377  , -1.42132888, -0.12873541,
        0.08698532, -3.26539019,  0.01208569,  0.        ,  1.75318794,
        0.40667283,  0.        ,  0.        ])]
 [array([ 1.08804019,  0.        , -0.80418699,  0.00197031, -0.0937227 ,
        0.60120012, -1.09906868,  0.45386194,  0.13117061, -0.03893467,
        0.60120012, -1.09906868, -0.00573341,  0.        ,  0.        ])]
 [array([ 1.08804019,  0.        ,  0.77362978,  1.42764251, -0.03278187,
       -0.2719889 ,  0.40426024, -0.94784901,  0.17813329,  0.23884501,
        0.7193547 , -0.70463379,  0.        ,  0.        ])]
 [array([ 1.08804019,  0.        , -3.26539019,  0.33242399,  1.75318794,
        0.28414729,  0.35694852,  0.39493312, -0.1658848 ,  1.75318794,
        0.52298282, -0.21947182,  0.        ,  0.39849515,  0.        ])]
 [array([ 0.12558661, -3.26539019,  0.53104423,  0.11266077,  0.43290559,
        0.5422107 , -2.64679638,  0.2776004 ,  0.23884501,  1.04676813,
       -0.03278187, -0.50314537, -0.94784901,  0.188752  ,  0.247669  ,
       -0.1427098 , -0.48815902, -0.44792081, -0.08508315, -0.38952041,
       -0.1427098 ,  0.32407445, -3.26539019,  0.        ,  0.        ])]
 [array([ 1.08804019e+00,  0.00000000e+00, -4.55297194e-01,  4.20039569e-02,
       -1.01505454e-01,  3.55377002e-01, -3.26539019e+00,  0.00000000e+00,
       -1.77548558e+00,  1.75227899e-01, -1.16480441e+00,  4.04081271e-01,
       -3.26539019e+00, -1.82366189e-01, -4.81003797e-01,  8.39181552e-01,
       -2.30490345e-01,  7.34170973e-04,  3.91412171e-01,  1.14831258e-01,
        3.05922995e-01,  0.00000000e+00])]
 [array([-0.15157681, -0.02042123,  0.355377  , -3.26539019, -0.12873541,
        0.2729556 , -0.1427098 ,  0.6238706 , -3.26539019,  0.54007645,
       -0.99125425, -0.062435  ,  0.62548737, -1.09906868,  0.20388867,
        0.        ,  0.        ])]
 [array([-0.0068088 , -0.05608089,  0.57607205,  0.66491378, -0.20843221,
       -0.1427098 , -0.8787026 ,  0.4988144 ,  0.4302578 ,  0.355377  ,
       -0.27678443,  0.76054445, -0.08251237,  0.15460502, -0.1427098 ,
       -0.39106035,  0.23884501,  0.18554285,  0.21378375,  0.        ,
        0.        ])]
 [array([ 1.08804019,  0.        , -3.26539019,  0.76054445,  0.454954  ,
        0.54496399,  0.355377  ,  0.07719679, -1.16480441,  0.1893398 ,
        0.288747  ,  0.454954  ,  0.51277803, -3.26539019, -0.07046615,
        0.355377  ,  0.07719679,  0.288747  ,  0.51277803,  0.09721356,
       -0.64685811,  0.29818492,  0.57607205,  0.51572937,  0.        ])]
 [array([ 1.08804019,  0.        ,  0.        ,  0.2324613 ,  0.        ,
       -1.01742015, -0.59126343, -2.86642798, -0.84756018, -0.03379178,
       -0.37628321,  0.222434  ,  0.11149738,  0.38294102, -0.17349854,
        0.355377  ,  0.05560408, -0.01668537, -0.03379178,  0.48934824,
        0.12122957,  0.        ])]
 [array([-0.08758306, -0.99125425, -0.38533802, -0.29289455, -0.1427098 ,
        2.26862086,  0.36300599, -0.45870295, -0.92721653,  0.3588191 ,
        0.57607205,  0.33504748,  0.08698532, -0.92721653,  0.40551524,
        2.26862086, -0.05117354, -0.1427098 , -1.1037514 , -0.66139796,
        0.        ,  0.        ])]
 [array([ 1.08804019,  0.        , -2.64679638, -0.06073979, -0.16445648,
       -0.05806422,  0.21666237, -0.21706912, -0.12873541,  0.2729556 ,
       -1.16480441, -0.00729969,  0.        ,  0.        ])]
 [array([ 1.08804019,  0.        , -1.33417847,  0.        , -0.13334681,
       -0.88637141, -0.8140666 ,  0.39493312, -1.01742015, -0.45870295,
        0.26553271, -0.09065041,  0.        ])]
 [array([ 1.08804019,  0.        ,  0.        ,  0.39271221, -1.1037514 ,
        0.        ,  0.288747  , -3.26539019, -0.18236619,  0.40445278,
        0.23884501,  0.        , -0.33525142, -0.89027018, -1.3652068 ,
       -0.46135741, -0.46135741, -0.46135741, -0.0068088 ,  0.        ,
       -0.51671139, -0.04170325,  0.        ])]
 [array([ 1.08804019,  0.        , -0.08251237, -0.36484564,  0.5396038 ,
        0.77362978,  0.3111918 ,  0.02077121,  0.        ,  0.        ])]
 [array([ 1.08804019,  0.        , -3.26539019, -0.12873541, -1.16480441,
        0.54007645,  0.23884501, -0.45319069, -1.1037514 ,  0.0163788 ,
       -0.1485688 , -3.26539019, -0.09065041, -0.49597044,  1.75318794,
       -0.1480012 , -0.1427098 , -1.01742015, -0.80418699, -0.43174362,
        0.288747  , -0.13928076, -0.1427098 , -0.03379178,  0.54451026,
        0.7193547 , -0.33541787,  0.81213001,  0.        ])]
 [array([ 1.08804019,  0.        ,  0.        ,  0.3103764 , -0.08784018,
       -0.18236619, -2.86642798,  0.24894145, -3.26539019, -0.12873541,
        1.4161066 ,  0.        ,  0.        ,  0.        ])]
 [array([ 1.08804019,  0.        ,  0.        , -0.02681879,  0.57607205,
        0.7029926 , -0.34104097, -3.26539019, -0.18236619, -1.1037514 ,
       -0.10782638,  0.32283784,  0.13067732,  0.        ,  0.        ,
        0.        ,  0.        , -0.34688161, -0.02450802, -0.45870295,
        0.        ])]
 [array([ 1.08804019,  0.        , -0.20486421,  0.36300599, -0.21930002,
        0.23884501, -0.08816643,  0.08698532, -0.09594019,  0.2324613 ,
        0.        ,  0.        ,  0.        ])]
 [array([ 1.08804019,  0.        ,  0.30592299,  0.355377  ,  0.01397138,
        0.23884501,  0.08835739,  0.05963572,  2.26862086,  0.48822393,
       -1.33417847, -0.72744759, -1.16480441, -0.04155834, -1.01742015,
       -0.45425037,  0.10594122,  0.        ,  0.        ])]
 [array([ 1.08804019,  0.        ,  2.26862086, -0.78054219, -0.19112259,
        2.26862086,  1.73303558, -0.44792081, -2.32465631, -0.18236619,
       -0.01747276, -0.37628321, -0.09918539, -0.37628321,  0.        ,
        0.        ,  0.        ])]
 [array([ 1.08804019,  0.        ,  0.34592377,  0.4399872 ,  1.75318794,
        0.07325485,  0.0106236 ,  0.4399872 ,  1.75318794,  0.3164785 ,
       -0.18236619,  0.4692114 ,  0.355377  ,  2.26862086,  0.52298282,
       -0.67037422,  0.355377  ,  0.0787686 ,  0.32512858, -0.10377359,
       -0.69904817, -0.2466416 , -1.77548558,  0.        ])]
 [array([ 0.11149738, -0.99125425, -0.20843221, -0.1427098 ,  0.54253459,
        2.26862086, -0.10377359, -0.42124286, -1.1037514 ,  0.40408127,
       -0.34243708, -0.01614243,  0.08698532,  0.38093485, -1.42132888,
        0.54007645, -1.1037514 , -0.02774718, -0.1658848 ,  0.52298282,
        0.        ,  0.        ])]
 [array([ 1.08804019,  0.        , -0.12873541,  0.2729556 ,  0.        ,
        0.        ])]
 [array([ 1.08804019,  0.        , -3.26539019, -0.18236619, -1.1037514 ,
       -0.1658848 , -0.56627785, -2.32465631,  0.54007645,  0.        ])]
 [array([ 1.08804019e+00,  0.00000000e+00,  2.26862086e+00,  4.06672826e-01,
       -4.01758781e-01,  3.99772328e-01, -2.32465631e+00,  5.40076454e-01,
        8.24757203e-01, -8.50831463e-02,  2.83837505e-04,  6.01200118e-01,
       -2.76784429e-01,  4.30257796e-01,  1.97031272e-03, -9.27216535e-01,
        7.69761401e-01,  0.00000000e+00,  0.00000000e+00,  0.00000000e+00])]
 [array([ 1.08804019,  0.        ,  0.30592299, -0.05806422,  0.0660095 ,
       -0.1000514 ,  0.        ])]
 [array([ 1.08804019,  0.        , -0.2466416 , -0.1359892 , -1.16480441,
       -0.34614667,  0.        ,  0.        ,  0.        ])]
 [array([ 1.08804019,  0.        , -0.45870295, -1.1037514 ,  0.40408127,
       -1.1037514 ,  0.34757202,  0.        ])]
 [array([ 1.08804019,  0.        , -0.02774718,  3.55338598,  1.42764251,
       -0.03278187, -0.1427098 ,  0.50804383, -3.26539019,  0.17813329,
        1.75318794, -0.70463379, -0.00747494, -1.21060376,  0.54007645,
        0.        ,  0.        ])]
 [array([ 1.08804019,  0.        ,  0.        ,  0.30592299,  0.6271809 ,
       -0.21706912, -0.1427098 , -0.19214879,  2.26862086,  0.83918155,
       -3.26539019, -0.11141   ,  0.1017793 ,  0.71115804,  1.164715  ,
        0.23884501, -2.64679638,  0.54419432,  0.        ,  0.        ,
        0.        ])]
 [array([ 1.08804019,  0.        , -1.42132888,  0.36692798,  0.08698532,
        2.26862086,  0.52298282, -0.7598195 , -0.09065041, -0.1427098 ,
       -0.01614243, -0.7598195 ,  0.16181629, -0.1427098 ,  0.34757202,
       -0.34243708, -0.01614243, -0.1427098 ,  0.34757202,  0.        ])]
 [array([ 1.08804019,  0.        , -0.12873541, -0.01376577,  3.55338598,
        0.56866175,  0.51522057,  0.03885631,  2.26862086, -0.50222006,
        0.08698532,  0.14781273, -3.26539019,  0.33242399,  0.08698532,
       -0.28364052,  0.57607205,  1.01088667,  0.71051764, -0.20186541,
       -0.1427098 ,  0.        ])]
 [array([ 1.08804019,  0.        , -0.40512325,  0.        , -2.86642798,
       -0.6139686 ,  0.25989179, -0.20716189, -2.32465631,  0.10060923,
       -1.16480441, -0.3079468 ,  0.45254661, -0.92721653,  1.19650559,
       -2.32465631,  2.32520199,  1.4161066 , -0.06677199,  1.75318794,
       -0.10377359, -1.16480441,  0.188752  , -2.32465631, -0.18236619,
        0.        , -0.64685811,  0.        ])]]
[[array([ 1.08804019,  0.        ,  0.        ,  0.        , -0.18236619,
       -0.92721653,  0.58033578,  0.08933072,  0.        ,  2.26862086,
        1.04676813,  0.2536628 , -0.1309311 , -0.45344421,  0.33963467,
       -1.05214264, -0.00421059,  0.39849515,  0.        ,  0.        ,
        0.        ,  0.        ])]
 [array([ 1.08804019,  0.        ,  0.        , -0.4092668 , -0.4924944 ,
       -0.02626827,  0.355377  , -3.45811795,  0.19453194,  0.18042114,
       -0.69904817, -0.19587508,  0.        ])]
 [array([ 1.08804019,  0.        , -0.51201055,  0.23884501,  0.45386194,
       -2.86642798, -0.26826357,  0.28873085,  0.        ,  0.        ,
        0.        ])]
 [array([ 1.08804019,  0.        ,  2.26862086, -0.12089451, -0.00747494,
        0.113069  ,  2.26862086, -0.12089451, -0.09065041, -0.09134079,
       -1.16480441,  0.188752  ,  0.        ,  0.        ])]
 [array([ 0.        ,  0.2324613 ,  0.        , -1.01742015, -0.59126343,
       -2.86642798, -0.84756018, -0.03379178, -0.37628321,  0.222434  ,
        0.11149738,  0.38294102, -0.17349854,  0.355377  ,  0.05560408,
       -0.01668537, -0.03379178,  0.48934824,  0.        ,  0.        ])]
 [array([ 1.08804019,  0.        , -3.26539019,  0.224669  , -1.16480441,
       -0.27229462, -0.2280804 , -0.8140666 , -0.34962939,  0.23884501,
       -0.83078137,  0.        ,  0.        ])]
 [array([ 1.08804019,  0.        , -0.04716459,  0.21789899, -0.50314537,
       -0.2719889 , -1.01742015, -0.80418699,  0.0405232 ,  0.355377  ,
        2.26862086,  0.55531351,  1.75318794,  0.3164785 ,  0.30643522,
        0.355377  ,  0.39493312, -1.16480441, -0.27229462,  0.        ,
       -3.26539019,  0.11969423, -0.1427098 ,  0.        ])]
 [array([ 1.08804019,  0.        , -2.64679638,  0.39493312, -0.39504022,
        0.08933072, -0.33033741,  1.4161066 , -0.26265046, -1.16480441,
       -0.26303464, -0.1427098 ,  0.224669  ,  0.09994157,  0.        ,
       -0.92721653, -0.18236619,  0.        ,  0.39849515,  0.        ,
        0.        ])]
 [array([ 1.08804019,  0.        , -0.14059047,  0.39946785, -2.32465631,
        0.54007645, -0.09065041, -2.32465631,  0.14586839,  0.4302578 ,
        0.08671259,  0.77967553, -3.26539019, -0.18236619,  0.        ,
        0.        ])]
 [array([ 1.08804019,  0.        ,  0.39497801,  2.26862086,  0.37964821,
       -0.19112259,  2.26862086, -0.10377359, -1.16480441,  0.188752  ,
       -0.20186541, -3.26539019, -0.18236619, -0.45344421,  0.33963467,
       -0.57425926,  0.32283784, -0.16814962, -0.36294757,  0.        ,
        0.        ,  0.25726371,  0.        ,  0.        ,  0.        ])]
 [array([ 1.08804019,  0.        , -0.03379178, -3.26539019, -0.00573341,
       -0.39034042, -1.05214264,  0.14586839, -0.42846533,  2.26862086,
       -0.51671139, -0.80418699, -1.23469082, -0.00573341, -0.40192838,
       -0.57425926, -0.18119781, -0.08269795,  0.        ,  0.        ,
        0.        ])]
 [array([ 1.08804019,  0.        , -0.19313961, -0.1427098 , -3.26539019,
        0.15974702,  1.75318794, -0.36294757, -0.00747494, -0.28273521,
       -2.86642798, -0.51671139, -2.86642798, -1.34437735,  0.23884501,
       -1.3014572 ,  0.        ,  0.        ])]
 [array([ 1.08804019,  0.        , -0.12895158,  0.19087421,  0.355377  ,
       -0.5565164 ,  2.26862086,  0.37964821,  1.75318794,  0.52298282,
       -1.1037514 ,  2.26862086, -0.1993498 , -0.78054219, -0.765517  ,
        0.54007645, -0.20064387,  0.        ,  0.        ])]
 [array([ 1.08804019e+00,  0.00000000e+00, -1.05214264e+00,  7.59180237e-02,
       -3.26539019e+00,  3.94933123e-01,  1.75318794e+00,  3.01693852e-01,
       -3.62947568e-01, -3.61060794e-01,  2.38845008e-01, -5.15527403e-01,
        8.69853162e-02,  4.70992303e-02, -1.10375140e+00, -5.08284895e-01,
        1.60841575e-01,  2.83837505e-04,  5.22982817e-01,  1.51853832e-01,
       -2.72294623e-01,  2.32461304e-01,  0.00000000e+00,  0.00000000e+00])]
 [array([ 1.08804019,  0.        ,  0.15974702, -1.16480441, -0.18236619,
       -0.19171232,  0.887514  ,  0.1890336 ,  0.        ,  0.        ,
        0.        ])]
 [array([ 1.08804019,  0.        ,  2.26862086,  0.40667283, -0.712027  ,
        0.83918155, -0.36573136,  0.23884501,  0.45231511, -0.38952041,
       -0.33033741,  0.40625626,  0.21978115,  0.        ,  0.        ])]
 [array([ 1.08804019,  0.        , -1.42132888,  0.54007645, -0.69904817,
       -0.15143206, -0.1000514 ,  0.36628441,  1.73303558, -2.64679638,
        0.525824  , -0.64685811,  0.34618155,  0.355377  ,  2.26862086,
        0.21216778, -0.20851413,  0.        ,  0.        ,  0.        ])]
 [array([ 1.08804019,  0.        ,  0.        , -0.51493844,  0.52298282,
       -0.03379178,  0.51537237, -1.21060376, -0.61631493, -0.18236619,
        0.19946247,  0.57607205,  0.43417983,  0.36229573,  0.57607205,
        0.53555059,  0.23884501,  0.66794416,  0.        ])]
 [array([ 1.08804019,  0.        , -3.26539019, -0.3985041 ,  0.54007645,
       -0.92721653, -0.8140666 , -0.1993498 , -3.26539019, -0.3985041 ,
        0.54007645, -0.92721653, -0.8140666 , -0.1993498 , -3.26539019,
       -0.3985041 ,  0.54007645, -0.92721653, -0.8140666 , -0.1993498 ,
       -3.26539019, -0.3985041 ,  0.54007645, -0.92721653, -0.8140666 ,
       -0.1993498 , -3.26539019,  0.        ])]
 [array([ 1.08804019,  0.        ,  0.1171392 , -1.42132888,  0.01208569,
        0.        , -0.16843126, -0.25183458, -0.15932436,  0.40679   ,
        0.355377  , -2.64679638,  0.09956407,  1.4161066 ,  0.11451501,
       -0.765517  , -0.40590171,  0.        ,  0.        ])]
 [array([ 1.08804019,  0.        ,  2.26862086, -0.36294757,  0.31977521,
        0.23884501,  0.09515566,  0.10424302, -0.58805018,  0.57607205,
        0.45231511,  0.47263741, -3.26539019,  0.0656732 , -0.33525142,
       -0.06322305,  0.05707599, -0.64685811,  0.24684697, -2.64679638,
        0.13408869,  0.355377  ,  1.04676813, -0.5041068 ,  0.        ])]
 [array([ 1.08804019,  0.        , -3.26539019,  0.224669  , -1.16480441,
       -0.27229462, -0.2280804 , -0.8140666 , -0.34962939,  0.        ,
        0.2324613 ,  0.        ])]
 [array([ 1.08804019,  0.        ,  0.30592299, -0.69904817,  0.1078876 ,
       -0.09065041, -0.1427098 ,  0.7193547 , -0.17616661,  0.30169385,
        0.30994121,  0.40679   , -0.33525142, -0.91145182, -2.86642798,
       -0.18336705, -0.45319069, -0.42124286,  0.06785718, -0.13448484,
       -0.45870295,  0.        ])]
 [array([ 1.08804019,  0.        , -0.03278187, -0.1427098 ,  0.55644296,
       -3.26539019,  0.17813329, -1.16480441, -0.23123129, -0.33270054,
        0.        ,  0.        ])]
 [array([ 1.08804019,  0.        , -0.22832226, -1.16480441,  0.54007645,
        0.224669  ,  0.23884501, -0.27229462,  0.53715746,  0.23884501,
        0.17137677,  0.07497478, -0.29299209, -0.12873541, -0.3306476 ,
        0.32283784,  0.52298282,  0.45231511,  1.75318794,  0.52298282,
        0.        ])]
 [array([ 1.08804019,  0.        , -0.32721841, -1.16480441, -0.12873541,
        0.39224734, -2.32465631, -0.32034347,  0.3009654 , -0.1427098 ,
       -0.45870295, -2.86642798,  0.00549572,  0.        ,  0.        ,
        0.        ,  0.        ])]
 [array([ 1.08804019,  0.        ,  1.68255676,  2.26862086,  3.31614743,
        0.05609321,  0.14696126, -3.26539019,  0.        ,  0.2324613 ,
       -0.1838768 , -0.11312916,  0.        ])]
 [array([0.        , 0.        , 1.02484849, 0.04871824, 0.1209937 ,
       0.33197999])]
 [array([ 1.08804019,  0.        ,  2.26862086, -0.33938224, -2.86642798,
        0.32512858,  0.34222331,  0.355377  , -3.26539019,  0.33242399,
       -0.44792081,  0.        ,  0.        ,  0.        ,  0.        ,
        0.        ])]
 [array([ 1.08804019,  0.        , -0.1427098 , -0.20429059, -0.45870295,
       -0.01104561,  0.21789899,  0.08933072, -0.28274046,  0.23884501,
       -0.37538001,  0.64880279,  0.        ,  0.        ])]
 [array([-0.01822198,  0.04927004,  0.09994157,  0.        ,  0.        ])]
 [array([ 1.08804019,  0.        ,  0.        , -1.16480441,  0.        ,
       -0.33033741,  0.        ,  0.        ,  0.        ])]
 [array([ 1.08804019,  0.        , -0.18236619,  0.4692114 ,  0.288747  ,
       -1.05214264,  0.07591802,  2.26862086,  0.3164785 ,  0.42361025,
        0.        ])]
 [array([-0.6139686 , -1.01742015,  0.10032792, -0.1427098 , -3.26539019,
        0.53715746, -1.16480441,  0.54007645,  0.        , -2.86642798,
       -2.64679638, -0.03074276,  0.02808596,  0.1078876 ,  0.60120012,
       -3.26539019, -1.09906868,  0.45386194,  0.23884501,  0.        ,
        0.        ])]
 [array([ 1.08804019,  0.        , -3.26539019, -0.18236619, -0.6139686 ,
       -0.45870295,  0.5184871 , -3.26539019, -0.00421059,  0.39493312,
       -0.27473483, -3.26539019, -0.12873541,  0.39977233, -1.09906868,
        0.17445056,  0.        ,  0.        ])]
 [array([ 1.08804019,  0.        ,  0.        , -0.03379178, -0.97345667,
       -0.39388631, -2.86642798,  0.29172244, -0.12873541, -1.01742015,
       -0.75811017, -0.30290261, -0.45425037, -0.52688501,  0.56136099,
       -0.34688161, -0.35487168,  0.        ])]
 [array([ 1.08804019,  0.        , -0.15182645, -0.34374678, -0.1427098 ,
       -3.26539019, -0.47236121,  0.23884501,  2.51502287, -0.67723363,
        0.23884501,  0.48120819, -0.09127428, -0.41795336, -1.77548558,
        0.31109419, -3.26539019,  0.54007645, -0.50314537, -0.34243708,
       -0.01614243, -3.26539019,  0.09474164,  0.34757202,  1.75318794,
        0.        ])]
 [array([ 1.08804019,  0.        ,  2.26862086,  0.52298282, -0.1603612 ,
       -0.1427098 , -0.69904817,  0.23221264, -0.27678443,  0.4302578 ,
        0.12122957, -0.08507801,  2.26862086,  1.73303558, -0.79061701,
        0.        ,  0.        ])]
 [array([ 0.0163788 ,  0.14138567,  0.4988144 , -0.57425926,  0.18703837,
        0.288747  , -0.32692018,  0.57607205,  0.7113936 , -0.31771205,
        0.19808727, -3.26539019,  1.02484849,  0.2536628 , -0.10377359,
        0.07591802, -3.26539019, -0.49597044,  1.75318794, -0.1480012 ,
       -0.1427098 ,  0.        ,  0.        ])]
 [array([ 1.08804019e+00,  0.00000000e+00, -4.58702947e-01, -6.70374221e-01,
        1.79242904e-01, -1.42709802e-01, -1.42132888e+00,  5.40076454e-01,
       -1.10375140e+00, -1.65884803e-01, -3.26539019e+00,  1.88751999e-01,
       -4.58702947e-01, -8.78702600e-01,  7.29913153e-01, -3.26539019e+00,
       -1.82366189e-01, -1.42709802e-01, -8.04186992e-01,  2.83837505e-04,
        6.01200118e-01, -1.93139606e-01,  2.13783748e-01,  1.50372774e-01,
        0.00000000e+00])]
 [array([ 1.08804019,  0.        , -0.3817156 , -0.20843221, -0.1427098 ,
       -3.26539019,  0.07097618,  0.2766244 , -0.765517  ,  0.54007645,
        0.5010546 ,  2.26862086,  0.52298282, -1.1037514 ,  2.26862086,
       -0.21940181,  0.40218872,  0.01208569,  0.51060691, -0.42376566,
       -0.12811535,  1.75318794,  0.        ])]
 [array([ 1.08804019,  0.        , -1.42132888, -0.12873541,  0.1424381 ,
       -0.8140666 , -0.09065041, -0.40899352,  0.18932639, -3.26539019,
        0.58889918,  0.        ,  0.        ])]
 [array([ 1.08804019,  0.        ,  2.26862086,  0.07719679, -0.1427098 ,
       -1.01742015, -0.26956857,  0.355377  , -1.42132888, -0.12873541,
        0.08698532, -3.26539019,  0.01208569,  0.        ,  1.75318794,
        0.40667283,  0.        ,  0.        ])]
 [array([ 1.08804019,  0.        , -0.80418699,  0.00197031, -0.0937227 ,
        0.60120012, -1.09906868,  0.45386194,  0.13117061, -0.03893467,
        0.60120012, -1.09906868, -0.00573341,  0.        ,  0.        ])]
 [array([ 1.08804019,  0.        ,  0.77362978,  1.42764251, -0.03278187,
       -0.2719889 ,  0.40426024, -0.94784901,  0.17813329,  0.23884501,
        0.7193547 , -0.70463379,  0.        ,  0.        ])]
 [array([ 1.08804019,  0.        , -3.26539019,  0.33242399,  1.75318794,
        0.28414729,  0.35694852,  0.39493312, -0.1658848 ,  1.75318794,
        0.52298282, -0.21947182,  0.        ,  0.39849515,  0.        ])]
 [array([ 0.12558661, -3.26539019,  0.53104423,  0.11266077,  0.43290559,
        0.5422107 , -2.64679638,  0.2776004 ,  0.23884501,  1.04676813,
       -0.03278187, -0.50314537, -0.94784901,  0.188752  ,  0.247669  ,
       -0.1427098 , -0.48815902, -0.44792081, -0.08508315, -0.38952041,
       -0.1427098 ,  0.32407445, -3.26539019,  0.        ,  0.        ])]
 [array([ 1.08804019e+00,  0.00000000e+00, -4.55297194e-01,  4.20039569e-02,
       -1.01505454e-01,  3.55377002e-01, -3.26539019e+00,  0.00000000e+00,
       -1.77548558e+00,  1.75227899e-01, -1.16480441e+00,  4.04081271e-01,
       -3.26539019e+00, -1.82366189e-01, -4.81003797e-01,  8.39181552e-01,
       -2.30490345e-01,  7.34170973e-04,  3.91412171e-01,  1.14831258e-01,
        3.05922995e-01,  0.00000000e+00])]
 [array([-0.15157681, -0.02042123,  0.355377  , -3.26539019, -0.12873541,
        0.2729556 , -0.1427098 ,  0.6238706 , -3.26539019,  0.54007645,
       -0.99125425, -0.062435  ,  0.62548737, -1.09906868,  0.20388867,
        0.        ,  0.        ])]
 [array([-0.0068088 , -0.05608089,  0.57607205,  0.66491378, -0.20843221,
       -0.1427098 , -0.8787026 ,  0.4988144 ,  0.4302578 ,  0.355377  ,
       -0.27678443,  0.76054445, -0.08251237,  0.15460502, -0.1427098 ,
       -0.39106035,  0.23884501,  0.18554285,  0.21378375,  0.        ,
        0.        ])]
 [array([ 1.08804019,  0.        , -3.26539019,  0.76054445,  0.454954  ,
        0.54496399,  0.355377  ,  0.07719679, -1.16480441,  0.1893398 ,
        0.288747  ,  0.454954  ,  0.51277803, -3.26539019, -0.07046615,
        0.355377  ,  0.07719679,  0.288747  ,  0.51277803,  0.09721356,
       -0.64685811,  0.29818492,  0.57607205,  0.51572937,  0.        ])]
 [array([ 1.08804019,  0.        ,  0.        ,  0.2324613 ,  0.        ,
       -1.01742015, -0.59126343, -2.86642798, -0.84756018, -0.03379178,
       -0.37628321,  0.222434  ,  0.11149738,  0.38294102, -0.17349854,
        0.355377  ,  0.05560408, -0.01668537, -0.03379178,  0.48934824,
        0.12122957,  0.        ])]
 [array([-0.08758306, -0.99125425, -0.38533802, -0.29289455, -0.1427098 ,
        2.26862086,  0.36300599, -0.45870295, -0.92721653,  0.3588191 ,
        0.57607205,  0.33504748,  0.08698532, -0.92721653,  0.40551524,
        2.26862086, -0.05117354, -0.1427098 , -1.1037514 , -0.66139796,
        0.        ,  0.        ])]
 [array([ 1.08804019,  0.        , -2.64679638, -0.06073979, -0.16445648,
       -0.05806422,  0.21666237, -0.21706912, -0.12873541,  0.2729556 ,
       -1.16480441, -0.00729969,  0.        ,  0.        ])]
 [array([ 1.08804019,  0.        , -1.33417847,  0.        , -0.13334681,
       -0.88637141, -0.8140666 ,  0.39493312, -1.01742015, -0.45870295,
        0.26553271, -0.09065041,  0.        ])]
 [array([ 1.08804019,  0.        ,  0.        ,  0.39271221, -1.1037514 ,
        0.        ,  0.288747  , -3.26539019, -0.18236619,  0.40445278,
        0.23884501,  0.        , -0.33525142, -0.89027018, -1.3652068 ,
       -0.46135741, -0.46135741, -0.46135741, -0.0068088 ,  0.        ,
       -0.51671139, -0.04170325,  0.        ])]
 [array([ 1.08804019,  0.        , -0.08251237, -0.36484564,  0.5396038 ,
        0.77362978,  0.3111918 ,  0.02077121,  0.        ,  0.        ])]
 [array([ 1.08804019,  0.        , -3.26539019, -0.12873541, -1.16480441,
        0.54007645,  0.23884501, -0.45319069, -1.1037514 ,  0.0163788 ,
       -0.1485688 , -3.26539019, -0.09065041, -0.49597044,  1.75318794,
       -0.1480012 , -0.1427098 , -1.01742015, -0.80418699, -0.43174362,
        0.288747  , -0.13928076, -0.1427098 , -0.03379178,  0.54451026,
        0.7193547 , -0.33541787,  0.81213001,  0.        ])]
 [array([ 1.08804019,  0.        ,  0.        ,  0.3103764 , -0.08784018,
       -0.18236619, -2.86642798,  0.24894145, -3.26539019, -0.12873541,
        1.4161066 ,  0.        ,  0.        ,  0.        ])]
 [array([ 1.08804019,  0.        ,  0.        , -0.02681879,  0.57607205,
        0.7029926 , -0.34104097, -3.26539019, -0.18236619, -1.1037514 ,
       -0.10782638,  0.32283784,  0.13067732,  0.        ,  0.        ,
        0.        ,  0.        , -0.34688161, -0.02450802, -0.45870295,
        0.        ])]
 [array([ 1.08804019,  0.        , -0.20486421,  0.36300599, -0.21930002,
        0.23884501, -0.08816643,  0.08698532, -0.09594019,  0.2324613 ,
        0.        ,  0.        ,  0.        ])]
 [array([ 1.08804019,  0.        ,  0.30592299,  0.355377  ,  0.01397138,
        0.23884501,  0.08835739,  0.05963572,  2.26862086,  0.48822393,
       -1.33417847, -0.72744759, -1.16480441, -0.04155834, -1.01742015,
       -0.45425037,  0.10594122,  0.        ,  0.        ])]
 [array([ 1.08804019,  0.        ,  2.26862086, -0.78054219, -0.19112259,
        2.26862086,  1.73303558, -0.44792081, -2.32465631, -0.18236619,
       -0.01747276, -0.37628321, -0.09918539, -0.37628321,  0.        ,
        0.        ,  0.        ])]
 [array([ 1.08804019,  0.        ,  0.34592377,  0.4399872 ,  1.75318794,
        0.07325485,  0.0106236 ,  0.4399872 ,  1.75318794,  0.3164785 ,
       -0.18236619,  0.4692114 ,  0.355377  ,  2.26862086,  0.52298282,
       -0.67037422,  0.355377  ,  0.0787686 ,  0.32512858, -0.10377359,
       -0.69904817, -0.2466416 , -1.77548558,  0.        ])]
 [array([ 0.11149738, -0.99125425, -0.20843221, -0.1427098 ,  0.54253459,
        2.26862086, -0.10377359, -0.42124286, -1.1037514 ,  0.40408127,
       -0.34243708, -0.01614243,  0.08698532,  0.38093485, -1.42132888,
        0.54007645, -1.1037514 , -0.02774718, -0.1658848 ,  0.52298282,
        0.        ,  0.        ])]
 [array([ 1.08804019,  0.        , -0.12873541,  0.2729556 ,  0.        ,
        0.        ])]
 [array([ 1.08804019,  0.        , -3.26539019, -0.18236619, -1.1037514 ,
       -0.1658848 , -0.56627785, -2.32465631,  0.54007645,  0.        ])]
 [array([ 1.08804019e+00,  0.00000000e+00,  2.26862086e+00,  4.06672826e-01,
       -4.01758781e-01,  3.99772328e-01, -2.32465631e+00,  5.40076454e-01,
        8.24757203e-01, -8.50831463e-02,  2.83837505e-04,  6.01200118e-01,
       -2.76784429e-01,  4.30257796e-01,  1.97031272e-03, -9.27216535e-01,
        7.69761401e-01,  0.00000000e+00,  0.00000000e+00,  0.00000000e+00])]
 [array([ 1.08804019,  0.        ,  0.30592299, -0.05806422,  0.0660095 ,
       -0.1000514 ,  0.        ])]
 [array([ 1.08804019,  0.        , -0.2466416 , -0.1359892 , -1.16480441,
       -0.34614667,  0.        ,  0.        ,  0.        ])]
 [array([ 1.08804019,  0.        , -0.45870295, -1.1037514 ,  0.40408127,
       -1.1037514 ,  0.34757202,  0.        ])]
 [array([ 1.08804019,  0.        , -0.02774718,  3.55338598,  1.42764251,
       -0.03278187, -0.1427098 ,  0.50804383, -3.26539019,  0.17813329,
        1.75318794, -0.70463379, -0.00747494, -1.21060376,  0.54007645,
        0.        ,  0.        ])]
 [array([ 1.08804019,  0.        ,  0.        ,  0.30592299,  0.6271809 ,
       -0.21706912, -0.1427098 , -0.19214879,  2.26862086,  0.83918155,
       -3.26539019, -0.11141   ,  0.1017793 ,  0.71115804,  1.164715  ,
        0.23884501, -2.64679638,  0.54419432,  0.        ,  0.        ,
        0.        ])]
 [array([ 1.08804019,  0.        , -1.42132888,  0.36692798,  0.08698532,
        2.26862086,  0.52298282, -0.7598195 , -0.09065041, -0.1427098 ,
       -0.01614243, -0.7598195 ,  0.16181629, -0.1427098 ,  0.34757202,
       -0.34243708, -0.01614243, -0.1427098 ,  0.34757202,  0.        ])]
 [array([ 1.08804019,  0.        , -0.12873541, -0.01376577,  3.55338598,
        0.56866175,  0.51522057,  0.03885631,  2.26862086, -0.50222006,
        0.08698532,  0.14781273, -3.26539019,  0.33242399,  0.08698532,
       -0.28364052,  0.57607205,  1.01088667,  0.71051764, -0.20186541,
       -0.1427098 ,  0.        ])]
 [array([ 1.08804019,  0.        , -0.40512325,  0.        , -2.86642798,
       -0.6139686 ,  0.25989179, -0.20716189, -2.32465631,  0.10060923,
       -1.16480441, -0.3079468 ,  0.45254661, -0.92721653,  1.19650559,
       -2.32465631,  2.32520199,  1.4161066 , -0.06677199,  1.75318794,
       -0.10377359, -1.16480441,  0.188752  , -2.32465631, -0.18236619,
        0.        , -0.64685811,  0.        ])]]
