[[-1.42019999  4.0381999  -0.21851    ...  0.          0.
   0.        ]
 [ 0.          0.          0.         ...  0.          0.
   0.        ]
 [-2.92210007 -4.03849983  1.52779996 ...  0.          0.
   0.        ]
 ...
 [-3.30080009  0.09286    -4.06470013 ...  0.          0.
   0.        ]
 [-1.54760003 -2.92580009 -5.91149998 ...  0.          0.
   0.        ]
 [-3.80940008 -2.60870004  1.43060005 ...  0.          0.
   0.        ]]
(147, 1450)
fscore (0.5508792100976788, array([0.57894737, 0.51643192]))
0 0.5508792100976788

fscore (0.5508792100976788, array([0.57894737, 0.51643192]))
5 0.5508792100976788

fscore (0.5912921135837581, array([0.61403509, 0.56338028]))
10 0.5912921135837581

fscore (0.38143098270457476, array([0.35964912, 0.40816327]))
20 0.38143098270457476

fscore (0.664921861999062, array([0.70175439, 0.61971831]))
30 0.664921861999062

fscore (0.661018426788191, array([0.69333333, 0.62135922]))
40 0.661018426788191

fscore (0.640884184416264, array([0.6635514 , 0.61306533]))
50 0.640884184416264

fscore (0.6584956599994194, array([0.70175439, 0.60540541]))
60 0.6584956599994194

fscore (0.6666253024756468, array([0.70484581, 0.61971831]))
70 0.6666253024756468

fscore (0.6600414891231218, array([0.69642857, 0.61538462]))
80 0.6600414891231218

fscore (0.6666253024756468, array([0.70484581, 0.61971831]))
90 0.6666253024756468

fscore (0.6634675308488096, array([0.69911504, 0.61971831]))
100 0.6634675308488096

