[30. 31.  0.  2.]
[81. 82.  0.  2.]
[486.  85.   0.   3.]
[93. 94.  0.  2.]
[488.  95.   0.   3.]
[489.  96.   0.   4.]
[109. 114.   0.   2.]
[112. 117.   0.   2.]
[492. 120.   0.   3.]
[493. 125.   0.   4.]
[132. 133.   0.   2.]
[495. 135.   0.   3.]
[149. 150.   0.   2.]
[497. 151.   0.   3.]
[498. 153.   0.   4.]
[157. 215.   0.   2.]
[500. 216.   0.   3.]
[501. 218.   0.   4.]
[502. 219.   0.   5.]
[503. 222.   0.   6.]
[172. 174.   0.   2.]
[178. 180.   0.   2.]
[179. 181.   0.   2.]
[192. 197.   0.   2.]
[198. 199.   0.   2.]
[205. 211.   0.   2.]
[225. 227.   0.   2.]
[233. 235.   0.   2.]
[512. 236.   0.   3.]
[513. 239.   0.   4.]
[514. 240.   0.   5.]
[515. 243.   0.   6.]
[242. 244.   0.   2.]
[284. 303.   0.   2.]
[286. 298.   0.   2.]
[299. 301.   0.   2.]
[316. 318.   0.   2.]
[521. 321.   0.   3.]
[319. 320.   0.   2.]
[523. 324.   0.   3.]
[333. 341.   0.   2.]
[362. 364.   0.   2.]
[375. 376.   0.   2.]
[379. 385.   0.   2.]
[528. 386.   0.   3.]
[529. 388.   0.   4.]
[530. 399.   0.   5.]
[531. 411.   0.   6.]
[395. 396.   0.   2.]
[533. 401.   0.   3.]
[430. 431.   0.   2.]
[433. 436.   0.   2.]
[458. 499.   0.   5.]
[456. 464.   0.   2.]
[473. 474.   0.   2.]
[475. 476.   0.   2.]
[7.00000000e+01 7.10000000e+01 1.11022302e-16 2.00000000e+00]
[5.41000000e+02 7.20000000e+01 1.11022302e-16 3.00000000e+00]
[5.42000000e+02 7.30000000e+01 1.11022302e-16 4.00000000e+00]
[5.43000000e+02 7.40000000e+01 1.11022302e-16 5.00000000e+00]
[1.23000000e+02 1.24000000e+02 1.11022302e-16 2.00000000e+00]
[5.45000000e+02 1.28000000e+02 1.11022302e-16 3.00000000e+00]
[2.12000000e+02 2.21000000e+02 1.11022302e-16 2.00000000e+00]
[3.68000000e+02 3.70000000e+02 1.11022302e-16 2.00000000e+00]
[1.40000000e+01 1.50000000e+01 2.22044605e-16 2.00000000e+00]
[1.13000000e+02 1.16000000e+02 2.22044605e-16 2.00000000e+00]
[5.50000000e+02 1.27000000e+02 2.22044605e-16 3.00000000e+00]
[1.36000000e+02 1.37000000e+02 2.22044605e-16 2.00000000e+00]
[2.91000000e+02 2.97000000e+02 2.22044605e-16 2.00000000e+00]
[3.11000000e+02 3.25000000e+02 2.22044605e-16 2.00000000e+00]
[3.61000000e+02 3.63000000e+02 2.22044605e-16 2.00000000e+00]
[4.48000000e+02 4.53000000e+02 2.22044605e-16 2.00000000e+00]
[4.50000000e+02 4.52000000e+02 2.22044605e-16 2.00000000e+00]
[5.57000000e+02 4.59000000e+02 2.22044605e-16 3.00000000e+00]
[5.58000000e+02 5.56000000e+02 2.22044605e-16 5.00000000e+00]
[4.67000000e+02 4.70000000e+02 2.22044605e-16 2.00000000e+00]
[1.82000000e+02 1.84000000e+02 3.33066907e-16 2.00000000e+00]
[2.06000000e+02 2.07000000e+02 3.33066907e-16 2.00000000e+00]
[5.62000000e+02 5.10000000e+02 3.33066907e-16 4.00000000e+00]
[2.08000000e+02 2.09000000e+02 3.33066907e-16 2.00000000e+00]
[4.43000000e+02 4.44000000e+02 3.33066907e-16 2.00000000e+00]
[5.65000000e+02 4.45000000e+02 3.33066907e-16 3.00000000e+00]
[2.61000000e+02 2.63000000e+02 5.55111512e-16 2.00000000e+00]
[4.46000000e+02 4.47000000e+02 1.11022302e-15 2.00000000e+00]
[1.39000000e+02 1.42000000e+02 2.86126976e-03 2.00000000e+00]
[1.77000000e+02 5.06000000e+02 3.36528504e-03 3.00000000e+00]
[1.06000000e+02 1.07000000e+02 3.50823914e-03 2.00000000e+00]
[5.59000000e+02 5.60000000e+02 3.74314408e-03 7.00000000e+00]
[5.69000000e+02 1.40000000e+02 4.47233316e-03 3.00000000e+00]
[3.520000e+02 3.530000e+02 5.080924e-03 2.000000e+00]
[3.97000000e+02 4.13000000e+02 6.52076451e-03 2.00000000e+00]
[5.52000000e+02 1.38000000e+02 7.05022738e-03 3.00000000e+00]
[5.70000000e+02 5.61000000e+02 7.95177566e-03 5.00000000e+00]
[5.73000000e+02 1.41000000e+02 8.08258742e-03 4.00000000e+00]
[1.59000000e+02 1.60000000e+02 8.21449756e-03 2.00000000e+00]
[1.66000000e+02 1.67000000e+02 1.02026747e-02 2.00000000e+00]
[4.23000000e+02 5.32000000e+02 1.09658185e-02 7.00000000e+00]
[8.00000000e+01 4.87000000e+02 1.11263184e-02 4.00000000e+00]
[5.49000000e+02 1.60000000e+01 1.20686707e-02 3.00000000e+00]
[5.63000000e+02 5.64000000e+02 1.21415568e-02 6.00000000e+00]
[4.10000000e+01 4.30000000e+01 1.25014499e-02 2.00000000e+00]
[4.10000000e+02 4.21000000e+02 1.31581711e-02 2.00000000e+00]
[3.42000000e+02 3.43000000e+02 1.43022442e-02 2.00000000e+00]
[2.75000000e+02 2.78000000e+02 1.49405516e-02 2.00000000e+00]
[1.76000000e+02 1.83000000e+02 1.49479683e-02 2.00000000e+00]
[3.14000000e+02 3.15000000e+02 1.60435279e-02 2.00000000e+00]
[5.09000000e+02 2.00000000e+02 1.64065207e-02 3.00000000e+00]
[4.42000000e+02 5.66000000e+02 1.87278103e-02 4.00000000e+00]
[3.8900000e+02 5.7500000e+02 1.8811933e-02 3.0000000e+00]
[4.80000000e+02 4.82000000e+02 1.92470086e-02 2.00000000e+00]
[1.9300000e+02 1.9600000e+02 1.9486282e-02 2.0000000e+00]
[3.70000000e+01 3.90000000e+01 1.96006181e-02 2.00000000e+00]
[5.77000000e+02 5.07000000e+02 1.96228497e-02 7.00000000e+00]
[2.92000000e+02 3.04000000e+02 2.07284144e-02 2.00000000e+00]
[3.45000000e+02 3.47000000e+02 2.14647856e-02 2.00000000e+00]
[2.7600000e+02 5.1800000e+02 2.2041489e-02 3.0000000e+00]
[3.93000000e+02 5.34000000e+02 2.21505031e-02 4.00000000e+00]
[2.49000000e+02 2.53000000e+02 2.29796145e-02 2.00000000e+00]
[5.38000000e+02 5.37000000e+02 2.38489446e-02 7.00000000e+00]
[5.76000000e+02 1.44000000e+02 2.40252345e-02 4.00000000e+00]
[2.32000000e+02 5.16000000e+02 2.49408179e-02 7.00000000e+00]
[2.41000000e+02 5.17000000e+02 2.50479724e-02 3.00000000e+00]
[1.54000000e+02 1.55000000e+02 2.64384735e-02 2.00000000e+00]
[4.69000000e+02 5.39000000e+02 2.70910287e-02 3.00000000e+00]
[5.11000000e+02 2.26000000e+02 2.71688343e-02 3.00000000e+00]
[2.83000000e+02 2.87000000e+02 2.84727624e-02 2.00000000e+00]
[2.51000000e+02 2.52000000e+02 2.93075374e-02 2.00000000e+00]
[3.72000000e+02 3.73000000e+02 3.08026453e-02 2.00000000e+00]
[5.5500000e+02 5.2600000e+02 3.1390575e-02 4.0000000e+00]
[4.28000000e+02 5.36000000e+02 3.15601068e-02 3.00000000e+00]
[4.00000000e+01 5.85000000e+02 3.17687852e-02 3.00000000e+00]
[25.         34.          0.03407636  2.        ]
[6.04000000e+02 1.43000000e+02 3.44430192e-02 5.00000000e+00]
[3.51000000e+02 3.55000000e+02 3.46321436e-02 2.00000000e+00]
[2.57000000e+02 2.58000000e+02 3.49565616e-02 2.00000000e+00]
[4.9600000e+02 1.3400000e+02 3.5222007e-02 4.0000000e+00]
[4.72000000e+02 5.40000000e+02 3.54189068e-02 3.00000000e+00]
[2.6700000e+02 2.7000000e+02 3.6239542e-02 2.0000000e+00]
[2.34000000e+02 2.37000000e+02 3.65460396e-02 2.00000000e+00]
[3.38000000e+02 3.57000000e+02 4.01021879e-02 2.00000000e+00]
[5.79000000e+02 2.56000000e+02 4.21827499e-02 3.00000000e+00]
[5.50000000e+01 5.80000000e+01 4.48651586e-02 2.00000000e+00]
[5.54000000e+02 3.13000000e+02 4.55588743e-02 3.00000000e+00]
[3.30000000e+02 3.37000000e+02 4.66129685e-02 2.00000000e+00]
[7.50000000e+01 7.60000000e+01 4.81961213e-02 2.00000000e+00]
[6.25000000e+02 4.14000000e+02 4.82836938e-02 4.00000000e+00]
[2.73000000e+02 3.66000000e+02 4.93972101e-02 2.00000000e+00]
[1.11000000e+02 2.68000000e+02 4.98583994e-02 2.00000000e+00]
[5.9000000e+02 5.2200000e+02 5.0045125e-02 5.0000000e+00]
[2.85000000e+02 4.81000000e+02 5.00633648e-02 2.00000000e+00]
[6.10000000e+02 2.88000000e+02 5.08504768e-02 3.00000000e+00]
[1.29000000e+02 5.78000000e+02 5.13753232e-02 5.00000000e+00]
[4.37000000e+02 5.72000000e+02 5.16719312e-02 8.00000000e+00]
[5.71000000e+02 1.08000000e+02 5.27180029e-02 3.00000000e+00]
[5.3500000e+02 4.3400000e+02 5.5892836e-02 3.0000000e+00]
[5.93000000e+02 4.29000000e+02 5.59945602e-02 4.00000000e+00]
[1.48000000e+02 6.09000000e+02 5.66080585e-02 4.00000000e+00]
[4.35000000e+02 5.92000000e+02 5.67080319e-02 5.00000000e+00]
[4.08000000e+02 4.15000000e+02 5.69933241e-02 2.00000000e+00]
[5.91000000e+02 6.03000000e+02 5.72645287e-02 1.00000000e+01]
[2.30000000e+01 3.07000000e+02 5.82245651e-02 2.00000000e+00]
[1.62000000e+02 1.63000000e+02 5.86176811e-02 2.00000000e+00]
[6.30000000e+02 5.84000000e+02 5.98258542e-02 1.00000000e+01]
[4.25000000e+02 4.26000000e+02 6.00486171e-02 2.00000000e+00]
[2.90000000e+01 4.85000000e+02 6.09216723e-02 3.00000000e+00]
[1.94000000e+02 2.10000000e+02 6.09761686e-02 2.00000000e+00]
[4.5100000e+02 4.7100000e+02 6.1102492e-02 2.0000000e+00]
[1.58000000e+02 1.64000000e+02 6.16318396e-02 2.00000000e+00]
[5.47000000e+02 2.14000000e+02 6.20100668e-02 3.00000000e+00]
[6.32000000e+02 6.24000000e+02 6.25746307e-02 4.00000000e+00]
[5.8900000e+02 5.9700000e+02 6.2922653e-02 9.0000000e+00]
[2.04000000e+02 6.28000000e+02 6.36252324e-02 3.00000000e+00]
[6.44000000e+02 6.31000000e+02 6.38164315e-02 1.20000000e+01]
[2.48000000e+02 6.02000000e+02 6.39208713e-02 3.00000000e+00]
[8.40000000e+01 3.34000000e+02 6.40103102e-02 2.00000000e+00]
[3.02000000e+02 3.06000000e+02 6.42689655e-02 2.00000000e+00]
[8.70000000e+01 8.80000000e+01 6.74070686e-02 2.00000000e+00]
[48.         54.          0.06784158  2.        ]
[2.40000000e+01 2.60000000e+02 6.88541612e-02 2.00000000e+00]
[1.46000000e+02 2.01000000e+02 6.96877721e-02 2.00000000e+00]
[2.9300000e+02 5.2000000e+02 7.0147642e-02 3.0000000e+00]
[6.41000000e+02 3.91000000e+02 7.03950483e-02 5.00000000e+00]
[2.31000000e+02 4.91000000e+02 7.06183748e-02 3.00000000e+00]
[6.33000000e+02 5.24000000e+02 7.23482484e-02 8.00000000e+00]
[5.86000000e+02 5.81000000e+02 7.24251201e-02 9.00000000e+00]
[2.79000000e+02 6.40000000e+02 7.27467978e-02 5.00000000e+00]
[3.74000000e+02 5.27000000e+02 7.28702208e-02 3.00000000e+00]
[4.57000000e+02 6.57000000e+02 7.38902957e-02 1.30000000e+01]
[2.03000000e+02 6.56000000e+02 7.47683399e-02 4.00000000e+00]
[6.00000000e+01 3.65000000e+02 7.48861586e-02 2.00000000e+00]
[9.10000000e+01 5.46000000e+02 7.49080202e-02 4.00000000e+00]
[1.52000000e+02 4.24000000e+02 7.51647431e-02 2.00000000e+00]
[7.00000000e+00 2.55000000e+02 7.57706167e-02 2.00000000e+00]
[4.61000000e+02 4.84000000e+02 7.58145669e-02 2.00000000e+00]
[1.91000000e+02 5.08000000e+02 7.58254005e-02 3.00000000e+00]
[1.19000000e+02 2.47000000e+02 7.59943419e-02 2.00000000e+00]
[1.01000000e+02 4.27000000e+02 7.65039191e-02 2.00000000e+00]
[6.47000000e+02 6.48000000e+02 7.89906476e-02 1.20000000e+01]
[6.64000000e+02 5.48000000e+02 8.01965924e-02 4.00000000e+00]
[6.45000000e+02 6.34000000e+02 8.02074153e-02 4.00000000e+00]
[4.90000000e+02 6.13000000e+02 8.04522375e-02 8.00000000e+00]
[3.92000000e+02 3.98000000e+02 8.18299575e-02 2.00000000e+00]
[6.70000000e+02 4.79000000e+02 8.34151371e-02 6.00000000e+00]
[6.76000000e+02 6.72000000e+02 8.38758993e-02 1.50000000e+01]
[1.00000000e+01 6.05000000e+02 8.42411221e-02 8.00000000e+00]
[1.47000000e+02 6.87000000e+02 8.51288183e-02 7.00000000e+00]
[4.17000000e+02 6.08000000e+02 8.54980048e-02 4.00000000e+00]
[6.66000000e+02 3.36000000e+02 8.61522589e-02 6.00000000e+00]
[ 3.         57.          0.08678235  2.        ]
[5.68000000e+02 4.78000000e+02 8.76713334e-02 3.00000000e+00]
[6.53000000e+02 2.50000000e+02 8.91191581e-02 4.00000000e+00]
[4.940000e+02 5.510000e+02 9.022326e-02 7.000000e+00]
[4.62000000e+02 4.65000000e+02 9.03853694e-02 2.00000000e+00]
[6.63000000e+02 4.09000000e+02 9.04744755e-02 3.00000000e+00]
[6.67000000e+02 6.77000000e+02 9.04823083e-02 5.00000000e+00]
[1.90000000e+02 6.79000000e+02 9.14735347e-02 4.00000000e+00]
[6.35000000e+02 4.04000000e+02 9.17504774e-02 4.00000000e+00]
[4.00000000e+00 1.61000000e+02 9.17761058e-02 2.00000000e+00]
[8.60000000e+01 6.23000000e+02 9.18202978e-02 3.00000000e+00]
[2.8900000e+02 2.9400000e+02 9.1837608e-02 2.0000000e+00]
[2.46000000e+02 2.54000000e+02 9.18676501e-02 2.00000000e+00]
[1.8600000e+02 3.8100000e+02 9.2106035e-02 2.0000000e+00]
[6.52000000e+02 4.06000000e+02 9.38831586e-02 3.00000000e+00]
[3.78000000e+02 6.92000000e+02 9.40150638e-02 7.00000000e+00]
[6.80000000e+02 4.66000000e+02 9.49887613e-02 3.00000000e+00]
[3.31000000e+02 3.84000000e+02 9.54977914e-02 2.00000000e+00]
[9.90000000e+01 3.23000000e+02 9.63678101e-02 2.00000000e+00]
[6.60000000e+01 6.58000000e+02 9.65827432e-02 4.00000000e+00]
[5.90000000e+01 4.55000000e+02 9.69254648e-02 2.00000000e+00]
[4.05000000e+02 6.14000000e+02 9.70632273e-02 4.00000000e+00]
[6.55000000e+02 1.85000000e+02 9.76129574e-02 1.00000000e+01]
[6.54000000e+02 3.09000000e+02 9.80303402e-02 5.00000000e+00]
[6.43000000e+02 4.16000000e+02 9.82145852e-02 3.00000000e+00]
[1.3100000e+02 6.2000000e+02 9.8947844e-02 5.0000000e+00]
[2.90000000e+02 5.53000000e+02 9.96359473e-02 3.00000000e+00]
[7.01000000e+02 7.04000000e+02 9.98162086e-02 6.00000000e+00]
[6.75000000e+02 5.87000000e+02 1.00462001e-01 6.00000000e+00]
[1.73000000e+02 1.87000000e+02 1.00756222e-01 2.00000000e+00]
[50.         51.          0.10174007  2.        ]
[6.36000000e+02 6.17000000e+02 1.01828788e-01 1.00000000e+01]
[7.80000000e+01 3.67000000e+02 1.01856573e-01 2.00000000e+00]
[6.83000000e+02 6.88000000e+02 1.02870825e-01 1.90000000e+01]
[1.03000000e+02 3.35000000e+02 1.03452558e-01 2.00000000e+00]
[6.37000000e+02 4.54000000e+02 1.04723284e-01 9.00000000e+00]
[6.89000000e+02 6.59000000e+02 1.04899881e-01 1.00000000e+01]
[7.0800000e+02 7.2900000e+02 1.0520977e-01 1.7000000e+01]
[2.28000000e+02 6.21000000e+02 1.06376893e-01 4.00000000e+00]
[6.50000000e+02 7.30000000e+02 1.06765562e-01 1.90000000e+01]
[7.07000000e+02 3.17000000e+02 1.06871009e-01 4.00000000e+00]
[5.60000000e+01 3.05000000e+02 1.07191014e-01 2.00000000e+00]
[4.18000000e+02 4.77000000e+02 1.07696875e-01 2.00000000e+00]
[8.30000000e+01 4.00000000e+02 1.10484564e-01 2.00000000e+00]
[6.84000000e+02 7.26000000e+02 1.11765859e-01 2.30000000e+01]
[6.9800000e+02 7.0500000e+02 1.1249601e-01 5.0000000e+00]
[9.70000000e+01 7.16000000e+02 1.13172037e-01 6.00000000e+00]
[8.00000000e+00 2.80000000e+02 1.13261654e-01 2.00000000e+00]
[6.90000000e+02 4.19000000e+02 1.13381474e-01 8.00000000e+00]
[5.00000000e+00 5.04000000e+02 1.14652939e-01 7.00000000e+00]
[1.00000000e+00 7.20000000e+02 1.15115633e-01 7.00000000e+00]
[6.74000000e+02 5.05000000e+02 1.16447183e-01 4.00000000e+00]
[2.74000000e+02 4.02000000e+02 1.16840559e-01 2.00000000e+00]
[21.         33.          0.11759988  2.        ]
[2.95000000e+02 3.82000000e+02 1.18686457e-01 2.00000000e+00]
[5.98000000e+02 6.01000000e+02 1.19073071e-01 6.00000000e+00]
[9.20000000e+01 6.11000000e+02 1.19791479e-01 3.00000000e+00]
[6.90000000e+01 6.81000000e+02 1.20398962e-01 3.00000000e+00]
[9.80000000e+01 2.23000000e+02 1.20588628e-01 2.00000000e+00]
[6.62000000e+02 7.13000000e+02 1.21149637e-01 4.00000000e+00]
[1.89000000e+02 7.00000000e+02 1.21290691e-01 5.00000000e+00]
[6.99000000e+02 7.32000000e+02 1.21521613e-01 2.40000000e+01]
[6.82000000e+02 6.73000000e+02 1.21784951e-01 1.60000000e+01]
[7.02000000e+02 7.54000000e+02 1.21898582e-01 2.60000000e+01]
[1.88000000e+02 3.94000000e+02 1.22330793e-01 2.00000000e+00]
[4.6000000e+02 6.7800000e+02 1.2263972e-01 3.0000000e+00]
[7.4200000e+02 7.2100000e+02 1.2399246e-01 1.3000000e+01]
[1.04000000e+02 1.65000000e+02 1.24447467e-01 2.00000000e+00]
[7.27000000e+02 6.91000000e+02 1.24476569e-01 6.00000000e+00]
[7.31000000e+02 3.29000000e+02 1.24564302e-01 5.00000000e+00]
[7.36000000e+02 3.69000000e+02 1.25633757e-01 3.00000000e+00]
[7.37000000e+02 7.11000000e+02 1.25780134e-01 2.50000000e+01]
[6.86000000e+02 7.10000000e+02 1.25917823e-01 4.00000000e+00]
[7.65000000e+02 5.25000000e+02 1.26885341e-01 6.00000000e+00]
[1.18000000e+02 7.66000000e+02 1.27049298e-01 7.00000000e+00]
[7.40000000e+02 2.69000000e+02 1.28724009e-01 3.00000000e+00]
[5.96000000e+02 4.63000000e+02 1.28981383e-01 3.00000000e+00]
[2.66000000e+02 7.45000000e+02 1.30997954e-01 3.00000000e+00]
[5.20000000e+01 2.24000000e+02 1.32249309e-01 2.00000000e+00]
[7.09000000e+02 7.41000000e+02 1.32830522e-01 1.10000000e+01]
[6.42000000e+02 7.28000000e+02 1.33088851e-01 1.40000000e+01]
[7.12000000e+02 7.55000000e+02 1.33626963e-01 2.00000000e+01]
[7.4800000e+02 7.4300000e+02 1.3513394e-01 1.3000000e+01]
[7.3800000e+02 7.5200000e+02 1.3567482e-01 9.0000000e+00]
[7.0300000e+02 1.6900000e+02 1.3572497e-01 4.0000000e+00]
[7.76000000e+02 8.90000000e+01 1.35773834e-01 1.00000000e+01]
[6.15000000e+02 4.50000000e+01 1.36007936e-01 4.00000000e+00]
[2.00000000e+00 2.45000000e+02 1.37743706e-01 2.00000000e+00]
[1.02000000e+02 3.39000000e+02 1.37925589e-01 2.00000000e+00]
[2.80000000e+01 2.02000000e+02 1.38184208e-01 2.00000000e+00]
[2.81000000e+02 3.54000000e+02 1.38256323e-01 2.00000000e+00]
[4.9000000e+01 7.6100000e+02 1.3838234e-01 7.0000000e+00]
[7.57000000e+02 5.88000000e+02 1.38935768e-01 4.00000000e+00]
[7.50000000e+02 2.29000000e+02 1.43400465e-01 4.00000000e+00]
[6.19000000e+02 7.62000000e+02 1.43646975e-01 7.00000000e+00]
[1.80000000e+01 2.30000000e+02 1.45518185e-01 2.00000000e+00]
[6.85000000e+02 7.64000000e+02 1.45713066e-01 3.30000000e+01]
[7.56000000e+02 6.06000000e+02 1.46143874e-01 2.90000000e+01]
[1.10000000e+01 1.95000000e+02 1.46347386e-01 2.00000000e+00]
[7.19000000e+02 4.07000000e+02 1.46614965e-01 4.00000000e+00]
[4.40000000e+01 7.90000000e+02 1.46801965e-01 3.00000000e+01]
[7.74000000e+02 7.47000000e+02 1.47120024e-01 2.20000000e+01]
[7.25000000e+02 2.17000000e+02 1.47368149e-01 3.00000000e+00]
[6.95000000e+02 2.20000000e+02 1.47421231e-01 5.00000000e+00]
[4.68000000e+02 7.72000000e+02 1.49911321e-01 1.20000000e+01]
[7.89000000e+02 7.51000000e+02 1.50380734e-01 3.50000000e+01]
[7.39000000e+02 2.13000000e+02 1.51635231e-01 7.00000000e+00]
[36.         53.          0.15188055  2.        ]
[5.83000000e+02 7.17000000e+02 1.51948686e-01 6.00000000e+00]
[2.77000000e+02 6.51000000e+02 1.51953951e-01 3.00000000e+00]
[7.33000000e+02 7.94000000e+02 1.52693822e-01 2.60000000e+01]
[4.20000000e+02 4.39000000e+02 1.53816718e-01 2.00000000e+00]
[7.69000000e+02 7.44000000e+02 1.54359768e-01 7.00000000e+00]
[7.9300000e+02 7.9700000e+02 1.5459258e-01 4.2000000e+01]
[5.95000000e+02 5.94000000e+02 1.56018884e-01 4.00000000e+00]
[4.70000000e+01 7.71000000e+02 1.56600225e-01 3.00000000e+00]
[7.99000000e+02 6.00000000e+02 1.56629841e-01 1.00000000e+01]
[6.20000000e+01 1.70000000e+02 1.56885536e-01 2.00000000e+00]
[7.78000000e+02 6.16000000e+02 1.57067454e-01 1.20000000e+01]
[7.63000000e+02 7.06000000e+02 1.61868908e-01 5.00000000e+00]
[6.22000000e+02 7.70000000e+02 1.62600335e-01 5.00000000e+00]
[5.82000000e+02 4.22000000e+02 1.62862874e-01 5.00000000e+00]
[3.08000000e+02 7.73000000e+02 1.64314063e-01 1.50000000e+01]
[9.00000000e+01 7.85000000e+02 1.65075662e-01 5.00000000e+00]
[5.44000000e+02 7.60000000e+02 1.65511503e-01 7.00000000e+00]
[7.6700000e+02 6.6500000e+02 1.6571132e-01 1.0000000e+01]
[6.96000000e+02 8.03000000e+02 1.66178751e-01 3.30000000e+01]
[19.         32.          0.16679579  2.        ]
[7.88000000e+02 3.90000000e+02 1.68091519e-01 3.00000000e+00]
[2.38000000e+02 7.35000000e+02 1.68368409e-01 3.00000000e+00]
[1.68000000e+02 7.96000000e+02 1.69911182e-01 6.00000000e+00]
[3.10000000e+02 3.40000000e+02 1.70050253e-01 2.00000000e+00]
[2.96000000e+02 3.71000000e+02 1.71019018e-01 2.00000000e+00]
[7.34000000e+02 8.19000000e+02 1.71980158e-01 3.50000000e+01]
[5.67000000e+02 2.64000000e+02 1.72192166e-01 3.00000000e+00]
[1.70000000e+01 2.62000000e+02 1.72222355e-01 2.00000000e+00]
[6.69000000e+02 6.68000000e+02 1.72688438e-01 1.70000000e+01]
[7.98000000e+02 3.58000000e+02 1.72728992e-01 3.60000000e+01]
[8.16000000e+02 1.22000000e+02 1.73369618e-01 6.00000000e+00]
[8.11000000e+02 3.80000000e+02 1.74315306e-01 1.30000000e+01]
[6.93000000e+02 5.74000000e+02 1.74863568e-01 4.00000000e+00]
[7.92000000e+02 7.75000000e+02 1.75021174e-01 1.70000000e+01]
[4.6000000e+01 3.6000000e+02 1.7594879e-01 2.0000000e+00]
[8.09000000e+02 7.59000000e+02 1.76254094e-01 2.30000000e+01]
[6.60000000e+02 4.83000000e+02 1.78429117e-01 3.00000000e+00]
[8.0600000e+02 8.1200000e+02 1.7857911e-01 4.7000000e+01]
[7.68000000e+02 7.81000000e+02 1.78939171e-01 5.00000000e+00]
[ 65.         121.           0.18237912   2.        ]
[7.24000000e+02 4.32000000e+02 1.83171222e-01 1.10000000e+01]
[7.91000000e+02 7.87000000e+02 1.83937384e-01 9.00000000e+00]
[7.49000000e+02 8.36000000e+02 1.83957442e-01 2.60000000e+01]
[2.00000000e+01 7.84000000e+02 1.84906316e-01 8.00000000e+00]
[8.24000000e+02 3.27000000e+02 1.86751349e-01 3.00000000e+00]
[4.03000000e+02 4.41000000e+02 1.87869728e-01 2.00000000e+00]
[8.33000000e+02 8.30000000e+02 1.88753322e-01 4.00000000e+01]
[3.22000000e+02 8.04000000e+02 1.89061445e-01 3.00000000e+00]
[6.27000000e+02 8.29000000e+02 1.89372669e-01 2.00000000e+01]
[8.32000000e+02 8.08000000e+02 1.92873738e-01 1.60000000e+01]
[22.         35.          0.19332486  2.        ]
[6.26000000e+02 5.80000000e+02 1.95043967e-01 4.00000000e+00]
[8.18000000e+02 8.42000000e+02 1.95871267e-01 1.90000000e+01]
[38.         63.          0.19599458  2.        ]
[6.46000000e+02 8.13000000e+02 1.98063695e-01 7.00000000e+00]
[8.50000000e+02 8.38000000e+02 1.99003375e-01 6.30000000e+01]
[7.83000000e+02 8.34000000e+02 2.02250596e-01 1.90000000e+01]
[8.1700000e+02 6.6100000e+02 2.0249345e-01 9.0000000e+00]
[7.77000000e+02 8.31000000e+02 2.04141295e-01 1.00000000e+01]
[2.72000000e+02 8.02000000e+02 2.05671606e-01 4.00000000e+00]
[7.23000000e+02 1.26000000e+02 2.07244853e-01 3.00000000e+00]
[7.18000000e+02 7.22000000e+02 2.07259873e-01 7.00000000e+00]
[8.00000000e+02 1.30000000e+02 2.09429565e-01 3.00000000e+00]
[8.44000000e+02 8.10000000e+02 2.09495871e-01 1.00000000e+01]
[0.0000000e+00 3.8300000e+02 2.0960529e-01 2.0000000e+00]
[8.39000000e+02 3.12000000e+02 2.09874514e-01 6.00000000e+00]
[6.12000000e+02 8.26000000e+02 2.10486266e-01 3.70000000e+01]
[1.71000000e+02 3.56000000e+02 2.10587371e-01 2.00000000e+00]
[8.4800000e+02 6.9400000e+02 2.1121825e-01 6.0000000e+00]
[4.20000000e+01 4.38000000e+02 2.11916441e-01 2.00000000e+00]
[8.40000000e+02 8.53000000e+02 2.13511711e-01 2.10000000e+01]
[6.29000000e+02 1.05000000e+02 2.15421871e-01 3.00000000e+00]
[8.56000000e+02 7.15000000e+02 2.15648877e-01 7.30000000e+01]
[8.43000000e+02 1.56000000e+02 2.17334095e-01 2.70000000e+01]
[2.82000000e+02 3.49000000e+02 2.17494508e-01 2.00000000e+00]
[8.66000000e+02 6.71000000e+02 2.20490835e-01 9.00000000e+00]
[8.71000000e+02 7.86000000e+02 2.23233848e-01 2.50000000e+01]
[2.65000000e+02 8.41000000e+02 2.24730377e-01 1.20000000e+01]
[8.20000000e+02 7.46000000e+02 2.25048508e-01 4.00000000e+00]
[8.64000000e+02 4.12000000e+02 2.26203946e-01 1.10000000e+01]
[2.60000000e+01 8.05000000e+02 2.26680482e-01 8.00000000e+00]
[8.35000000e+02 8.61000000e+02 2.30045336e-01 5.00000000e+00]
[1.20000000e+01 8.78000000e+02 2.30524285e-01 1.30000000e+01]
[8.27000000e+02 3.32000000e+02 2.31150433e-01 4.00000000e+00]
[7.95000000e+02 8.74000000e+02 2.31301598e-01 3.00000000e+01]
[7.70000000e+01 8.22000000e+02 2.33795052e-01 4.00000000e+00]
[8.62000000e+02 7.58000000e+02 2.35528403e-01 1.00000000e+01]
[8.6500000e+02 3.4600000e+02 2.3746372e-01 3.0000000e+00]
[8.83000000e+02 8.55000000e+02 2.37804938e-01 2.00000000e+01]
[8.73000000e+02 8.47000000e+02 2.38594906e-01 1.13000000e+02]
[8.07000000e+02 5.99000000e+02 2.40652929e-01 6.00000000e+00]
[8.6300000e+02 8.5400000e+02 2.4107173e-01 5.0000000e+00]
[8.76000000e+02 8.01000000e+02 2.43262163e-01 1.50000000e+01]
[8.90000000e+02 8.67000000e+02 2.45413015e-01 1.50000000e+02]
[3.44000000e+02 6.18000000e+02 2.47716816e-01 3.00000000e+00]
[8.80000000e+02 1.45000000e+02 2.48148846e-01 1.20000000e+01]
[6.70000000e+01 2.59000000e+02 2.49583018e-01 2.00000000e+00]
[8.88000000e+02 8.58000000e+02 2.51344643e-01 1.20000000e+01]
[8.59000000e+02 8.57000000e+02 2.52127425e-01 2.90000000e+01]
[7.82000000e+02 3.48000000e+02 2.52767194e-01 3.00000000e+00]
[8.9200000e+02 7.5300000e+02 2.5294001e-01 1.0000000e+01]
[8.82000000e+02 8.45000000e+02 2.53009364e-01 8.00000000e+00]
[8.8600000e+02 8.6900000e+02 2.5824295e-01 1.0000000e+01]
[8.85000000e+02 3.77000000e+02 2.61838353e-01 3.10000000e+01]
[8.89000000e+02 8.21000000e+02 2.62195336e-01 2.30000000e+01]
[7.14000000e+02 6.97000000e+02 2.63503168e-01 6.00000000e+00]
[8.93000000e+02 8.77000000e+02 2.63553799e-01 4.00000000e+01]
[8.94000000e+02 8.99000000e+02 2.63744822e-01 1.79000000e+02]
[8.72000000e+02 8.23000000e+02 2.64954421e-01 9.00000000e+00]
[8.68000000e+02 8.75000000e+02 2.67605933e-01 4.00000000e+00]
[8.97000000e+02 6.80000000e+01 2.70057767e-01 3.00000000e+00]
[8.91000000e+02 8.25000000e+02 2.70697258e-01 8.00000000e+00]
[7.79000000e+02 8.52000000e+02 2.77519669e-01 8.00000000e+00]
[9.05000000e+02 9.06000000e+02 2.84315794e-01 2.90000000e+01]
[6.10000000e+01 8.87000000e+02 2.85821886e-01 1.10000000e+01]
[9.08000000e+02 9.03000000e+02 2.88250694e-01 1.89000000e+02]
[2.70000000e+01 8.37000000e+02 2.90323155e-01 4.00000000e+00]
[8.14000000e+02 1.75000000e+02 2.91096794e-01 6.00000000e+00]
[9.16000000e+02 8.98000000e+02 2.91597794e-01 2.01000000e+02]
[9.19000000e+02 8.60000000e+02 2.91646982e-01 2.05000000e+02]
[9.13000000e+02 9.04000000e+02 2.91696593e-01 3.90000000e+01]
[ 13.         110.           0.29275888   2.        ]
[9.00000000e+00 6.38000000e+02 2.98334267e-01 4.00000000e+00]
[8.96000000e+02 8.81000000e+02 2.99242754e-01 2.00000000e+01]
[9.00000000e+02 6.49000000e+02 3.00209379e-01 6.00000000e+00]
[9.10000000e+02 8.84000000e+02 3.01098915e-01 8.00000000e+00]
[9.1400000e+02 9.0200000e+02 3.0683383e-01 3.7000000e+01]
[ 6.         64.          0.31041461  2.        ]
[9.25000000e+02 9.12000000e+02 3.19427846e-01 1.40000000e+01]
[9.07000000e+02 8.51000000e+02 3.26514248e-01 4.20000000e+01]
[9.20000000e+02 9.27000000e+02 3.32124894e-01 2.42000000e+02]
[9.09000000e+02 9.26000000e+02 3.33237338e-01 1.70000000e+01]
[7.80000000e+02 9.30000000e+02 3.35671005e-01 4.40000000e+01]
[9.31000000e+02 9.17000000e+02 3.38039799e-01 2.46000000e+02]
[9.24000000e+02 3.50000000e+02 3.39185005e-01 2.10000000e+01]
[9.01000000e+02 9.34000000e+02 3.41566907e-01 2.56000000e+02]
[9.22000000e+02 8.70000000e+02 3.43998693e-01 4.00000000e+00]
[7.90000000e+01 9.18000000e+02 3.45820253e-01 7.00000000e+00]
[9.21000000e+02 3.28000000e+02 3.52382166e-01 4.00000000e+01]
[9.320000e+02 9.360000e+02 3.544135e-01 2.730000e+02]
[9.11000000e+02 6.39000000e+02 3.54793227e-01 6.00000000e+00]
[1.00000000e+02 8.49000000e+02 3.59661184e-01 2.10000000e+01]
[9.39000000e+02 9.38000000e+02 3.65705172e-01 4.70000000e+01]
[8.79000000e+02 9.40000000e+02 3.70949287e-01 2.77000000e+02]
[6.07000000e+02 2.71000000e+02 3.77793769e-01 3.00000000e+00]
[8.28000000e+02 3.00000000e+02 3.78583068e-01 3.00000000e+00]
[1.15000000e+02 8.95000000e+02 3.86419171e-01 4.00000000e+00]
[9.37000000e+02 9.29000000e+02 3.87147416e-01 1.80000000e+01]
[9.43000000e+02 8.15000000e+02 4.13431645e-01 6.20000000e+01]
[9.44000000e+02 9.41000000e+02 4.14371998e-01 2.83000000e+02]
[9.23000000e+02 9.48000000e+02 4.19866805e-01 2.20000000e+01]
[9.47000000e+02 5.19000000e+02 4.21964966e-01 6.00000000e+00]
[9.33000000e+02 9.49000000e+02 4.33871756e-01 1.06000000e+02]
[9.35000000e+02 3.26000000e+02 4.35413128e-01 2.20000000e+01]
[9.42000000e+02 9.46000000e+02 4.38484449e-01 2.40000000e+01]
[9.2800000e+02 8.4600000e+02 4.4015977e-01 4.0000000e+00]
[9.51000000e+02 9.52000000e+02 4.55726974e-01 2.80000000e+01]
[9.56000000e+02 9.55000000e+02 4.86371795e-01 2.80000000e+01]
[9.50000000e+02 9.15000000e+02 4.95341913e-01 2.94000000e+02]
[9.5700000e+02 9.5900000e+02 5.1038357e-01 3.2200000e+02]
[9.58000000e+02 9.60000000e+02 5.35330784e-01 3.50000000e+02]
[9.53000000e+02 9.45000000e+02 6.05476876e-01 1.09000000e+02]
[9.61000000e+02 9.54000000e+02 6.13679094e-01 3.72000000e+02]
[9.62000000e+02 9.63000000e+02 6.31124184e-01 4.81000000e+02]
[9.64000000e+02 3.59000000e+02 6.78489622e-01 4.82000000e+02]
[9.65000000e+02 3.87000000e+02 9.24235716e-01 4.83000000e+02]
[966. 440.   1. 484.]
[967. 449.   1. 485.]
