[30. 31.  0.  2.]
[81. 82.  0.  2.]
[486.  85.   0.   3.]
[93. 94.  0.  2.]
[488.  95.   0.   3.]
[489.  96.   0.   4.]
[109. 114.   0.   2.]
[112. 117.   0.   2.]
[492. 120.   0.   3.]
[493. 125.   0.   4.]
[132. 133.   0.   2.]
[495. 135.   0.   3.]
[149. 150.   0.   2.]
[497. 151.   0.   3.]
[498. 153.   0.   4.]
[157. 215.   0.   2.]
[500. 216.   0.   3.]
[501. 218.   0.   4.]
[502. 219.   0.   5.]
[503. 222.   0.   6.]
[172. 174.   0.   2.]
[178. 180.   0.   2.]
[179. 181.   0.   2.]
[192. 197.   0.   2.]
[198. 199.   0.   2.]
[205. 211.   0.   2.]
[225. 227.   0.   2.]
[233. 235.   0.   2.]
[512. 236.   0.   3.]
[513. 239.   0.   4.]
[514. 240.   0.   5.]
[515. 499.   0.   9.]
[242. 244.   0.   2.]
[284. 303.   0.   2.]
[286. 298.   0.   2.]
[299. 301.   0.   2.]
[316. 318.   0.   2.]
[521. 321.   0.   3.]
[319. 320.   0.   2.]
[523. 324.   0.   3.]
[333. 341.   0.   2.]
[362. 364.   0.   2.]
[375. 376.   0.   2.]
[379. 385.   0.   2.]
[528. 386.   0.   3.]
[529. 388.   0.   4.]
[530. 399.   0.   5.]
[531. 411.   0.   6.]
[395. 396.   0.   2.]
[533. 401.   0.   3.]
[430. 431.   0.   2.]
[433. 436.   0.   2.]
[458. 509.   0.   3.]
[464. 537.   0.   4.]
[473. 474.   0.   2.]
[475. 476.   0.   2.]
[7.00000000e+01 7.10000000e+01 1.11022302e-16 2.00000000e+00]
[5.41000000e+02 7.20000000e+01 1.11022302e-16 3.00000000e+00]
[5.42000000e+02 7.30000000e+01 1.11022302e-16 4.00000000e+00]
[5.43000000e+02 7.40000000e+01 1.11022302e-16 5.00000000e+00]
[1.23000000e+02 1.24000000e+02 1.11022302e-16 2.00000000e+00]
[5.45000000e+02 1.28000000e+02 1.11022302e-16 3.00000000e+00]
[2.12000000e+02 2.21000000e+02 1.11022302e-16 2.00000000e+00]
[3.68000000e+02 3.70000000e+02 1.11022302e-16 2.00000000e+00]
[1.40000000e+01 1.50000000e+01 2.22044605e-16 2.00000000e+00]
[1.13000000e+02 1.16000000e+02 2.22044605e-16 2.00000000e+00]
[5.50000000e+02 1.27000000e+02 2.22044605e-16 3.00000000e+00]
[1.36000000e+02 1.37000000e+02 2.22044605e-16 2.00000000e+00]
[2.91000000e+02 2.97000000e+02 2.22044605e-16 2.00000000e+00]
[3.11000000e+02 3.25000000e+02 2.22044605e-16 2.00000000e+00]
[3.63000000e+02 5.26000000e+02 2.22044605e-16 3.00000000e+00]
[4.48000000e+02 4.53000000e+02 2.22044605e-16 2.00000000e+00]
[4.50000000e+02 4.52000000e+02 2.22044605e-16 2.00000000e+00]
[5.57000000e+02 4.59000000e+02 2.22044605e-16 3.00000000e+00]
[5.58000000e+02 5.56000000e+02 2.22044605e-16 5.00000000e+00]
[4.70000000e+02 5.59000000e+02 2.22044605e-16 6.00000000e+00]
[1.84000000e+02 5.06000000e+02 3.33066907e-16 3.00000000e+00]
[2.06000000e+02 2.07000000e+02 3.33066907e-16 2.00000000e+00]
[5.62000000e+02 5.10000000e+02 3.33066907e-16 4.00000000e+00]
[2.09000000e+02 5.63000000e+02 3.33066907e-16 5.00000000e+00]
[4.43000000e+02 4.44000000e+02 3.33066907e-16 2.00000000e+00]
[5.65000000e+02 4.45000000e+02 3.33066907e-16 3.00000000e+00]
[2.61000000e+02 2.63000000e+02 5.55111512e-16 2.00000000e+00]
[4.46000000e+02 4.47000000e+02 1.11022302e-15 2.00000000e+00]
[4.67000000e+02 5.60000000e+02 1.70142913e-03 7.00000000e+00]
[1.39000000e+02 1.42000000e+02 2.86126976e-03 2.00000000e+00]
[5.61000000e+02 5.07000000e+02 2.86871455e-03 5.00000000e+00]
[1.06000000e+02 1.07000000e+02 3.50823914e-03 2.00000000e+00]
[5.70000000e+02 1.40000000e+02 4.47233316e-03 3.00000000e+00]
[1.82000000e+02 5.71000000e+02 5.04800722e-03 6.00000000e+00]
[3.520000e+02 3.530000e+02 5.080924e-03 2.000000e+00]
[2.08000000e+02 5.64000000e+02 5.39624748e-03 6.00000000e+00]
[3.97000000e+02 4.13000000e+02 6.52076451e-03 2.00000000e+00]
[5.52000000e+02 1.38000000e+02 7.05022738e-03 3.00000000e+00]
[5.73000000e+02 1.41000000e+02 8.08258742e-03 4.00000000e+00]
[1.59000000e+02 1.60000000e+02 8.21449756e-03 2.00000000e+00]
[4.56000000e+02 5.38000000e+02 9.23674037e-03 5.00000000e+00]
[1.77000000e+02 5.74000000e+02 9.94984215e-03 7.00000000e+00]
[1.66000000e+02 1.67000000e+02 1.02026747e-02 2.00000000e+00]
[4.23000000e+02 5.32000000e+02 1.09658185e-02 7.00000000e+00]
[8.00000000e+01 4.87000000e+02 1.11263184e-02 4.00000000e+00]
[5.49000000e+02 1.60000000e+01 1.20686707e-02 3.00000000e+00]
[4.10000000e+01 4.30000000e+01 1.25014499e-02 2.00000000e+00]
[3.610000e+02 5.550000e+02 1.255623e-02 4.000000e+00]
[4.21000000e+02 5.84000000e+02 1.31581711e-02 8.00000000e+00]
[5.16000000e+02 2.43000000e+02 1.40737213e-02 1.00000000e+01]
[3.42000000e+02 3.43000000e+02 1.43022442e-02 2.00000000e+00]
[2.75000000e+02 2.78000000e+02 1.49405516e-02 2.00000000e+00]
[1.83000000e+02 5.82000000e+02 1.49479683e-02 8.00000000e+00]
[3.15000000e+02 5.22000000e+02 1.60435279e-02 4.00000000e+00]
[4.42000000e+02 5.69000000e+02 1.87278103e-02 8.00000000e+00]
[3.8900000e+02 5.7700000e+02 1.8811933e-02 3.0000000e+00]
[4.80000000e+02 4.82000000e+02 1.92470086e-02 2.00000000e+00]
[1.9300000e+02 1.9600000e+02 1.9486282e-02 2.0000000e+00]
[3.70000000e+01 3.90000000e+01 1.96006181e-02 2.00000000e+00]
[2.92000000e+02 3.04000000e+02 2.07284144e-02 2.00000000e+00]
[3.45000000e+02 3.47000000e+02 2.14647856e-02 2.00000000e+00]
[2.7600000e+02 5.1800000e+02 2.2041489e-02 3.0000000e+00]
[3.93000000e+02 5.34000000e+02 2.21505031e-02 4.00000000e+00]
[2.49000000e+02 5.51000000e+02 2.29796145e-02 4.00000000e+00]
[5.78000000e+02 5.79000000e+02 2.40252345e-02 7.00000000e+00]
[2.41000000e+02 5.17000000e+02 2.50479724e-02 3.00000000e+00]
[1.54000000e+02 1.55000000e+02 2.64384735e-02 2.00000000e+00]
[4.69000000e+02 5.39000000e+02 2.70910287e-02 3.00000000e+00]
[2.26000000e+02 5.90000000e+02 2.71688343e-02 1.10000000e+01]
[2.83000000e+02 2.87000000e+02 2.84727624e-02 2.00000000e+00]
[2.51000000e+02 2.52000000e+02 2.93075374e-02 2.00000000e+00]
[3.72000000e+02 3.73000000e+02 3.08026453e-02 2.00000000e+00]
[4.28000000e+02 5.36000000e+02 3.15601068e-02 3.00000000e+00]
[4.00000000e+01 5.87000000e+02 3.17687852e-02 3.00000000e+00]
[3.14000000e+02 5.89000000e+02 3.39548694e-02 9.00000000e+00]
[25.         34.          0.03407636  2.        ]
[3.51000000e+02 3.55000000e+02 3.46321436e-02 2.00000000e+00]
[2.57000000e+02 2.58000000e+02 3.49565616e-02 2.00000000e+00]
[4.9600000e+02 1.3400000e+02 3.5222007e-02 4.0000000e+00]
[1.43000000e+02 6.05000000e+02 3.53631152e-02 8.00000000e+00]
[4.72000000e+02 5.40000000e+02 3.54189068e-02 3.00000000e+00]
[2.6700000e+02 2.7000000e+02 3.6239542e-02 2.0000000e+00]
[2.34000000e+02 2.37000000e+02 3.65460396e-02 2.00000000e+00]
[1.76000000e+02 5.93000000e+02 3.92818794e-02 9.00000000e+00]
[3.38000000e+02 3.57000000e+02 4.01021879e-02 2.00000000e+00]
[6.20000000e+02 1.44000000e+02 4.19952065e-02 9.00000000e+00]
[5.80000000e+02 2.56000000e+02 4.21827499e-02 3.00000000e+00]
[5.50000000e+01 5.80000000e+01 4.48651586e-02 2.00000000e+00]
[5.54000000e+02 3.13000000e+02 4.55588743e-02 3.00000000e+00]
[3.37000000e+02 5.81000000e+02 4.66129685e-02 6.00000000e+00]
[2.00000000e+02 6.09000000e+02 4.71322857e-02 1.20000000e+01]
[1.48000000e+02 5.11000000e+02 4.80553288e-02 3.00000000e+00]
[7.50000000e+01 7.60000000e+01 4.81961213e-02 2.00000000e+00]
[6.27000000e+02 5.76000000e+02 4.82836938e-02 9.00000000e+00]
[3.66000000e+02 6.31000000e+02 4.93972101e-02 1.30000000e+01]
[2.68000000e+02 6.25000000e+02 4.98583994e-02 3.00000000e+00]
[2.85000000e+02 4.81000000e+02 5.00633648e-02 2.00000000e+00]
[6.10000000e+02 2.88000000e+02 5.08504768e-02 3.00000000e+00]
[6.04000000e+02 6.34000000e+02 5.13529416e-02 1.30000000e+01]
[4.26000000e+02 6.39000000e+02 5.21335691e-02 1.40000000e+01]
[5.72000000e+02 1.08000000e+02 5.27180029e-02 3.00000000e+00]
[2.73000000e+02 6.35000000e+02 5.46351534e-02 1.40000000e+01]
[6.36000000e+02 3.09000000e+02 5.53555451e-02 4.00000000e+00]
[5.3500000e+02 4.3400000e+02 5.5892836e-02 3.0000000e+00]
[5.96000000e+02 4.29000000e+02 5.59945602e-02 4.00000000e+00]
[4.15000000e+02 5.86000000e+02 5.69933241e-02 4.00000000e+00]
[5.95000000e+02 5.66000000e+02 5.79397628e-02 1.10000000e+01]
[3.07000000e+02 6.42000000e+02 5.82245651e-02 1.50000000e+01]
[1.62000000e+02 1.63000000e+02 5.86176811e-02 2.00000000e+00]
[2.90000000e+01 4.85000000e+02 6.09216723e-02 3.00000000e+00]
[1.94000000e+02 6.32000000e+02 6.09761686e-02 4.00000000e+00]
[4.5100000e+02 4.7100000e+02 6.1102492e-02 2.0000000e+00]
[6.30000000e+02 6.40000000e+02 6.11289295e-02 2.00000000e+01]
[2.53000000e+02 6.53000000e+02 6.14524905e-02 2.10000000e+01]
[3.30000000e+02 6.54000000e+02 6.15704512e-02 2.20000000e+01]
[1.58000000e+02 1.64000000e+02 6.16318396e-02 2.00000000e+00]
[1.11000000e+02 5.04000000e+02 6.18376785e-02 7.00000000e+00]
[5.47000000e+02 2.14000000e+02 6.20100668e-02 3.00000000e+00]
[8.40000000e+01 5.48000000e+02 6.40103102e-02 3.00000000e+00]
[3.02000000e+02 3.06000000e+02 6.42689655e-02 2.00000000e+00]
[4.35000000e+02 6.47000000e+02 6.55541604e-02 1.20000000e+01]
[8.80000000e+01 6.51000000e+02 6.74070686e-02 5.00000000e+00]
[48.         54.          0.06784158  2.        ]
[2.60000000e+02 2.48000000e+02 6.88541612e-02 2.00000000e+00]
[1.46000000e+02 6.48000000e+02 6.96877721e-02 1.60000000e+01]
[2.9300000e+02 5.2000000e+02 7.0147642e-02 3.0000000e+00]
[2.31000000e+02 4.91000000e+02 7.06183748e-02 3.00000000e+00]
[2.79000000e+02 6.45000000e+02 7.27467978e-02 5.00000000e+00]
[3.74000000e+02 5.27000000e+02 7.28702208e-02 3.00000000e+00]
[6.37000000e+02 6.65000000e+02 7.38902957e-02 1.80000000e+01]
[2.04000000e+02 6.55000000e+02 7.44619579e-02 2.30000000e+01]
[6.00000000e+01 5.05000000e+02 7.48861586e-02 3.00000000e+00]
[9.10000000e+01 5.46000000e+02 7.49080202e-02 4.00000000e+00]
[1.52000000e+02 4.90000000e+02 7.51647431e-02 5.00000000e+00]
[4.57000000e+02 6.70000000e+02 7.54094153e-02 1.90000000e+01]
[7.00000000e+00 6.67000000e+02 7.57706167e-02 4.00000000e+00]
[4.84000000e+02 6.19000000e+02 7.58145669e-02 5.00000000e+00]
[1.91000000e+02 5.08000000e+02 7.58254005e-02 3.00000000e+00]
[1.19000000e+02 1.61000000e+02 7.59943419e-02 2.00000000e+00]
[4.27000000e+02 3.31000000e+02 7.65039191e-02 2.00000000e+00]
[3.91000000e+02 6.79000000e+02 7.88640955e-02 3.00000000e+00]
[3.92000000e+02 6.80000000e+02 8.18299575e-02 3.00000000e+00]
[6.15000000e+02 5.94000000e+02 8.22044454e-02 1.30000000e+01]
[6.68000000e+02 4.79000000e+02 8.34151371e-02 6.00000000e+00]
[3.36000000e+02 3.78000000e+02 8.45225811e-02 2.00000000e+00]
[6.64000000e+02 2.46000000e+02 8.49560943e-02 3.00000000e+00]
[1.47000000e+02 6.84000000e+02 8.51288183e-02 7.00000000e+00]
[4.60000000e+02 4.61000000e+02 8.54111935e-02 2.00000000e+00]
[4.17000000e+02 6.08000000e+02 8.54980048e-02 4.00000000e+00]
[5.70000000e+01 6.71000000e+02 8.67823461e-02 2.40000000e+01]
[6.59000000e+02 3.34000000e+02 8.72874269e-02 4.00000000e+00]
[4.78000000e+02 6.75000000e+02 8.76713334e-02 2.00000000e+01]
[6.46000000e+02 4.16000000e+02 8.82983269e-02 5.00000000e+00]
[6.58000000e+02 2.50000000e+02 8.91191581e-02 4.00000000e+00]
[4.14000000e+02 4.25000000e+02 8.92277645e-02 2.00000000e+00]
[4.62000000e+02 4.65000000e+02 9.03853694e-02 2.00000000e+00]
[2.32000000e+02 6.81000000e+02 9.14505508e-02 4.00000000e+00]
[1.90000000e+02 6.78000000e+02 9.14735347e-02 4.00000000e+00]
[6.38000000e+02 4.04000000e+02 9.17504774e-02 4.00000000e+00]
[8.60000000e+01 6.76000000e+02 9.18202978e-02 5.00000000e+00]
[2.9400000e+02 6.9900000e+02 9.1837608e-02 5.0000000e+00]
[6.86000000e+02 4.09000000e+02 9.20331017e-02 4.00000000e+00]
[3.8100000e+02 6.8500000e+02 9.2106035e-02 3.0000000e+00]
[7.0200000e+02 2.5400000e+02 9.2587216e-02 5.0000000e+00]
[2.30000000e+01 6.92000000e+02 9.27726207e-02 2.10000000e+01]
[4.06000000e+02 6.95000000e+02 9.38831586e-02 3.00000000e+00]
[2.01000000e+02 7.05000000e+02 9.45795442e-02 2.20000000e+01]
[6.74000000e+02 6.91000000e+02 9.48437685e-02 9.00000000e+00]
[6.57000000e+02 6.43000000e+02 9.54194425e-02 1.10000000e+01]
[2.89000000e+02 7.01000000e+02 9.56662992e-02 6.00000000e+00]
[3.23000000e+02 7.07000000e+02 9.63678101e-02 2.30000000e+01]
[4.55000000e+02 6.63000000e+02 9.69254648e-02 3.00000000e+00]
[4.05000000e+02 6.13000000e+02 9.70632273e-02 4.00000000e+00]
[2.90000000e+02 5.53000000e+02 9.96359473e-02 3.00000000e+00]
[3.39000000e+02 6.21000000e+02 9.98262855e-02 4.00000000e+00]
[3.17000000e+02 4.94000000e+02 1.00022716e-01 5.00000000e+00]
[6.73000000e+02 1.21000000e+02 1.00462001e-01 5.00000000e+00]
[1.73000000e+02 1.87000000e+02 1.00756222e-01 2.00000000e+00]
[6.72000000e+02 1.03000000e+02 1.01115135e-01 4.00000000e+00]
[50.         51.          0.10174007  2.        ]
[3.67000000e+02 5.91000000e+02 1.01856573e-01 3.00000000e+00]
[7.03000000e+02 4.19000000e+02 1.02939482e-01 4.00000000e+00]
[7.04000000e+02 7.12000000e+02 1.03067101e-01 8.00000000e+00]
[7.0800000e+02 9.8000000e+01 1.0375657e-01 1.0000000e+01]
[2.5500000e+02 6.0300000e+02 1.0468412e-01 5.0000000e+00]
[7.21000000e+02 7.17000000e+02 1.05610777e-01 8.00000000e+00]
[4.24000000e+02 7.11000000e+02 1.05990074e-01 2.40000000e+01]
[6.82000000e+02 5.25000000e+02 1.07086518e-01 5.00000000e+00]
[3.05000000e+02 5.75000000e+02 1.07191014e-01 3.00000000e+00]
[3.98000000e+02 7.28000000e+02 1.07259406e-01 6.00000000e+00]
[6.24000000e+02 1.85000000e+02 1.07337157e-01 1.00000000e+01]
[ 69.         101.           0.10735301   2.        ]
[4.77000000e+02 6.87000000e+02 1.07696875e-01 8.00000000e+00]
[3.65000000e+02 7.19000000e+02 1.08370192e-01 5.00000000e+00]
[4.00000000e+00 6.97000000e+02 1.08555614e-01 5.00000000e+00]
[4.08000000e+02 6.93000000e+02 1.09196592e-01 6.00000000e+00]
[8.30000000e+01 7.35000000e+02 1.10484564e-01 6.00000000e+00]
[2.40000000e+01 7.23000000e+02 1.11277534e-01 9.00000000e+00]
[6.83000000e+02 5.24000000e+02 1.11321085e-01 1.60000000e+01]
[2.1000000e+02 6.9000000e+02 1.1253323e-01 2.5000000e+01]
[7.10000000e+02 7.25000000e+02 1.12877514e-01 1.10000000e+01]
[2.80000000e+02 6.22000000e+02 1.13261654e-01 3.00000000e+00]
[4.66000000e+02 7.33000000e+02 1.13359818e-01 9.00000000e+00]
[2.47000000e+02 7.43000000e+02 1.13627762e-01 1.00000000e+01]
[5.88000000e+02 7.40000000e+02 1.15587259e-01 2.90000000e+01]
[1.29000000e+02 6.26000000e+02 1.16093701e-01 1.00000000e+01]
[2.28000000e+02 7.15000000e+02 1.16540497e-01 5.00000000e+00]
[4.02000000e+02 7.42000000e+02 1.16840559e-01 4.00000000e+00]
[21.         33.          0.11759988  2.        ]
[2.95000000e+02 7.29000000e+02 1.18686457e-01 4.00000000e+00]
[2.69000000e+02 7.47000000e+02 1.18727923e-01 6.00000000e+00]
[7.27000000e+02 7.24000000e+02 1.18899965e-01 3.40000000e+01]
[7.06000000e+02 7.16000000e+02 1.18990669e-01 8.00000000e+00]
[6.11000000e+02 7.09000000e+02 1.19791479e-01 1.30000000e+01]
[7.53000000e+02 7.38000000e+02 1.19972497e-01 1.70000000e+01]
[3.35000000e+02 7.34000000e+02 1.20879584e-01 6.00000000e+00]
[1.89000000e+02 6.98000000e+02 1.21290691e-01 5.00000000e+00]
[7.80000000e+01 7.26000000e+02 1.22067466e-01 9.00000000e+00]
[3.94000000e+02 7.14000000e+02 1.22330793e-01 4.00000000e+00]
[1.69000000e+02 7.00000000e+02 1.23209362e-01 6.00000000e+00]
[4.00000000e+02 7.37000000e+02 1.24129937e-01 7.00000000e+00]
[1.04000000e+02 5.44000000e+02 1.24447467e-01 6.00000000e+00]
[7.41000000e+02 7.59000000e+02 1.25705496e-01 1.50000000e+01]
[7.44000000e+02 3.90000000e+02 1.25870601e-01 1.10000000e+01]
[9.90000000e+01 7.52000000e+02 1.26059947e-01 3.50000000e+01]
[5.67000000e+02 2.74000000e+02 1.26549024e-01 3.00000000e+00]
[2.24000000e+02 7.45000000e+02 1.26935914e-01 3.00000000e+01]
[1.00000000e+01 7.65000000e+02 1.27243697e-01 3.60000000e+01]
[2.03000000e+02 7.50000000e+02 1.27401902e-01 5.00000000e+00]
[3.84000000e+02 7.30000000e+02 1.27532676e-01 7.00000000e+00]
[6.61000000e+02 4.54000000e+02 1.27667017e-01 1.30000000e+01]
[1.86000000e+02 7.61000000e+02 1.27914272e-01 8.00000000e+00]
[1.88000000e+02 5.92000000e+02 1.28735263e-01 3.00000000e+00]
[5.99000000e+02 7.56000000e+02 1.28981383e-01 8.00000000e+00]
[7.71000000e+02 4.37000000e+02 1.30083599e-01 1.40000000e+01]
[2.13000000e+02 6.00000000e+02 1.34507529e-01 3.00000000e+00]
[8.00000000e+00 7.51000000e+02 1.34548184e-01 7.00000000e+00]
[6.14000000e+02 4.50000000e+01 1.36007936e-01 4.00000000e+00]
[66.         53.          0.13716166  2.        ]
[7.63000000e+02 4.68000000e+02 1.37542963e-01 1.60000000e+01]
[2.00000000e+00 2.45000000e+02 1.37743706e-01 2.00000000e+00]
[7.7700000e+02 6.1800000e+02 1.3804551e-01 9.0000000e+00]
[2.02000000e+02 5.97000000e+02 1.38184208e-01 3.00000000e+00]
[2.81000000e+02 7.68000000e+02 1.38256323e-01 3.70000000e+01]
[2.2900000e+02 7.7000000e+02 1.3865884e-01 8.0000000e+00]
[7.80000000e+02 4.07000000e+02 1.39160159e-01 1.70000000e+01]
[1.00000000e+00 7.86000000e+02 1.39902302e-01 1.80000000e+01]
[7.22000000e+02 7.72000000e+02 1.40448736e-01 1.20000000e+01]
[52.         89.          0.14073302  2.        ]
[7.82000000e+02 6.66000000e+02 1.41192961e-01 1.20000000e+01]
[4.10000000e+02 7.39000000e+02 1.42290749e-01 1.70000000e+01]
[7.60000000e+02 6.62000000e+02 1.43060262e-01 1.10000000e+01]
[7.54000000e+02 6.02000000e+02 1.43310477e-01 1.60000000e+01]
[7.4800000e+02 6.5200000e+02 1.4376831e-01 6.0000000e+00]
[7.69000000e+02 3.82000000e+02 1.45141423e-01 6.00000000e+00]
[2.30000000e+02 7.64000000e+02 1.45518185e-01 1.20000000e+01]
[1.95000000e+02 7.90000000e+02 1.46347386e-01 1.30000000e+01]
[6.56000000e+02 7.91000000e+02 1.47105282e-01 1.90000000e+01]
[2.20000000e+02 7.87000000e+02 1.47421231e-01 1.90000000e+01]
[4.40000000e+01 7.67000000e+02 1.47875713e-01 3.10000000e+01]
[1.18000000e+02 7.85000000e+02 1.49119153e-01 9.00000000e+00]
[7.58000000e+02 2.17000000e+02 1.50434789e-01 1.00000000e+01]
[4.9000000e+01 6.8900000e+02 1.5174566e-01 5.0000000e+00]
[7.89000000e+02 8.00000000e+02 1.52037614e-01 3.30000000e+01]
[3.69000000e+02 7.88000000e+02 1.52053453e-01 1.30000000e+01]
[4.39000000e+02 7.73000000e+02 1.53816718e-01 4.00000000e+00]
[9.20000000e+01 7.93000000e+02 1.54114569e-01 1.70000000e+01]
[3.08000000e+02 7.75000000e+02 1.54370146e-01 1.50000000e+01]
[7.92000000e+02 6.23000000e+02 1.55015568e-01 1.30000000e+01]
[7.74000000e+02 4.63000000e+02 1.56411409e-01 9.00000000e+00]
[6.20000000e+01 8.03000000e+02 1.56885536e-01 6.00000000e+00]
[9.00000000e+01 8.04000000e+02 1.57897272e-01 3.40000000e+01]
[4.32000000e+02 7.46000000e+02 1.59521997e-01 1.10000000e+01]
[7.62000000e+02 1.65000000e+02 1.59590214e-01 7.00000000e+00]
[9.70000000e+01 8.07000000e+02 1.61265629e-01 1.80000000e+01]
[4.70000000e+01 7.79000000e+02 1.62237334e-01 3.00000000e+00]
[7.84000000e+02 3.00000000e+00 1.62357417e-01 3.80000000e+01]
[8.06000000e+02 5.68000000e+02 1.62666431e-01 6.00000000e+00]
[8.17000000e+02 6.06000000e+02 1.62839592e-01 4.10000000e+01]
[5.85000000e+02 1.10000000e+01 1.62862874e-01 5.00000000e+00]
[8.2000000e+02 4.2200000e+02 1.6340144e-01 6.0000000e+00]
[6.94000000e+02 7.99000000e+02 1.63442998e-01 2.30000000e+01]
[2.66000000e+02 7.96000000e+02 1.64085568e-01 1.30000000e+01]
[1.90000000e+01 7.49000000e+02 1.66795789e-01 3.00000000e+00]
[8.19000000e+02 8.09000000e+02 1.67823052e-01 5.40000000e+01]
[5.83000000e+02 2.23000000e+02 1.67872137e-01 3.00000000e+00]
[2.77000000e+02 7.94000000e+02 1.67875156e-01 7.00000000e+00]
[5.0000000e+00 8.1500000e+02 1.6870142e-01 1.9000000e+01]
[4.20000000e+02 8.18000000e+02 1.69184169e-01 7.00000000e+00]
[6.16000000e+02 7.55000000e+02 1.69296187e-01 1.90000000e+01]
[3.10000000e+02 7.66000000e+02 1.70050253e-01 4.00000000e+00]
[7.97000000e+02 8.01000000e+02 1.70312865e-01 2.20000000e+01]
[3.71000000e+02 8.14000000e+02 1.71019018e-01 8.00000000e+00]
[2.62000000e+02 7.13000000e+02 1.72222355e-01 5.00000000e+00]
[7.95000000e+02 8.30000000e+02 1.73952321e-01 2.50000000e+01]
[3.58000000e+02 8.25000000e+02 1.75061506e-01 5.50000000e+01]
[4.6000000e+01 8.2300000e+02 1.7594879e-01 1.4000000e+01]
[4.18000000e+02 8.12000000e+02 1.76380313e-01 3.50000000e+01]
[5.60000000e+01 8.35000000e+02 1.76550851e-01 2.60000000e+01]
[3.6000000e+02 8.3700000e+02 1.7834166e-01 1.5000000e+01]
[6.60000000e+02 4.83000000e+02 1.78429117e-01 3.00000000e+00]
[3.80000000e+02 6.12000000e+02 1.79037271e-01 3.00000000e+00]
[8.31000000e+02 3.27000000e+02 1.81341256e-01 5.00000000e+00]
[1.31000000e+02 6.77000000e+02 1.81810004e-01 6.00000000e+00]
[1.22000000e+02 8.38000000e+02 1.82058302e-01 3.60000000e+01]
[3.6000000e+01 8.1600000e+02 1.8316026e-01 4.0000000e+00]
[8.11000000e+02 1.70000000e+02 1.83860255e-01 7.00000000e+00]
[8.32000000e+02 6.69000000e+02 1.84302637e-01 2.50000000e+01]
[7.83000000e+02 6.01000000e+02 1.86661728e-01 5.00000000e+00]
[8.29000000e+02 8.45000000e+02 1.87670484e-01 4.30000000e+01]
[4.03000000e+02 4.41000000e+02 1.87869728e-01 2.00000000e+00]
[2.64000000e+02 3.49000000e+02 1.90342142e-01 2.00000000e+00]
[8.2200000e+02 7.3100000e+02 1.9124483e-01 3.3000000e+01]
[5.9000000e+01 8.4600000e+02 1.9247694e-01 5.0000000e+00]
[22.         35.          0.19332486  2.        ]
[8.48000000e+02 3.29000000e+02 1.94019552e-01 2.60000000e+01]
[6.30000000e+01 8.54000000e+02 1.95994582e-01 6.00000000e+00]
[8.27000000e+02 8.40000000e+02 1.96634258e-01 2.20000000e+01]
[8.28000000e+02 8.02000000e+02 1.99069388e-01 2.90000000e+01]
[8.05000000e+02 8.39000000e+02 1.99610074e-01 3.90000000e+01]
[3.54000000e+02 8.53000000e+02 2.01637826e-01 3.40000000e+01]
[3.2000000e+01 8.3600000e+02 2.0230831e-01 5.6000000e+01]
[3.80000000e+01 8.57000000e+02 2.03273752e-01 7.00000000e+00]
[1.02000000e+02 8.56000000e+02 2.04521264e-01 2.70000000e+01]
[7.9800000e+02 6.2900000e+02 2.0587201e-01 2.2000000e+01]
[8.52000000e+02 8.43000000e+02 2.06576861e-01 7.00000000e+00]
[0.00000000e+00 8.33000000e+02 2.06772453e-01 9.00000000e+00]
[7.20000000e+02 8.58000000e+02 2.07244853e-01 2.40000000e+01]
[8.44000000e+02 7.18000000e+02 2.07640807e-01 8.00000000e+00]
[8.49000000e+02 8.26000000e+02 2.08992861e-01 8.00000000e+00]
[5.98000000e+02 8.70000000e+02 2.09702076e-01 1.00000000e+01]
[1.71000000e+02 6.33000000e+02 2.10587371e-01 3.00000000e+00]
[8.60000000e+02 8.42000000e+02 2.11606362e-01 4.20000000e+01]
[8.69000000e+02 6.88000000e+02 2.11833189e-01 1.00000000e+01]
[4.20000000e+01 4.38000000e+02 2.11916441e-01 2.00000000e+00]
[1.45000000e+02 8.10000000e+02 2.11967989e-01 1.00000000e+01]
[8.47000000e+02 8.76000000e+02 2.12358609e-01 1.70000000e+01]
[6.49000000e+02 8.13000000e+02 2.12941528e-01 1.30000000e+01]
[7.76000000e+02 8.78000000e+02 2.13752097e-01 1.60000000e+01]
[8.5000000e+02 2.3800000e+02 2.1384661e-01 4.4000000e+01]
[3.83000000e+02 8.67000000e+02 2.13954455e-01 1.00000000e+01]
[8.80000000e+02 8.73000000e+02 2.14034058e-01 8.60000000e+01]
[1.80000000e+01 8.65000000e+02 2.16014983e-01 2.30000000e+01]
[8.6400000e+02 8.5900000e+02 2.2067245e-01 5.6000000e+01]
[8.71000000e+02 2.96000000e+02 2.25636823e-01 1.10000000e+01]
[1.05000000e+02 8.72000000e+02 2.27247375e-01 4.00000000e+00]
[1.56000000e+02 8.84000000e+02 2.27792741e-01 5.70000000e+01]
[8.83000000e+02 2.65000000e+02 2.29295415e-01 2.40000000e+01]
[2.00000000e+01 8.77000000e+02 2.29347611e-01 1.80000000e+01]
[8.68000000e+02 1.26000000e+02 2.30456507e-01 2.50000000e+01]
[1.20000000e+01 8.82000000e+02 2.30524285e-01 8.70000000e+01]
[8.88000000e+02 8.34000000e+02 2.33254137e-01 2.90000000e+01]
[6.50000000e+01 8.87000000e+02 2.38706866e-01 5.80000000e+01]
[3.2200000e+02 8.9100000e+02 2.4019222e-01 8.8000000e+01]
[6.28000000e+02 8.89000000e+02 2.41854885e-01 2.00000000e+01]
[1.300000e+02 8.920000e+02 2.431477e-01 3.000000e+01]
[8.70000000e+01 8.90000000e+02 2.43690986e-01 2.60000000e+01]
[7.70000000e+01 8.79000000e+02 2.43711331e-01 1.70000000e+01]
[8.660000e+02 8.980000e+02 2.467088e-01 2.400000e+01]
[6.17000000e+02 8.81000000e+02 2.47716816e-01 1.20000000e+01]
[2.59000000e+02 6.96000000e+02 2.49583018e-01 3.00000000e+00]
[8.63000000e+02 8.96000000e+02 2.55105608e-01 3.70000000e+01]
[6.80000000e+01 8.86000000e+02 2.60940422e-01 5.00000000e+00]
[8.94000000e+02 8.97000000e+02 2.61640199e-01 1.14000000e+02]
[2.72000000e+02 8.62000000e+02 2.65484705e-01 5.70000000e+01]
[9.04000000e+02 3.40000000e+02 2.66965152e-01 1.15000000e+02]
[8.99000000e+02 9.06000000e+02 2.67620555e-01 1.39000000e+02]
[3.44000000e+02 9.00000000e+02 2.69586207e-01 1.30000000e+01]
[7.32000000e+02 8.93000000e+02 2.72146005e-01 6.00000000e+01]
[2.80000000e+01 8.85000000e+02 2.75656372e-01 1.20000000e+01]
[8.61000000e+02 9.05000000e+02 2.77498066e-01 9.10000000e+01]
[8.21000000e+02 1.75000000e+02 2.79737922e-01 7.00000000e+00]
[9.02000000e+02 7.57000000e+02 2.81015314e-01 4.20000000e+01]
[4.12000000e+02 8.95000000e+02 2.82717408e-01 2.10000000e+01]
[9.10000000e+02 6.50000000e+02 2.87840433e-01 1.50000000e+01]
[8.41000000e+02 3.56000000e+02 2.90323155e-01 4.00000000e+00]
[9.09000000e+02 7.36000000e+02 2.90331492e-01 6.60000000e+01]
[9.17000000e+02 3.12000000e+02 2.92012045e-01 6.70000000e+01]
[6.1000000e+01 8.7400000e+02 2.9229215e-01 1.1000000e+01]
[9.15000000e+02 3.48000000e+02 2.92701353e-01 1.60000000e+01]
[ 13.         110.           0.29275888   2.        ]
[9.03000000e+02 9.01000000e+02 2.94537617e-01 8.00000000e+00]
[6.41000000e+02 9.20000000e+02 2.98334267e-01 1.90000000e+01]
[6.70000000e+01 9.07000000e+02 2.98949485e-01 1.40000000e+02]
[9.11000000e+02 9.21000000e+02 3.00608999e-01 9.30000000e+01]
[9.2500000e+02 9.0800000e+02 3.0548026e-01 1.0600000e+02]
[2.70000000e+01 9.26000000e+02 3.06705171e-01 1.07000000e+02]
[ 6.         64.          0.31041461  2.        ]
[5.19000000e+02 9.24000000e+02 3.12021411e-01 1.42000000e+02]
[7.78000000e+02 8.75000000e+02 3.13923577e-01 6.00000000e+00]
[2.71000000e+02 3.46000000e+02 3.21289334e-01 2.00000000e+00]
[9.18000000e+02 8.08000000e+02 3.28403532e-01 8.20000000e+01]
[7.90000000e+01 9.12000000e+02 3.34110741e-01 8.00000000e+00]
[1.6800000e+02 9.2700000e+02 3.3779637e-01 1.0800000e+02]
[9.33000000e+02 3.77000000e+02 3.41131033e-01 9.00000000e+00]
[3.32000000e+02 9.29000000e+02 3.45389593e-01 1.43000000e+02]
[7.81000000e+02 9.32000000e+02 3.49941951e-01 8.40000000e+01]
[9.30000000e+02 9.23000000e+02 3.51483345e-01 2.50000000e+01]
[9.13000000e+02 9.22000000e+02 3.54099127e-01 5.00000000e+01]
[ 17.         300.           0.35716564   2.        ]
[9.3400000e+02 8.2400000e+02 3.5799795e-01 1.1100000e+02]
[2.82000000e+02 9.36000000e+02 3.58845864e-01 1.44000000e+02]
[2.60000000e+01 9.41000000e+02 3.61743443e-01 1.12000000e+02]
[9.39000000e+02 9.16000000e+02 3.66760084e-01 5.40000000e+01]
[9.00000000e+00 9.37000000e+02 3.71810256e-01 8.50000000e+01]
[9.44000000e+02 1.00000000e+02 3.77759548e-01 5.50000000e+01]
[3.50000000e+02 9.14000000e+02 3.82194538e-01 2.20000000e+01]
[9.31000000e+02 9.42000000e+02 3.97418357e-01 1.46000000e+02]
[9.45000000e+02 9.35000000e+02 4.15306945e-01 9.40000000e+01]
[9.49000000e+02 3.28000000e+02 4.15400063e-01 9.50000000e+01]
[9.48000000e+02 6.44000000e+02 4.31369553e-01 1.49000000e+02]
[1.15000000e+02 9.46000000e+02 4.32964481e-01 5.60000000e+01]
[8.5100000e+02 9.5200000e+02 4.4015977e-01 5.8000000e+01]
[9.50000000e+02 8.55000000e+02 4.65696497e-01 9.70000000e+01]
[9.53000000e+02 9.19000000e+02 4.66927424e-01 6.90000000e+01]
[9.51000000e+02 9.43000000e+02 4.89683639e-01 2.61000000e+02]
[9.55000000e+02 9.38000000e+02 4.89937764e-01 9.40000000e+01]
[9.28000000e+02 9.57000000e+02 4.94943522e-01 9.60000000e+01]
[9.58000000e+02 3.26000000e+02 5.01785096e-01 9.70000000e+01]
[9.56000000e+02 9.59000000e+02 5.32448791e-01 3.58000000e+02]
[9.54000000e+02 9.60000000e+02 5.45239286e-01 4.55000000e+02]
[9.61000000e+02 6.07000000e+02 5.52779707e-01 4.57000000e+02]
[9.62000000e+02 3.59000000e+02 5.96667651e-01 4.58000000e+02]
[9.63000000e+02 9.47000000e+02 7.70397883e-01 4.80000000e+02]
[9.64000000e+02 9.40000000e+02 7.78533176e-01 4.82000000e+02]
[965.         387.           0.98250307 483.        ]
[966. 440.   1. 484.]
[967. 449.   1. 485.]
