[30. 31.  0.  2.]
[81. 82.  0.  2.]
[486.  85.   0.   3.]
[93. 94.  0.  2.]
[488.  95.   0.   3.]
[489.  96.   0.   4.]
[109. 114.   0.   2.]
[112. 117.   0.   2.]
[492. 120.   0.   3.]
[493. 125.   0.   4.]
[132. 133.   0.   2.]
[495. 135.   0.   3.]
[149. 150.   0.   2.]
[497. 151.   0.   3.]
[498. 153.   0.   4.]
[157. 215.   0.   2.]
[500. 216.   0.   3.]
[501. 218.   0.   4.]
[502. 219.   0.   5.]
[503. 222.   0.   6.]
[172. 174.   0.   2.]
[178. 180.   0.   2.]
[179. 181.   0.   2.]
[192. 197.   0.   2.]
[198. 199.   0.   2.]
[205. 211.   0.   2.]
[225. 227.   0.   2.]
[233. 235.   0.   2.]
[512. 236.   0.   3.]
[513. 239.   0.   4.]
[514. 240.   0.   5.]
[515. 499.   0.   9.]
[242. 244.   0.   2.]
[284. 303.   0.   2.]
[286. 298.   0.   2.]
[299. 301.   0.   2.]
[316. 318.   0.   2.]
[521. 321.   0.   3.]
[319. 320.   0.   2.]
[523. 324.   0.   3.]
[333. 341.   0.   2.]
[362. 364.   0.   2.]
[375. 376.   0.   2.]
[379. 385.   0.   2.]
[528. 386.   0.   3.]
[529. 388.   0.   4.]
[530. 399.   0.   5.]
[531. 411.   0.   6.]
[395. 396.   0.   2.]
[533. 401.   0.   3.]
[430. 431.   0.   2.]
[433. 436.   0.   2.]
[458. 509.   0.   3.]
[464. 537.   0.   4.]
[473. 474.   0.   2.]
[475. 476.   0.   2.]
[7.00000000e+01 7.10000000e+01 1.11022302e-16 2.00000000e+00]
[5.41000000e+02 7.20000000e+01 1.11022302e-16 3.00000000e+00]
[5.42000000e+02 7.30000000e+01 1.11022302e-16 4.00000000e+00]
[5.43000000e+02 7.40000000e+01 1.11022302e-16 5.00000000e+00]
[1.23000000e+02 1.24000000e+02 1.11022302e-16 2.00000000e+00]
[5.45000000e+02 1.28000000e+02 1.11022302e-16 3.00000000e+00]
[2.12000000e+02 2.21000000e+02 1.11022302e-16 2.00000000e+00]
[3.68000000e+02 3.70000000e+02 1.11022302e-16 2.00000000e+00]
[1.40000000e+01 1.50000000e+01 2.22044605e-16 2.00000000e+00]
[1.13000000e+02 1.16000000e+02 2.22044605e-16 2.00000000e+00]
[5.50000000e+02 1.27000000e+02 2.22044605e-16 3.00000000e+00]
[1.36000000e+02 1.37000000e+02 2.22044605e-16 2.00000000e+00]
[2.91000000e+02 2.97000000e+02 2.22044605e-16 2.00000000e+00]
[3.11000000e+02 3.25000000e+02 2.22044605e-16 2.00000000e+00]
[3.63000000e+02 5.26000000e+02 2.22044605e-16 3.00000000e+00]
[4.48000000e+02 4.53000000e+02 2.22044605e-16 2.00000000e+00]
[4.50000000e+02 4.52000000e+02 2.22044605e-16 2.00000000e+00]
[5.57000000e+02 4.59000000e+02 2.22044605e-16 3.00000000e+00]
[5.58000000e+02 5.56000000e+02 2.22044605e-16 5.00000000e+00]
[4.70000000e+02 5.59000000e+02 2.22044605e-16 6.00000000e+00]
[1.84000000e+02 5.06000000e+02 3.33066907e-16 3.00000000e+00]
[2.06000000e+02 2.07000000e+02 3.33066907e-16 2.00000000e+00]
[5.62000000e+02 5.10000000e+02 3.33066907e-16 4.00000000e+00]
[2.09000000e+02 5.63000000e+02 3.33066907e-16 5.00000000e+00]
[4.43000000e+02 4.44000000e+02 3.33066907e-16 2.00000000e+00]
[5.65000000e+02 4.45000000e+02 3.33066907e-16 3.00000000e+00]
[2.61000000e+02 2.63000000e+02 5.55111512e-16 2.00000000e+00]
[4.46000000e+02 4.47000000e+02 1.11022302e-15 2.00000000e+00]
[4.67000000e+02 5.60000000e+02 1.70142913e-03 7.00000000e+00]
[1.39000000e+02 1.42000000e+02 2.86126976e-03 2.00000000e+00]
[5.61000000e+02 5.07000000e+02 2.86871455e-03 5.00000000e+00]
[1.06000000e+02 1.07000000e+02 3.50823914e-03 2.00000000e+00]
[5.70000000e+02 1.40000000e+02 4.47233316e-03 3.00000000e+00]
[1.82000000e+02 5.71000000e+02 5.04800722e-03 6.00000000e+00]
[3.530000e+02 5.510000e+02 5.080924e-03 4.000000e+00]
[2.08000000e+02 5.64000000e+02 5.39624748e-03 6.00000000e+00]
[3.97000000e+02 4.13000000e+02 6.52076451e-03 2.00000000e+00]
[5.52000000e+02 1.38000000e+02 7.05022738e-03 3.00000000e+00]
[5.73000000e+02 1.41000000e+02 8.08258742e-03 4.00000000e+00]
[1.59000000e+02 1.60000000e+02 8.21449756e-03 2.00000000e+00]
[4.56000000e+02 5.38000000e+02 9.23674037e-03 5.00000000e+00]
[1.77000000e+02 5.74000000e+02 9.94984215e-03 7.00000000e+00]
[1.67000000e+02 5.18000000e+02 1.02026747e-02 3.00000000e+00]
[4.23000000e+02 5.32000000e+02 1.09658185e-02 7.00000000e+00]
[8.00000000e+01 4.87000000e+02 1.11263184e-02 4.00000000e+00]
[5.49000000e+02 1.60000000e+01 1.20686707e-02 3.00000000e+00]
[4.10000000e+01 4.30000000e+01 1.25014499e-02 2.00000000e+00]
[5.550000e+02 4.900000e+02 1.255623e-02 7.000000e+00]
[4.21000000e+02 5.84000000e+02 1.31581711e-02 8.00000000e+00]
[5.16000000e+02 2.43000000e+02 1.40737213e-02 1.00000000e+01]
[3.43000000e+02 5.46000000e+02 1.43022442e-02 4.00000000e+00]
[2.75000000e+02 2.78000000e+02 1.49405516e-02 2.00000000e+00]
[1.83000000e+02 5.82000000e+02 1.49479683e-02 8.00000000e+00]
[3.15000000e+02 5.22000000e+02 1.60435279e-02 4.00000000e+00]
[4.42000000e+02 5.69000000e+02 1.87278103e-02 8.00000000e+00]
[3.8900000e+02 5.7700000e+02 1.8811933e-02 3.0000000e+00]
[4.80000000e+02 4.82000000e+02 1.92470086e-02 2.00000000e+00]
[1.9300000e+02 1.9600000e+02 1.9486282e-02 2.0000000e+00]
[3.90000000e+01 5.05000000e+02 1.96006181e-02 3.00000000e+00]
[3.04000000e+02 5.34000000e+02 2.07284144e-02 4.00000000e+00]
[3.47000000e+02 5.97000000e+02 2.14647856e-02 3.00000000e+00]
[2.49000000e+02 2.53000000e+02 2.29796145e-02 2.00000000e+00]
[5.78000000e+02 5.79000000e+02 2.40252345e-02 7.00000000e+00]
[5.17000000e+02 5.81000000e+02 2.50479724e-02 7.00000000e+00]
[1.54000000e+02 1.55000000e+02 2.64384735e-02 2.00000000e+00]
[4.69000000e+02 5.39000000e+02 2.70910287e-02 3.00000000e+00]
[2.26000000e+02 5.90000000e+02 2.71688343e-02 1.10000000e+01]
[2.83000000e+02 2.87000000e+02 2.84727624e-02 2.00000000e+00]
[2.51000000e+02 5.40000000e+02 2.93075374e-02 3.00000000e+00]
[3.72000000e+02 3.73000000e+02 3.08026453e-02 2.00000000e+00]
[4.28000000e+02 5.36000000e+02 3.15601068e-02 3.00000000e+00]
[4.00000000e+01 5.87000000e+02 3.17687852e-02 3.00000000e+00]
[3.14000000e+02 5.89000000e+02 3.39548694e-02 9.00000000e+00]
[25.         34.          0.03407636  2.        ]
[3.55000000e+02 5.88000000e+02 3.46321436e-02 8.00000000e+00]
[2.57000000e+02 2.58000000e+02 3.49565616e-02 2.00000000e+00]
[4.9600000e+02 1.3400000e+02 3.5222007e-02 4.0000000e+00]
[1.43000000e+02 6.03000000e+02 3.53631152e-02 8.00000000e+00]
[2.6700000e+02 2.7000000e+02 3.6239542e-02 2.0000000e+00]
[2.34000000e+02 2.37000000e+02 3.65460396e-02 2.00000000e+00]
[5.93000000e+02 5.76000000e+02 3.92818794e-02 1.40000000e+01]
[3.38000000e+02 3.57000000e+02 4.01021879e-02 2.00000000e+00]
[6.18000000e+02 1.44000000e+02 4.19952065e-02 9.00000000e+00]
[5.80000000e+02 2.56000000e+02 4.21827499e-02 3.00000000e+00]
[5.80000000e+01 5.66000000e+02 4.48651586e-02 4.00000000e+00]
[5.54000000e+02 5.94000000e+02 4.55588743e-02 6.00000000e+00]
[3.37000000e+02 6.02000000e+02 4.66129685e-02 3.00000000e+00]
[5.75000000e+02 6.27000000e+02 4.70684108e-02 7.00000000e+00]
[2.00000000e+02 6.07000000e+02 4.71322857e-02 1.20000000e+01]
[5.91000000e+02 9.10000000e+01 4.76322926e-02 5.00000000e+00]
[1.48000000e+02 5.11000000e+02 4.80553288e-02 3.00000000e+00]
[7.50000000e+01 7.60000000e+01 4.81961213e-02 2.00000000e+00]
[6.24000000e+02 4.14000000e+02 4.82836938e-02 4.00000000e+00]
[3.66000000e+02 6.29000000e+02 4.93972101e-02 1.30000000e+01]
[2.68000000e+02 6.22000000e+02 4.98583994e-02 3.00000000e+00]
[2.85000000e+02 4.81000000e+02 5.00633648e-02 2.00000000e+00]
[6.08000000e+02 2.88000000e+02 5.08504768e-02 3.00000000e+00]
[5.72000000e+02 1.08000000e+02 5.27180029e-02 3.00000000e+00]
[2.73000000e+02 6.34000000e+02 5.46351534e-02 1.40000000e+01]
[6.35000000e+02 3.09000000e+02 5.53555451e-02 4.00000000e+00]
[5.3500000e+02 4.3400000e+02 5.5892836e-02 3.0000000e+00]
[5.96000000e+02 4.29000000e+02 5.59945602e-02 4.00000000e+00]
[4.15000000e+02 5.86000000e+02 5.69933241e-02 4.00000000e+00]
[3.42000000e+02 5.04000000e+02 5.74808619e-02 7.00000000e+00]
[4.35000000e+02 5.95000000e+02 5.79397628e-02 9.00000000e+00]
[3.07000000e+02 6.39000000e+02 5.82245651e-02 1.50000000e+01]
[1.62000000e+02 1.63000000e+02 5.86176811e-02 2.00000000e+00]
[4.26000000e+02 6.28000000e+02 5.98258542e-02 8.00000000e+00]
[4.85000000e+02 6.01000000e+02 6.09216723e-02 5.00000000e+00]
[1.94000000e+02 6.31000000e+02 6.09761686e-02 4.00000000e+00]
[4.7100000e+02 6.1700000e+02 6.1102492e-02 5.0000000e+00]
[3.30000000e+02 6.48000000e+02 6.15704512e-02 9.00000000e+00]
[1.58000000e+02 1.64000000e+02 6.16318396e-02 2.00000000e+00]
[6.40000000e+02 2.52000000e+02 6.18376785e-02 5.00000000e+00]
[5.47000000e+02 2.14000000e+02 6.20100668e-02 3.00000000e+00]
[8.40000000e+01 5.48000000e+02 6.40103102e-02 3.00000000e+00]
[3.06000000e+02 6.00000000e+02 6.42689655e-02 5.00000000e+00]
[5.83000000e+02 6.54000000e+02 6.44282276e-02 8.00000000e+00]
[6.26000000e+02 6.13000000e+02 6.70060916e-02 1.50000000e+01]
[8.80000000e+01 6.50000000e+02 6.74070686e-02 5.00000000e+00]
[48.         54.          0.06784158  2.        ]
[2.60000000e+02 2.48000000e+02 6.88541612e-02 2.00000000e+00]
[1.76000000e+02 6.21000000e+02 6.96621061e-02 1.50000000e+01]
[1.46000000e+02 6.46000000e+02 6.96877721e-02 1.60000000e+01]
[5.2000000e+02 6.4400000e+02 7.0147642e-02 9.0000000e+00]
[2.31000000e+02 4.91000000e+02 7.06183748e-02 3.00000000e+00]
[2.79000000e+02 6.42000000e+02 7.27467978e-02 5.00000000e+00]
[5.27000000e+02 6.65000000e+02 7.28702208e-02 1.10000000e+01]
[6.04000000e+02 6.64000000e+02 7.28774557e-02 2.30000000e+01]
[3.70000000e+01 5.99000000e+02 7.28962467e-02 4.00000000e+00]
[6.36000000e+02 4.57000000e+02 7.38902957e-02 3.00000000e+00]
[2.04000000e+02 6.52000000e+02 7.44619579e-02 1.00000000e+01]
[3.65000000e+02 3.54000000e+02 7.48861586e-02 2.00000000e+00]
[1.52000000e+02 6.69000000e+02 7.51647431e-02 2.40000000e+01]
[7.00000000e+00 6.66000000e+02 7.57706167e-02 4.00000000e+00]
[4.84000000e+02 6.51000000e+02 7.58145669e-02 6.00000000e+00]
[1.91000000e+02 5.08000000e+02 7.58254005e-02 3.00000000e+00]
[1.19000000e+02 1.61000000e+02 7.59943419e-02 2.00000000e+00]
[4.27000000e+02 3.31000000e+02 7.65039191e-02 2.00000000e+00]
[3.91000000e+02 6.33000000e+02 7.88640955e-02 5.00000000e+00]
[3.92000000e+02 6.79000000e+02 8.18299575e-02 3.00000000e+00]
[6.71000000e+02 4.78000000e+02 8.33022694e-02 4.00000000e+00]
[6.67000000e+02 4.79000000e+02 8.34151371e-02 6.00000000e+00]
[3.36000000e+02 3.78000000e+02 8.45225811e-02 2.00000000e+00]
[6.62000000e+02 2.46000000e+02 8.49560943e-02 3.00000000e+00]
[1.47000000e+02 6.83000000e+02 8.51288183e-02 7.00000000e+00]
[4.61000000e+02 6.76000000e+02 8.54111935e-02 7.00000000e+00]
[4.17000000e+02 6.06000000e+02 8.54980048e-02 4.00000000e+00]
[6.72000000e+02 6.80000000e+02 8.60029352e-02 1.50000000e+01]
[5.70000000e+01 6.89000000e+02 8.67823461e-02 1.60000000e+01]
[6.56000000e+02 6.74000000e+02 8.72874269e-02 2.70000000e+01]
[6.43000000e+02 4.16000000e+02 8.82983269e-02 5.00000000e+00]
[6.55000000e+02 2.50000000e+02 8.91191581e-02 4.00000000e+00]
[4.62000000e+02 4.65000000e+02 9.03853694e-02 2.00000000e+00]
[1.00000000e+01 6.91000000e+02 9.14505508e-02 2.80000000e+01]
[1.90000000e+02 6.77000000e+02 9.14735347e-02 4.00000000e+00]
[6.37000000e+02 4.04000000e+02 9.17504774e-02 4.00000000e+00]
[8.60000000e+01 6.75000000e+02 9.18202978e-02 5.00000000e+00]
[2.9400000e+02 6.9700000e+02 9.1837608e-02 5.0000000e+00]
[6.85000000e+02 4.09000000e+02 9.20331017e-02 4.00000000e+00]
[3.8100000e+02 6.8400000e+02 9.2106035e-02 3.0000000e+00]
[7.0000000e+02 2.5400000e+02 9.2587216e-02 5.0000000e+00]
[2.30000000e+01 6.82000000e+02 9.27726207e-02 5.00000000e+00]
[1.11000000e+02 6.58000000e+02 9.27779224e-02 9.00000000e+00]
[3.61000000e+02 6.15000000e+02 9.27790869e-02 9.00000000e+00]
[6.53000000e+02 4.06000000e+02 9.38831586e-02 3.00000000e+00]
[2.0100000e+02 6.9500000e+02 9.4537473e-02 2.9000000e+01]
[2.89000000e+02 6.99000000e+02 9.56662992e-02 6.00000000e+00]
[9.90000000e+01 7.07000000e+02 9.63678101e-02 3.00000000e+01]
[6.78000000e+02 2.41000000e+02 9.67820546e-02 3.00000000e+00]
[4.55000000e+02 6.61000000e+02 9.69254648e-02 3.00000000e+00]
[4.05000000e+02 6.11000000e+02 9.70632273e-02 4.00000000e+00]
[6.25000000e+02 6.45000000e+02 9.75656058e-02 1.30000000e+01]
[2.90000000e+02 5.53000000e+02 9.96359473e-02 3.00000000e+00]
[3.39000000e+02 3.84000000e+02 9.98262855e-02 2.00000000e+00]
[6.000000e+01 6.700000e+02 1.005459e-01 5.000000e+00]
[1.87000000e+02 6.87000000e+02 1.00756222e-01 8.00000000e+00]
[50.         51.          0.10174007  2.        ]
[7.80000000e+01 6.30000000e+02 1.01856573e-01 6.00000000e+00]
[4.72000000e+02 6.09000000e+02 1.02510185e-01 4.00000000e+00]
[7.01000000e+02 4.19000000e+02 1.02939482e-01 4.00000000e+00]
[2.40000000e+01 7.02000000e+02 1.03067101e-01 6.00000000e+00]
[1.03000000e+02 6.88000000e+02 1.03452558e-01 5.00000000e+00]
[2.5500000e+02 7.0800000e+02 1.0468412e-01 7.0000000e+00]
[3.52000000e+02 5.24000000e+02 1.05266049e-01 4.00000000e+00]
[7.03000000e+02 7.09000000e+02 1.06036636e-01 3.50000000e+01]
[3.17000000e+02 7.06000000e+02 1.06339308e-01 4.00000000e+00]
[6.59000000e+02 7.27000000e+02 1.06393422e-01 1.90000000e+01]
[6.81000000e+02 3.98000000e+02 1.07086518e-01 4.00000000e+00]
[3.05000000e+02 7.25000000e+02 1.07191014e-01 5.00000000e+00]
[1.01000000e+02 7.29000000e+02 1.07353013e-01 5.00000000e+00]
[4.77000000e+02 6.86000000e+02 1.07696875e-01 8.00000000e+00]
[4.02000000e+02 4.51000000e+02 1.07972163e-01 2.00000000e+00]
[4.00000000e+00 7.10000000e+02 1.08194735e-01 4.00000000e+00]
[7.26000000e+02 2.32000000e+02 1.08629751e-01 3.60000000e+01]
[6.92000000e+02 1.02000000e+02 1.09196592e-01 6.00000000e+00]
[7.35000000e+02 3.23000000e+02 1.09343321e-01 3.70000000e+01]
[8.30000000e+01 7.34000000e+02 1.10484564e-01 5.00000000e+00]
[5.90000000e+01 7.11000000e+02 1.10533852e-01 4.00000000e+00]
[7.19000000e+02 6.68000000e+02 1.10701053e-01 1.70000000e+01]
[2.1000000e+02 6.9000000e+02 1.1253323e-01 1.7000000e+01]
[2.80000000e+02 7.33000000e+02 1.13261654e-01 3.00000000e+00]
[4.66000000e+02 7.32000000e+02 1.13359818e-01 9.00000000e+00]
[2.47000000e+02 7.43000000e+02 1.13627762e-01 1.00000000e+01]
[2.28000000e+02 7.20000000e+02 1.15908326e-01 5.00000000e+00]
[1.29000000e+02 6.23000000e+02 1.16093701e-01 1.00000000e+01]
[21.         33.          0.11759988  2.        ]
[6.63000000e+02 1.85000000e+02 1.18231274e-01 1.60000000e+01]
[7.24000000e+02 3.93000000e+02 1.18372695e-01 8.00000000e+00]
[2.95000000e+02 3.82000000e+02 1.18686457e-01 2.00000000e+00]
[2.69000000e+02 7.45000000e+02 1.18727923e-01 6.00000000e+00]
[9.80000000e+01 7.37000000e+02 1.20588628e-01 3.80000000e+01]
[3.35000000e+02 7.23000000e+02 1.20879584e-01 6.00000000e+00]
[7.0400000e+02 2.7600000e+02 1.2108019e-01 1.0000000e+01]
[1.89000000e+02 6.96000000e+02 1.21290691e-01 5.00000000e+00]
[3.94000000e+02 7.49000000e+02 1.22330793e-01 9.00000000e+00]
[4.00000000e+02 7.38000000e+02 1.24129937e-01 6.00000000e+00]
[4.25000000e+02 7.22000000e+02 1.24304763e-01 7.00000000e+00]
[1.04000000e+02 5.44000000e+02 1.24447467e-01 6.00000000e+00]
[7.44000000e+02 3.90000000e+02 1.25870601e-01 1.10000000e+01]
[7.36000000e+02 7.15000000e+02 1.26002354e-01 8.00000000e+00]
[5.67000000e+02 2.74000000e+02 1.26549024e-01 3.00000000e+00]
[9.70000000e+01 7.54000000e+02 1.26759855e-01 1.10000000e+01]
[6.57000000e+02 2.92000000e+02 1.27001987e-01 6.00000000e+00]
[2.03000000e+02 7.41000000e+02 1.27401902e-01 1.80000000e+01]
[5.25000000e+02 7.31000000e+02 1.27541171e-01 7.00000000e+00]
[1.86000000e+02 7.57000000e+02 1.27914272e-01 7.00000000e+00]
[7.64000000e+02 6.98000000e+02 1.28056985e-01 1.10000000e+01]
[6.60000000e+02 7.67000000e+02 1.28135196e-01 1.20000000e+01]
[1.88000000e+02 5.92000000e+02 1.28735263e-01 3.00000000e+00]
[7.52000000e+02 2.23000000e+02 1.31172696e-01 3.90000000e+01]
[1.18000000e+02 7.66000000e+02 1.31683978e-01 8.00000000e+00]
[7.71000000e+02 4.24000000e+02 1.31712619e-01 4.00000000e+01]
[2.24000000e+02 7.65000000e+02 1.32249309e-01 1.90000000e+01]
[7.39000000e+02 7.58000000e+02 1.33783125e-01 1.10000000e+01]
[1.69000000e+02 7.69000000e+02 1.34084313e-01 1.30000000e+01]
[6.73000000e+02 7.56000000e+02 1.34934101e-01 1.10000000e+01]
[4.50000000e+01 7.63000000e+02 1.36007936e-01 1.20000000e+01]
[7.13000000e+02 4.54000000e+02 1.36558725e-01 1.40000000e+01]
[6.60000000e+01 6.19000000e+02 1.37161664e-01 3.00000000e+00]
[3.29000000e+02 7.51000000e+02 1.37707851e-01 7.00000000e+00]
[4.68000000e+02 6.20000000e+02 1.37732794e-01 3.00000000e+00]
[2.00000000e+00 7.72000000e+02 1.37743706e-01 9.00000000e+00]
[7.53000000e+02 7.16000000e+02 1.38135796e-01 1.10000000e+01]
[2.02000000e+02 6.49000000e+02 1.38184208e-01 6.00000000e+00]
[7.28000000e+02 4.94000000e+02 1.38679826e-01 2.30000000e+01]
[6.90000000e+01 2.29000000e+02 1.39174826e-01 2.00000000e+00]
[2.20000000e+02 6.93000000e+02 1.39902302e-01 5.00000000e+00]
[8.90000000e+01 7.75000000e+02 1.40448736e-01 1.20000000e+01]
[4.10000000e+02 7.86000000e+02 1.42290749e-01 2.40000000e+01]
[5.20000000e+01 7.74000000e+02 1.42711412e-01 2.00000000e+01]
[8.00000000e+00 7.81000000e+02 1.42795746e-01 8.00000000e+00]
[7.79000000e+02 3.08000000e+02 1.43640808e-01 1.50000000e+01]
[6.16000000e+02 7.92000000e+02 1.43646975e-01 1.00000000e+01]
[2.66000000e+02 7.42000000e+02 1.44300129e-01 4.00000000e+00]
[2.30000000e+02 7.60000000e+02 1.45518185e-01 1.20000000e+01]
[1.95000000e+02 7.94000000e+02 1.46347386e-01 1.10000000e+01]
[7.14000000e+02 7.77000000e+02 1.46614965e-01 1.40000000e+01]
[7.30000000e+02 7.50000000e+02 1.47136472e-01 7.00000000e+00]
[4.40000000e+01 7.91000000e+02 1.47875713e-01 2.10000000e+01]
[7.93000000e+02 4.37000000e+02 1.50066946e-01 1.60000000e+01]
[5.00000000e+00 7.40000000e+02 1.50617998e-01 1.80000000e+01]
[3.34000000e+02 7.73000000e+02 1.51611894e-01 4.10000000e+01]
[4.9000000e+01 7.8400000e+02 1.5174566e-01 1.2000000e+01]
[36.         53.          0.15188055  2.        ]
[3.69000000e+02 7.89000000e+02 1.52053453e-01 1.30000000e+01]
[5.60000000e+01 8.00000000e+02 1.52547419e-01 2.20000000e+01]
[1.00000000e+00 7.98000000e+02 1.53682095e-01 1.50000000e+01]
[4.39000000e+02 7.70000000e+02 1.53816718e-01 4.00000000e+00]
[7.9700000e+02 2.9300000e+02 1.5668327e-01 1.2000000e+01]
[1.70000000e+02 8.04000000e+02 1.56885536e-01 1.30000000e+01]
[4.18000000e+02 7.96000000e+02 1.57897272e-01 1.30000000e+01]
[4.32000000e+02 7.46000000e+02 1.59521997e-01 1.10000000e+01]
[7.59000000e+02 7.76000000e+02 1.59590214e-01 1.90000000e+01]
[5.50000000e+01 8.01000000e+02 1.60008767e-01 1.70000000e+01]
[7.05000000e+02 8.03000000e+02 1.62367588e-01 5.00000000e+01]
[8.09000000e+02 7.21000000e+02 1.62666431e-01 8.00000000e+00]
[5.85000000e+02 1.10000000e+01 1.62862874e-01 5.00000000e+00]
[4.2200000e+02 7.8500000e+02 1.6340144e-01 7.0000000e+00]
[7.17000000e+02 7.48000000e+02 1.63833568e-01 2.40000000e+01]
[1.65000000e+02 8.14000000e+02 1.64014731e-01 2.00000000e+01]
[7.82000000e+02 7.68000000e+02 1.65616468e-01 1.40000000e+01]
[4.83000000e+02 7.80000000e+02 1.66368596e-01 4.00000000e+00]
[7.9000000e+02 8.0500000e+02 1.6640743e-01 2.6000000e+01]
[1.90000000e+01 7.47000000e+02 1.66795789e-01 3.00000000e+00]
[2.77000000e+02 8.13000000e+02 1.67875156e-01 1.20000000e+01]
[4.20000000e+02 8.17000000e+02 1.69184169e-01 9.00000000e+00]
[6.14000000e+02 8.07000000e+02 1.69296187e-01 2.40000000e+01]
[3.10000000e+02 7.62000000e+02 1.70050253e-01 4.00000000e+00]
[3.71000000e+02 8.21000000e+02 1.71019018e-01 2.10000000e+01]
[4.07000000e+02 8.08000000e+02 1.72107191e-01 1.60000000e+01]
[2.62000000e+02 7.12000000e+02 1.72222355e-01 5.00000000e+00]
[7.88000000e+02 8.31000000e+02 1.73076388e-01 2.10000000e+01]
[3.58000000e+02 8.16000000e+02 1.75061506e-01 5.10000000e+01]
[131.         173.           0.17579469   2.        ]
[4.6000000e+01 7.9500000e+02 1.7594879e-01 5.0000000e+00]
[7.6100000e+02 7.8700000e+02 1.7604482e-01 1.0000000e+01]
[9.00000000e+01 8.12000000e+02 1.77662967e-01 1.40000000e+01]
[8.06000000e+02 8.28000000e+02 1.78054047e-01 3.70000000e+01]
[3.6000000e+02 8.3600000e+02 1.7834166e-01 6.0000000e+00]
[6.20000000e+01 8.11000000e+02 1.78815383e-01 1.40000000e+01]
[3.80000000e+02 8.27000000e+02 1.79037271e-01 1.00000000e+01]
[8.29000000e+02 3.27000000e+02 1.81341256e-01 5.00000000e+00]
[8.24000000e+02 7.99000000e+02 1.81532488e-01 3.30000000e+01]
[2.13000000e+02 8.22000000e+02 1.81905723e-01 1.50000000e+01]
[1.21000000e+02 8.02000000e+02 1.82379117e-01 1.90000000e+01]
[4.70000000e+01 8.39000000e+02 1.86537697e-01 3.80000000e+01]
[4.03000000e+02 4.41000000e+02 1.87869728e-01 2.00000000e+00]
[2.17000000e+02 8.46000000e+02 1.89465039e-01 2.00000000e+01]
[2.64000000e+02 3.49000000e+02 1.90342142e-01 2.00000000e+00]
[5.98000000e+02 8.19000000e+02 1.90781107e-01 9.00000000e+00]
[3.50000000e+01 8.10000000e+02 1.93324858e-01 1.30000000e+01]
[2.00000000e+01 8.41000000e+02 1.93338651e-01 1.50000000e+01]
[1.2200000e+02 8.3000000e+02 1.9361716e-01 2.2000000e+01]
[6.30000000e+01 8.47000000e+02 1.95994582e-01 3.90000000e+01]
[9.20000000e+01 7.78000000e+02 1.97734421e-01 1.30000000e+01]
[3.22000000e+02 8.42000000e+02 1.98106103e-01 1.10000000e+01]
[8.49000000e+02 8.56000000e+02 1.99601698e-01 3.30000000e+01]
[3.67000000e+02 8.58000000e+02 1.99649572e-01 3.40000000e+01]
[3.00000000e+00 8.34000000e+02 1.99998913e-01 5.20000000e+01]
[3.2000000e+01 8.6000000e+02 2.0230831e-01 5.3000000e+01]
[8.35000000e+02 6.10000000e+01 2.02879963e-01 3.00000000e+00]
[8.3700000e+02 7.8300000e+02 2.0641266e-01 1.9000000e+01]
[3.56000000e+02 8.54000000e+02 2.06576861e-01 2.30000000e+01]
[0.00000000e+00 6.47000000e+02 2.06772453e-01 3.00000000e+00]
[8.43000000e+02 5.68000000e+02 2.06857876e-01 7.00000000e+00]
[7.18000000e+02 8.40000000e+02 2.07244853e-01 8.00000000e+00]
[4.20000000e+01 6.12000000e+02 2.11916441e-01 4.00000000e+00]
[8.23000000e+02 8.38000000e+02 2.13528448e-01 1.80000000e+01]
[3.13000000e+02 8.44000000e+02 2.13794343e-01 3.40000000e+01]
[2.38000000e+02 8.26000000e+02 2.14908063e-01 1.30000000e+01]
[6.32000000e+02 8.66000000e+02 2.15421871e-01 9.00000000e+00]
[2.81000000e+02 8.33000000e+02 2.15441618e-01 2.20000000e+01]
[8.55000000e+02 7.55000000e+02 2.15860628e-01 4.40000000e+01]
[8.65000000e+02 8.45000000e+02 2.19350265e-01 1.80000000e+01]
[1.66000000e+02 8.15000000e+02 2.20840753e-01 1.80000000e+01]
[3.80000000e+01 8.74000000e+02 2.21407297e-01 4.50000000e+01]
[3.74000000e+02 8.63000000e+02 2.21474918e-01 2.00000000e+01]
[1.20000000e+01 8.69000000e+02 2.21989862e-01 1.90000000e+01]
[8.53000000e+02 1.45000000e+02 2.22302584e-01 1.60000000e+01]
[8.80000000e+02 4.63000000e+02 2.22985099e-01 1.70000000e+01]
[3.51000000e+02 3.83000000e+02 2.23627726e-01 2.00000000e+00]
[1.26000000e+02 8.67000000e+02 2.23875373e-01 9.00000000e+00]
[1.80000000e+01 8.32000000e+02 2.26831676e-01 6.00000000e+00]
[4.60000000e+02 8.20000000e+02 2.27021466e-01 2.50000000e+01]
[1.56000000e+02 8.75000000e+02 2.27792741e-01 1.90000000e+01]
[8.64000000e+02 8.50000000e+02 2.32812361e-01 2.50000000e+01]
[1.71000000e+02 8.87000000e+02 2.35131044e-01 2.60000000e+01]
[2.65000000e+02 8.79000000e+02 2.39065008e-01 2.00000000e+01]
[1.30000000e+02 8.77000000e+02 2.39262208e-01 4.60000000e+01]
[3.12000000e+02 8.78000000e+02 2.39896048e-01 2.10000000e+01]
[8.51000000e+02 8.18000000e+02 2.43575958e-01 1.40000000e+01]
[2.82000000e+02 8.88000000e+02 2.43690986e-01 2.70000000e+01]
[8.57000000e+02 8.71000000e+02 2.46985715e-01 2.40000000e+01]
[6.70000000e+01 8.72000000e+02 2.49583018e-01 1.00000000e+01]
[8.70000000e+01 8.93000000e+02 2.50450361e-01 2.80000000e+01]
[6.5000000e+01 8.5900000e+02 2.5116539e-01 3.5000000e+01]
[2.72000000e+02 8.61000000e+02 2.51410796e-01 5.40000000e+01]
[8.81000000e+02 2.60000000e+01 2.52721572e-01 1.80000000e+01]
[8.82000000e+02 8.96000000e+02 2.53411583e-01 3.00000000e+01]
[8.52000000e+02 8.97000000e+02 2.54956279e-01 4.80000000e+01]
[8.99000000e+02 8.73000000e+02 2.55870999e-01 4.00000000e+01]
[6.80000000e+01 8.90000000e+02 2.57825768e-01 4.70000000e+01]
[2.96000000e+02 8.92000000e+02 2.62270818e-01 1.50000000e+01]
[8.94000000e+02 8.95000000e+02 2.65457806e-01 3.40000000e+01]
[3.40000000e+02 9.05000000e+02 2.65921576e-01 3.50000000e+01]
[6.1000000e+02 8.9800000e+02 2.6806956e-01 5.6000000e+01]
[1.68000000e+02 9.07000000e+02 2.68485042e-01 5.70000000e+01]
[3.46000000e+02 8.89000000e+02 2.69283897e-01 2.10000000e+01]
[8.91000000e+02 9.01000000e+02 2.69813863e-01 6.90000000e+01]
[8.85000000e+02 9.00000000e+02 2.70415856e-01 5.50000000e+01]
[3.48000000e+02 9.04000000e+02 2.75656372e-01 1.60000000e+01]
[1.05000000e+02 9.08000000e+02 2.75834462e-01 5.80000000e+01]
[8.83000000e+02 9.06000000e+02 2.76132892e-01 4.40000000e+01]
[4.08000000e+02 9.10000000e+02 2.76581866e-01 7.00000000e+01]
[6.94000000e+02 9.11000000e+02 2.81187886e-01 5.70000000e+01]
[4.12000000e+02 9.02000000e+02 2.82717408e-01 4.10000000e+01]
[1.30000000e+01 8.68000000e+02 2.92758877e-01 5.00000000e+00]
[6.38000000e+02 9.12000000e+02 2.98334267e-01 1.90000000e+01]
[2.70000000e+01 9.13000000e+02 2.98422517e-01 5.90000000e+01]
[8.8400000e+02 9.1400000e+02 2.9981967e-01 5.0000000e+01]
[8.86000000e+02 9.09000000e+02 3.03751578e-01 4.00000000e+01]
[8.76000000e+02 3.28000000e+02 3.04361485e-01 1.90000000e+01]
[7.70000000e+01 9.21000000e+02 3.08303594e-01 5.10000000e+01]
[6.00000000e+00 8.70000000e+02 3.10414605e-01 3.50000000e+01]
[9.23000000e+02 9.22000000e+02 3.11574393e-01 5.90000000e+01]
[5.19000000e+02 3.32000000e+02 3.12021411e-01 3.00000000e+00]
[9.18000000e+02 1.10000000e+02 3.15570991e-01 6.00000000e+00]
[7.90000000e+01 9.26000000e+02 3.16139199e-01 6.00000000e+01]
[9.1500000e+02 8.6200000e+02 3.3879652e-01 7.3000000e+01]
[2.80000000e+01 9.19000000e+02 3.40110485e-01 2.00000000e+01]
[9.20000000e+02 9.03000000e+02 3.45148665e-01 1.06000000e+02]
[3.77000000e+02 9.29000000e+02 3.47263946e-01 6.10000000e+01]
[2.20000000e+01 9.30000000e+02 3.47462965e-01 7.40000000e+01]
[9.32000000e+02 9.16000000e+02 3.50148526e-01 1.63000000e+02]
[9.1700000e+02 9.2700000e+02 3.5557924e-01 4.4000000e+01]
[1.70000000e+01 9.24000000e+02 3.57165642e-01 5.20000000e+01]
[3.45000000e+02 9.31000000e+02 3.67196133e-01 2.10000000e+01]
[9.36000000e+02 9.38000000e+02 3.75423958e-01 6.50000000e+01]
[9.34000000e+02 2.45000000e+02 3.76378367e-01 7.50000000e+01]
[6.41000000e+02 9.35000000e+02 3.77171773e-01 1.66000000e+02]
[6.05000000e+02 9.33000000e+02 3.77793769e-01 6.30000000e+01]
[4.38000000e+02 9.41000000e+02 3.78469616e-01 1.67000000e+02]
[1.00000000e+02 9.25000000e+02 3.87940571e-01 3.60000000e+01]
[9.00000000e+00 9.28000000e+02 3.91261448e-01 7.00000000e+00]
[9.39000000e+02 9.43000000e+02 3.94824443e-01 2.32000000e+02]
[1.75000000e+02 9.40000000e+02 3.97000434e-01 7.60000000e+01]
[8.25000000e+02 9.37000000e+02 4.10613085e-01 5.50000000e+01]
[3.0200000e+02 9.4700000e+02 4.1515139e-01 7.7000000e+01]
[3.44000000e+02 9.45000000e+02 4.18406305e-01 8.00000000e+00]
[1.1500000e+02 9.4600000e+02 4.1901997e-01 2.3300000e+02]
[8.48000000e+02 9.44000000e+02 4.35082365e-01 3.80000000e+01]
[3.26000000e+02 9.51000000e+02 4.51186465e-01 2.34000000e+02]
[9.4200000e+02 9.5000000e+02 4.6019676e-01 7.1000000e+01]
[9.52000000e+02 9.53000000e+02 4.68789977e-01 2.72000000e+02]
[3.59000000e+02 9.49000000e+02 4.71748543e-01 7.80000000e+01]
[9.54000000e+02 9.55000000e+02 4.86643437e-01 3.43000000e+02]
[9.48000000e+02 9.56000000e+02 5.02523589e-01 1.33000000e+02]
[9.58000000e+02 2.59000000e+02 5.36966752e-01 1.34000000e+02]
[6.40000000e+01 9.57000000e+02 5.48071413e-01 3.44000000e+02]
[9.60000000e+02 9.59000000e+02 6.03765775e-01 4.78000000e+02]
[2.90000000e+01 9.61000000e+02 6.04869696e-01 4.79000000e+02]
[9.62000000e+02 3.50000000e+02 7.00874613e-01 4.80000000e+02]
[9.63000000e+02 2.71000000e+02 7.36169365e-01 4.81000000e+02]
[300.         387.           0.80354511   2.        ]
[9.64000000e+02 9.65000000e+02 8.96039197e-01 4.83000000e+02]
[966. 440.   1. 484.]
[967. 449.   1. 485.]
