[30. 31.  0.  2.]
[81. 82.  0.  2.]
[486.  85.   0.   3.]
[93. 94.  0.  2.]
[488.  95.   0.   3.]
[489.  96.   0.   4.]
[109. 114.   0.   2.]
[112. 117.   0.   2.]
[492. 120.   0.   3.]
[493. 125.   0.   4.]
[132. 133.   0.   2.]
[495. 135.   0.   3.]
[149. 150.   0.   2.]
[497. 151.   0.   3.]
[498. 153.   0.   4.]
[157. 215.   0.   2.]
[500. 216.   0.   3.]
[501. 218.   0.   4.]
[502. 219.   0.   5.]
[503. 222.   0.   6.]
[172. 174.   0.   2.]
[178. 180.   0.   2.]
[179. 181.   0.   2.]
[192. 197.   0.   2.]
[198. 199.   0.   2.]
[205. 211.   0.   2.]
[225. 227.   0.   2.]
[233. 235.   0.   2.]
[512. 236.   0.   3.]
[513. 239.   0.   4.]
[514. 240.   0.   5.]
[515. 243.   0.   6.]
[242. 244.   0.   2.]
[284. 303.   0.   2.]
[286. 298.   0.   2.]
[299. 301.   0.   2.]
[316. 318.   0.   2.]
[521. 321.   0.   3.]
[319. 320.   0.   2.]
[523. 324.   0.   3.]
[333. 341.   0.   2.]
[362. 364.   0.   2.]
[375. 376.   0.   2.]
[379. 385.   0.   2.]
[528. 386.   0.   3.]
[529. 388.   0.   4.]
[530. 399.   0.   5.]
[531. 411.   0.   6.]
[395. 396.   0.   2.]
[533. 401.   0.   3.]
[430. 431.   0.   2.]
[433. 436.   0.   2.]
[458. 499.   0.   5.]
[456. 464.   0.   2.]
[473. 474.   0.   2.]
[475. 476.   0.   2.]
[7.00000000e+01 7.10000000e+01 1.11022302e-16 2.00000000e+00]
[5.41000000e+02 7.20000000e+01 1.11022302e-16 3.00000000e+00]
[5.42000000e+02 7.30000000e+01 1.11022302e-16 4.00000000e+00]
[5.43000000e+02 7.40000000e+01 1.11022302e-16 5.00000000e+00]
[1.23000000e+02 1.24000000e+02 1.11022302e-16 2.00000000e+00]
[5.45000000e+02 1.28000000e+02 1.11022302e-16 3.00000000e+00]
[2.12000000e+02 2.21000000e+02 1.11022302e-16 2.00000000e+00]
[3.68000000e+02 3.70000000e+02 1.11022302e-16 2.00000000e+00]
[1.40000000e+01 1.50000000e+01 2.22044605e-16 2.00000000e+00]
[1.13000000e+02 1.16000000e+02 2.22044605e-16 2.00000000e+00]
[5.50000000e+02 1.27000000e+02 2.22044605e-16 3.00000000e+00]
[1.36000000e+02 1.37000000e+02 2.22044605e-16 2.00000000e+00]
[2.91000000e+02 2.97000000e+02 2.22044605e-16 2.00000000e+00]
[3.11000000e+02 3.25000000e+02 2.22044605e-16 2.00000000e+00]
[3.61000000e+02 3.63000000e+02 2.22044605e-16 2.00000000e+00]
[4.48000000e+02 4.53000000e+02 2.22044605e-16 2.00000000e+00]
[4.50000000e+02 4.52000000e+02 2.22044605e-16 2.00000000e+00]
[5.57000000e+02 4.59000000e+02 2.22044605e-16 3.00000000e+00]
[5.58000000e+02 5.56000000e+02 2.22044605e-16 5.00000000e+00]
[4.70000000e+02 5.59000000e+02 2.22044605e-16 6.00000000e+00]
[1.84000000e+02 5.06000000e+02 3.33066907e-16 3.00000000e+00]
[2.06000000e+02 2.07000000e+02 3.33066907e-16 2.00000000e+00]
[5.62000000e+02 5.10000000e+02 3.33066907e-16 4.00000000e+00]
[2.08000000e+02 2.09000000e+02 3.33066907e-16 2.00000000e+00]
[4.43000000e+02 4.44000000e+02 3.33066907e-16 2.00000000e+00]
[5.65000000e+02 4.45000000e+02 3.33066907e-16 3.00000000e+00]
[2.61000000e+02 2.63000000e+02 5.55111512e-16 2.00000000e+00]
[4.46000000e+02 4.47000000e+02 1.11022302e-15 2.00000000e+00]
[4.67000000e+02 5.60000000e+02 1.70142913e-03 7.00000000e+00]
[1.39000000e+02 1.42000000e+02 2.86126976e-03 2.00000000e+00]
[5.61000000e+02 5.07000000e+02 2.86871455e-03 5.00000000e+00]
[1.06000000e+02 1.07000000e+02 3.50823914e-03 2.00000000e+00]
[5.70000000e+02 1.40000000e+02 4.47233316e-03 3.00000000e+00]
[1.82000000e+02 5.71000000e+02 5.04800722e-03 6.00000000e+00]
[3.520000e+02 3.530000e+02 5.080924e-03 2.000000e+00]
[3.97000000e+02 4.13000000e+02 6.52076451e-03 2.00000000e+00]
[5.52000000e+02 1.38000000e+02 7.05022738e-03 3.00000000e+00]
[5.73000000e+02 1.41000000e+02 8.08258742e-03 4.00000000e+00]
[1.59000000e+02 1.60000000e+02 8.21449756e-03 2.00000000e+00]
[1.77000000e+02 5.74000000e+02 9.94984215e-03 7.00000000e+00]
[1.66000000e+02 1.67000000e+02 1.02026747e-02 2.00000000e+00]
[4.23000000e+02 5.32000000e+02 1.09658185e-02 7.00000000e+00]
[8.00000000e+01 4.87000000e+02 1.11263184e-02 4.00000000e+00]
[5.49000000e+02 1.60000000e+01 1.20686707e-02 3.00000000e+00]
[5.63000000e+02 5.64000000e+02 1.21415568e-02 6.00000000e+00]
[4.10000000e+01 4.30000000e+01 1.25014499e-02 2.00000000e+00]
[4.10000000e+02 4.21000000e+02 1.31581711e-02 2.00000000e+00]
[3.42000000e+02 3.43000000e+02 1.43022442e-02 2.00000000e+00]
[2.75000000e+02 2.78000000e+02 1.49405516e-02 2.00000000e+00]
[1.76000000e+02 1.83000000e+02 1.49479683e-02 2.00000000e+00]
[3.14000000e+02 3.15000000e+02 1.60435279e-02 2.00000000e+00]
[5.09000000e+02 2.00000000e+02 1.64065207e-02 3.00000000e+00]
[4.42000000e+02 5.66000000e+02 1.87278103e-02 4.00000000e+00]
[3.8900000e+02 5.7600000e+02 1.8811933e-02 3.0000000e+00]
[4.80000000e+02 4.82000000e+02 1.92470086e-02 2.00000000e+00]
[1.9300000e+02 1.9600000e+02 1.9486282e-02 2.0000000e+00]
[3.70000000e+01 3.90000000e+01 1.96006181e-02 2.00000000e+00]
[2.92000000e+02 3.04000000e+02 2.07284144e-02 2.00000000e+00]
[3.45000000e+02 3.47000000e+02 2.14647856e-02 2.00000000e+00]
[2.7600000e+02 5.1800000e+02 2.2041489e-02 3.0000000e+00]
[3.93000000e+02 5.34000000e+02 2.21505031e-02 4.00000000e+00]
[2.49000000e+02 2.53000000e+02 2.29796145e-02 2.00000000e+00]
[5.38000000e+02 5.37000000e+02 2.38489446e-02 7.00000000e+00]
[5.77000000e+02 1.44000000e+02 2.40252345e-02 4.00000000e+00]
[2.32000000e+02 5.16000000e+02 2.49408179e-02 7.00000000e+00]
[2.41000000e+02 5.17000000e+02 2.50479724e-02 3.00000000e+00]
[1.54000000e+02 1.55000000e+02 2.64384735e-02 2.00000000e+00]
[4.69000000e+02 5.39000000e+02 2.70910287e-02 3.00000000e+00]
[5.11000000e+02 2.26000000e+02 2.71688343e-02 3.00000000e+00]
[2.83000000e+02 2.87000000e+02 2.84727624e-02 2.00000000e+00]
[2.51000000e+02 2.52000000e+02 2.93075374e-02 2.00000000e+00]
[3.72000000e+02 3.73000000e+02 3.08026453e-02 2.00000000e+00]
[5.5500000e+02 5.2600000e+02 3.1390575e-02 4.0000000e+00]
[4.28000000e+02 5.36000000e+02 3.15601068e-02 3.00000000e+00]
[4.00000000e+01 5.86000000e+02 3.17687852e-02 3.00000000e+00]
[25.         34.          0.03407636  2.        ]
[6.04000000e+02 5.78000000e+02 3.44430192e-02 8.00000000e+00]
[3.51000000e+02 3.55000000e+02 3.46321436e-02 2.00000000e+00]
[2.57000000e+02 2.58000000e+02 3.49565616e-02 2.00000000e+00]
[4.9600000e+02 1.3400000e+02 3.5222007e-02 4.0000000e+00]
[4.72000000e+02 5.40000000e+02 3.54189068e-02 3.00000000e+00]
[2.6700000e+02 2.7000000e+02 3.6239542e-02 2.0000000e+00]
[2.34000000e+02 2.37000000e+02 3.65460396e-02 2.00000000e+00]
[6.17000000e+02 1.43000000e+02 3.68262267e-02 9.00000000e+00]
[3.38000000e+02 3.57000000e+02 4.01021879e-02 2.00000000e+00]
[5.79000000e+02 2.56000000e+02 4.21827499e-02 3.00000000e+00]
[5.50000000e+01 5.80000000e+01 4.48651586e-02 2.00000000e+00]
[5.54000000e+02 3.13000000e+02 4.55588743e-02 3.00000000e+00]
[3.30000000e+02 3.37000000e+02 4.66129685e-02 2.00000000e+00]
[7.50000000e+01 7.60000000e+01 4.81961213e-02 2.00000000e+00]
[6.26000000e+02 5.85000000e+02 4.82836938e-02 9.00000000e+00]
[2.73000000e+02 6.03000000e+02 4.93972101e-02 8.00000000e+00]
[1.11000000e+02 2.68000000e+02 4.98583994e-02 2.00000000e+00]
[5.2200000e+02 5.8200000e+02 5.0045125e-02 1.0000000e+01]
[2.85000000e+02 4.81000000e+02 5.00633648e-02 2.00000000e+00]
[6.10000000e+02 2.88000000e+02 5.08504768e-02 3.00000000e+00]
[4.14000000e+02 6.31000000e+02 5.21335691e-02 1.00000000e+01]
[5.72000000e+02 1.08000000e+02 5.27180029e-02 3.00000000e+00]
[5.9000000e+02 5.8000000e+02 5.4326702e-02 9.0000000e+00]
[6.3200000e+02 5.9200000e+02 5.4817553e-02 1.1000000e+01]
[5.69000000e+02 5.93000000e+02 5.53765085e-02 1.10000000e+01]
[5.3500000e+02 4.3400000e+02 5.5892836e-02 3.0000000e+00]
[5.94000000e+02 4.29000000e+02 5.59945602e-02 4.00000000e+00]
[5.91000000e+02 5.24000000e+02 5.64914382e-02 5.00000000e+00]
[1.48000000e+02 6.09000000e+02 5.66080585e-02 4.00000000e+00]
[4.08000000e+02 4.15000000e+02 5.69933241e-02 2.00000000e+00]
[6.40000000e+02 3.66000000e+02 5.81185826e-02 1.20000000e+01]
[2.30000000e+01 3.07000000e+02 5.82245651e-02 2.00000000e+00]
[1.62000000e+02 1.63000000e+02 5.86176811e-02 2.00000000e+00]
[6.37000000e+02 4.26000000e+02 5.96545247e-02 1.10000000e+01]
[2.90000000e+01 4.85000000e+02 6.09216723e-02 3.00000000e+00]
[1.94000000e+02 2.10000000e+02 6.09761686e-02 2.00000000e+00]
[4.5100000e+02 4.7100000e+02 6.1102492e-02 2.0000000e+00]
[1.58000000e+02 1.64000000e+02 6.16318396e-02 2.00000000e+00]
[5.47000000e+02 2.14000000e+02 6.20100668e-02 3.00000000e+00]
[6.33000000e+02 6.25000000e+02 6.25746307e-02 4.00000000e+00]
[2.04000000e+02 6.29000000e+02 6.36252324e-02 3.00000000e+00]
[6.02000000e+02 6.13000000e+02 6.39208713e-02 6.00000000e+00]
[8.40000000e+01 3.34000000e+02 6.40103102e-02 2.00000000e+00]
[3.02000000e+02 3.06000000e+02 6.42689655e-02 2.00000000e+00]
[8.70000000e+01 8.80000000e+01 6.74070686e-02 2.00000000e+00]
[48.         54.          0.06784158  2.        ]
[2.60000000e+02 2.48000000e+02 6.88541612e-02 2.00000000e+00]
[1.46000000e+02 6.47000000e+02 6.96877721e-02 1.30000000e+01]
[2.9300000e+02 5.2000000e+02 7.0147642e-02 3.0000000e+00]
[6.45000000e+02 3.91000000e+02 7.03950483e-02 5.00000000e+00]
[2.31000000e+02 4.91000000e+02 7.06183748e-02 3.00000000e+00]
[4.54000000e+02 6.41000000e+02 7.13461096e-02 1.20000000e+01]
[2.79000000e+02 6.43000000e+02 7.27467978e-02 5.00000000e+00]
[3.74000000e+02 5.27000000e+02 7.28702208e-02 3.00000000e+00]
[4.57000000e+02 6.64000000e+02 7.38902957e-02 1.40000000e+01]
[2.03000000e+02 6.57000000e+02 7.47683399e-02 4.00000000e+00]
[6.00000000e+01 3.65000000e+02 7.48861586e-02 2.00000000e+00]
[9.10000000e+01 5.46000000e+02 7.49080202e-02 4.00000000e+00]
[1.52000000e+02 4.24000000e+02 7.51647431e-02 2.00000000e+00]
[7.00000000e+00 2.55000000e+02 7.57706167e-02 2.00000000e+00]
[4.61000000e+02 4.84000000e+02 7.58145669e-02 2.00000000e+00]
[1.91000000e+02 5.08000000e+02 7.58254005e-02 3.00000000e+00]
[1.19000000e+02 2.47000000e+02 7.59943419e-02 2.00000000e+00]
[1.01000000e+02 4.27000000e+02 7.65039191e-02 2.00000000e+00]
[6.05000000e+02 6.66000000e+02 7.81320634e-02 1.20000000e+01]
[6.48000000e+02 6.71000000e+02 8.02074153e-02 1.60000000e+01]
[3.92000000e+02 3.98000000e+02 8.18299575e-02 2.00000000e+00]
[6.82000000e+02 6.35000000e+02 8.24000612e-02 1.80000000e+01]
[6.69000000e+02 4.79000000e+02 8.34151371e-02 6.00000000e+00]
[6.50000000e+02 4.25000000e+02 8.48720038e-02 1.20000000e+01]
[6.63000000e+02 2.46000000e+02 8.49560943e-02 3.00000000e+00]
[1.47000000e+02 6.85000000e+02 8.51288183e-02 7.00000000e+00]
[4.17000000e+02 6.08000000e+02 8.54980048e-02 4.00000000e+00]
[ 3.         57.          0.08678235  2.        ]
[5.68000000e+02 4.78000000e+02 8.76713334e-02 3.00000000e+00]
[6.55000000e+02 2.50000000e+02 8.91191581e-02 4.00000000e+00]
[5.510000e+02 6.860000e+02 9.022326e-02 1.500000e+01]
[4.62000000e+02 4.65000000e+02 9.03853694e-02 2.00000000e+00]
[6.67000000e+02 6.76000000e+02 9.04823083e-02 5.00000000e+00]
[6.44000000e+02 6.34000000e+02 9.11744538e-02 1.50000000e+01]
[1.90000000e+02 6.78000000e+02 9.14735347e-02 4.00000000e+00]
[6.36000000e+02 4.04000000e+02 9.17504774e-02 4.00000000e+00]
[4.00000000e+00 1.61000000e+02 9.17761058e-02 2.00000000e+00]
[8.60000000e+01 6.23000000e+02 9.18202978e-02 3.00000000e+00]
[2.9400000e+02 6.9800000e+02 9.1837608e-02 5.0000000e+00]
[6.87000000e+02 4.09000000e+02 9.20331017e-02 4.00000000e+00]
[1.8600000e+02 3.8100000e+02 9.2106035e-02 2.0000000e+00]
[2.4000000e+01 7.0200000e+02 9.2587216e-02 5.0000000e+00]
[6.81000000e+02 6.59000000e+02 9.37886362e-02 1.40000000e+01]
[6.54000000e+02 4.94000000e+02 9.38831586e-02 6.00000000e+00]
[3.78000000e+02 7.03000000e+02 9.40150638e-02 3.00000000e+00]
[2.01000000e+02 6.84000000e+02 9.44431349e-02 1.90000000e+01]
[6.79000000e+02 4.66000000e+02 9.49887613e-02 3.00000000e+00]
[3.31000000e+02 6.83000000e+02 9.54977914e-02 3.00000000e+00]
[2.89000000e+02 7.01000000e+02 9.56662992e-02 6.00000000e+00]
[1.00000000e+01 7.05000000e+02 9.57479034e-02 1.50000000e+01]
[6.3900000e+02 1.8500000e+02 9.5964847e-02 1.0000000e+01]
[9.90000000e+01 3.23000000e+02 9.63678101e-02 2.00000000e+00]
[4.55000000e+02 6.62000000e+02 9.69254648e-02 3.00000000e+00]
[4.05000000e+02 6.14000000e+02 9.70632273e-02 4.00000000e+00]
[6.56000000e+02 3.09000000e+02 9.80303402e-02 5.00000000e+00]
[5.48000000e+02 7.08000000e+02 9.81739375e-02 2.10000000e+01]
[6.46000000e+02 4.16000000e+02 9.82145852e-02 3.00000000e+00]
[1.3100000e+02 6.2000000e+02 9.8947844e-02 5.0000000e+00]
[6.75000000e+02 7.18000000e+02 9.90536044e-02 2.30000000e+01]
[2.90000000e+02 5.53000000e+02 9.96359473e-02 3.00000000e+00]
[3.39000000e+02 3.84000000e+02 9.98262855e-02 2.00000000e+00]
[5.88000000e+02 5.04000000e+02 1.00462001e-01 8.00000000e+00]
[1.73000000e+02 1.87000000e+02 1.00756222e-01 2.00000000e+00]
[50.         51.          0.10174007  2.        ]
[7.80000000e+01 3.67000000e+02 1.01856573e-01 2.00000000e+00]
[6.52000000e+02 6.99000000e+02 1.02950967e-01 4.00000000e+00]
[1.03000000e+02 6.89000000e+02 1.03452558e-01 5.00000000e+00]
[4.90000000e+02 7.21000000e+02 1.05788625e-01 2.70000000e+01]
[2.28000000e+02 6.21000000e+02 1.06376893e-01 4.00000000e+00]
[1.29000000e+02 6.24000000e+02 1.07103303e-01 1.00000000e+01]
[5.60000000e+01 6.93000000e+02 1.07191014e-01 1.60000000e+01]
[4.18000000e+02 4.77000000e+02 1.07696875e-01 2.00000000e+00]
[3.36000000e+02 7.07000000e+02 1.08446559e-01 4.00000000e+00]
[4.35000000e+02 4.37000000e+02 1.10075066e-01 2.00000000e+00]
[8.30000000e+01 7.12000000e+02 1.10484564e-01 1.60000000e+01]
[5.90000000e+01 7.15000000e+02 1.10533852e-01 4.00000000e+00]
[3.05000000e+02 5.75000000e+02 1.12154105e-01 3.00000000e+00]
[1.00000000e+00 7.11000000e+02 1.12877514e-01 7.00000000e+00]
[9.70000000e+01 7.17000000e+02 1.13172037e-01 6.00000000e+00]
[7.06000000e+02 3.17000000e+02 1.13181775e-01 7.00000000e+00]
[2.80000000e+02 6.22000000e+02 1.13261654e-01 3.00000000e+00]
[6.88000000e+02 4.19000000e+02 1.13381474e-01 8.00000000e+00]
[6.74000000e+02 7.24000000e+02 1.13984647e-01 1.20000000e+01]
[5.05000000e+02 5.97000000e+02 1.16447183e-01 4.00000000e+00]
[2.74000000e+02 4.02000000e+02 1.16840559e-01 2.00000000e+00]
[21.         33.          0.11759988  2.        ]
[1.1800000e+02 7.1000000e+02 1.1786949e-01 4.0000000e+00]
[7.300000e+02 6.580000e+02 1.179765e-01 3.300000e+01]
[2.95000000e+02 3.82000000e+02 1.18686457e-01 2.00000000e+00]
[8.00000000e+00 2.69000000e+02 1.18727923e-01 2.00000000e+00]
[5.00000000e+00 7.45000000e+02 1.18976188e-01 1.30000000e+01]
[5.98000000e+02 6.01000000e+02 1.19073071e-01 6.00000000e+00]
[9.20000000e+01 6.11000000e+02 1.19791479e-01 3.00000000e+00]
[6.90000000e+01 6.80000000e+02 1.20398962e-01 3.00000000e+00]
[9.80000000e+01 7.50000000e+02 1.20588628e-01 3.40000000e+01]
[3.35000000e+02 7.29000000e+02 1.20879584e-01 6.00000000e+00]
[7.42000000e+02 4.06000000e+02 1.21196628e-01 8.00000000e+00]
[1.89000000e+02 6.97000000e+02 1.21290691e-01 5.00000000e+00]
[6.95000000e+02 7.37000000e+02 1.21597469e-01 2.10000000e+01]
[7.36000000e+02 6.68000000e+02 1.21683425e-01 1.40000000e+01]
[7.28000000e+02 7.61000000e+02 1.21764614e-01 2.50000000e+01]
[3.94000000e+02 7.22000000e+02 1.22330793e-01 4.00000000e+00]
[4.6000000e+02 6.7700000e+02 1.2263972e-01 3.0000000e+00]
[1.04000000e+02 1.65000000e+02 1.24447467e-01 2.00000000e+00]
[7.31000000e+02 3.29000000e+02 1.24564302e-01 5.00000000e+00]
[6.73000000e+02 7.46000000e+02 1.26618909e-01 6.00000000e+00]
[1.88000000e+02 4.39000000e+02 1.28735263e-01 2.00000000e+00]
[2.54000000e+02 7.04000000e+02 1.29759059e-01 6.00000000e+00]
[6.60000000e+01 7.70000000e+02 1.29773726e-01 7.00000000e+00]
[7.63000000e+02 7.35000000e+02 1.30169597e-01 2.90000000e+01]
[7.47000000e+02 7.09000000e+02 1.30997954e-01 5.00000000e+00]
[2.24000000e+02 6.72000000e+02 1.32249309e-01 5.00000000e+00]
[7.49000000e+02 6.65000000e+02 1.33070726e-01 7.00000000e+00]
[8.90000000e+01 7.44000000e+02 1.33783125e-01 9.00000000e+00]
[7.72000000e+02 4.00000000e+02 1.34212269e-01 3.00000000e+01]
[7.5400000e+02 7.6400000e+02 1.3513394e-01 1.0000000e+01]
[7.0000000e+02 1.6900000e+02 1.3572497e-01 4.0000000e+00]
[6.15000000e+02 4.50000000e+01 1.36007936e-01 4.00000000e+00]
[2.66000000e+02 7.73000000e+02 1.37732794e-01 6.00000000e+00]
[2.00000000e+00 2.45000000e+02 1.37743706e-01 2.00000000e+00]
[4.90000000e+01 7.58000000e+02 1.38135796e-01 7.00000000e+00]
[1.21000000e+02 5.25000000e+02 1.38182987e-01 3.00000000e+00]
[2.80000000e+01 2.02000000e+02 1.38184208e-01 2.00000000e+00]
[2.81000000e+02 3.54000000e+02 1.38256323e-01 2.00000000e+00]
[4.40000000e+01 7.77000000e+02 1.42711412e-01 3.10000000e+01]
[7.56000000e+02 2.29000000e+02 1.43400465e-01 4.00000000e+00]
[6.19000000e+02 7.67000000e+02 1.43646975e-01 7.00000000e+00]
[7.33000000e+02 7.39000000e+02 1.43706323e-01 1.90000000e+01]
[7.57000000e+02 2.23000000e+02 1.44134212e-01 3.50000000e+01]
[1.30000000e+02 5.87000000e+02 1.45136348e-01 3.00000000e+00]
[1.80000000e+01 2.30000000e+02 1.45518185e-01 2.00000000e+00]
[1.10000000e+01 1.95000000e+02 1.46347386e-01 2.00000000e+00]
[7.27000000e+02 2.17000000e+02 1.47368149e-01 3.00000000e+00]
[6.92000000e+02 2.20000000e+02 1.47421231e-01 5.00000000e+00]
[7.69000000e+02 4.20000000e+02 1.49180728e-01 3.00000000e+00]
[4.68000000e+02 7.81000000e+02 1.49911321e-01 7.00000000e+00]
[5.20000000e+01 7.87000000e+02 1.50689584e-01 3.20000000e+01]
[5.84000000e+02 7.19000000e+02 1.51298267e-01 6.00000000e+00]
[7.41000000e+02 6.00000000e+02 1.51635231e-01 9.00000000e+00]
[36.         53.          0.15188055  2.        ]
[2.77000000e+02 6.53000000e+02 1.51953951e-01 3.00000000e+00]
[1.20000000e+01 3.69000000e+02 1.52053453e-01 2.00000000e+00]
[7.23000000e+02 7.75000000e+02 1.52083048e-01 9.00000000e+00]
[1.22000000e+02 5.89000000e+02 1.54494724e-01 3.00000000e+00]
[2.13000000e+02 7.78000000e+02 1.55878606e-01 1.10000000e+01]
[5.96000000e+02 5.95000000e+02 1.56018884e-01 4.00000000e+00]
[6.20000000e+01 1.70000000e+02 1.56885536e-01 2.00000000e+00]
[7.38000000e+02 7.76000000e+02 1.59476458e-01 1.30000000e+01]
[7.9900000e+02 7.7400000e+02 1.6140081e-01 3.7000000e+01]
[7.91000000e+02 7.14000000e+02 1.62746532e-01 3.70000000e+01]
[5.83000000e+02 4.22000000e+02 1.62862874e-01 5.00000000e+00]
[7.5200000e+02 7.4300000e+02 1.6376032e-01 5.0000000e+00]
[7.4000000e+02 7.9800000e+02 1.6443748e-01 1.4000000e+01]
[7.90000000e+02 8.11000000e+02 1.65147502e-01 5.60000000e+01]
[5.44000000e+02 7.66000000e+02 1.65511503e-01 7.00000000e+00]
[7.71000000e+02 8.10000000e+02 1.65715125e-01 2.00000000e+01]
[19.         32.          0.16679579  2.        ]
[3.90000000e+02 8.18000000e+02 1.68091519e-01 2.10000000e+01]
[8.01000000e+02 7.53000000e+02 1.68298797e-01 2.20000000e+01]
[2.38000000e+02 7.34000000e+02 1.68368409e-01 3.00000000e+00]
[6.16000000e+02 4.20000000e+01 1.69296187e-01 3.00000000e+00]
[1.68000000e+02 7.96000000e+02 1.69911182e-01 6.00000000e+00]
[3.10000000e+02 3.40000000e+02 1.70050253e-01 2.00000000e+00]
[8.1200000e+02 3.5800000e+02 1.7006424e-01 3.8000000e+01]
[8.00000000e+02 1.02000000e+02 1.70171917e-01 7.00000000e+00]
[2.96000000e+02 3.71000000e+02 1.71019018e-01 2.00000000e+00]
[5.67000000e+02 2.64000000e+02 1.72192166e-01 3.00000000e+00]
[1.70000000e+01 2.62000000e+02 1.72222355e-01 2.00000000e+00]
[7.83000000e+02 7.68000000e+02 1.74929451e-01 1.30000000e+01]
[4.6000000e+01 3.6000000e+02 1.7594879e-01 2.0000000e+00]
[7.97000000e+02 6.91000000e+02 1.76468365e-01 6.00000000e+00]
[6.60000000e+02 4.83000000e+02 1.78429117e-01 3.00000000e+00]
[7.32000000e+02 4.32000000e+02 1.78583649e-01 1.10000000e+01]
[6.90000000e+02 8.16000000e+02 1.78983859e-01 5.80000000e+01]
[3.80000000e+02 8.33000000e+02 1.79037271e-01 7.00000000e+00]
[9.00000000e+01 7.79000000e+02 1.79189087e-01 5.00000000e+00]
[3.08000000e+02 7.62000000e+02 1.80294943e-01 1.50000000e+01]
[6.50000000e+01 7.84000000e+02 1.82039397e-01 4.00000000e+00]
[7.89000000e+02 8.05000000e+02 1.83937384e-01 1.60000000e+01]
[7.86000000e+02 4.07000000e+02 1.84473909e-01 3.00000000e+00]
[7.59000000e+02 8.20000000e+02 1.85697046e-01 2.90000000e+01]
[8.17000000e+02 7.51000000e+02 1.86306632e-01 9.00000000e+00]
[7.55000000e+02 8.21000000e+02 1.86656364e-01 2.50000000e+01]
[8.26000000e+02 6.06000000e+02 1.86681632e-01 4.10000000e+01]
[8.25000000e+02 3.27000000e+02 1.86751349e-01 3.00000000e+00]
[4.03000000e+02 4.41000000e+02 1.87869728e-01 2.00000000e+00]
[8.1500000e+02 8.0700000e+02 1.9217137e-01 2.5000000e+01]
[22.         35.          0.19332486  2.        ]
[2.00000000e+01 8.31000000e+02 1.93338651e-01 1.40000000e+01]
[7.94000000e+02 8.41000000e+02 1.93673691e-01 1.80000000e+01]
[6.27000000e+02 5.81000000e+02 1.95043967e-01 4.00000000e+00]
[4.70000000e+01 8.23000000e+02 1.95269981e-01 4.00000000e+00]
[38.         63.          0.19599458  2.        ]
[6.28000000e+02 6.96000000e+02 1.96000591e-01 1.80000000e+01]
[8.51000000e+02 4.63000000e+02 1.99736755e-01 1.50000000e+01]
[8.38000000e+02 8.06000000e+02 2.00694287e-01 8.00000000e+00]
[8.36000000e+02 8.46000000e+02 2.04556836e-01 9.90000000e+01]
[8.03000000e+02 8.14000000e+02 2.05671606e-01 8.00000000e+00]
[6.61000000e+02 8.44000000e+02 2.06128017e-01 1.10000000e+01]
[8.37000000e+02 8.22000000e+02 2.06341943e-01 1.00000000e+01]
[6.49000000e+02 8.61000000e+02 2.06772453e-01 1.30000000e+01]
[7.92000000e+02 8.43000000e+02 2.07110639e-01 3.20000000e+01]
[7.26000000e+02 1.26000000e+02 2.07244853e-01 3.00000000e+00]
[7.20000000e+02 7.25000000e+02 2.07259873e-01 7.00000000e+00]
[0.0000000e+00 8.4500000e+02 2.0865076e-01 2.6000000e+01]
[3.22000000e+02 8.62000000e+02 2.09054052e-01 1.10000000e+01]
[8.49000000e+02 8.58000000e+02 2.10001191e-01 3.30000000e+01]
[1.71000000e+02 6.30000000e+02 2.10587371e-01 3.00000000e+00]
[8.40000000e+02 7.88000000e+02 2.13083484e-01 8.00000000e+00]
[6.18000000e+02 3.83000000e+02 2.13954455e-01 3.00000000e+00]
[2.82000000e+02 8.69000000e+02 2.17494508e-01 3.40000000e+01]
[3.49000000e+02 8.73000000e+02 2.17799367e-01 3.50000000e+01]
[7.9300000e+02 2.6500000e+02 2.1792014e-01 3.0000000e+00]
[8.02000000e+02 8.64000000e+02 2.19899924e-01 3.40000000e+01]
[8.52000000e+02 6.70000000e+02 2.21146459e-01 2.10000000e+01]
[8.59000000e+02 7.13000000e+02 2.23326787e-01 1.09000000e+02]
[8.77000000e+02 8.71000000e+02 2.24119507e-01 2.90000000e+01]
[8.57000000e+02 8.09000000e+02 2.25002171e-01 1.70000000e+01]
[8.19000000e+02 7.48000000e+02 2.25048508e-01 4.00000000e+00]
[8.67000000e+02 2.72000000e+02 2.25919942e-01 2.70000000e+01]
[1.05000000e+02 8.70000000e+02 2.27247375e-01 4.00000000e+00]
[1.56000000e+02 3.28000000e+02 2.27792741e-01 2.00000000e+00]
[8.54000000e+02 6.12000000e+02 2.28686883e-01 6.00000000e+00]
[8.65000000e+02 8.60000000e+02 2.30045336e-01 1.10000000e+01]
[8.29000000e+02 3.32000000e+02 2.31150433e-01 4.00000000e+00]
[8.04000000e+02 8.35000000e+02 2.31894411e-01 1.30000000e+01]
[8.66000000e+02 7.65000000e+02 2.35528403e-01 1.00000000e+01]
[8.47000000e+02 8.68000000e+02 2.36488184e-01 1.40000000e+01]
[8.08000000e+02 5.99000000e+02 2.40652929e-01 6.00000000e+00]
[8.79000000e+02 8.27000000e+02 2.41090955e-01 3.60000000e+01]
[8.92000000e+02 3.12000000e+02 2.41927277e-01 3.70000000e+01]
[8.88000000e+02 3.46000000e+02 2.44438304e-01 1.40000000e+01]
[8.74000000e+02 8.87000000e+02 2.45067462e-01 3.90000000e+01]
[8.42000000e+02 8.78000000e+02 2.45100039e-01 1.12000000e+02]
[8.80000000e+02 1.45000000e+02 2.45119473e-01 1.80000000e+01]
[7.95000000e+02 3.77000000e+02 2.46272812e-01 4.00000000e+00]
[3.56000000e+02 8.95000000e+02 2.46534699e-01 4.00000000e+01]
[8.3200000e+02 8.8600000e+02 2.4684245e-01 1.3000000e+01]
[3.44000000e+02 8.72000000e+02 2.48356075e-01 4.00000000e+00]
[6.70000000e+01 2.59000000e+02 2.49583018e-01 2.00000000e+00]
[7.70000000e+01 8.99000000e+02 2.49979904e-01 4.10000000e+01]
[8.76000000e+02 8.55000000e+02 2.51028591e-01 3.60000000e+01]
[7.85000000e+02 3.48000000e+02 2.52767194e-01 3.00000000e+00]
[8.82000000e+02 8.63000000e+02 2.55776413e-01 4.00000000e+01]
[9.04000000e+02 8.56000000e+02 2.59914434e-01 5.40000000e+01]
[7.16000000e+02 8.94000000e+02 2.63503168e-01 1.80000000e+01]
[8.97000000e+02 4.12000000e+02 2.64076779e-01 1.90000000e+01]
[9.08000000e+02 9.00000000e+02 2.64744858e-01 3.10000000e+01]
[9.02000000e+02 6.80000000e+01 2.70057767e-01 3.00000000e+00]
[8.91000000e+02 8.28000000e+02 2.70697258e-01 8.00000000e+00]
[8.85000000e+02 8.96000000e+02 2.72053824e-01 1.18000000e+02]
[8.53000000e+02 8.39000000e+02 2.77519669e-01 1.90000000e+01]
[8.75000000e+02 9.10000000e+02 2.79024927e-01 3.40000000e+01]
[7.80000000e+02 8.98000000e+02 2.81753705e-01 8.00000000e+00]
[9.13000000e+02 1.10000000e+02 2.85050397e-01 1.19000000e+02]
[6.10000000e+01 8.89000000e+02 2.85821886e-01 1.10000000e+01]
[2.70000000e+01 8.34000000e+02 2.90323155e-01 4.00000000e+00]
[1.75000000e+02 8.93000000e+02 2.91096794e-01 3.80000000e+01]
[9.07000000e+02 7.60000000e+02 2.91356831e-01 5.90000000e+01]
[9.00000000e+00 6.38000000e+02 2.98334267e-01 4.00000000e+00]
[9.05000000e+02 9.12000000e+02 3.00209379e-01 1.10000000e+01]
[8.84000000e+02 9.20000000e+02 3.02282164e-01 4.00000000e+01]
[8.83000000e+02 8.24000000e+02 3.02951107e-01 1.00000000e+01]
[9.15000000e+02 9.21000000e+02 3.06929354e-01 9.30000000e+01]
[9.0300000e+02 8.9000000e+02 3.0926103e-01 5.5000000e+01]
[ 6.         64.          0.31041461  2.        ]
[9.09000000e+02 2.60000000e+01 3.18214155e-01 2.00000000e+01]
[9.0600000e+02 9.1700000e+02 3.1989487e-01 1.5900000e+02]
[9.23000000e+02 6.51000000e+02 3.21071783e-01 1.40000000e+01]
[9.30000000e+02 9.19000000e+02 3.22885311e-01 1.63000000e+02]
[9.29000000e+02 3.50000000e+02 3.31036838e-01 2.10000000e+01]
[8.13000000e+02 9.24000000e+02 3.31757411e-01 4.50000000e+01]
[9.14000000e+02 7.90000000e+01 3.33272837e-01 2.00000000e+01]
[6.94000000e+02 9.26000000e+02 3.44945497e-01 9.50000000e+01]
[8.81000000e+02 9.25000000e+02 3.46620641e-01 1.40000000e+01]
[9.32000000e+02 1.30000000e+01 3.46903537e-01 1.64000000e+02]
[6.42000000e+02 9.38000000e+02 3.54793227e-01 1.67000000e+02]
[9.11000000e+02 9.27000000e+02 3.59608591e-01 5.80000000e+01]
[1.00000000e+02 9.36000000e+02 3.70950456e-01 9.60000000e+01]
[9.35000000e+02 9.34000000e+02 3.71590582e-01 6.50000000e+01]
[9.16000000e+02 9.42000000e+02 3.73888055e-01 7.30000000e+01]
[6.07000000e+02 2.71000000e+02 3.77793769e-01 3.00000000e+00]
[8.30000000e+02 3.00000000e+02 3.78583068e-01 3.00000000e+00]
[7.82000000e+02 8.50000000e+02 3.81798068e-01 4.00000000e+00]
[9.40000000e+02 9.39000000e+02 3.84133738e-01 2.25000000e+02]
[1.15000000e+02 9.01000000e+02 3.97311616e-01 5.00000000e+00]
[9.31000000e+02 4.38000000e+02 4.00889359e-01 1.50000000e+01]
[9.47000000e+02 9.41000000e+02 4.07682534e-01 3.21000000e+02]
[9.33000000e+02 9.49000000e+02 4.08771424e-01 3.60000000e+01]
[9.37000000e+02 9.50000000e+02 4.26140578e-01 3.35000000e+02]
[5.19000000e+02 9.52000000e+02 4.26230995e-01 3.37000000e+02]
[9.2800000e+02 8.4800000e+02 4.4015977e-01 4.0000000e+00]
[9.48000000e+02 9.53000000e+02 4.53100856e-01 3.42000000e+02]
[9.22000000e+02 9.55000000e+02 4.65220188e-01 3.46000000e+02]
[9.51000000e+02 3.26000000e+02 4.69151646e-01 3.70000000e+01]
[9.46000000e+02 9.43000000e+02 5.00287411e-01 7.70000000e+01]
[9.5400000e+02 9.5600000e+02 5.1932598e-01 3.5000000e+02]
[9.18000000e+02 9.44000000e+02 5.29749435e-01 1.40000000e+01]
[9.59000000e+02 9.57000000e+02 5.66843603e-01 3.87000000e+02]
[9.61000000e+02 9.58000000e+02 6.11591875e-01 4.64000000e+02]
[9.62000000e+02 9.60000000e+02 6.12361905e-01 4.78000000e+02]
[9.63000000e+02 3.59000000e+02 6.34372084e-01 4.79000000e+02]
[9.64000000e+02 9.45000000e+02 6.95981084e-01 4.82000000e+02]
[9.65000000e+02 3.87000000e+02 8.95885662e-01 4.83000000e+02]
[966. 440.   1. 484.]
[967. 449.   1. 485.]
