[30. 31.  0.  2.]
[81. 82.  0.  2.]
[486.  85.   0.   3.]
[93. 94.  0.  2.]
[488.  95.   0.   3.]
[489.  96.   0.   4.]
[109. 114.   0.   2.]
[112. 117.   0.   2.]
[492. 120.   0.   3.]
[493. 125.   0.   4.]
[132. 133.   0.   2.]
[495. 135.   0.   3.]
[149. 150.   0.   2.]
[497. 151.   0.   3.]
[498. 153.   0.   4.]
[157. 215.   0.   2.]
[500. 216.   0.   3.]
[501. 218.   0.   4.]
[502. 219.   0.   5.]
[503. 222.   0.   6.]
[172. 174.   0.   2.]
[178. 180.   0.   2.]
[179. 181.   0.   2.]
[192. 197.   0.   2.]
[198. 199.   0.   2.]
[205. 211.   0.   2.]
[225. 227.   0.   2.]
[233. 235.   0.   2.]
[512. 236.   0.   3.]
[513. 239.   0.   4.]
[514. 240.   0.   5.]
[515. 243.   0.   6.]
[242. 244.   0.   2.]
[284. 303.   0.   2.]
[286. 298.   0.   2.]
[299. 301.   0.   2.]
[316. 318.   0.   2.]
[521. 321.   0.   3.]
[319. 320.   0.   2.]
[523. 324.   0.   3.]
[333. 341.   0.   2.]
[362. 364.   0.   2.]
[375. 376.   0.   2.]
[379. 385.   0.   2.]
[528. 386.   0.   3.]
[529. 388.   0.   4.]
[530. 399.   0.   5.]
[531. 411.   0.   6.]
[395. 396.   0.   2.]
[533. 401.   0.   3.]
[430. 431.   0.   2.]
[433. 436.   0.   2.]
[458. 499.   0.   5.]
[456. 464.   0.   2.]
[473. 474.   0.   2.]
[475. 476.   0.   2.]
[7.00000000e+01 7.10000000e+01 1.11022302e-16 2.00000000e+00]
[5.41000000e+02 7.20000000e+01 1.11022302e-16 3.00000000e+00]
[5.42000000e+02 7.30000000e+01 1.11022302e-16 4.00000000e+00]
[5.43000000e+02 7.40000000e+01 1.11022302e-16 5.00000000e+00]
[1.23000000e+02 1.24000000e+02 1.11022302e-16 2.00000000e+00]
[5.45000000e+02 1.28000000e+02 1.11022302e-16 3.00000000e+00]
[2.12000000e+02 2.21000000e+02 1.11022302e-16 2.00000000e+00]
[3.68000000e+02 3.70000000e+02 1.11022302e-16 2.00000000e+00]
[1.40000000e+01 1.50000000e+01 2.22044605e-16 2.00000000e+00]
[1.13000000e+02 1.16000000e+02 2.22044605e-16 2.00000000e+00]
[5.50000000e+02 1.27000000e+02 2.22044605e-16 3.00000000e+00]
[1.36000000e+02 1.37000000e+02 2.22044605e-16 2.00000000e+00]
[2.91000000e+02 2.97000000e+02 2.22044605e-16 2.00000000e+00]
[3.11000000e+02 3.25000000e+02 2.22044605e-16 2.00000000e+00]
[3.61000000e+02 3.63000000e+02 2.22044605e-16 2.00000000e+00]
[4.48000000e+02 4.53000000e+02 2.22044605e-16 2.00000000e+00]
[4.50000000e+02 4.52000000e+02 2.22044605e-16 2.00000000e+00]
[5.57000000e+02 4.59000000e+02 2.22044605e-16 3.00000000e+00]
[5.58000000e+02 5.56000000e+02 2.22044605e-16 5.00000000e+00]
[4.70000000e+02 5.59000000e+02 2.22044605e-16 6.00000000e+00]
[1.84000000e+02 5.06000000e+02 3.33066907e-16 3.00000000e+00]
[2.06000000e+02 2.07000000e+02 3.33066907e-16 2.00000000e+00]
[5.62000000e+02 5.10000000e+02 3.33066907e-16 4.00000000e+00]
[2.08000000e+02 2.09000000e+02 3.33066907e-16 2.00000000e+00]
[4.43000000e+02 4.44000000e+02 3.33066907e-16 2.00000000e+00]
[5.65000000e+02 4.45000000e+02 3.33066907e-16 3.00000000e+00]
[2.61000000e+02 2.63000000e+02 5.55111512e-16 2.00000000e+00]
[4.46000000e+02 4.47000000e+02 1.11022302e-15 2.00000000e+00]
[4.67000000e+02 5.60000000e+02 1.70142913e-03 7.00000000e+00]
[1.39000000e+02 1.42000000e+02 2.86126976e-03 2.00000000e+00]
[5.61000000e+02 5.07000000e+02 2.86871455e-03 5.00000000e+00]
[1.06000000e+02 1.07000000e+02 3.50823914e-03 2.00000000e+00]
[5.70000000e+02 1.40000000e+02 4.47233316e-03 3.00000000e+00]
[1.82000000e+02 5.71000000e+02 5.04800722e-03 6.00000000e+00]
[3.520000e+02 3.530000e+02 5.080924e-03 2.000000e+00]
[3.97000000e+02 4.13000000e+02 6.52076451e-03 2.00000000e+00]
[5.52000000e+02 1.38000000e+02 7.05022738e-03 3.00000000e+00]
[5.73000000e+02 1.41000000e+02 8.08258742e-03 4.00000000e+00]
[1.59000000e+02 1.60000000e+02 8.21449756e-03 2.00000000e+00]
[1.77000000e+02 5.74000000e+02 9.94984215e-03 7.00000000e+00]
[1.66000000e+02 1.67000000e+02 1.02026747e-02 2.00000000e+00]
[4.23000000e+02 5.32000000e+02 1.09658185e-02 7.00000000e+00]
[8.00000000e+01 4.87000000e+02 1.11263184e-02 4.00000000e+00]
[5.49000000e+02 1.60000000e+01 1.20686707e-02 3.00000000e+00]
[5.63000000e+02 5.64000000e+02 1.21415568e-02 6.00000000e+00]
[4.10000000e+01 4.30000000e+01 1.25014499e-02 2.00000000e+00]
[4.10000000e+02 4.21000000e+02 1.31581711e-02 2.00000000e+00]
[3.42000000e+02 3.43000000e+02 1.43022442e-02 2.00000000e+00]
[2.75000000e+02 2.78000000e+02 1.49405516e-02 2.00000000e+00]
[1.76000000e+02 1.83000000e+02 1.49479683e-02 2.00000000e+00]
[3.14000000e+02 3.15000000e+02 1.60435279e-02 2.00000000e+00]
[5.09000000e+02 2.00000000e+02 1.64065207e-02 3.00000000e+00]
[4.42000000e+02 5.69000000e+02 1.87278103e-02 8.00000000e+00]
[3.8900000e+02 5.7600000e+02 1.8811933e-02 3.0000000e+00]
[4.80000000e+02 4.82000000e+02 1.92470086e-02 2.00000000e+00]
[1.9300000e+02 1.9600000e+02 1.9486282e-02 2.0000000e+00]
[3.70000000e+01 3.90000000e+01 1.96006181e-02 2.00000000e+00]
[2.92000000e+02 3.04000000e+02 2.07284144e-02 2.00000000e+00]
[3.45000000e+02 3.47000000e+02 2.14647856e-02 2.00000000e+00]
[2.7600000e+02 5.1800000e+02 2.2041489e-02 3.0000000e+00]
[3.93000000e+02 5.34000000e+02 2.21505031e-02 4.00000000e+00]
[2.49000000e+02 2.53000000e+02 2.29796145e-02 2.00000000e+00]
[5.38000000e+02 5.37000000e+02 2.38489446e-02 7.00000000e+00]
[5.77000000e+02 5.78000000e+02 2.40252345e-02 7.00000000e+00]
[2.32000000e+02 5.16000000e+02 2.49408179e-02 7.00000000e+00]
[2.41000000e+02 5.17000000e+02 2.50479724e-02 3.00000000e+00]
[1.54000000e+02 1.55000000e+02 2.64384735e-02 2.00000000e+00]
[4.69000000e+02 5.39000000e+02 2.70910287e-02 3.00000000e+00]
[5.11000000e+02 2.26000000e+02 2.71688343e-02 3.00000000e+00]
[2.83000000e+02 2.87000000e+02 2.84727624e-02 2.00000000e+00]
[2.51000000e+02 2.52000000e+02 2.93075374e-02 2.00000000e+00]
[3.72000000e+02 3.73000000e+02 3.08026453e-02 2.00000000e+00]
[5.5500000e+02 5.2600000e+02 3.1390575e-02 4.0000000e+00]
[4.28000000e+02 5.36000000e+02 3.15601068e-02 3.00000000e+00]
[4.00000000e+01 5.86000000e+02 3.17687852e-02 3.00000000e+00]
[25.         34.          0.03407636  2.        ]
[3.51000000e+02 3.55000000e+02 3.46321436e-02 2.00000000e+00]
[2.57000000e+02 2.58000000e+02 3.49565616e-02 2.00000000e+00]
[4.9600000e+02 1.3400000e+02 3.5222007e-02 4.0000000e+00]
[1.43000000e+02 6.04000000e+02 3.53631152e-02 8.00000000e+00]
[4.72000000e+02 5.40000000e+02 3.54189068e-02 3.00000000e+00]
[2.6700000e+02 2.7000000e+02 3.6239542e-02 2.0000000e+00]
[2.34000000e+02 2.37000000e+02 3.65460396e-02 2.00000000e+00]
[3.38000000e+02 3.57000000e+02 4.01021879e-02 2.00000000e+00]
[6.20000000e+02 1.44000000e+02 4.19952065e-02 9.00000000e+00]
[5.79000000e+02 2.56000000e+02 4.21827499e-02 3.00000000e+00]
[5.50000000e+01 5.80000000e+01 4.48651586e-02 2.00000000e+00]
[5.54000000e+02 3.13000000e+02 4.55588743e-02 3.00000000e+00]
[3.30000000e+02 3.37000000e+02 4.66129685e-02 2.00000000e+00]
[7.50000000e+01 7.60000000e+01 4.81961213e-02 2.00000000e+00]
[6.26000000e+02 5.85000000e+02 4.82836938e-02 9.00000000e+00]
[2.73000000e+02 6.03000000e+02 4.93972101e-02 8.00000000e+00]
[2.68000000e+02 6.24000000e+02 4.98583994e-02 3.00000000e+00]
[5.2200000e+02 5.8200000e+02 5.0045125e-02 1.0000000e+01]
[2.85000000e+02 4.81000000e+02 5.00633648e-02 2.00000000e+00]
[6.10000000e+02 2.88000000e+02 5.08504768e-02 3.00000000e+00]
[4.14000000e+02 6.31000000e+02 5.21335691e-02 1.00000000e+01]
[5.72000000e+02 1.08000000e+02 5.27180029e-02 3.00000000e+00]
[5.9000000e+02 5.8000000e+02 5.4326702e-02 9.0000000e+00]
[6.3200000e+02 5.9200000e+02 5.4817553e-02 1.1000000e+01]
[1.11000000e+02 6.33000000e+02 5.53555451e-02 4.00000000e+00]
[5.3500000e+02 4.3400000e+02 5.5892836e-02 3.0000000e+00]
[5.94000000e+02 4.29000000e+02 5.59945602e-02 4.00000000e+00]
[5.91000000e+02 5.24000000e+02 5.64914382e-02 5.00000000e+00]
[1.48000000e+02 6.09000000e+02 5.66080585e-02 4.00000000e+00]
[4.08000000e+02 4.15000000e+02 5.69933241e-02 2.00000000e+00]
[4.35000000e+02 5.93000000e+02 5.79397628e-02 9.00000000e+00]
[6.40000000e+02 3.66000000e+02 5.81185826e-02 1.20000000e+01]
[3.07000000e+02 6.35000000e+02 5.82245651e-02 3.00000000e+00]
[1.62000000e+02 1.63000000e+02 5.86176811e-02 2.00000000e+00]
[6.37000000e+02 4.26000000e+02 5.96545247e-02 1.10000000e+01]
[2.90000000e+01 4.85000000e+02 6.09216723e-02 3.00000000e+00]
[1.94000000e+02 2.10000000e+02 6.09761686e-02 2.00000000e+00]
[4.5100000e+02 4.7100000e+02 6.1102492e-02 2.0000000e+00]
[1.58000000e+02 1.64000000e+02 6.16318396e-02 2.00000000e+00]
[5.47000000e+02 2.14000000e+02 6.20100668e-02 3.00000000e+00]
[6.29000000e+02 6.02000000e+02 6.36252324e-02 4.00000000e+00]
[8.40000000e+01 3.34000000e+02 6.40103102e-02 2.00000000e+00]
[3.02000000e+02 3.06000000e+02 6.42689655e-02 2.00000000e+00]
[6.49000000e+02 4.57000000e+02 6.70562546e-02 4.00000000e+00]
[8.70000000e+01 8.80000000e+01 6.74070686e-02 2.00000000e+00]
[48.         54.          0.06784158  2.        ]
[2.60000000e+02 2.48000000e+02 6.88541612e-02 2.00000000e+00]
[1.46000000e+02 6.48000000e+02 6.96877721e-02 1.30000000e+01]
[2.9300000e+02 5.2000000e+02 7.0147642e-02 3.0000000e+00]
[6.45000000e+02 6.05000000e+02 7.03950483e-02 1.10000000e+01]
[2.31000000e+02 4.91000000e+02 7.06183748e-02 3.00000000e+00]
[2.30000000e+01 6.60000000e+02 7.21045459e-02 5.00000000e+00]
[2.79000000e+02 6.43000000e+02 7.27467978e-02 5.00000000e+00]
[3.74000000e+02 5.27000000e+02 7.28702208e-02 3.00000000e+00]
[2.04000000e+02 6.57000000e+02 7.44619579e-02 5.00000000e+00]
[6.00000000e+01 3.65000000e+02 7.48861586e-02 2.00000000e+00]
[9.10000000e+01 5.46000000e+02 7.49080202e-02 4.00000000e+00]
[1.52000000e+02 4.24000000e+02 7.51647431e-02 2.00000000e+00]
[7.00000000e+00 6.67000000e+02 7.57706167e-02 4.00000000e+00]
[4.84000000e+02 6.19000000e+02 7.58145669e-02 5.00000000e+00]
[1.91000000e+02 5.08000000e+02 7.58254005e-02 3.00000000e+00]
[1.19000000e+02 1.61000000e+02 7.59943419e-02 2.00000000e+00]
[4.27000000e+02 3.31000000e+02 7.65039191e-02 2.00000000e+00]
[3.91000000e+02 6.66000000e+02 7.88640955e-02 1.20000000e+01]
[4.90000000e+02 6.13000000e+02 8.04522375e-02 8.00000000e+00]
[3.92000000e+02 3.98000000e+02 8.18299575e-02 2.00000000e+00]
[6.69000000e+02 4.79000000e+02 8.34151371e-02 6.00000000e+00]
[6.6400000e+02 6.6800000e+02 8.3849369e-02 1.8000000e+01]
[6.47000000e+02 5.66000000e+02 8.47765034e-02 1.20000000e+01]
[2.03000000e+02 6.71000000e+02 8.47780871e-02 6.00000000e+00]
[6.51000000e+02 5.51000000e+02 8.48720038e-02 1.40000000e+01]
[6.63000000e+02 2.46000000e+02 8.49560943e-02 3.00000000e+00]
[1.47000000e+02 6.83000000e+02 8.51288183e-02 7.00000000e+00]
[4.60000000e+02 4.61000000e+02 8.54111935e-02 2.00000000e+00]
[4.17000000e+02 6.08000000e+02 8.54980048e-02 4.00000000e+00]
[ 3.         57.          0.08678235  2.        ]
[6.84000000e+02 5.48000000e+02 8.73856496e-02 2.00000000e+01]
[5.68000000e+02 4.78000000e+02 8.76713334e-02 3.00000000e+00]
[6.93000000e+02 6.74000000e+02 8.80272392e-02 2.20000000e+01]
[6.56000000e+02 2.50000000e+02 8.91191581e-02 4.00000000e+00]
[4.62000000e+02 4.65000000e+02 9.03853694e-02 2.00000000e+00]
[6.44000000e+02 6.34000000e+02 9.11744538e-02 1.50000000e+01]
[1.90000000e+02 6.77000000e+02 9.14735347e-02 4.00000000e+00]
[6.95000000e+02 2.01000000e+02 9.15183561e-02 2.30000000e+01]
[6.36000000e+02 4.04000000e+02 9.17504774e-02 4.00000000e+00]
[8.60000000e+01 6.23000000e+02 9.18202978e-02 3.00000000e+00]
[2.9400000e+02 7.0100000e+02 9.1837608e-02 5.0000000e+00]
[6.88000000e+02 4.09000000e+02 9.20331017e-02 4.00000000e+00]
[1.8600000e+02 6.7500000e+02 9.2106035e-02 5.0000000e+00]
[2.4000000e+01 7.0400000e+02 9.2587216e-02 5.0000000e+00]
[6.55000000e+02 4.06000000e+02 9.38831586e-02 3.00000000e+00]
[3.78000000e+02 3.36000000e+02 9.40150638e-02 2.00000000e+00]
[2.89000000e+02 7.03000000e+02 9.56662992e-02 6.00000000e+00]
[6.3900000e+02 1.8500000e+02 9.5964847e-02 1.0000000e+01]
[6.41000000e+02 3.09000000e+02 9.60145735e-02 5.00000000e+00]
[9.90000000e+01 3.23000000e+02 9.63678101e-02 2.00000000e+00]
[4.55000000e+02 6.62000000e+02 9.69254648e-02 3.00000000e+00]
[4.05000000e+02 6.14000000e+02 9.70632273e-02 4.00000000e+00]
[6.46000000e+02 4.16000000e+02 9.82145852e-02 3.00000000e+00]
[6.80000000e+02 6.53000000e+02 9.87974724e-02 1.40000000e+01]
[6.87000000e+02 5.75000000e+02 9.89697922e-02 1.60000000e+01]
[7.16000000e+02 6.78000000e+02 9.94662911e-02 1.60000000e+01]
[2.90000000e+02 5.53000000e+02 9.96359473e-02 3.00000000e+00]
[3.39000000e+02 3.84000000e+02 9.98262855e-02 2.00000000e+00]
[5.88000000e+02 5.04000000e+02 1.00462001e-01 8.00000000e+00]
[1.73000000e+02 1.87000000e+02 1.00756222e-01 2.00000000e+00]
[7.18000000e+02 6.58000000e+02 1.00810011e-01 1.80000000e+01]
[50.         51.          0.10174007  2.        ]
[7.80000000e+01 3.67000000e+02 1.01856573e-01 2.00000000e+00]
[1.03000000e+02 6.91000000e+02 1.03452558e-01 5.00000000e+00]
[6.79000000e+02 5.25000000e+02 1.03501007e-01 4.00000000e+00]
[2.5500000e+02 6.0100000e+02 1.0468412e-01 5.0000000e+00]
[4.00000000e+00 7.23000000e+02 1.04877422e-01 1.90000000e+01]
[4.25000000e+02 7.17000000e+02 1.06339308e-01 1.70000000e+01]
[2.28000000e+02 6.21000000e+02 1.06376893e-01 4.00000000e+00]
[3.17000000e+02 7.30000000e+02 1.06871009e-01 1.80000000e+01]
[5.60000000e+01 3.05000000e+02 1.07191014e-01 2.00000000e+00]
[1.01000000e+02 7.27000000e+02 1.07353013e-01 5.00000000e+00]
[4.18000000e+02 4.77000000e+02 1.07696875e-01 2.00000000e+00]
[9.70000000e+01 7.11000000e+02 1.09987463e-01 6.00000000e+00]
[8.30000000e+01 7.29000000e+02 1.10484564e-01 2.00000000e+01]
[5.90000000e+01 7.13000000e+02 1.10533852e-01 4.00000000e+00]
[1.00000000e+00 7.09000000e+02 1.12877514e-01 7.00000000e+00]
[2.80000000e+02 6.22000000e+02 1.13261654e-01 3.00000000e+00]
[4.66000000e+02 6.89000000e+02 1.13359818e-01 8.00000000e+00]
[1.00000000e+01 7.00000000e+02 1.13607126e-01 2.40000000e+01]
[2.47000000e+02 3.90000000e+02 1.13627762e-01 2.00000000e+00]
[6.73000000e+02 7.21000000e+02 1.13984647e-01 1.20000000e+01]
[7.08000000e+02 7.42000000e+02 1.15722519e-01 2.60000000e+01]
[1.29000000e+02 6.25000000e+02 1.16093701e-01 1.00000000e+01]
[5.05000000e+02 5.97000000e+02 1.16447183e-01 4.00000000e+00]
[4.02000000e+02 7.40000000e+02 1.16840559e-01 4.00000000e+00]
[21.         33.          0.11759988  2.        ]
[7.28000000e+02 3.94000000e+02 1.18621485e-01 6.00000000e+00]
[2.95000000e+02 3.82000000e+02 1.18686457e-01 2.00000000e+00]
[8.00000000e+00 2.69000000e+02 1.18727923e-01 2.00000000e+00]
[5.00000000e+00 7.44000000e+02 1.18976188e-01 1.30000000e+01]
[9.20000000e+01 6.11000000e+02 1.19791479e-01 3.00000000e+00]
[9.80000000e+01 7.45000000e+02 1.20588628e-01 2.70000000e+01]
[3.35000000e+02 7.26000000e+02 1.20879584e-01 6.00000000e+00]
[1.89000000e+02 6.99000000e+02 1.21290691e-01 5.00000000e+00]
[1.69000000e+02 5.98000000e+02 1.23209362e-01 3.00000000e+00]
[6.85000000e+02 4.54000000e+02 1.23409413e-01 1.30000000e+01]
[1.04000000e+02 1.65000000e+02 1.24447467e-01 2.00000000e+00]
[7.31000000e+02 3.29000000e+02 1.24564302e-01 5.00000000e+00]
[1.18000000e+02 6.82000000e+02 1.25917823e-01 3.00000000e+00]
[5.67000000e+02 2.74000000e+02 1.26549024e-01 3.00000000e+00]
[6.72000000e+02 7.47000000e+02 1.26618909e-01 6.00000000e+00]
[1.88000000e+02 5.89000000e+02 1.28735263e-01 3.00000000e+00]
[7.32000000e+02 7.06000000e+02 1.29512129e-01 2.30000000e+01]
[6.60000000e+01 6.86000000e+02 1.29759059e-01 7.00000000e+00]
[7.37000000e+02 7.05000000e+02 1.30185738e-01 2.50000000e+01]
[7.6800000e+02 4.0000000e+02 1.3064969e-01 2.6000000e+01]
[4.19000000e+02 7.41000000e+02 1.30925689e-01 9.00000000e+00]
[7.55000000e+02 6.81000000e+02 1.31501036e-01 3.50000000e+01]
[7.34000000e+02 7.62000000e+02 1.32129885e-01 8.00000000e+00]
[2.24000000e+02 6.92000000e+02 1.32249309e-01 3.00000000e+00]
[7.38000000e+02 8.90000000e+01 1.33783125e-01 5.00000000e+00]
[6.15000000e+02 4.50000000e+01 1.36007936e-01 4.00000000e+00]
[7.0200000e+02 7.5800000e+02 1.3686341e-01 6.0000000e+00]
[4.68000000e+02 7.50000000e+02 1.37732794e-01 7.00000000e+00]
[2.00000000e+00 2.45000000e+02 1.37743706e-01 2.00000000e+00]
[7.56000000e+02 7.64000000e+02 1.38135796e-01 1.20000000e+01]
[2.02000000e+02 5.95000000e+02 1.38184208e-01 3.00000000e+00]
[2.81000000e+02 3.54000000e+02 1.38256323e-01 2.00000000e+00]
[6.90000000e+01 2.29000000e+02 1.39174826e-01 2.00000000e+00]
[7.66000000e+02 4.94000000e+02 1.40268345e-01 2.70000000e+01]
[7.71000000e+02 7.12000000e+02 1.40826463e-01 3.70000000e+01]
[7.07000000e+02 7.83000000e+02 1.41694319e-01 3.00000000e+01]
[7.84000000e+02 2.23000000e+02 1.42575192e-01 3.80000000e+01]
[4.40000000e+01 7.69000000e+02 1.42711412e-01 2.70000000e+01]
[6.18000000e+02 7.61000000e+02 1.43646975e-01 7.00000000e+00]
[7.4800000e+02 6.5400000e+02 1.4376831e-01 6.0000000e+00]
[7.59000000e+02 4.37000000e+02 1.43836723e-01 1.40000000e+01]
[2.13000000e+02 7.36000000e+02 1.44300129e-01 7.00000000e+00]
[1.30000000e+02 5.87000000e+02 1.45136348e-01 3.00000000e+00]
[2.30000000e+02 6.61000000e+02 1.45518185e-01 3.00000000e+00]
[2.54000000e+02 2.66000000e+02 1.46033981e-01 2.00000000e+00]
[1.10000000e+01 1.95000000e+02 1.46347386e-01 2.00000000e+00]
[7.19000000e+02 4.07000000e+02 1.46614965e-01 4.00000000e+00]
[7.25000000e+02 2.17000000e+02 1.47368149e-01 3.00000000e+00]
[6.96000000e+02 7.39000000e+02 1.47421231e-01 1.10000000e+01]
[7.67000000e+02 7.51000000e+02 1.47533969e-01 9.00000000e+00]
[5.20000000e+01 7.87000000e+02 1.50689584e-01 2.80000000e+01]
[7.9800000e+02 2.2000000e+02 1.5079065e-01 1.2000000e+01]
[5.84000000e+02 7.15000000e+02 1.51298267e-01 6.00000000e+00]
[4.9000000e+01 7.7900000e+02 1.5174566e-01 1.3000000e+01]
[36.         53.          0.15188055  2.        ]
[3.69000000e+02 7.70000000e+02 1.52053453e-01 1.00000000e+01]
[7.20000000e+02 7.88000000e+02 1.52083048e-01 9.00000000e+00]
[7.82000000e+02 7.72000000e+02 1.52927381e-01 1.00000000e+01]
[4.39000000e+02 6.94000000e+02 1.53816718e-01 4.00000000e+00]
[7.65000000e+02 8.08000000e+02 1.54211612e-01 7.00000000e+00]
[6.20000000e+01 1.70000000e+02 1.56885536e-01 2.00000000e+00]
[3.08000000e+02 7.90000000e+02 1.59613992e-01 1.50000000e+01]
[4.70000000e+01 8.00000000e+02 1.60607368e-01 2.90000000e+01]
[7.74000000e+02 8.12000000e+02 1.61004844e-01 3.40000000e+01]
[7.91000000e+02 7.77000000e+02 1.61715044e-01 1.40000000e+01]
[7.52000000e+02 8.06000000e+02 1.61835687e-01 1.10000000e+01]
[5.83000000e+02 4.22000000e+02 1.62862874e-01 5.00000000e+00]
[5.44000000e+02 7.99000000e+02 1.65511503e-01 1.40000000e+01]
[7.73000000e+02 7.86000000e+02 1.65728238e-01 4.10000000e+01]
[3.20000000e+01 8.17000000e+02 1.66795789e-01 1.50000000e+01]
[2.77000000e+02 7.43000000e+02 1.67875156e-01 3.00000000e+00]
[2.38000000e+02 7.35000000e+02 1.68368409e-01 3.00000000e+00]
[4.20000000e+02 8.09000000e+02 1.69184169e-01 8.00000000e+00]
[6.16000000e+02 8.18000000e+02 1.69296187e-01 4.30000000e+01]
[7.89000000e+02 8.20000000e+02 1.69812847e-01 9.00000000e+00]
[3.10000000e+02 7.63000000e+02 1.70050253e-01 4.00000000e+00]
[8.02000000e+02 1.02000000e+02 1.70171917e-01 7.00000000e+00]
[3.71000000e+02 7.60000000e+02 1.71019018e-01 3.00000000e+00]
[7.33000000e+02 6.12000000e+02 1.71980158e-01 4.00000000e+00]
[1.70000000e+01 2.62000000e+02 1.72222355e-01 2.00000000e+00]
[8.05000000e+02 3.81000000e+02 1.72354761e-01 1.10000000e+01]
[8.22000000e+02 3.22000000e+02 1.72364571e-01 9.00000000e+00]
[3.6000000e+02 8.2400000e+02 1.7594879e-01 1.0000000e+01]
[5.8100000e+02 6.0000000e+02 1.7611865e-01 5.0000000e+00]
[1.22000000e+02 8.31000000e+02 1.77662967e-01 1.00000000e+01]
[6.59000000e+02 4.83000000e+02 1.78429117e-01 3.00000000e+00]
[3.80000000e+02 8.13000000e+02 1.79037271e-01 3.50000000e+01]
[7.46000000e+02 4.32000000e+02 1.80591124e-01 1.10000000e+01]
[7.81000000e+02 7.96000000e+02 1.81190342e-01 6.00000000e+00]
[8.25000000e+02 3.27000000e+02 1.81341256e-01 5.00000000e+00]
[1.31000000e+02 6.76000000e+02 1.81810004e-01 6.00000000e+00]
[ 65.         121.           0.18237912   2.        ]
[6.06000000e+02 3.58000000e+02 1.82433912e-01 4.00000000e+00]
[7.53000000e+02 7.97000000e+02 1.83365887e-01 1.60000000e+01]
[8.03000000e+02 8.10000000e+02 1.86122148e-01 1.50000000e+01]
[8.15000000e+02 6.65000000e+02 1.86302968e-01 1.40000000e+01]
[5.96000000e+02 7.80000000e+02 1.86661728e-01 5.00000000e+00]
[8.32000000e+02 7.94000000e+02 1.86829477e-01 1.20000000e+01]
[4.03000000e+02 4.41000000e+02 1.87869728e-01 2.00000000e+00]
[2.64000000e+02 3.49000000e+02 1.90342142e-01 2.00000000e+00]
[2.00000000e+01 8.44000000e+02 1.90725154e-01 1.60000000e+01]
[22.         35.          0.19332486  2.        ]
[8.47000000e+02 3.40000000e+02 1.93980013e-01 1.30000000e+01]
[7.95000000e+02 8.43000000e+02 1.94882093e-01 1.80000000e+01]
[7.76000000e+02 8.14000000e+02 1.95181818e-01 2.00000000e+01]
[8.45000000e+02 6.70000000e+02 1.95250451e-01 1.70000000e+01]
[38.         63.          0.19599458  2.        ]
[6.28000000e+02 6.98000000e+02 1.96000591e-01 1.80000000e+01]
[1.68000000e+02 8.01000000e+02 1.97584874e-01 1.30000000e+01]
[9.00000000e+01 8.58000000e+02 1.97612634e-01 1.40000000e+01]
[7.24000000e+02 8.52000000e+02 1.97712641e-01 1.50000000e+01]
[4.60000000e+01 8.60000000e+02 1.97951181e-01 1.60000000e+01]
[7.54000000e+02 8.53000000e+02 1.99817394e-01 2.10000000e+01]
[1.20000000e+01 8.30000000e+02 2.01572302e-01 1.20000000e+01]
[7.85000000e+02 8.36000000e+02 2.04949245e-01 6.50000000e+01]
[3.56000000e+02 7.93000000e+02 2.06576861e-01 4.00000000e+00]
[0.00000000e+00 8.42000000e+02 2.06772453e-01 5.00000000e+00]
[8.40000000e+02 7.22000000e+02 2.07640807e-01 8.00000000e+00]
[8.50000000e+02 4.63000000e+02 2.08035353e-01 1.70000000e+01]
[8.04000000e+02 7.92000000e+02 2.09408853e-01 5.00000000e+00]
[1.90000000e+01 7.49000000e+02 2.09784216e-01 3.00000000e+00]
[8.67000000e+02 6.90000000e+02 2.11833189e-01 1.00000000e+01]
[4.20000000e+01 8.23000000e+02 2.11916441e-01 4.40000000e+01]
[8.55000000e+02 3.12000000e+02 2.12967627e-01 1.80000000e+01]
[8.6600000e+02 2.7200000e+02 2.1325653e-01 6.0000000e+00]
[6.17000000e+02 3.83000000e+02 2.13954455e-01 3.00000000e+00]
[8.41000000e+02 8.07000000e+02 2.14521261e-01 1.20000000e+01]
[6.30000000e+02 1.05000000e+02 2.15421871e-01 3.00000000e+00]
[8.62000000e+02 8.33000000e+02 2.16889267e-01 2.60000000e+01]
[8.46000000e+02 2.96000000e+02 2.18300224e-01 6.00000000e+00]
[8.78000000e+02 8.73000000e+02 2.18635222e-01 4.40000000e+01]
[8.80000000e+02 6.50000000e+02 2.21888853e-01 4.60000000e+01]
[1.26000000e+02 8.61000000e+02 2.23875373e-01 1.70000000e+01]
[8.81000000e+02 1.56000000e+02 2.24820245e-01 4.70000000e+01]
[8.37000000e+02 8.63000000e+02 2.25326353e-01 2.30000000e+01]
[2.65000000e+02 8.84000000e+02 2.27591763e-01 2.40000000e+01]
[8.28000000e+02 8.64000000e+02 2.29570214e-01 6.90000000e+01]
[1.80000000e+01 8.69000000e+02 2.30099032e-01 6.00000000e+00]
[8.65000000e+02 8.34000000e+02 2.31969482e-01 1.40000000e+01]
[8.21000000e+02 7.10000000e+02 2.33795052e-01 1.30000000e+01]
[6.27000000e+02 8.11000000e+02 2.39006041e-01 1.70000000e+01]
[8.49000000e+02 8.88000000e+02 2.39442993e-01 1.60000000e+01]
[8.77000000e+02 8.59000000e+02 2.41041648e-01 1.70000000e+01]
[8.85000000e+02 3.46000000e+02 2.41359283e-01 2.50000000e+01]
[8.68000000e+02 1.45000000e+02 2.43233614e-01 1.80000000e+01]
[1.71000000e+02 2.82000000e+02 2.45166277e-01 2.00000000e+00]
[8.74000000e+02 8.54000000e+02 2.47677204e-01 2.60000000e+01]
[3.44000000e+02 8.75000000e+02 2.48356075e-01 4.00000000e+00]
[6.70000000e+01 2.59000000e+02 2.49583018e-01 2.00000000e+00]
[8.94000000e+02 4.12000000e+02 2.49604437e-01 1.90000000e+01]
[8.39000000e+02 8.82000000e+02 2.49687006e-01 2.20000000e+01]
[7.70000000e+01 9.00000000e+02 2.51610614e-01 2.30000000e+01]
[8.79000000e+02 5.99000000e+02 2.53099818e-01 8.00000000e+00]
[8.96000000e+02 8.38000000e+02 2.54125478e-01 3.20000000e+01]
[9.03000000e+02 8.27000000e+02 2.58173568e-01 3.50000000e+01]
[8.560000e+02 7.570000e+02 2.611326e-01 7.000000e+00]
[7.14000000e+02 6.97000000e+02 2.63503168e-01 6.00000000e+00]
[8.72000000e+02 8.86000000e+02 2.63961493e-01 1.13000000e+02]
[8.83000000e+02 1.75000000e+02 2.69054771e-01 4.80000000e+01]
[8.98000000e+02 6.80000000e+01 2.70057767e-01 3.00000000e+00]
[8.19000000e+02 9.04000000e+02 2.73165249e-01 5.00000000e+01]
[9.07000000e+02 1.10000000e+02 2.73606833e-01 1.14000000e+02]
[3.48000000e+02 9.02000000e+02 2.75656372e-01 9.00000000e+00]
[8.92000000e+02 8.95000000e+02 2.77654069e-01 1.90000000e+01]
[9.01000000e+02 8.91000000e+02 2.79188049e-01 3.90000000e+01]
[8.26000000e+02 8.76000000e+02 2.86247459e-01 1.90000000e+01]
[2.70000000e+01 8.35000000e+02 2.90323155e-01 4.00000000e+00]
[6.1000000e+01 8.7100000e+02 2.9229215e-01 1.1000000e+01]
[6.52000000e+02 9.12000000e+02 2.94059443e-01 1.20000000e+01]
[2.80000000e+01 9.18000000e+02 2.94211081e-01 1.30000000e+01]
[9.0500000e+02 9.1100000e+02 2.9670554e-01 1.2100000e+02]
[9.00000000e+00 6.38000000e+02 2.98334267e-01 4.00000000e+00]
[8.87000000e+02 9.20000000e+02 2.99717174e-01 1.27000000e+02]
[8.93000000e+02 9.06000000e+02 3.02544504e-01 3.10000000e+01]
[9.1400000e+02 8.8900000e+02 3.0603688e-01 5.2000000e+01]
[ 6.         64.          0.31041461  2.        ]
[9.10000000e+02 9.08000000e+02 3.11363767e-01 9.80000000e+01]
[5.19000000e+02 3.32000000e+02 3.12021411e-01 3.00000000e+00]
[8.99000000e+02 9.27000000e+02 3.13738865e-01 2.20000000e+01]
[9.15000000e+02 8.51000000e+02 3.19495143e-01 2.10000000e+01]
[9.22000000e+02 9.23000000e+02 3.27365662e-01 1.58000000e+02]
[9.13000000e+02 9.24000000e+02 3.30411544e-01 7.10000000e+01]
[7.90000000e+01 8.90000000e+02 3.31757411e-01 1.80000000e+01]
[7.7800000e+02 9.2900000e+02 3.3406702e-01 2.3000000e+01]
[9.28000000e+02 2.60000000e+01 3.35298973e-01 2.30000000e+01]
[3.77000000e+02 9.26000000e+02 3.35669473e-01 9.90000000e+01]
[6.42000000e+02 9.31000000e+02 3.54793227e-01 7.40000000e+01]
[9.09000000e+02 9.36000000e+02 3.55551433e-01 7.70000000e+01]
[9.34000000e+02 3.50000000e+02 3.56304266e-01 2.40000000e+01]
[8.70000000e+02 9.16000000e+02 3.58043195e-01 7.00000000e+00]
[9.21000000e+02 1.30000000e+01 3.59144661e-01 5.00000000e+00]
[9.3000000e+02 8.5700000e+02 3.6097028e-01 1.7600000e+02]
[9.41000000e+02 1.00000000e+02 3.61650975e-01 1.77000000e+02]
[8.16000000e+02 9.35000000e+02 3.72379025e-01 1.04000000e+02]
[6.07000000e+02 2.71000000e+02 3.77793769e-01 3.00000000e+00]
[8.29000000e+02 3.00000000e+02 3.78583068e-01 3.00000000e+00]
[7.75000000e+02 9.43000000e+02 3.81096174e-01 1.08000000e+02]
[1.15000000e+02 9.38000000e+02 3.97311616e-01 2.50000000e+01]
[9.46000000e+02 9.32000000e+02 4.04511964e-01 1.26000000e+02]
[9.19000000e+02 4.38000000e+02 4.05963071e-01 1.40000000e+01]
[9.44000000e+02 8.97000000e+02 4.06982399e-01 7.00000000e+00]
[9.48000000e+02 3.28000000e+02 4.10725098e-01 1.27000000e+02]
[9.42000000e+02 9.39000000e+02 4.15437982e-01 1.84000000e+02]
[9.47000000e+02 3.26000000e+02 4.24187986e-01 2.60000000e+01]
[9.52000000e+02 9.37000000e+02 4.37494863e-01 2.61000000e+02]
[9.2500000e+02 8.4800000e+02 4.4015977e-01 4.0000000e+00]
[9.51000000e+02 9.33000000e+02 4.48488081e-01 1.50000000e+02]
[9.40000000e+02 9.56000000e+02 4.52320447e-01 1.55000000e+02]
[9.55000000e+02 9.54000000e+02 4.83290119e-01 2.65000000e+02]
[9.53000000e+02 9.58000000e+02 4.84332708e-01 2.91000000e+02]
[9.49000000e+02 3.59000000e+02 4.90899738e-01 1.50000000e+01]
[9.57000000e+02 9.59000000e+02 5.02448657e-01 4.46000000e+02]
[9.17000000e+02 9.50000000e+02 5.04511418e-01 1.80000000e+01]
[9.61000000e+02 9.60000000e+02 5.35493928e-01 4.61000000e+02]
[9.63000000e+02 9.62000000e+02 5.97326584e-01 4.79000000e+02]
[9.64000000e+02 9.45000000e+02 7.53847816e-01 4.82000000e+02]
[9.65000000e+02 3.87000000e+02 9.63598164e-01 4.83000000e+02]
[966. 440.   1. 484.]
[967. 449.   1. 485.]
