0 0.6628129504544871
5 0.6628129504544871
10 0.66494240628584
20 0.6683999302211658
30 0.6665728378028548
40 0.6681187486224991
50 0.6663036866868197
60 0.6626180958997963
70 0.6698470528883425
80 0.6731680001298209
90 0.6658500483275578
100 0.6658152211960727
0 0.6663036866868197
5 0.6663036866868197
10 0.6663036866868197
20 0.6667739050264538
30 0.6667739050264538
40 0.6667931250527838
50 0.6663036866868197
60 0.6672454169516165
70 0.6672666173036396
80 0.6663036866868197
90 0.6658347566166092
100 0.6677182278077026
