[  1. 216.   0.   2.]
[540. 113.   0.   3.]
[  6. 129.   0.   2.]
[ 24. 423.   0.   2.]
[64. 68.  0.  2.]
[544.  93.   0.   3.]
[545. 123.   0.   4.]
[546. 214.   0.   5.]
[547. 261.   0.   6.]
[ 72. 437.   0.   2.]
[ 78. 125.   0.   2.]
[550. 315.   0.   3.]
[ 95. 152.   0.   2.]
[552. 240.   0.   3.]
[553. 301.   0.   4.]
[554. 308.   0.   5.]
[555. 220.   0.   6.]
[307. 556.   0.   7.]
[136. 336.   0.   2.]
[178. 245.   0.   2.]
[205. 251.   0.   2.]
[270. 271.   0.   2.]
[561. 140.   0.   3.]
[359. 413.   0.   2.]
[5.57000000e+02 2.95000000e+02 3.47364136e-09 8.00000000e+00]
[5.64000000e+02 5.00000000e+01 8.94141017e-09 9.00000000e+00]
[9.00000000e+01 5.18000000e+02 1.49011612e-08 2.00000000e+00]
[5.6200000e+02 1.7000000e+02 1.9887608e-08 4.0000000e+00]
[6.10000000e+01 2.36000000e+02 2.10734243e-08 2.00000000e+00]
[1.03000000e+02 1.96000000e+02 2.10734243e-08 2.00000000e+00]
[3.29000000e+02 5.65000000e+02 2.10734243e-08 1.00000000e+01]
[3.00000000e+02 3.02000000e+02 2.58095683e-08 2.00000000e+00]
[7.40000000e+01 9.10000000e+01 2.98023224e-08 2.00000000e+00]
[5.72000000e+02 3.17000000e+02 2.98023224e-08 3.00000000e+00]
[5.71000000e+02 4.68000000e+02 3.57913921e-08 3.00000000e+00]
[4.00000000e+02 5.67000000e+02 7.95504321e-08 5.00000000e+00]
[5.7300000e+02 2.7400000e+02 8.5600654e-08 4.0000000e+00]
[5.7500000e+02 3.3400000e+02 8.6386654e-03 6.0000000e+00]
[5.77000000e+02 2.62000000e+02 2.47604105e-02 7.00000000e+00]
[5.78000000e+02 2.29000000e+02 3.89330716e-02 8.00000000e+00]
[1.35000000e+02 5.70000000e+02 4.25762787e-02 1.10000000e+01]
[3.80000000e+02 5.79000000e+02 5.06924314e-02 9.00000000e+00]
[5.80000000e+02 1.30000000e+02 7.95958446e-02 1.20000000e+01]
[5.82000000e+02 2.19000000e+02 8.41377066e-02 1.30000000e+01]
[8.10000000e+01 5.83000000e+02 8.75833913e-02 1.40000000e+01]
[4.36000000e+02 5.22000000e+02 9.44913275e-02 2.00000000e+00]
[1.24000000e+02 3.05000000e+02 1.01434478e-01 2.00000000e+00]
[2.18000000e+02 5.03000000e+02 1.03739493e-01 2.00000000e+00]
[21.         40.          0.10729738  2.        ]
[3.03000000e+02 3.69000000e+02 1.08592174e-01 2.00000000e+00]
[4.92000000e+02 5.23000000e+02 1.11173699e-01 2.00000000e+00]
[1.70000000e+01 2.83000000e+02 1.11574654e-01 2.00000000e+00]
[1.65000000e+02 2.08000000e+02 1.12730895e-01 2.00000000e+00]
[3.48000000e+02 3.67000000e+02 1.13166108e-01 2.00000000e+00]
[4.00000000e+00 5.81000000e+02 1.17012647e-01 1.00000000e+01]
[4.90000000e+01 2.46000000e+02 1.17898885e-01 2.00000000e+00]
[65.         76.          0.11806438  2.        ]
[6.30000000e+01 4.26000000e+02 1.20585876e-01 2.00000000e+00]
[2.47000000e+02 2.49000000e+02 1.20809237e-01 2.00000000e+00]
[1.55000000e+02 5.84000000e+02 1.24712852e-01 1.50000000e+01]
[3.09000000e+02 3.94000000e+02 1.24956369e-01 2.00000000e+00]
[3.96000000e+02 4.14000000e+02 1.25181915e-01 2.00000000e+00]
[3.39000000e+02 4.73000000e+02 1.25662516e-01 2.00000000e+00]
[5.76000000e+02 2.04000000e+02 1.25922583e-01 5.00000000e+00]
[5.20000000e+01 3.82000000e+02 1.26632982e-01 2.00000000e+00]
[3.00000000e+01 2.09000000e+02 1.27010975e-01 2.00000000e+00]
[3.46000000e+02 4.38000000e+02 1.28446535e-01 2.00000000e+00]
[5.9200000e+02 2.9100000e+02 1.3140904e-01 3.0000000e+00]
[ 62.         112.           0.13782569   2.        ]
[2.13000000e+02 3.86000000e+02 1.38148785e-01 2.00000000e+00]
[2.90000000e+02 5.30000000e+02 1.40875527e-01 2.00000000e+00]
[6.03000000e+02 1.64000000e+02 1.41364975e-01 6.00000000e+00]
[5.94000000e+02 5.58000000e+02 1.43696205e-01 1.20000000e+01]
[6.07000000e+02 1.80000000e+02 1.45617183e-01 4.00000000e+00]
[4.18000000e+02 4.61000000e+02 1.46741382e-01 2.00000000e+00]
[4.10000000e+01 6.04000000e+02 1.49602584e-01 3.00000000e+00]
[3.6600000e+02 5.1700000e+02 1.5205281e-01 2.0000000e+00]
[1.85000000e+02 1.95000000e+02 1.52240951e-01 2.00000000e+00]
[1.40000000e+01 4.33000000e+02 1.54450646e-01 2.00000000e+00]
[3.56000000e+02 4.67000000e+02 1.55558139e-01 2.00000000e+00]
[1.60000000e+01 4.39000000e+02 1.55672607e-01 2.00000000e+00]
[6.12000000e+02 5.60000000e+02 1.56246547e-01 1.40000000e+01]
[2.07000000e+02 2.56000000e+02 1.57179222e-01 2.00000000e+00]
[2.9700000e+02 4.2700000e+02 1.5722257e-01 2.0000000e+00]
[3.81000000e+02 4.48000000e+02 1.59989036e-01 2.00000000e+00]
[6.21000000e+02 2.98000000e+02 1.60246394e-01 1.50000000e+01]
[3.97000000e+02 4.44000000e+02 1.60988044e-01 2.00000000e+00]
[1.4300000e+02 4.4500000e+02 1.6132986e-01 2.0000000e+00]
[ 54.         150.           0.16245685   2.        ]
[4.02000000e+02 4.89000000e+02 1.63179724e-01 2.00000000e+00]
[6.25000000e+02 1.60000000e+02 1.63722854e-01 1.60000000e+01]
[3.45000000e+02 5.42000000e+02 1.64550693e-01 3.00000000e+00]
[8.00000000e+01 4.09000000e+02 1.64697451e-01 2.00000000e+00]
[6.11000000e+02 1.21000000e+02 1.64732133e-01 7.00000000e+00]
[4.15000000e+02 4.60000000e+02 1.65853944e-01 2.00000000e+00]
[6.30000000e+02 1.04000000e+02 1.66783081e-01 1.70000000e+01]
[1.09000000e+02 5.74000000e+02 1.68116491e-01 4.00000000e+00]
[1.44000000e+02 5.63000000e+02 1.68128335e-01 3.00000000e+00]
[3.20000000e+02 4.06000000e+02 1.68766344e-01 2.00000000e+00]
[6.35000000e+02 1.90000000e+01 1.70067997e-01 1.80000000e+01]
[1.42000000e+02 5.19000000e+02 1.70996411e-01 2.00000000e+00]
[6.28000000e+02 6.22000000e+02 1.72203474e-01 4.00000000e+00]
[6.39000000e+02 7.00000000e+01 1.73558176e-01 1.90000000e+01]
[2.48000000e+02 5.16000000e+02 1.73673849e-01 2.00000000e+00]
[3.47000000e+02 6.24000000e+02 1.76011937e-01 3.00000000e+00]
[6.42000000e+02 2.64000000e+02 1.77918695e-01 2.00000000e+01]
[6.45000000e+02 2.21000000e+02 1.81296328e-01 2.10000000e+01]
[2.90000000e+01 4.86000000e+02 1.82520664e-01 2.00000000e+00]
[6.13000000e+02 6.08000000e+02 1.83112494e-01 6.00000000e+00]
[5.00000000e+00 2.75000000e+02 1.83164198e-01 2.00000000e+00]
[ 27.         172.           0.18742212   2.        ]
[3.27000000e+02 1.19000000e+02 1.91127035e-01 2.00000000e+00]
[2.06000000e+02 3.22000000e+02 1.92766971e-01 2.00000000e+00]
[1.28000000e+02 6.48000000e+02 1.93397273e-01 7.00000000e+00]
[3.33000000e+02 6.53000000e+02 1.95114783e-01 8.00000000e+00]
[2.00000000e+01 6.46000000e+02 1.97119221e-01 2.20000000e+01]
[6.31000000e+02 6.51000000e+02 1.98267878e-01 5.00000000e+00]
[9.00000000e+00 5.51000000e+02 2.04365129e-01 4.00000000e+00]
[3.18000000e+02 5.09000000e+02 2.07611804e-01 2.00000000e+00]
[1.15000000e+02 6.54000000e+02 2.13532673e-01 9.00000000e+00]
[5.99000000e+02 2.72000000e+02 2.21048225e-01 1.60000000e+01]
[6.57000000e+02 1.56000000e+02 2.21195433e-01 5.00000000e+00]
[5.11000000e+02 6.61000000e+02 2.22931541e-01 6.00000000e+00]
[3.28000000e+02 2.39000000e+02 2.23260547e-01 2.00000000e+00]
[1.22000000e+02 2.78000000e+02 2.23919495e-01 2.00000000e+00]
[3.6100000e+02 5.2700000e+02 2.2450116e-01 2.0000000e+00]
[6.33000000e+02 8.70000000e+01 2.24841461e-01 8.00000000e+00]
[1.76000000e+02 6.36000000e+02 2.26146865e-01 5.00000000e+00]
[1.54000000e+02 6.60000000e+02 2.26246501e-01 1.70000000e+01]
[4.80000000e+02 6.68000000e+02 2.26314881e-01 1.80000000e+01]
[6.44000000e+02 2.11000000e+02 2.26642705e-01 4.00000000e+00]
[4.90000000e+02 6.58000000e+02 2.30694445e-01 3.00000000e+00]
[6.41000000e+02 6.55000000e+02 2.31337959e-01 2.60000000e+01]
[2.10000000e+02 3.83000000e+02 2.31573919e-01 2.00000000e+00]
[1.82000000e+02 6.70000000e+02 2.32693345e-01 5.00000000e+00]
[6.66000000e+02 1.53000000e+02 2.32883807e-01 9.00000000e+00]
[ 92.         192.           0.23469212   2.        ]
[6.56000000e+02 6.70000000e+01 2.37214588e-01 6.00000000e+00]
[6.6900000e+02 6.6300000e+02 2.3891436e-01 2.0000000e+01]
[6.7800000e+02 3.5000000e+01 2.3947074e-01 2.1000000e+01]
[4.54000000e+02 6.79000000e+02 2.40586207e-01 2.20000000e+01]
[6.77000000e+02 6.72000000e+02 2.41190046e-01 3.20000000e+01]
[6.76000000e+02 2.69000000e+02 2.44310487e-01 3.00000000e+00]
[8.20000000e+01 6.74000000e+02 2.46860632e-01 6.00000000e+00]
[7.10000000e+01 4.62000000e+02 2.51338993e-01 2.00000000e+00]
[6.4900000e+02 2.6500000e+02 2.5195514e-01 3.0000000e+00]
[132.          98.           0.25614002   2.        ]
[5.48000000e+02 6.85000000e+02 2.56217603e-01 9.00000000e+00]
[2.28000000e+02 3.57000000e+02 2.56396483e-01 2.00000000e+00]
[3.63000000e+02 6.18000000e+02 2.58961339e-01 3.00000000e+00]
[6.67000000e+02 6.80000000e+02 2.59928368e-01 2.70000000e+01]
[1.73000000e+02 6.52000000e+02 2.60961862e-01 3.00000000e+00]
[6.64000000e+02 2.33000000e+02 2.61624352e-01 3.00000000e+00]
[ 58.         238.           0.26223597   2.        ]
[4.87000000e+02 6.20000000e+02 2.63614979e-01 3.00000000e+00]
[6.75000000e+02 1.74000000e+02 2.64632623e-01 1.00000000e+01]
[3.4000000e+02 6.8700000e+02 2.6493829e-01 1.0000000e+01]
[5.59000000e+02 2.55000000e+02 2.67494386e-01 3.00000000e+00]
[6.73000000e+02 3.74000000e+02 2.69812377e-01 3.00000000e+00]
[5.96000000e+02 4.05000000e+02 2.72231731e-01 3.00000000e+00]
[2.66000000e+02 6.83000000e+02 2.73590088e-01 7.00000000e+00]
[5.2900000e+02 6.1000000e+02 2.7388589e-01 3.0000000e+00]
[1.00000000e+01 6.91000000e+02 2.75040369e-01 4.00000000e+00]
[2.22000000e+02 2.99000000e+02 2.77009465e-01 2.00000000e+00]
[4.69000000e+02 7.00000000e+02 2.77165635e-01 8.00000000e+00]
[1.2000000e+01 3.9000000e+02 2.7750399e-01 2.0000000e+00]
[6.94000000e+02 4.95000000e+02 2.78868861e-01 4.00000000e+00]
[6.970000e+02 3.580000e+02 2.791858e-01 4.000000e+00]
[1.39000000e+02 6.59000000e+02 2.79867232e-01 1.00000000e+01]
[3.84000000e+02 4.79000000e+02 2.80139453e-01 2.00000000e+00]
[4.60000000e+01 6.99000000e+02 2.81556951e-01 4.00000000e+00]
[3.24000000e+02 6.96000000e+02 2.83177879e-01 1.10000000e+01]
[4.7100000e+02 6.0900000e+02 2.8352352e-01 3.0000000e+00]
[5.38000000e+02 6.81000000e+02 2.83558501e-01 3.30000000e+01]
[4.22000000e+02 7.01000000e+02 2.83981138e-01 4.00000000e+00]
[1.80000000e+01 2.94000000e+02 2.85531181e-01 2.00000000e+00]
[5.25000000e+02 4.21000000e+02 2.86181444e-01 2.00000000e+00]
[3.30000000e+01 6.92000000e+02 2.86429258e-01 4.00000000e+00]
[1.01000000e+02 7.14000000e+02 2.87388291e-01 5.00000000e+00]
[7.16000000e+02 7.18000000e+02 2.87750747e-01 7.00000000e+00]
[3.3500000e+02 6.1700000e+02 2.9013737e-01 3.0000000e+00]
[6.14000000e+02 5.85000000e+02 2.94390069e-01 4.00000000e+00]
[ 73.         200.           0.29448037   2.        ]
[3.21000000e+02 3.89000000e+02 2.95596664e-01 2.00000000e+00]
[4.08000000e+02 5.93000000e+02 2.97043997e-01 3.00000000e+00]
[7.06000000e+02 7.13000000e+02 2.97643028e-01 3.70000000e+01]
[6.60000000e+01 5.69000000e+02 2.98085568e-01 3.00000000e+00]
[1.87000000e+02 5.00000000e+02 2.98471635e-01 2.00000000e+00]
[6.62000000e+02 1.99000000e+02 2.99000133e-01 7.00000000e+00]
[5.70000000e+01 7.12000000e+02 2.99426931e-01 4.00000000e+00]
[6.90000000e+02 6.86000000e+02 2.99755525e-01 2.90000000e+01]
[127.         252.           0.30028381   2.        ]
[259.           3.           0.30029598   2.        ]
[7.30000000e+02 1.86000000e+02 3.01470855e-01 3.00000000e+01]
[4.63000000e+02 7.10000000e+02 3.02160662e-01 5.00000000e+00]
[7.07000000e+02 2.44000000e+02 3.03110233e-01 5.00000000e+00]
[4.42000000e+02 7.20000000e+02 3.05071324e-01 4.00000000e+00]
[6.93000000e+02 1.06000000e+02 3.05457791e-01 3.00000000e+00]
[4.94000000e+02 7.09000000e+02 3.07506133e-01 3.00000000e+00]
[6.16000000e+02 5.90000000e+02 3.08518015e-01 4.00000000e+00]
[4.76000000e+02 5.15000000e+02 3.08691267e-01 2.00000000e+00]
[6.8800000e+02 7.0500000e+02 3.0884575e-01 4.0000000e+00]
[6.89000000e+02 5.21000000e+02 3.08914896e-01 4.00000000e+00]
[3.65000000e+02 4.43000000e+02 3.09139825e-01 2.00000000e+00]
[3.50000000e+02 7.32000000e+02 3.10227923e-01 3.00000000e+00]
[7.02000000e+02 2.25000000e+02 3.10306632e-01 5.00000000e+00]
[2.32000000e+02 7.39000000e+02 3.10863798e-01 5.00000000e+00]
[3.62000000e+02 7.17000000e+02 3.14219807e-01 5.00000000e+00]
[5.12000000e+02 5.13000000e+02 3.14470709e-01 2.00000000e+00]
[6.95000000e+02 1.17000000e+02 3.14573755e-01 1.10000000e+01]
[7.19000000e+02 9.70000000e+01 3.14703423e-01 8.00000000e+00]
[3.80000000e+01 7.33000000e+02 3.14947321e-01 3.10000000e+01]
[2.87000000e+02 7.11000000e+02 3.15233284e-01 1.20000000e+01]
[8.80000000e+01 5.66000000e+02 3.15851529e-01 3.00000000e+00]
[6.19000000e+02 5.35000000e+02 3.16124745e-01 3.00000000e+00]
[2.92000000e+02 7.23000000e+02 3.16710467e-01 3.00000000e+00]
[9.40000000e+01 7.41000000e+02 3.16913593e-01 5.00000000e+00]
[2.17000000e+02 7.03000000e+02 3.17440664e-01 3.00000000e+00]
[3.23000000e+02 6.29000000e+02 3.17611175e-01 3.00000000e+00]
[5.91000000e+02 1.97000000e+02 3.18131611e-01 3.00000000e+00]
[7.5000000e+02 7.5900000e+02 3.2018855e-01 1.1000000e+01]
[7.28000000e+02 1.61000000e+02 3.22071447e-01 8.00000000e+00]
[2.50000000e+01 4.04000000e+02 3.23117646e-01 2.00000000e+00]
[7.37000000e+02 3.91000000e+02 3.24180985e-01 4.00000000e+00]
[7.38000000e+02 7.29000000e+02 3.25275548e-01 7.00000000e+00]
[8.50000000e+01 7.25000000e+02 3.25703653e-01 3.80000000e+01]
[7.47000000e+02 1.49000000e+02 3.25750428e-01 6.00000000e+00]
[2.27000000e+02 7.44000000e+02 3.26221409e-01 4.00000000e+00]
[3.20000000e+01 7.51000000e+02 3.26980921e-01 3.20000000e+01]
[4.24000000e+02 7.24000000e+02 3.27500991e-01 4.00000000e+00]
[3.78000000e+02 7.55000000e+02 3.27618624e-01 4.00000000e+00]
[5.1000000e+01 7.2100000e+02 3.2803971e-01 5.0000000e+00]
[4.660000e+02 7.640000e+02 3.285475e-01 8.000000e+00]
[4.35000000e+02 7.61000000e+02 3.29079909e-01 9.00000000e+00]
[7.67000000e+02 3.87000000e+02 3.30578963e-01 5.00000000e+00]
[7.31000000e+02 7.34000000e+02 3.31023648e-01 7.00000000e+00]
[3.73000000e+02 7.56000000e+02 3.31039314e-01 6.00000000e+00]
[7.6600000e+02 2.6700000e+02 3.3116434e-01 7.0000000e+00]
[6.7100000e+02 7.4800000e+02 3.3181902e-01 5.0000000e+00]
[4.46000000e+02 7.60000000e+02 3.31949994e-01 1.20000000e+01]
[4.7200000e+02 5.0800000e+02 3.3244084e-01 2.0000000e+00]
[3.9300000e+02 7.7300000e+02 3.3286328e-01 1.0000000e+01]
[1.51000000e+02 7.77000000e+02 3.34005009e-01 8.00000000e+00]
[5.90000000e+01 7.49000000e+02 3.35291295e-01 1.20000000e+01]
[2.76000000e+02 7.04000000e+02 3.36827502e-01 9.00000000e+00]
[193.         279.           0.33775523   2.        ]
[2.30000000e+01 7.65000000e+02 3.38865666e-01 3.90000000e+01]
[7.75000000e+02 7.86000000e+02 3.39262802e-01 4.60000000e+01]
[2.96000000e+02 5.89000000e+02 3.39782156e-01 3.00000000e+00]
[7.15000000e+02 7.52000000e+02 3.40646487e-01 1.40000000e+01]
[7.46000000e+02 3.71000000e+02 3.41307937e-01 6.00000000e+00]
[2.60000000e+01 7.69000000e+02 3.41883725e-01 5.00000000e+00]
[2.50000000e+02 7.36000000e+02 3.43451543e-01 5.00000000e+00]
[4.49000000e+02 7.72000000e+02 3.44772911e-01 9.00000000e+00]
[7.08000000e+02 2.02000000e+02 3.45525637e-01 1.10000000e+01]
[0.00000000e+00 5.24000000e+02 3.45529035e-01 2.00000000e+00]
[7.35000000e+02 2.85000000e+02 3.45727202e-01 6.00000000e+00]
[ 75.         102.           0.34590424   2.        ]
[3.40000000e+01 7.84000000e+02 3.46661792e-01 1.00000000e+01]
[1.83000000e+02 7.87000000e+02 3.49249903e-01 4.70000000e+01]
[4.10000000e+02 7.78000000e+02 3.49975635e-01 6.00000000e+00]
[3.72000000e+02 7.96000000e+02 3.50950506e-01 7.00000000e+00]
[2.15000000e+02 7.40000000e+02 3.51462858e-01 3.00000000e+00]
[2.2600000e+02 5.2000000e+02 3.5173616e-01 2.0000000e+00]
[7.92000000e+02 4.96000000e+02 3.52346298e-01 6.00000000e+00]
[2.80000000e+01 7.71000000e+02 3.53328567e-01 6.00000000e+00]
[3.49000000e+02 7.95000000e+02 3.54407784e-01 3.00000000e+00]
[2.41000000e+02 7.94000000e+02 3.56061098e-01 1.20000000e+01]
[1.00000000e+02 7.97000000e+02 3.56819819e-01 3.00000000e+00]
[7.63000000e+02 8.00000000e+02 3.57755862e-01 1.00000000e+01]
[7.8300000e+02 3.1300000e+02 3.5828513e-01 1.3000000e+01]
[2.3000000e+02 8.0900000e+02 3.5867836e-01 1.1000000e+01]
[4.50000000e+02 6.34000000e+02 3.58738661e-01 3.00000000e+00]
[7.54000000e+02 7.79000000e+02 3.59189188e-01 1.50000000e+01]
[3.42000000e+02 7.93000000e+02 3.62338802e-01 1.00000000e+01]
[3.26000000e+02 5.97000000e+02 3.62878147e-01 3.00000000e+00]
[1.58000000e+02 7.90000000e+02 3.63425254e-01 7.00000000e+00]
[4.57000000e+02 7.91000000e+02 3.63863727e-01 6.00000000e+00]
[3.70000000e+01 7.22000000e+02 3.66388635e-01 3.00000000e+00]
[7.62000000e+02 3.31000000e+02 3.66955853e-01 3.00000000e+00]
[7.68000000e+02 7.74000000e+02 3.67340167e-01 3.70000000e+01]
[3.70000000e+02 4.59000000e+02 3.67354344e-01 2.00000000e+00]
[6.82000000e+02 8.10000000e+02 3.67573463e-01 1.60000000e+01]
[4.1700000e+02 7.8200000e+02 3.6787929e-01 9.0000000e+00]
[1.90000000e+02 8.17000000e+02 3.68042709e-01 7.00000000e+00]
[3.52000000e+02 8.19000000e+02 3.68439189e-01 4.00000000e+00]
[7.53000000e+02 8.11000000e+02 3.69179454e-01 1.40000000e+01]
[5.26000000e+02 3.60000000e+01 3.70448896e-01 2.00000000e+00]
[4.80000000e+01 7.98000000e+02 3.70482224e-01 1.10000000e+01]
[1.68000000e+02 8.04000000e+02 3.70678405e-01 7.00000000e+00]
[8.03000000e+02 8.02000000e+02 3.71298313e-01 5.00000000e+00]
[7.81000000e+02 8.29000000e+02 3.74669194e-01 1.70000000e+01]
[8.1400000e+02 7.7600000e+02 3.7536411e-01 1.6000000e+01]
[3.98000000e+02 7.70000000e+02 3.76188708e-01 5.00000000e+00]
[4.52000000e+02 6.32000000e+02 3.77009493e-01 3.00000000e+00]
[1.37000000e+02 8.06000000e+02 3.77097592e-01 4.00000000e+00]
[8.20000000e+02 7.99000000e+02 3.79060678e-01 8.40000000e+01]
[ 53.         282.           0.37914083   2.        ]
[1.48000000e+02 8.07000000e+02 3.79922142e-01 1.30000000e+01]
[6.50000000e+02 1.63000000e+02 3.80371677e-01 3.00000000e+00]
[2.24000000e+02 8.16000000e+02 3.80932149e-01 8.00000000e+00]
[1.05000000e+02 5.95000000e+02 3.81544005e-01 3.00000000e+00]
[7.90000000e+01 8.35000000e+02 3.81871791e-01 5.00000000e+00]
[8.13000000e+02 5.01000000e+02 3.81943979e-01 1.60000000e+01]
[5.88000000e+02 8.43000000e+02 3.82724706e-01 1.80000000e+01]
[3.38000000e+02 8.31000000e+02 3.83754186e-01 1.80000000e+01]
[7.89000000e+02 8.28000000e+02 3.85167359e-01 2.50000000e+01]
[7.57000000e+02 8.44000000e+02 3.85227221e-01 2.10000000e+01]
[3.76000000e+02 8.15000000e+02 3.85874637e-01 4.00000000e+00]
[2.86000000e+02 7.80000000e+02 3.85982353e-01 3.00000000e+00]
[3.43000000e+02 8.30000000e+02 3.86154582e-01 6.00000000e+00]
[9.6000000e+01 8.2400000e+02 3.8705648e-01 8.0000000e+00]
[8.39000000e+02 4.40000000e+02 3.87413533e-01 4.00000000e+00]
[8.23000000e+02 5.68000000e+02 3.88359303e-01 1.10000000e+01]
[1.590000e+02 8.530000e+02 3.890405e-01 1.200000e+01]
[5.32000000e+02 8.26000000e+02 3.89061511e-01 1.50000000e+01]
[4.85000000e+02 8.51000000e+02 3.89332244e-01 9.00000000e+00]
[5.05000000e+02 8.36000000e+02 3.89805834e-01 8.50000000e+01]
[7.00000000e+00 8.25000000e+02 3.90098909e-01 5.00000000e+00]
[2.0300000e+02 8.3300000e+02 3.9084554e-01 6.0000000e+00]
[2.7300000e+02 8.4100000e+02 3.9150725e-01 4.0000000e+00]
[1.11000000e+02 8.38000000e+02 3.92436261e-01 1.40000000e+01]
[4.78000000e+02 8.50000000e+02 3.94432191e-01 7.00000000e+00]
[6.40000000e+02 6.37000000e+02 3.94768475e-01 5.00000000e+00]
[8.40000000e+02 5.37000000e+02 3.95010784e-01 9.00000000e+00]
[8.18000000e+02 8.30000000e+01 3.96540057e-01 4.00000000e+00]
[4.40000000e+01 8.34000000e+02 3.96620957e-01 4.00000000e+00]
[7.88000000e+02 8.01000000e+02 3.96822733e-01 1.00000000e+01]
[8.22000000e+02 5.41000000e+02 3.97462498e-01 1.90000000e+01]
[3.12000000e+02 8.32000000e+02 3.97687194e-01 1.70000000e+01]
[1.75000000e+02 8.05000000e+02 3.98134958e-01 7.00000000e+00]
[8.12000000e+02 8.67000000e+02 3.98428263e-01 1.30000000e+01]
[8.42000000e+02 1.89000000e+02 3.99942304e-01 6.00000000e+00]
[3.68000000e+02 7.27000000e+02 4.00779248e-01 3.00000000e+00]
[8.08000000e+02 8.56000000e+02 4.00838902e-01 1.20000000e+01]
[1.8400000e+02 8.7100000e+02 4.0097912e-01 1.4000000e+01]
[6.06000000e+02 8.62000000e+02 4.01689342e-01 9.00000000e+00]
[3.3000000e+02 8.7200000e+02 4.0257663e-01 7.0000000e+00]
[5.39000000e+02 8.65000000e+02 4.02967806e-01 5.00000000e+00]
[8.46000000e+02 1.38000000e+02 4.05276177e-01 2.60000000e+01]
[3.44000000e+02 8.27000000e+02 4.06845042e-01 3.00000000e+00]
[4.82000000e+02 8.74000000e+02 4.07182165e-01 1.30000000e+01]
[5.34000000e+02 7.58000000e+02 4.08412633e-01 4.00000000e+00]
[257.         353.           0.40859228   2.        ]
[4.81000000e+02 6.65000000e+02 4.09365791e-01 3.00000000e+00]
[4.84000000e+02 8.48000000e+02 4.09711543e-01 5.00000000e+00]
[8.63000000e+02 3.25000000e+02 4.10165519e-01 6.00000000e+00]
[8.45000000e+02 5.49000000e+02 4.11180737e-01 2.00000000e+01]
[7.42000000e+02 8.59000000e+02 4.11484236e-01 1.00000000e+01]
[4.12000000e+02 5.86000000e+02 4.12537844e-01 3.00000000e+00]
[8.68000000e+02 2.80000000e+02 4.12550324e-01 2.00000000e+01]
[8.370000e+02 4.560000e+02 4.139958e-01 3.000000e+00]
[ 55.         260.           0.41430677   2.        ]
[4.30000000e+01 8.60000000e+02 4.14682751e-01 5.00000000e+00]
[1.50000000e+01 6.98000000e+02 4.14920718e-01 4.00000000e+00]
[2.20000000e+01 8.75000000e+02 4.15214941e-01 1.50000000e+01]
[8.770000e+02 4.910000e+02 4.153264e-01 8.000000e+00]
[4.99000000e+02 6.26000000e+02 4.15660255e-01 3.00000000e+00]
[8.57000000e+02 1.88000000e+02 4.15726776e-01 8.60000000e+01]
[8.54000000e+02 2.58000000e+02 4.15831469e-01 1.30000000e+01]
[167.         253.           0.41594616   2.        ]
[8.98000000e+02 2.54000000e+02 4.16652736e-01 8.70000000e+01]
[4.03000000e+02 4.64000000e+02 4.16957741e-01 2.00000000e+00]
[3.37000000e+02 8.85000000e+02 4.16959191e-01 6.00000000e+00]
[3.99000000e+02 8.88000000e+02 4.17068344e-01 1.10000000e+01]
[4.30000000e+02 8.47000000e+02 4.17158722e-01 2.20000000e+01]
[8.00000000e+00 9.01000000e+02 4.17509557e-01 8.80000000e+01]
[4.01000000e+02 8.84000000e+02 4.17825969e-01 4.00000000e+00]
[8.58000000e+02 8.81000000e+02 4.18347599e-01 1.80000000e+01]
[8.90000000e+01 9.03000000e+02 4.18578304e-01 7.00000000e+00]
[2.63000000e+02 8.64000000e+02 4.18584602e-01 1.00000000e+01]
[8.78000000e+02 4.11000000e+02 4.18609788e-01 6.00000000e+00]
[8.87000000e+02 4.83000000e+02 4.19487944e-01 2.10000000e+01]
[5.28000000e+02 8.99000000e+02 4.20392367e-01 1.40000000e+01]
[4.51000000e+02 8.49000000e+02 4.20739735e-01 4.00000000e+00]
[8.73000000e+02 8.69000000e+02 4.22609133e-01 2.00000000e+01]
[8.83000000e+02 2.93000000e+02 4.22888457e-01 3.00000000e+00]
[6.43000000e+02 8.89000000e+02 4.23406987e-01 5.00000000e+00]
[2.35000000e+02 8.61000000e+02 4.25357088e-01 1.50000000e+01]
[5.98000000e+02 9.08000000e+02 4.25741658e-01 2.00000000e+01]
[7.45000000e+02 2.84000000e+02 4.25888359e-01 6.00000000e+00]
[3.85000000e+02 9.06000000e+02 4.26038496e-01 8.90000000e+01]
[3.6000000e+02 8.6600000e+02 4.2843909e-01 5.0000000e+00]
[9.90000000e+01 9.00000000e+02 4.28863341e-01 3.00000000e+00]
[2.42000000e+02 9.05000000e+02 4.29355808e-01 2.30000000e+01]
[6.8400000e+02 9.1900000e+02 4.2964798e-01 2.2000000e+01]
[1.81000000e+02 9.25000000e+02 4.32059715e-01 2.30000000e+01]
[1.16000000e+02 9.17000000e+02 4.33179781e-01 6.00000000e+00]
[1.41000000e+02 9.22000000e+02 4.33388728e-01 6.00000000e+00]
[8.76000000e+02 2.88000000e+02 4.34167217e-01 1.00000000e+01]
[2.37000000e+02 9.10000000e+02 4.34357147e-01 1.10000000e+01]
[4.31000000e+02 9.24000000e+02 4.35190944e-01 2.40000000e+01]
[4.65000000e+02 9.14000000e+02 4.38304899e-01 5.00000000e+00]
[2.31000000e+02 8.82000000e+02 4.38546894e-01 5.00000000e+00]
[9.29000000e+02 4.32000000e+02 4.40452667e-01 1.10000000e+01]
[9.34000000e+02 8.55000000e+02 4.41400015e-01 2.60000000e+01]
[6.00000000e+01 6.15000000e+02 4.42423922e-01 4.00000000e+00]
[8.79000000e+02 9.18000000e+02 4.43433296e-01 4.10000000e+01]
[8.70000000e+02 9.07000000e+02 4.45201745e-01 1.10000000e+01]
[1.45000000e+02 9.31000000e+02 4.47414837e-01 2.50000000e+01]
[5.60000000e+01 9.15000000e+02 4.47833528e-01 2.10000000e+01]
[9.13000000e+02 9.11000000e+02 4.49482471e-01 2.00000000e+01]
[4.28000000e+02 9.41000000e+02 4.51289255e-01 2.10000000e+01]
[1.98000000e+02 8.86000000e+02 4.51672176e-01 7.00000000e+00]
[4.77000000e+02 9.35000000e+02 4.55921636e-01 2.70000000e+01]
[3.92000000e+02 9.21000000e+02 4.57014466e-01 9.00000000e+01]
[2.81000000e+02 9.40000000e+02 4.57872937e-01 2.20000000e+01]
[9.020000e+02 9.320000e+02 4.580059e-01 7.000000e+00]
[5.14000000e+02 8.93000000e+02 4.58482331e-01 6.00000000e+00]
[1.10000000e+02 8.95000000e+02 4.59409169e-01 1.60000000e+01]
[4.25000000e+02 9.12000000e+02 4.59702611e-01 2.20000000e+01]
[1.57000000e+02 9.37000000e+02 4.61161562e-01 4.20000000e+01]
[6.02000000e+02 9.47000000e+02 4.62494388e-01 9.00000000e+00]
[9.23000000e+02 8.90000000e+02 4.62657385e-01 2.30000000e+01]
[8.9600000e+02 9.5100000e+02 4.6350523e-01 5.0000000e+01]
[9.3800000e+02 9.2600000e+02 4.6415585e-01 3.4000000e+01]
[6.38000000e+02 4.53000000e+02 4.65313984e-01 3.00000000e+00]
[1.18000000e+02 9.45000000e+02 4.67288156e-01 9.10000000e+01]
[9.09000000e+02 9.16000000e+02 4.67813704e-01 1.00000000e+01]
[2.23000000e+02 9.55000000e+02 4.70153294e-01 3.50000000e+01]
[4.88000000e+02 9.50000000e+02 4.72028363e-01 2.30000000e+01]
[9.33000000e+02 3.79000000e+02 4.73169709e-01 6.00000000e+00]
[1.33000000e+02 9.30000000e+02 4.73774888e-01 1.20000000e+01]
[8.91000000e+02 9.42000000e+02 4.75345176e-01 2.40000000e+01]
[4.93000000e+02 8.52000000e+02 4.75397923e-01 5.00000000e+00]
[9.36000000e+02 9.28000000e+02 4.76263959e-01 1.00000000e+01]
[6.0000000e+02 5.3100000e+02 4.7646512e-01 3.0000000e+00]
[6.90000000e+01 9.54000000e+02 4.76711183e-01 5.10000000e+01]
[3.32000000e+02 9.53000000e+02 4.76790005e-01 2.40000000e+01]
[5.36000000e+02 9.59000000e+02 4.77084765e-01 3.60000000e+01]
[9.43000000e+02 3.10000000e+01 4.77143631e-01 8.00000000e+00]
[4.20000000e+01 9.60000000e+02 4.77236104e-01 2.40000000e+01]
[1.46000000e+02 9.62000000e+02 4.78345118e-01 1.30000000e+01]
[5.10000000e+02 9.68000000e+02 4.80191467e-01 2.50000000e+01]
[1.10000000e+01 9.27000000e+02 4.82506245e-01 7.00000000e+00]
[9.46000000e+02 9.44000000e+02 4.83366732e-01 4.90000000e+01]
[9.58000000e+02 9.72000000e+02 4.84826659e-01 2.30000000e+01]
[4.98000000e+02 9.71000000e+02 4.86125012e-01 2.50000000e+01]
[9.49000000e+02 9.73000000e+02 4.89396322e-01 4.10000000e+01]
[4.2000000e+02 9.6900000e+02 4.9222502e-01 3.7000000e+01]
[5.87000000e+02 9.79000000e+02 4.94972505e-01 3.90000000e+01]
[9.700000e+02 5.070000e+02 4.956266e-01 9.000000e+00]
[9.65000000e+02 9.74000000e+02 4.96306218e-01 1.70000000e+01]
[9.3900000e+02 9.6100000e+02 4.9799643e-01 3.1000000e+01]
[9.67000000e+02 9.48000000e+02 4.98948252e-01 5.70000000e+01]
[9.20000000e+02 2.68000000e+02 5.01510255e-01 7.00000000e+00]
[6.47000000e+02 9.52000000e+02 5.01595038e-01 1.10000000e+01]
[9.8300000e+02 4.4700000e+02 5.0243981e-01 3.2000000e+01]
[9.75000000e+02 9.76000000e+02 5.02899924e-01 7.20000000e+01]
[9.81000000e+02 4.74000000e+02 5.02906329e-01 1.00000000e+01]
[3.90000000e+01 9.80000000e+02 5.04374946e-01 4.00000000e+01]
[8.40000000e+01 9.86000000e+02 5.04507118e-01 1.20000000e+01]
[4.75000000e+02 9.89000000e+02 5.07952917e-01 1.10000000e+01]
[9.04000000e+02 9.78000000e+02 5.08868222e-01 5.20000000e+01]
[9.82000000e+02 9.64000000e+02 5.11562025e-01 2.20000000e+01]
[9.63000000e+02 9.84000000e+02 5.13574812e-01 8.10000000e+01]
[8.21000000e+02 9.95000000e+02 5.14481854e-01 8.30000000e+01]
[3.51000000e+02 9.91000000e+02 5.16966115e-01 1.30000000e+01]
[9.88000000e+02 8.97000000e+02 5.17279257e-01 7.50000000e+01]
[3.64000000e+02 9.98000000e+02 5.19649296e-01 7.60000000e+01]
[8.92000000e+02 9.93000000e+02 5.26522503e-01 5.40000000e+01]
[3.75000000e+02 9.90000000e+02 5.28349436e-01 4.10000000e+01]
[2.43000000e+02 9.56000000e+02 5.29124392e-01 4.00000000e+00]
[9.5700000e+02 1.0010000e+03 5.3085723e-01 1.3200000e+02]
[9.94000000e+02 9.66000000e+02 5.32067332e-01 2.50000000e+01]
[3.88000000e+02 6.05000000e+02 5.33433391e-01 3.00000000e+00]
[9.77000000e+02 8.80000000e+02 5.39127199e-01 2.80000000e+01]
[1.00400000e+03 6.23000000e+02 5.40787496e-01 2.70000000e+01]
[9.9900000e+02 4.9700000e+02 5.4193184e-01 7.7000000e+01]
[9.96000000e+02 3.19000000e+02 5.42743726e-01 8.40000000e+01]
[1.71000000e+02 1.00600000e+03 5.43170623e-01 2.90000000e+01]
[1.07000000e+02 1.00500000e+03 5.43620182e-01 4.00000000e+00]
[1.00900000e+03 3.95000000e+02 5.43660982e-01 8.50000000e+01]
[4.70000000e+02 1.00200000e+03 5.44128119e-01 5.00000000e+00]
[9.87000000e+02 3.06000000e+02 5.44820562e-01 3.30000000e+01]
[1.00700000e+03 9.97000000e+02 5.48594726e-01 4.00000000e+01]
[7.85000000e+02 1.01500000e+03 5.48995111e-01 4.20000000e+01]
[1.94000000e+02 9.85000000e+02 5.51629266e-01 8.00000000e+00]
[1.00000000e+03 6.01000000e+02 5.59244199e-01 5.60000000e+01]
[8.94000000e+02 1.00300000e+03 5.61430169e-01 1.36000000e+02]
[3.5400000e+02 1.0120000e+03 5.6222886e-01 8.6000000e+01]
[1.01400000e+03 3.77000000e+02 5.63052147e-01 3.40000000e+01]
[1.02100000e+03 4.58000000e+02 5.63223223e-01 3.50000000e+01]
[1.01800000e+03 3.10000000e+02 5.64020107e-01 5.70000000e+01]
[2.00000000e+00 9.92000000e+02 5.65768352e-01 1.20000000e+01]
[1.022000e+03 4.190000e+02 5.671546e-01 3.600000e+01]
[2.34000000e+02 1.00800000e+03 5.68430133e-01 7.80000000e+01]
[4.4100000e+02 1.0160000e+03 5.6985835e-01 4.3000000e+01]
[1.31000000e+02 1.02300000e+03 5.71938045e-01 5.80000000e+01]
[4.34000000e+02 1.02800000e+03 5.72648624e-01 5.90000000e+01]
[1.34000000e+02 1.01700000e+03 5.83661302e-01 9.00000000e+00]
[1.14000000e+02 1.02700000e+03 5.84290993e-01 4.40000000e+01]
[1.02000000e+03 1.01900000e+03 5.88048246e-01 2.22000000e+02]
[4.16000000e+02 1.01100000e+03 5.88351275e-01 5.00000000e+00]
[5.02000000e+02 1.02500000e+03 5.95985371e-01 3.70000000e+01]
[1.77000000e+02 1.02600000e+03 5.96306612e-01 7.90000000e+01]
[3.04000000e+02 1.02900000e+03 5.96745711e-01 6.00000000e+01]
[6.27000000e+02 1.03100000e+03 6.01334412e-01 4.60000000e+01]
[1.01000000e+03 1.03500000e+03 6.05987448e-01 1.08000000e+02]
[1.03300000e+03 1.02400000e+03 6.10922556e-01 1.70000000e+01]
[1.20000000e+02 1.03700000e+03 6.22529772e-01 4.70000000e+01]
[4.55000000e+02 1.03600000e+03 6.23846487e-01 6.10000000e+01]
[4.70000000e+01 1.03900000e+03 6.27631015e-01 1.80000000e+01]
[1.79000000e+02 1.04200000e+03 6.28095675e-01 1.90000000e+01]
[1.01300000e+03 1.03200000e+03 6.29436008e-01 2.27000000e+02]
[1.0380000e+03 1.0340000e+03 6.4107155e-01 1.4500000e+02]
[1.04400000e+03 1.03000000e+03 6.51833168e-01 2.36000000e+02]
[1.04600000e+03 7.26000000e+02 6.54268754e-01 2.39000000e+02]
[1.04700e+03 1.04500e+03 6.55541e-01 3.84000e+02]
[1.69000000e+02 1.04300000e+03 6.56018457e-01 2.00000000e+01]
[1.62000000e+02 1.04100000e+03 6.67924175e-01 6.20000000e+01]
[4.07000000e+02 1.04800000e+03 6.72718089e-01 3.85000000e+02]
[3.5500000e+02 1.0400000e+03 6.8073976e-01 4.8000000e+01]
[1.05100000e+03 1.05000000e+03 6.93634653e-01 4.47000000e+02]
[4.50000000e+01 1.05300000e+03 7.03422326e-01 4.48000000e+02]
[7.43000000e+02 5.04000000e+02 7.09697432e-01 3.00000000e+00]
[1.04900000e+03 1.05200000e+03 7.12989632e-01 6.80000000e+01]
[5.06000000e+02 1.05400000e+03 7.17949694e-01 4.49000000e+02]
[1.05500000e+03 1.05700000e+03 7.33822717e-01 4.52000000e+02]
[201.        147.          0.7428618   2.       ]
[1.26000000e+02 1.05800000e+03 7.57428138e-01 4.53000000e+02]
[1.91000000e+02 1.05600000e+03 7.59861198e-01 6.90000000e+01]
[3.41000000e+02 1.06000000e+03 7.60980422e-01 4.54000000e+02]
[3.16000000e+02 1.06100000e+03 7.61628744e-01 7.00000000e+01]
[108.         311.           0.77972931   2.        ]
[1.06200000e+03 8.60000000e+01 7.94103316e-01 4.55000000e+02]
[2.12000000e+02 1.06500000e+03 7.94501341e-01 4.56000000e+02]
[1.30000000e+01 1.06300000e+03 8.35868294e-01 7.10000000e+01]
[1.06400000e+03 1.06600000e+03 8.43043999e-01 4.58000000e+02]
[1.66000000e+02 1.06700000e+03 8.68395253e-01 7.20000000e+01]
[1.06900000e+03 1.06800000e+03 8.80940203e-01 5.30000000e+02]
[3.14000000e+02 1.07000000e+03 8.92919856e-01 5.31000000e+02]
[4.29000000e+02 1.07100000e+03 9.16383469e-01 5.32000000e+02]
[5.33000000e+02 1.07200000e+03 9.34015943e-01 5.33000000e+02]
[1.05900000e+03 1.07300000e+03 9.50050275e-01 5.35000000e+02]
[1.07400000e+03 2.77000000e+02 9.68936624e-01 5.36000000e+02]
[543.         289.           0.98831128   3.        ]
[7.70000000e+01 1.07500000e+03 1.02029743e+00 5.37000000e+02]
[1.07600000e+03 1.07700000e+03 1.06740702e+00 5.40000000e+02]
