[  1. 216.   0.   2.]
[540. 113.   0.   3.]
[  6. 129.   0.   2.]
[ 24. 423.   0.   2.]
[64. 68.  0.  2.]
[544.  93.   0.   3.]
[545. 123.   0.   4.]
[546. 214.   0.   5.]
[547. 261.   0.   6.]
[ 72. 437.   0.   2.]
[ 78. 125.   0.   2.]
[550. 315.   0.   3.]
[ 95. 152.   0.   2.]
[552. 240.   0.   3.]
[553. 301.   0.   4.]
[554. 308.   0.   5.]
[555. 220.   0.   6.]
[307. 556.   0.   7.]
[136. 336.   0.   2.]
[178. 245.   0.   2.]
[205. 251.   0.   2.]
[270. 271.   0.   2.]
[561. 140.   0.   3.]
[359. 413.   0.   2.]
[5.57000000e+02 2.95000000e+02 3.47364136e-09 8.00000000e+00]
[8.10000000e+01 5.64000000e+02 8.94141017e-09 9.00000000e+00]
[9.00000000e+01 5.18000000e+02 1.49011612e-08 2.00000000e+00]
[5.6200000e+02 1.7000000e+02 1.9887608e-08 4.0000000e+00]
[5.00000000e+01 1.35000000e+02 2.10734243e-08 2.00000000e+00]
[5.68000000e+02 3.29000000e+02 2.10734243e-08 3.00000000e+00]
[6.10000000e+01 2.36000000e+02 2.10734243e-08 2.00000000e+00]
[1.03000000e+02 1.96000000e+02 2.10734243e-08 2.00000000e+00]
[3.00000000e+02 3.02000000e+02 2.58095683e-08 2.00000000e+00]
[7.40000000e+01 9.10000000e+01 2.98023224e-08 2.00000000e+00]
[5.73000000e+02 3.17000000e+02 2.98023224e-08 3.00000000e+00]
[5.72000000e+02 4.68000000e+02 3.57913921e-08 3.00000000e+00]
[3.80000000e+02 4.00000000e+02 7.95504321e-08 2.00000000e+00]
[5.7400000e+02 2.7400000e+02 8.5600654e-08 4.0000000e+00]
[5.67000000e+02 5.76000000e+02 1.94368865e-02 6.00000000e+00]
[5.69000000e+02 5.65000000e+02 9.09310098e-02 1.20000000e+01]
[4.36000000e+02 5.22000000e+02 9.44913275e-02 2.00000000e+00]
[4.0000000e+00 2.6200000e+02 1.0123878e-01 2.0000000e+00]
[1.24000000e+02 3.05000000e+02 1.01434478e-01 2.00000000e+00]
[2.18000000e+02 5.03000000e+02 1.03739493e-01 2.00000000e+00]
[21.         40.          0.10729738  2.        ]
[3.03000000e+02 3.69000000e+02 1.08592174e-01 2.00000000e+00]
[4.92000000e+02 5.23000000e+02 1.11173699e-01 2.00000000e+00]
[5.79000000e+02 1.30000000e+02 1.11377742e-01 1.30000000e+01]
[1.70000000e+01 2.83000000e+02 1.11574654e-01 2.00000000e+00]
[1.65000000e+02 2.08000000e+02 1.12730895e-01 2.00000000e+00]
[3.48000000e+02 3.67000000e+02 1.13166108e-01 2.00000000e+00]
[4.90000000e+01 2.46000000e+02 1.17898885e-01 2.00000000e+00]
[65.         76.          0.11806438  2.        ]
[6.30000000e+01 4.26000000e+02 1.20585876e-01 2.00000000e+00]
[2.47000000e+02 2.49000000e+02 1.20809237e-01 2.00000000e+00]
[1.55000000e+02 2.72000000e+02 1.24712852e-01 2.00000000e+00]
[3.09000000e+02 3.94000000e+02 1.24956369e-01 2.00000000e+00]
[3.96000000e+02 4.14000000e+02 1.25181915e-01 2.00000000e+00]
[3.39000000e+02 4.73000000e+02 1.25662516e-01 2.00000000e+00]
[5.77000000e+02 2.04000000e+02 1.25922583e-01 5.00000000e+00]
[5.78000000e+02 3.34000000e+02 1.26471159e-01 7.00000000e+00]
[41.         52.          0.12663298  2.        ]
[3.00000000e+01 2.09000000e+02 1.27010975e-01 2.00000000e+00]
[3.46000000e+02 4.38000000e+02 1.28446535e-01 2.00000000e+00]
[5.8900000e+02 2.9100000e+02 1.3140904e-01 3.0000000e+00]
[5.81000000e+02 2.21000000e+02 1.36310846e-01 3.00000000e+00]
[ 62.         112.           0.13782569   2.        ]
[2.13000000e+02 3.86000000e+02 1.38148785e-01 2.00000000e+00]
[2.90000000e+02 5.30000000e+02 1.40875527e-01 2.00000000e+00]
[5.99000000e+02 1.64000000e+02 1.41364975e-01 6.00000000e+00]
[6.04000000e+02 1.80000000e+02 1.45617183e-01 4.00000000e+00]
[4.18000000e+02 4.61000000e+02 1.46741382e-01 2.00000000e+00]
[2.29000000e+02 6.00000000e+02 1.46911742e-01 8.00000000e+00]
[3.6600000e+02 5.1700000e+02 1.5205281e-01 2.0000000e+00]
[1.85000000e+02 1.95000000e+02 1.52240951e-01 2.00000000e+00]
[1.40000000e+01 4.33000000e+02 1.54450646e-01 2.00000000e+00]
[5.87000000e+02 2.19000000e+02 1.55199557e-01 1.40000000e+01]
[3.56000000e+02 4.67000000e+02 1.55558139e-01 2.00000000e+00]
[1.60000000e+01 4.39000000e+02 1.55672607e-01 2.00000000e+00]
[2.07000000e+02 2.56000000e+02 1.57179222e-01 2.00000000e+00]
[2.9700000e+02 4.2700000e+02 1.5722257e-01 2.0000000e+00]
[6.16000000e+02 1.54000000e+02 1.59134023e-01 1.50000000e+01]
[3.81000000e+02 4.05000000e+02 1.59989036e-01 2.00000000e+00]
[3.97000000e+02 4.44000000e+02 1.60988044e-01 2.00000000e+00]
[1.4300000e+02 4.4500000e+02 1.6132986e-01 2.0000000e+00]
[ 54.         150.           0.16245685   2.        ]
[4.02000000e+02 4.89000000e+02 1.63179724e-01 2.00000000e+00]
[2.76000000e+02 3.45000000e+02 1.64550693e-01 2.00000000e+00]
[8.00000000e+01 4.09000000e+02 1.64697451e-01 2.00000000e+00]
[6.09000000e+02 1.21000000e+02 1.64732133e-01 7.00000000e+00]
[4.15000000e+02 4.60000000e+02 1.65853944e-01 2.00000000e+00]
[1.90000000e+01 6.12000000e+02 1.66007697e-01 9.00000000e+00]
[1.09000000e+02 5.75000000e+02 1.68116491e-01 4.00000000e+00]
[1.44000000e+02 5.63000000e+02 1.68128335e-01 3.00000000e+00]
[3.20000000e+02 4.06000000e+02 1.68766344e-01 2.00000000e+00]
[1.42000000e+02 5.19000000e+02 1.70996411e-01 2.00000000e+00]
[6.25000000e+02 1.48000000e+02 1.72203474e-01 3.00000000e+00]
[2.48000000e+02 5.16000000e+02 1.73673849e-01 2.00000000e+00]
[1.83000000e+02 3.47000000e+02 1.76011937e-01 2.00000000e+00]
[6.05000000e+02 5.60000000e+02 1.81240902e-01 5.00000000e+00]
[2.90000000e+01 4.86000000e+02 1.82520664e-01 2.00000000e+00]
[6.10000000e+02 2.33000000e+02 1.83112494e-01 5.00000000e+00]
[5.00000000e+00 2.75000000e+02 1.83164198e-01 2.00000000e+00]
[5.58000000e+02 1.76000000e+02 1.86275014e-01 3.00000000e+00]
[ 27.         172.           0.18742212   2.        ]
[6.21000000e+02 1.60000000e+02 1.87568914e-01 1.60000000e+01]
[6.45000000e+02 3.50000000e+01 1.90807909e-01 1.70000000e+01]
[3.27000000e+02 5.38000000e+02 1.91127035e-01 2.00000000e+00]
[6.31000000e+02 1.04000000e+02 1.92766129e-01 1.00000000e+01]
[2.06000000e+02 3.22000000e+02 1.92766971e-01 2.00000000e+00]
[1.28000000e+02 6.41000000e+02 1.93397273e-01 6.00000000e+00]
[6.46000000e+02 4.48000000e+02 1.94005529e-01 1.80000000e+01]
[3.33000000e+02 6.50000000e+02 1.95114783e-01 7.00000000e+00]
[2.00000000e+01 6.39000000e+02 1.97119221e-01 6.00000000e+00]
[  9.         156.           0.20436513   2.        ]
[6.51000000e+02 2.39000000e+02 2.04394421e-01 1.90000000e+01]
[6.55000000e+02 3.28000000e+02 2.06120523e-01 2.00000000e+01]
[6.5600000e+02 6.4800000e+02 2.0698138e-01 3.0000000e+01]
[6.01000000e+02 3.82000000e+02 2.07463021e-01 3.00000000e+00]
[3.18000000e+02 5.09000000e+02 2.07611804e-01 2.00000000e+00]
[3.0000000e+00 2.9800000e+02 2.0885322e-01 2.0000000e+00]
[6.06000000e+02 6.52000000e+02 2.13528473e-01 9.00000000e+00]
[6.57000000e+02 7.00000000e+01 2.21642766e-01 3.10000000e+01]
[6.61000000e+02 1.15000000e+02 2.22252197e-01 1.00000000e+01]
[6.62000000e+02 2.64000000e+02 2.22710314e-01 3.20000000e+01]
[3.93000000e+02 5.11000000e+02 2.22931541e-01 2.00000000e+00]
[ 33.        122.          0.2239195   2.       ]
[3.6100000e+02 5.2700000e+02 2.2450116e-01 2.0000000e+00]
[6.29000000e+02 8.70000000e+01 2.24841461e-01 8.00000000e+00]
[6.64000000e+02 6.60000000e+02 2.24979438e-01 3.40000000e+01]
[6.69000000e+02 4.54000000e+02 2.29052142e-01 3.50000000e+01]
[2.37000000e+02 4.90000000e+02 2.30694445e-01 2.00000000e+00]
[6.70000000e+02 4.80000000e+02 2.31353668e-01 3.60000000e+01]
[2.10000000e+02 3.83000000e+02 2.31573919e-01 2.00000000e+00]
[5.42000000e+02 6.27000000e+02 2.31956409e-01 4.00000000e+00]
[ 82.         182.           0.23269335   2.        ]
[6.68000000e+02 1.53000000e+02 2.32883807e-01 9.00000000e+00]
[ 92.         192.           0.23469212   2.        ]
[6.54000000e+02 5.51000000e+02 2.35857366e-01 5.00000000e+00]
[6.53000000e+02 6.43000000e+02 2.40131113e-01 9.00000000e+00]
[6.32000000e+02 6.79000000e+02 2.40242528e-01 1.30000000e+01]
[6.77000000e+02 2.69000000e+02 2.44310487e-01 3.00000000e+00]
[7.10000000e+01 4.62000000e+02 2.51338993e-01 2.00000000e+00]
[6.4200000e+02 6.1900000e+02 2.5195514e-01 4.0000000e+00]
[6.83000000e+02 2.65000000e+02 2.52504697e-01 5.00000000e+00]
[5.48000000e+02 3.24000000e+02 2.56217603e-01 7.00000000e+00]
[2.28000000e+02 3.57000000e+02 2.56396483e-01 2.00000000e+00]
[6.80000000e+02 3.40000000e+02 2.56551445e-01 1.40000000e+01]
[3.63000000e+02 5.21000000e+02 2.58961339e-01 2.00000000e+00]
[8.50000000e+01 6.72000000e+02 2.60961862e-01 3.70000000e+01]
[2.11000000e+02 6.22000000e+02 2.62070044e-01 3.00000000e+00]
[ 58.         238.           0.26223597   2.        ]
[6.76000000e+02 1.74000000e+02 2.64632623e-01 1.00000000e+01]
[6.74000000e+02 5.95000000e+02 2.64858506e-01 6.00000000e+00]
[5.59000000e+02 3.58000000e+02 2.67494386e-01 3.00000000e+00]
[6.70000000e+01 4.95000000e+02 2.67605549e-01 2.00000000e+00]
[6.73000000e+02 3.74000000e+02 2.69812377e-01 3.00000000e+00]
[3.80000000e+01 6.87000000e+02 2.71906021e-01 1.50000000e+01]
[4.60000000e+01 5.92000000e+02 2.72231731e-01 3.00000000e+00]
[ 99.         266.           0.27359009   2.        ]
[4.4900000e+02 5.2900000e+02 2.7388589e-01 2.0000000e+00]
[ 10.         225.           0.27504037   2.        ]
[6.78000000e+02 1.99000000e+02 2.75359999e-01 6.00000000e+00]
[217.         222.           0.27700947   2.        ]
[3.32000000e+02 4.69000000e+02 2.77165635e-01 2.00000000e+00]
[1.2000000e+01 4.5700000e+02 2.7750399e-01 2.0000000e+00]
[6.84000000e+02 6.36000000e+02 2.78321902e-01 8.00000000e+00]
[139.         241.           0.27986723   2.        ]
[3.84000000e+02 4.79000000e+02 2.80139453e-01 2.00000000e+00]
[6.75000000e+02 6.38000000e+02 2.81214001e-01 4.00000000e+00]
[6.08000000e+02 4.22000000e+02 2.82570526e-01 3.00000000e+00]
[2.30000000e+02 6.59000000e+02 2.83084026e-01 3.00000000e+00]
[5.7000000e+01 4.7100000e+02 2.8352352e-01 2.0000000e+00]
[1.80000000e+01 6.97000000e+02 2.85531181e-01 1.60000000e+01]
[7.09000000e+02 6.90000000e+02 2.86144042e-01 7.00000000e+00]
[5.25000000e+02 4.21000000e+02 2.86181444e-01 2.00000000e+00]
[2.99000000e+02 3.95000000e+02 2.86218198e-01 2.00000000e+00]
[2.55000000e+02 6.94000000e+02 2.87273827e-01 4.00000000e+00]
[9.80000000e+01 6.93000000e+02 2.87345422e-01 7.00000000e+00]
[1.01000000e+02 3.12000000e+02 2.87388291e-01 2.00000000e+00]
[4.46000000e+02 7.15000000e+02 2.87750747e-01 3.00000000e+00]
[1.3200000e+02 3.7200000e+02 2.8823745e-01 2.0000000e+00]
[3.3500000e+02 3.3800000e+02 2.9013737e-01 2.0000000e+00]
[7.06000000e+02 1.19000000e+02 2.90701182e-01 9.00000000e+00]
[6.11000000e+02 5.80000000e+02 2.94390069e-01 4.00000000e+00]
[ 73.         200.           0.29448037   2.        ]
[6.89000000e+02 6.18000000e+02 2.94610396e-01 3.90000000e+01]
[7.26000000e+02 7.14000000e+02 2.95101668e-01 4.60000000e+01]
[3.21000000e+02 3.89000000e+02 2.95596664e-01 2.00000000e+00]
[7.01000000e+02 6.49000000e+02 2.95952163e-01 4.00000000e+00]
[4.08000000e+02 4.50000000e+02 2.97043997e-01 2.00000000e+00]
[6.60000000e+01 5.71000000e+02 2.98085568e-01 3.00000000e+00]
[2.44000000e+02 7.17000000e+02 2.98166005e-01 5.00000000e+00]
[1.87000000e+02 5.00000000e+02 2.98471635e-01 2.00000000e+00]
[1.27000000e+02 7.27000000e+02 3.00283814e-01 4.70000000e+01]
[2.59000000e+02 3.87000000e+02 3.00295983e-01 2.00000000e+00]
[1.94000000e+02 4.63000000e+02 3.02160662e-01 2.00000000e+00]
[6.98000000e+02 8.30000000e+01 3.04228558e-01 4.00000000e+00]
[4.87000000e+02 6.47000000e+02 3.04622628e-01 3.00000000e+00]
[2.50000000e+02 4.42000000e+02 3.05071324e-01 2.00000000e+00]
[6.91000000e+02 2.63000000e+02 3.05457791e-01 3.00000000e+00]
[7.02000000e+02 4.35000000e+02 3.06244285e-01 7.00000000e+00]
[6.66000000e+02 3.62000000e+02 3.06645444e-01 3.00000000e+00]
[7.23000000e+02 3.40000000e+01 3.07445367e-01 1.00000000e+01]
[4.94000000e+02 7.08000000e+02 3.07506133e-01 3.00000000e+00]
[6.13000000e+02 5.86000000e+02 3.08518015e-01 4.00000000e+00]
[7.10000000e+02 6.86000000e+02 3.08663531e-01 5.00000000e+00]
[4.76000000e+02 5.15000000e+02 3.08691267e-01 2.00000000e+00]
[3.65000000e+02 4.43000000e+02 3.09139825e-01 2.00000000e+00]
[2.27000000e+02 7.43000000e+02 3.10227923e-01 1.10000000e+01]
[2.32000000e+02 7.45000000e+02 3.10863798e-01 5.00000000e+00]
[3.90000000e+02 5.01000000e+02 3.13549884e-01 2.00000000e+00]
[5.13000000e+02 7.11000000e+02 3.14470709e-01 4.00000000e+00]
[6.92000000e+02 1.17000000e+02 3.14573755e-01 1.10000000e+01]
[9.70000000e+01 7.46000000e+02 3.15641735e-01 6.00000000e+00]
[8.80000000e+01 5.66000000e+02 3.15851529e-01 3.00000000e+00]
[6.17000000e+02 5.35000000e+02 3.16124745e-01 3.00000000e+00]
[2.92000000e+02 3.78000000e+02 3.16710467e-01 2.00000000e+00]
[6.15000000e+02 2.20000000e+01 3.16739913e-01 3.00000000e+00]
[9.40000000e+01 3.73000000e+02 3.16913593e-01 2.00000000e+00]
[2.30000000e+01 7.18000000e+02 3.17000429e-01 8.00000000e+00]
[3.23000000e+02 6.26000000e+02 3.17611175e-01 3.00000000e+00]
[5.88000000e+02 1.97000000e+02 3.18131611e-01 3.00000000e+00]
[7.12000000e+02 6.07000000e+02 3.19227911e-01 4.00000000e+00]
[7.42000000e+02 1.51000000e+02 3.22073596e-01 4.00000000e+00]
[2.50000000e+01 4.04000000e+02 3.23117646e-01 2.00000000e+00]
[7.38000000e+02 7.60000000e+02 3.24521502e-01 1.10000000e+01]
[4.66000000e+02 7.54000000e+02 3.25275548e-01 7.00000000e+00]
[6.63000000e+02 2.02000000e+02 3.26125929e-01 1.10000000e+01]
[7.36000000e+02 2.52000000e+02 3.26549803e-01 3.00000000e+00]
[ 32.         188.           0.32698092   2.        ]
[4.24000000e+02 5.90000000e+02 3.27500991e-01 3.00000000e+00]
[6.1400000e+02 4.9600000e+02 3.2883422e-01 3.0000000e+00]
[5.120000e+02 7.520000e+02 3.295004e-01 5.000000e+00]
[4.7200000e+02 5.0800000e+02 3.3244084e-01 2.0000000e+00]
[3.91000000e+02 7.73000000e+02 3.33736764e-01 6.00000000e+00]
[7.21000000e+02 7.32000000e+02 3.34778598e-01 7.00000000e+00]
[5.49000000e+02 6.65000000e+02 3.36962316e-01 4.00000000e+00]
[193.         279.           0.33775523   2.        ]
[7.40000000e+02 1.06000000e+02 3.39279395e-01 4.00000000e+00]
[7.67000000e+02 7.63000000e+02 3.39507623e-01 1.10000000e+01]
[2.96000000e+02 5.85000000e+02 3.39782156e-01 3.00000000e+00]
[7.28000000e+02 3.98000000e+02 3.39966439e-01 3.00000000e+00]
[7.50000000e+02 3.71000000e+02 3.41307937e-01 6.00000000e+00]
[26.         96.          0.34188372  2.        ]
[7.71000000e+02 7.05000000e+02 3.42025167e-01 5.00000000e+00]
[7.34000000e+02 7.66000000e+02 3.42484324e-01 5.80000000e+01]
[5.10000000e+01 7.24000000e+02 3.43863084e-01 5.00000000e+00]
[7.37000000e+02 7.86000000e+02 3.44011477e-01 6.20000000e+01]
[7.35000000e+02 7.49000000e+02 3.44118757e-01 1.30000000e+01]
[5.24000000e+02 7.22000000e+02 3.45529035e-01 3.00000000e+00]
[7.50000000e+01 7.62000000e+02 3.45904238e-01 4.00000000e+00]
[161.         260.           0.34834714   2.        ]
[7.25000000e+02 1.73000000e+02 3.48672154e-01 3.00000000e+00]
[7.89000000e+02 3.50000000e+02 3.49328007e-01 1.40000000e+01]
[7.80000000e+02 7.44000000e+02 3.49683949e-01 1.40000000e+01]
[7.55000000e+02 4.10000000e+02 3.49975635e-01 4.00000000e+00]
[7.61000000e+02 7.20000000e+02 3.50547393e-01 6.00000000e+00]
[7.64000000e+02 2.78000000e+02 3.50752305e-01 5.00000000e+00]
[7.13000000e+02 6.85000000e+02 3.50790752e-01 2.30000000e+01]
[4.85000000e+02 7.87000000e+02 3.50834125e-01 6.00000000e+00]
[2.15000000e+02 7.47000000e+02 3.51462858e-01 3.00000000e+00]
[7.68000000e+02 6.99000000e+02 3.51707893e-01 1.30000000e+01]
[2.2600000e+02 7.9100000e+02 3.5173616e-01 5.0000000e+00]
[1.86000000e+02 7.76000000e+02 3.52205302e-01 8.00000000e+00]
[5.90000000e+01 7.53000000e+02 3.52942304e-01 1.20000000e+01]
[7.00000000e+02 7.95000000e+02 3.54384572e-01 1.60000000e+01]
[1.11000000e+02 7.07000000e+02 3.54407784e-01 3.00000000e+00]
[100.         137.           0.35681982   2.        ]
[1.49000000e+02 8.04000000e+02 3.57203082e-01 9.00000000e+00]
[8.0500000e+02 3.1300000e+02 3.5828513e-01 1.3000000e+01]
[0.00000000e+00 4.91000000e+02 3.59467064e-01 2.00000000e+00]
[1.58000000e+02 7.83000000e+02 3.60707298e-01 7.00000000e+00]
[3.42000000e+02 3.68000000e+02 3.62338802e-01 2.00000000e+00]
[3.76000000e+02 7.75000000e+02 3.62878147e-01 7.00000000e+00]
[8.02000000e+02 1.67000000e+02 3.63225999e-01 1.40000000e+01]
[8.06000000e+02 8.03000000e+02 3.64269339e-01 2.10000000e+01]
[2.94000000e+02 7.99000000e+02 3.64394043e-01 2.40000000e+01]
[3.52000000e+02 8.16000000e+02 3.65296944e-01 2.20000000e+01]
[3.49000000e+02 8.07000000e+02 3.65513029e-01 4.00000000e+00]
[5.20000000e+02 8.12000000e+02 3.65545165e-01 8.00000000e+00]
[2.67000000e+02 7.98000000e+02 3.66213805e-01 6.00000000e+00]
[5.93000000e+02 3.26000000e+02 3.66214909e-01 3.00000000e+00]
[1.84000000e+02 7.30000000e+02 3.66311905e-01 3.00000000e+00]
[1.89000000e+02 8.19000000e+02 3.66388635e-01 5.00000000e+00]
[7.29000000e+02 4.80000000e+01 3.66665138e-01 5.00000000e+00]
[2.87000000e+02 8.17000000e+02 3.66743838e-01 2.50000000e+01]
[7.65000000e+02 3.31000000e+02 3.66955853e-01 3.00000000e+00]
[5.94000000e+02 7.56000000e+02 3.67148629e-01 5.00000000e+00]
[3.70000000e+02 4.59000000e+02 3.67354344e-01 2.00000000e+00]
[7.82000000e+02 8.21000000e+02 3.67361788e-01 9.00000000e+00]
[6.81000000e+02 2.80000000e+02 3.67573463e-01 4.00000000e+00]
[1.5900000e+02 4.1700000e+02 3.6787929e-01 2.0000000e+00]
[7.90000000e+01 7.39000000e+02 3.69966809e-01 3.00000000e+00]
[3.44000000e+02 5.26000000e+02 3.70448896e-01 2.00000000e+00]
[7.94000000e+02 3.30000000e+02 3.73332616e-01 1.50000000e+01]
[7.57000000e+02 8.30000000e+02 3.74831857e-01 1.10000000e+01]
[4.40000000e+01 4.52000000e+02 3.77009493e-01 2.00000000e+00]
[7.85000000e+02 8.00000000e+02 3.78656188e-01 1.10000000e+01]
[5.30000000e+01 4.56000000e+02 3.79140833e-01 2.00000000e+00]
[8.09000000e+02 6.30000000e+02 3.79434939e-01 1.10000000e+01]
[6.44000000e+02 1.63000000e+02 3.80371677e-01 3.00000000e+00]
[7.51000000e+02 7.59000000e+02 3.80687437e-01 4.00000000e+00]
[3.70000000e+01 8.24000000e+02 3.80846223e-01 6.00000000e+00]
[2.24000000e+02 5.37000000e+02 3.80932149e-01 2.00000000e+00]
[7.03000000e+02 7.19000000e+02 3.81322763e-01 4.00000000e+00]
[105.         258.           0.38154401   2.        ]
[1.68000000e+02 8.43000000e+02 3.82300079e-01 7.00000000e+00]
[5.84000000e+02 4.30000000e+02 3.82724706e-01 3.00000000e+00]
[8.15000000e+02 2.53000000e+02 3.83727124e-01 1.50000000e+01]
[7.7000000e+02 7.8800000e+02 3.8530089e-01 6.4000000e+01]
[2.86000000e+02 7.74000000e+02 3.85982353e-01 3.00000000e+00]
[3.5300000e+02 8.3800000e+02 3.8602801e-01 1.2000000e+01]
[3.43000000e+02 8.20000000e+02 3.86154582e-01 9.00000000e+00]
[7.8400000e+02 2.9300000e+02 3.8694852e-01 3.0000000e+00]
[3.60000000e+01 7.96000000e+02 3.87000499e-01 5.00000000e+00]
[8.41000000e+02 4.40000000e+02 3.87413533e-01 4.00000000e+00]
[7.00000000e+00 8.42000000e+02 3.89381625e-01 5.00000000e+00]
[8.00000000e+00 8.50000000e+02 3.89805834e-01 6.50000000e+01]
[6.28000000e+02 6.23000000e+02 3.89822169e-01 4.00000000e+00]
[6.95000000e+02 1.38000000e+02 3.89885301e-01 3.00000000e+00]
[7.72000000e+02 4.82000000e+02 3.90800097e-01 4.00000000e+00]
[2.0300000e+02 3.9900000e+02 3.9084554e-01 2.0000000e+00]
[102.         190.           0.39103247   2.        ]
[ 43.         273.           0.39150725   2.        ]
[7.41000000e+02 1.46000000e+02 3.93143938e-01 8.00000000e+00]
[7.58000000e+02 6.88000000e+02 3.93421634e-01 5.00000000e+00]
[8.33000000e+02 8.35000000e+02 3.93940612e-01 1.80000000e+01]
[8.61000000e+02 7.90000000e+02 3.94363866e-01 7.00000000e+00]
[4.78000000e+02 8.53000000e+02 3.94432191e-01 1.00000000e+01]
[8.14000000e+02 4.84000000e+02 3.94752859e-01 8.00000000e+00]
[6.35000000e+02 3.25000000e+02 3.94768475e-01 3.00000000e+00]
[1.75000000e+02 6.67000000e+02 3.98134958e-01 3.00000000e+00]
[3.92000000e+02 5.05000000e+02 4.00460072e-01 2.00000000e+00]
[3.90000000e+01 6.03000000e+02 4.01689342e-01 3.00000000e+00]
[2.35000000e+02 8.40000000e+02 4.02967806e-01 1.20000000e+01]
[8.47000000e+02 8.67000000e+02 4.04395748e-01 2.50000000e+01]
[5.32000000e+02 8.70000000e+02 4.04553149e-01 9.00000000e+00]
[2.80000000e+01 8.68000000e+02 4.05112913e-01 8.00000000e+00]
[8.32000000e+02 8.36000000e+02 4.05385673e-01 1.30000000e+01]
[8.11000000e+02 6.82000000e+02 4.05492642e-01 4.00000000e+00]
[8.55000000e+02 7.79000000e+02 4.05797997e-01 9.00000000e+00]
[8.27000000e+02 8.18000000e+02 4.06284693e-01 2.50000000e+01]
[7.92000000e+02 8.65000000e+02 4.06860524e-01 1.00000000e+01]
[5.34000000e+02 7.97000000e+02 4.08412633e-01 7.00000000e+00]
[8.26000000e+02 3.54000000e+02 4.08565781e-01 2.60000000e+01]
[2.5400000e+02 8.5800000e+02 4.0898723e-01 6.6000000e+01]
[4.31000000e+02 4.81000000e+02 4.09365791e-01 2.00000000e+00]
[8.54000000e+02 8.52000000e+02 4.10257456e-01 1.50000000e+01]
[8.46000000e+02 2.82000000e+02 4.11706421e-01 3.00000000e+00]
[6.37000000e+02 4.12000000e+02 4.12537844e-01 3.00000000e+00]
[5.70000000e+02 4.11000000e+02 4.12975603e-01 3.00000000e+00]
[1.50000000e+01 6.96000000e+02 4.14920718e-01 4.00000000e+00]
[5.60000000e+01 8.01000000e+02 4.15660255e-01 4.00000000e+00]
[4.03000000e+02 8.88000000e+02 4.16957741e-01 1.60000000e+01]
[3.37000000e+02 8.83000000e+02 4.16959191e-01 1.10000000e+01]
[8.28000000e+02 8.82000000e+02 4.17558817e-01 3.00000000e+01]
[181.         401.           0.41782597   2.        ]
[ 89.         257.           0.41942709   2.        ]
[8.76000000e+02 8.75000000e+02 4.20034338e-01 3.70000000e+01]
[4.28000000e+02 5.28000000e+02 4.20392367e-01 2.00000000e+00]
[4.51000000e+02 5.31000000e+02 4.20739735e-01 2.00000000e+00]
[8.93000000e+02 4.99000000e+02 4.21096948e-01 5.00000000e+00]
[8.60000000e+02 8.85000000e+02 4.23671354e-01 2.90000000e+01]
[8.99000000e+02 7.81000000e+02 4.23963575e-01 4.00000000e+01]
[8.45000000e+02 5.10000000e+02 4.24591329e-01 5.00000000e+00]
[2.85000000e+02 8.86000000e+02 4.25321815e-01 6.70000000e+01]
[118.        385.          0.4260385   2.       ]
[5.41000000e+02 9.03000000e+02 4.26379062e-01 3.20000000e+01]
[2.88000000e+02 8.69000000e+02 4.26586498e-01 1.10000000e+01]
[8.08000000e+02 8.96000000e+02 4.26855069e-01 3.20000000e+01]
[7.93000000e+02 9.04000000e+02 4.26913159e-01 4.30000000e+01]
[8.71000000e+02 6.33000000e+02 4.27204843e-01 6.00000000e+00]
[5.9600000e+02 3.6000000e+02 4.2843909e-01 3.0000000e+00]
[4.83000000e+02 8.78000000e+02 4.28910896e-01 9.00000000e+00]
[8.57000000e+02 8.63000000e+02 4.28960804e-01 7.00000000e+00]
[8.10000000e+02 8.31000000e+02 4.29177273e-01 1.70000000e+01]
[8.22000000e+02 8.94000000e+02 4.29178787e-01 1.90000000e+01]
[8.25000000e+02 2.84000000e+02 4.29180543e-01 6.00000000e+00]
[145.         242.           0.42935581   2.        ]
[8.9500000e+02 4.2500000e+02 4.3265745e-01 1.2000000e+01]
[5.91000000e+02 1.34000000e+02 4.34686772e-01 3.00000000e+00]
[8.91000000e+02 5.39000000e+02 4.35851654e-01 4.00000000e+00]
[1.41000000e+02 8.59000000e+02 4.35944269e-01 5.00000000e+00]
[8.84000000e+02 8.77000000e+02 4.37552205e-01 1.60000000e+01]
[9.05000000e+02 7.16000000e+02 4.37665624e-01 7.00000000e+00]
[9.17000000e+02 4.65000000e+02 4.37874838e-01 2.00000000e+01]
[231.         234.           0.43854689   2.        ]
[8.4800000e+02 9.1500000e+02 4.4035413e-01 1.0000000e+01]
[ 60.         304.           0.44242392   2.        ]
[1.16000000e+02 8.90000000e+02 4.42562292e-01 4.00000000e+00]
[8.13000000e+02 9.28000000e+02 4.42629366e-01 1.20000000e+01]
[8.80000000e+02 4.20000000e+02 4.43576796e-01 5.00000000e+00]
[1.33000000e+02 6.71000000e+02 4.44059768e-01 3.00000000e+00]
[8.23000000e+02 9.26000000e+02 4.45546618e-01 2.30000000e+01]
[2.81000000e+02 9.24000000e+02 4.46505777e-01 1.70000000e+01]
[8.66000000e+02 8.62000000e+02 4.46716622e-01 7.00000000e+00]
[7.3300000e+02 8.7900000e+02 4.4801956e-01 1.5000000e+01]
[8.37000000e+02 9.23000000e+02 4.49916878e-01 7.00000000e+00]
[9.12000000e+02 9.09000000e+02 4.50299691e-01 1.70000000e+01]
[179.         198.           0.45167218   2.        ]
[9.22000000e+02 8.29000000e+02 4.53967162e-01 6.00000000e+00]
[8.39000000e+02 9.41000000e+02 4.55469822e-01 8.00000000e+00]
[8.72000000e+02 9.10000000e+02 4.55658378e-01 3.50000000e+01]
[8.87000000e+02 9.37000000e+02 4.56526302e-01 1.70000000e+01]
[8.49000000e+02 9.06000000e+02 4.57439401e-01 8.20000000e+01]
[9.14000000e+02 9.32000000e+02 4.57935803e-01 1.40000000e+01]
[6.90000000e+01 5.14000000e+02 4.58482331e-01 2.00000000e+00]
[7.77000000e+02 9.20000000e+02 4.58767863e-01 1.60000000e+01]
[7.04000000e+02 9.16000000e+02 4.58835706e-01 1.90000000e+01]
[110.         310.           0.45940917   2.        ]
[6.40000000e+02 5.98000000e+02 4.62494388e-01 4.00000000e+00]
[5.82000000e+02 3.75000000e+02 4.62532345e-01 3.00000000e+00]
[4.53000000e+02 9.46000000e+02 4.65313984e-01 1.50000000e+01]
[2.23000000e+02 6.34000000e+02 4.65322824e-01 3.00000000e+00]
[9.35000000e+02 9.02000000e+02 4.65551033e-01 2.20000000e+01]
[8.89000000e+02 9.49000000e+02 4.66919177e-01 2.20000000e+01]
[8.51000000e+02 9.45000000e+02 4.67949471e-01 8.50000000e+01]
[9.43000000e+02 9.34000000e+02 4.68230119e-01 5.80000000e+01]
[8.97000000e+02 9.58000000e+02 4.68477311e-01 6.00000000e+01]
[8.34000000e+02 9.48000000e+02 4.69319317e-01 1.80000000e+01]
[9.21000000e+02 1.57000000e+02 4.69658893e-01 4.00000000e+00]
[4.88000000e+02 9.60000000e+02 4.72028363e-01 1.90000000e+01]
[6.20000000e+02 8.73000000e+02 4.72352843e-01 4.00000000e+00]
[8.98000000e+02 4.97000000e+02 4.73594821e-01 3.00000000e+00]
[4.93000000e+02 8.56000000e+02 4.75397923e-01 5.00000000e+00]
[9.55000000e+02 4.77000000e+02 4.75583179e-01 2.30000000e+01]
[9.31000000e+02 9.44000000e+02 4.75614001e-01 2.90000000e+01]
[8.74000000e+02 4.32000000e+02 4.75738823e-01 4.00000000e+00]
[8.9200000e+02 9.0700000e+02 4.7636544e-01 6.0000000e+00]
[3.41000000e+02 5.36000000e+02 4.77084765e-01 2.00000000e+00]
[ 42.        126.          0.4772361   2.       ]
[9.19000000e+02 4.47000000e+02 4.77633361e-01 3.00000000e+00]
[ 31.         464.           0.47931637   2.        ]
[9.42000000e+02 9.00000000e+02 4.81523471e-01 1.00000000e+01]
[1.10000000e+01 5.04000000e+02 4.82506245e-01 2.00000000e+00]
[8.44000000e+02 8.81000000e+02 4.83543415e-01 1.10000000e+01]
[9.53000000e+02 9.57000000e+02 4.85824369e-01 1.00000000e+02]
[4.98000000e+02 9.62000000e+02 4.86125012e-01 2.00000000e+01]
[9.33000000e+02 9.66000000e+02 4.91749753e-01 2.60000000e+01]
[9.39000000e+02 4.75000000e+02 4.95974383e-01 1.80000000e+01]
[9.61000000e+02 9.47000000e+02 4.96749207e-01 6.00000000e+00]
[9.54000000e+02 9.77000000e+02 4.96772305e-01 1.03000000e+02]
[9.67000000e+02 9.59000000e+02 4.97284565e-01 8.90000000e+01]
[9.68000000e+02 4.16000000e+02 4.99881662e-01 5.00000000e+00]
[9.08000000e+02 9.11000000e+02 5.01140619e-01 7.50000000e+01]
[3.06000000e+02 9.72000000e+02 5.01356284e-01 4.00000000e+00]
[9.27000000e+02 3.79000000e+02 5.02225907e-01 3.00000000e+00]
[5.97000000e+02 9.65000000e+02 5.04507118e-01 7.00000000e+00]
[6.58000000e+02 9.29000000e+02 5.05917678e-01 5.00000000e+00]
[8.40000000e+01 9.88000000e+02 5.07829467e-01 8.00000000e+00]
[9.81000000e+02 9.85000000e+02 5.08857907e-01 8.10000000e+01]
[9.25000000e+02 9.83000000e+02 5.09740311e-01 9.60000000e+01]
[8.64000000e+02 9.91000000e+02 5.10296414e-01 8.30000000e+01]
[9.76000000e+02 9.80000000e+02 5.14158262e-01 2.90000000e+01]
[9.18000000e+02 2.68000000e+02 5.15585513e-01 7.00000000e+00]
[9.01000000e+02 9.82000000e+02 5.16863699e-01 1.05000000e+02]
[9.56000000e+02 9.92000000e+02 5.19147396e-01 1.18000000e+02]
[9.79000000e+02 9.94000000e+02 5.21216715e-01 5.50000000e+01]
[9.30000000e+02 9.96000000e+02 5.21795621e-01 1.09000000e+02]
[1.71000000e+02 9.78000000e+02 5.23523902e-01 2.10000000e+01]
[9.36000000e+02 9.97000000e+02 5.24163564e-01 1.25000000e+02]
[9.38000000e+02 9.99000000e+02 5.24759487e-01 1.16000000e+02]
[4.74000000e+02 9.98000000e+02 5.26541578e-01 5.60000000e+01]
[9.13000000e+02 3.51000000e+02 5.31349321e-01 4.00000000e+00]
[9.90000000e+02 4.07000000e+02 5.33622556e-01 9.00000000e+00]
[9.74000000e+02 3.19000000e+02 5.37092967e-01 1.10000000e+01]
[9.73000000e+02 1.00300000e+03 5.37414373e-01 5.80000000e+01]
[5.83000000e+02 1.00100000e+03 5.42709753e-01 1.27000000e+02]
[107.         316.           0.54362018   2.        ]
[2.43000000e+02 1.00800000e+03 5.43895019e-01 1.28000000e+02]
[131.         470.           0.54412812   2.        ]
[1.14000000e+02 7.78000000e+02 5.48995111e-01 3.00000000e+00]
[9.40000000e+02 3.64000000e+02 5.50149767e-01 3.00000000e+00]
[1.00200000e+03 1.00700000e+03 5.51273427e-01 1.74000000e+02]
[9.63000000e+02 1.01400000e+03 5.54749714e-01 1.78000000e+02]
[3.88000000e+02 6.02000000e+02 5.56996952e-01 3.00000000e+00]
[1.00500000e+03 9.51000000e+02 5.57855554e-01 1.30000000e+01]
[9.52000000e+02 1.01500000e+03 5.58490584e-01 1.81000000e+02]
[9.7500000e+02 9.6900000e+02 5.6037757e-01 8.0000000e+00]
[  2.         455.           0.56576835   2.        ]
[9.87000000e+02 9.86000000e+02 5.67997263e-01 7.00000000e+00]
[355.         441.           0.56985835   2.        ]
[9.93000000e+02 1.01000000e+03 5.70906627e-01 2.11000000e+02]
[ 45.         434.           0.57264862   2.        ]
[9.84000000e+02 1.01700000e+03 5.73618778e-01 1.80000000e+01]
[9.71000000e+02 1.00000000e+03 5.82377961e-01 2.30000000e+01]
[1.01300000e+03 5.07000000e+02 5.86527306e-01 4.00000000e+00]
[1.00600000e+03 7.70000000e+01 5.88393194e-01 1.20000000e+01]
[9.50000000e+02 1.02300000e+03 5.90132998e-01 2.13000000e+02]
[1.02500000e+03 1.01800000e+03 5.94219257e-01 1.99000000e+02]
[9.64000000e+02 1.08000000e+02 5.94503531e-01 4.00000000e+00]
[9.95000000e+02 1.62000000e+02 5.94551342e-01 8.00000000e+00]
[502.         506.           0.59598537   2.        ]
[5.50000000e+01 1.02900000e+03 5.96774209e-01 2.14000000e+02]
[1.01100000e+03 1.77000000e+02 5.97324751e-01 3.00000000e+00]
[1.20000000e+02 6.24000000e+02 6.01334412e-01 3.00000000e+00]
[1.03000000e+03 9.89000000e+02 6.01428325e-01 2.04000000e+02]
[1.03700000e+03 1.00400000e+03 6.02213773e-01 2.08000000e+02]
[1.02100000e+03 3.77000000e+02 6.10095462e-01 8.00000000e+00]
[1.01600000e+03 1.03400000e+03 6.11872623e-01 2.17000000e+02]
[1.01200000e+03 1.03600000e+03 6.20661093e-01 6.00000000e+00]
[7.31000000e+02 7.69000000e+02 6.21320818e-01 6.00000000e+00]
[ 47.         191.           0.63212798   2.        ]
[1.02600000e+03 1.03500000e+03 6.34431491e-01 2.60000000e+01]
[1.02700000e+03 1.03800000e+03 6.40318707e-01 2.12000000e+02]
[1.03200000e+03 1.04200000e+03 6.41130567e-01 1.40000000e+01]
[1.03100000e+03 1.04500000e+03 6.44654097e-01 2.16000000e+02]
[1.03900000e+03 4.58000000e+02 6.53387446e-01 9.00000000e+00]
[1.04700000e+03 1.69000000e+02 6.63370813e-01 2.17000000e+02]
[1.04100000e+03 1.04000000e+03 6.63742794e-01 2.23000000e+02]
[1.04300000e+03 1.05000000e+03 6.67500609e-01 2.25000000e+02]
[4.19000000e+02 1.04900000e+03 6.69517187e-01 2.18000000e+02]
[1.04600000e+03 1.01900000e+03 6.74710724e-01 2.20000000e+01]
[1.05200000e+03 1.04400000e+03 6.86643171e-01 2.44000000e+02]
[1.04800000e+03 1.05400000e+03 6.90775446e-01 2.53000000e+02]
[1.05100000e+03 1.02200000e+03 6.91949987e-01 2.27000000e+02]
[1.0200000e+03 1.0090000e+03 7.0854831e-01 4.0000000e+00]
[1.30000000e+01 1.02400000e+03 7.24022874e-01 3.00000000e+00]
[1.05700000e+03 1.05600000e+03 7.37112316e-01 2.31000000e+02]
[1.05300000e+03 1.02800000e+03 7.41143912e-01 3.40000000e+01]
[1.06000000e+03 1.03300000e+03 7.52618015e-01 3.60000000e+01]
[9.70000000e+02 1.05500000e+03 7.56712861e-01 2.55000000e+02]
[1.05900000e+03 1.05800000e+03 7.82010133e-01 2.34000000e+02]
[1.06200000e+03 1.06300000e+03 7.85156114e-01 4.89000000e+02]
[543.         147.           0.79119649   3.        ]
[2.12000000e+02 1.06400000e+03 7.94545295e-01 4.90000000e+02]
[1.06100000e+03 1.06600000e+03 8.06328203e-01 5.26000000e+02]
[1.06700000e+03 7.48000000e+02 8.56748448e-01 5.28000000e+02]
[166.         429.           0.86839525   2.        ]
[277.         314.           0.89291986   2.        ]
[1.06800000e+03 8.60000000e+01 8.97241239e-01 5.29000000e+02]
[311.        533.          0.9051164   2.       ]
[2.01000000e+02 1.07200000e+03 9.42442054e-01 3.00000000e+00]
[1.07100000e+03 1.06900000e+03 9.68190807e-01 5.31000000e+02]
[1.07400000e+03 1.06500000e+03 9.87017094e-01 5.34000000e+02]
[1.07500000e+03 1.07000000e+03 1.00365747e+00 5.36000000e+02]
[1.07600000e+03 1.07300000e+03 1.01268116e+00 5.39000000e+02]
[1.0770000e+03 2.8900000e+02 1.0217331e+00 5.4000000e+02]
