[  1. 216.   0.   2.]
[540. 113.   0.   3.]
[  6. 129.   0.   2.]
[ 24. 423.   0.   2.]
[64. 68.  0.  2.]
[544.  93.   0.   3.]
[545. 123.   0.   4.]
[546. 214.   0.   5.]
[547. 261.   0.   6.]
[ 72. 437.   0.   2.]
[ 78. 125.   0.   2.]
[550. 315.   0.   3.]
[ 95. 152.   0.   2.]
[552. 240.   0.   3.]
[553. 301.   0.   4.]
[554. 308.   0.   5.]
[555. 220.   0.   6.]
[307. 556.   0.   7.]
[136. 336.   0.   2.]
[178. 245.   0.   2.]
[205. 251.   0.   2.]
[270. 271.   0.   2.]
[561. 140.   0.   3.]
[359. 413.   0.   2.]
[5.57000000e+02 2.95000000e+02 3.47364136e-09 8.00000000e+00]
[8.10000000e+01 5.64000000e+02 8.94141017e-09 9.00000000e+00]
[9.00000000e+01 5.18000000e+02 1.49011612e-08 2.00000000e+00]
[5.6200000e+02 1.7000000e+02 1.9887608e-08 4.0000000e+00]
[5.00000000e+01 1.35000000e+02 2.10734243e-08 2.00000000e+00]
[5.68000000e+02 3.29000000e+02 2.10734243e-08 3.00000000e+00]
[6.10000000e+01 2.36000000e+02 2.10734243e-08 2.00000000e+00]
[1.03000000e+02 1.96000000e+02 2.10734243e-08 2.00000000e+00]
[3.00000000e+02 3.02000000e+02 2.58095683e-08 2.00000000e+00]
[7.40000000e+01 9.10000000e+01 2.98023224e-08 2.00000000e+00]
[5.73000000e+02 3.17000000e+02 2.98023224e-08 3.00000000e+00]
[5.72000000e+02 4.68000000e+02 3.57913921e-08 3.00000000e+00]
[3.80000000e+02 4.00000000e+02 7.95504321e-08 2.00000000e+00]
[5.7400000e+02 2.7400000e+02 8.5600654e-08 4.0000000e+00]
[5.67000000e+02 5.76000000e+02 1.94368865e-02 6.00000000e+00]
[5.69000000e+02 1.30000000e+02 9.09310098e-02 4.00000000e+00]
[4.36000000e+02 5.22000000e+02 9.44913275e-02 2.00000000e+00]
[4.0000000e+00 2.6200000e+02 1.0123878e-01 2.0000000e+00]
[1.24000000e+02 3.05000000e+02 1.01434478e-01 2.00000000e+00]
[2.18000000e+02 5.03000000e+02 1.03739493e-01 2.00000000e+00]
[21.         40.          0.10729738  2.        ]
[5.79000000e+02 5.65000000e+02 1.07624215e-01 1.30000000e+01]
[3.03000000e+02 3.69000000e+02 1.08592174e-01 2.00000000e+00]
[4.92000000e+02 5.23000000e+02 1.11173699e-01 2.00000000e+00]
[1.70000000e+01 2.83000000e+02 1.11574654e-01 2.00000000e+00]
[1.65000000e+02 2.08000000e+02 1.12730895e-01 2.00000000e+00]
[3.48000000e+02 3.67000000e+02 1.13166108e-01 2.00000000e+00]
[4.90000000e+01 2.46000000e+02 1.17898885e-01 2.00000000e+00]
[65.         76.          0.11806438  2.        ]
[6.30000000e+01 4.26000000e+02 1.20585876e-01 2.00000000e+00]
[2.47000000e+02 2.49000000e+02 1.20809237e-01 2.00000000e+00]
[1.55000000e+02 2.72000000e+02 1.24712852e-01 2.00000000e+00]
[3.09000000e+02 3.94000000e+02 1.24956369e-01 2.00000000e+00]
[3.96000000e+02 4.14000000e+02 1.25181915e-01 2.00000000e+00]
[3.39000000e+02 4.73000000e+02 1.25662516e-01 2.00000000e+00]
[5.77000000e+02 2.04000000e+02 1.25922583e-01 5.00000000e+00]
[5.78000000e+02 3.34000000e+02 1.26471159e-01 7.00000000e+00]
[41.         52.          0.12663298  2.        ]
[3.00000000e+01 2.09000000e+02 1.27010975e-01 2.00000000e+00]
[3.46000000e+02 4.38000000e+02 1.28446535e-01 2.00000000e+00]
[5.8900000e+02 2.9100000e+02 1.3140904e-01 3.0000000e+00]
[5.81000000e+02 2.21000000e+02 1.36310846e-01 3.00000000e+00]
[ 62.         112.           0.13782569   2.        ]
[2.13000000e+02 3.86000000e+02 1.38148785e-01 2.00000000e+00]
[2.90000000e+02 5.30000000e+02 1.40875527e-01 2.00000000e+00]
[5.99000000e+02 1.64000000e+02 1.41364975e-01 6.00000000e+00]
[6.04000000e+02 1.80000000e+02 1.45617183e-01 4.00000000e+00]
[4.18000000e+02 4.61000000e+02 1.46741382e-01 2.00000000e+00]
[2.29000000e+02 6.00000000e+02 1.46911742e-01 8.00000000e+00]
[3.6600000e+02 5.1700000e+02 1.5205281e-01 2.0000000e+00]
[1.85000000e+02 1.95000000e+02 1.52240951e-01 2.00000000e+00]
[1.40000000e+01 4.33000000e+02 1.54450646e-01 2.00000000e+00]
[3.56000000e+02 4.67000000e+02 1.55558139e-01 2.00000000e+00]
[1.60000000e+01 4.39000000e+02 1.55672607e-01 2.00000000e+00]
[5.85000000e+02 2.19000000e+02 1.56298531e-01 1.40000000e+01]
[2.07000000e+02 2.56000000e+02 1.57179222e-01 2.00000000e+00]
[2.9700000e+02 4.2700000e+02 1.5722257e-01 2.0000000e+00]
[3.81000000e+02 4.05000000e+02 1.59989036e-01 2.00000000e+00]
[6.18000000e+02 1.54000000e+02 1.60159732e-01 1.50000000e+01]
[3.97000000e+02 4.44000000e+02 1.60988044e-01 2.00000000e+00]
[1.4300000e+02 4.4500000e+02 1.6132986e-01 2.0000000e+00]
[ 54.         150.           0.16245685   2.        ]
[4.02000000e+02 4.89000000e+02 1.63179724e-01 2.00000000e+00]
[2.76000000e+02 3.45000000e+02 1.64550693e-01 2.00000000e+00]
[8.00000000e+01 4.09000000e+02 1.64697451e-01 2.00000000e+00]
[6.09000000e+02 1.21000000e+02 1.64732133e-01 7.00000000e+00]
[4.15000000e+02 4.60000000e+02 1.65853944e-01 2.00000000e+00]
[1.90000000e+01 6.12000000e+02 1.66007697e-01 9.00000000e+00]
[1.09000000e+02 5.75000000e+02 1.68116491e-01 4.00000000e+00]
[1.44000000e+02 5.63000000e+02 1.68128335e-01 3.00000000e+00]
[3.20000000e+02 4.06000000e+02 1.68766344e-01 2.00000000e+00]
[1.42000000e+02 5.19000000e+02 1.70996411e-01 2.00000000e+00]
[6.25000000e+02 1.48000000e+02 1.72203474e-01 3.00000000e+00]
[2.48000000e+02 5.16000000e+02 1.73673849e-01 2.00000000e+00]
[1.83000000e+02 3.47000000e+02 1.76011937e-01 2.00000000e+00]
[6.05000000e+02 5.60000000e+02 1.81240902e-01 5.00000000e+00]
[2.90000000e+01 4.86000000e+02 1.82520664e-01 2.00000000e+00]
[6.10000000e+02 2.33000000e+02 1.83112494e-01 5.00000000e+00]
[5.00000000e+00 2.75000000e+02 1.83164198e-01 2.00000000e+00]
[5.58000000e+02 1.76000000e+02 1.86275014e-01 3.00000000e+00]
[6.22000000e+02 4.48000000e+02 1.87247542e-01 1.60000000e+01]
[ 27.         172.           0.18742212   2.        ]
[3.27000000e+02 5.38000000e+02 1.91127035e-01 2.00000000e+00]
[6.31000000e+02 1.04000000e+02 1.92766129e-01 1.00000000e+01]
[2.06000000e+02 3.22000000e+02 1.92766971e-01 2.00000000e+00]
[1.28000000e+02 6.41000000e+02 1.93397273e-01 6.00000000e+00]
[1.60000000e+02 2.98000000e+02 1.94971635e-01 2.00000000e+00]
[3.33000000e+02 6.49000000e+02 1.95114783e-01 7.00000000e+00]
[2.00000000e+01 6.39000000e+02 1.97119221e-01 6.00000000e+00]
[6.44000000e+02 6.50000000e+02 1.99773257e-01 1.80000000e+01]
[6.53000000e+02 3.50000000e+01 2.03073918e-01 1.90000000e+01]
[  9.         156.           0.20436513   2.        ]
[6.54000000e+02 2.39000000e+02 2.06120773e-01 2.00000000e+01]
[6.01000000e+02 3.82000000e+02 2.07463021e-01 3.00000000e+00]
[3.18000000e+02 5.09000000e+02 2.07611804e-01 2.00000000e+00]
[6.56000000e+02 3.28000000e+02 2.07682473e-01 2.10000000e+01]
[6.59000000e+02 6.47000000e+02 2.09519341e-01 3.10000000e+01]
[6.06000000e+02 6.51000000e+02 2.13528473e-01 9.00000000e+00]
[6.61000000e+02 1.15000000e+02 2.22252197e-01 1.00000000e+01]
[3.93000000e+02 5.11000000e+02 2.22931541e-01 2.00000000e+00]
[7.0000000e+01 6.6000000e+02 2.2308421e-01 3.2000000e+01]
[ 33.        122.          0.2239195   2.       ]
[3.6100000e+02 5.2700000e+02 2.2450116e-01 2.0000000e+00]
[6.29000000e+02 8.70000000e+01 2.24841461e-01 8.00000000e+00]
[2.37000000e+02 4.90000000e+02 2.30694445e-01 2.00000000e+00]
[4.54000000e+02 4.80000000e+02 2.30820368e-01 2.00000000e+00]
[2.10000000e+02 3.83000000e+02 2.31573919e-01 2.00000000e+00]
[5.42000000e+02 6.27000000e+02 2.31956409e-01 4.00000000e+00]
[ 82.         182.           0.23269335   2.        ]
[6.67000000e+02 1.53000000e+02 2.32883807e-01 9.00000000e+00]
[ 92.         192.           0.23469212   2.        ]
[6.55000000e+02 5.51000000e+02 2.35857366e-01 5.00000000e+00]
[6.52000000e+02 6.19000000e+02 2.40131113e-01 8.00000000e+00]
[3.80000000e+01 6.32000000e+02 2.40242528e-01 5.00000000e+00]
[6.74000000e+02 2.69000000e+02 2.44310487e-01 3.00000000e+00]
[6.64000000e+02 6.69000000e+02 2.45245419e-01 3.40000000e+01]
[2.65000000e+02 6.76000000e+02 2.45279242e-01 9.00000000e+00]
[7.10000000e+01 4.62000000e+02 2.51338993e-01 2.00000000e+00]
[6.42000000e+02 6.80000000e+02 2.51663784e-01 1.10000000e+01]
[3.40000000e+02 6.77000000e+02 2.54539913e-01 6.00000000e+00]
[6.82000000e+02 2.64000000e+02 2.55617882e-01 1.20000000e+01]
[5.48000000e+02 3.24000000e+02 2.56217603e-01 7.00000000e+00]
[2.28000000e+02 3.57000000e+02 2.56396483e-01 2.00000000e+00]
[3.63000000e+02 5.21000000e+02 2.58961339e-01 2.00000000e+00]
[1.73000000e+02 6.84000000e+02 2.60961862e-01 1.30000000e+01]
[2.11000000e+02 6.79000000e+02 2.62070044e-01 3.50000000e+01]
[6.43000000e+02 6.83000000e+02 2.62121574e-01 9.00000000e+00]
[ 58.         238.           0.26223597   2.        ]
[8.50000000e+01 4.87000000e+02 2.63614979e-01 2.00000000e+00]
[6.73000000e+02 1.74000000e+02 2.64632623e-01 1.00000000e+01]
[6.71000000e+02 5.95000000e+02 2.64858506e-01 6.00000000e+00]
[5.59000000e+02 3.58000000e+02 2.67494386e-01 3.00000000e+00]
[6.70000000e+01 4.95000000e+02 2.67605549e-01 2.00000000e+00]
[6.70000000e+02 3.74000000e+02 2.69812377e-01 3.00000000e+00]
[6.72000000e+02 6.89000000e+02 2.71097183e-01 3.70000000e+01]
[4.60000000e+01 5.92000000e+02 2.72231731e-01 3.00000000e+00]
[ 99.         266.           0.27359009   2.        ]
[4.4900000e+02 5.2900000e+02 2.7388589e-01 2.0000000e+00]
[ 10.         225.           0.27504037   2.        ]
[6.75000000e+02 1.99000000e+02 2.75359999e-01 6.00000000e+00]
[217.         222.           0.27700947   2.        ]
[3.32000000e+02 4.69000000e+02 2.77165635e-01 2.00000000e+00]
[1.2000000e+01 4.5700000e+02 2.7750399e-01 2.0000000e+00]
[139.         241.           0.27986723   2.        ]
[3.84000000e+02 4.79000000e+02 2.80139453e-01 2.00000000e+00]
[6.08000000e+02 4.22000000e+02 2.82570526e-01 3.00000000e+00]
[2.30000000e+02 6.58000000e+02 2.83084026e-01 3.00000000e+00]
[5.7000000e+01 4.7100000e+02 2.8352352e-01 2.0000000e+00]
[6.98000000e+02 6.38000000e+02 2.84600985e-01 3.90000000e+01]
[6.90000000e+02 1.86000000e+02 2.84994859e-01 1.00000000e+01]
[1.80000000e+01 2.94000000e+02 2.85531181e-01 2.00000000e+00]
[5.25000000e+02 4.21000000e+02 2.86181444e-01 2.00000000e+00]
[2.99000000e+02 3.95000000e+02 2.86218198e-01 2.00000000e+00]
[2.55000000e+02 6.95000000e+02 2.87273827e-01 4.00000000e+00]
[ 98.         132.           0.28734542   2.        ]
[1.01000000e+02 3.12000000e+02 2.87388291e-01 2.00000000e+00]
[4.46000000e+02 7.15000000e+02 2.87750747e-01 3.00000000e+00]
[7.12000000e+02 6.21000000e+02 2.89771894e-01 4.10000000e+01]
[3.3500000e+02 3.3800000e+02 2.9013737e-01 2.0000000e+00]
[6.36000000e+02 6.96000000e+02 2.93479275e-01 5.00000000e+00]
[6.11000000e+02 5.80000000e+02 2.94390069e-01 4.00000000e+00]
[ 73.         200.           0.29448037   2.        ]
[3.21000000e+02 3.89000000e+02 2.95596664e-01 2.00000000e+00]
[7.02000000e+02 6.48000000e+02 2.95952163e-01 4.00000000e+00]
[4.08000000e+02 4.50000000e+02 2.97043997e-01 2.00000000e+00]
[6.60000000e+01 5.71000000e+02 2.98085568e-01 3.00000000e+00]
[2.44000000e+02 7.17000000e+02 2.98166005e-01 5.00000000e+00]
[1.87000000e+02 5.00000000e+02 2.98471635e-01 2.00000000e+00]
[1.27000000e+02 7.21000000e+02 3.00283814e-01 4.20000000e+01]
[2.59000000e+02 3.87000000e+02 3.00295983e-01 2.00000000e+00]
[6.92000000e+02 6.88000000e+02 3.00341964e-01 1.50000000e+01]
[6.17000000e+02 6.46000000e+02 3.02070307e-01 4.00000000e+00]
[1.94000000e+02 4.63000000e+02 3.02160662e-01 2.00000000e+00]
[1.19000000e+02 7.13000000e+02 3.02492499e-01 1.10000000e+01]
[6.99000000e+02 8.30000000e+01 3.04228558e-01 4.00000000e+00]
[2.50000000e+02 4.42000000e+02 3.05071324e-01 2.00000000e+00]
[6.91000000e+02 2.63000000e+02 3.05457791e-01 3.00000000e+00]
[7.03000000e+02 4.35000000e+02 3.06244285e-01 7.00000000e+00]
[6.65000000e+02 3.62000000e+02 3.06645444e-01 3.00000000e+00]
[4.66000000e+02 4.94000000e+02 3.07506133e-01 2.00000000e+00]
[6.13000000e+02 5.87000000e+02 3.08518015e-01 4.00000000e+00]
[7.09000000e+02 6.86000000e+02 3.08663531e-01 5.00000000e+00]
[4.76000000e+02 5.15000000e+02 3.08691267e-01 2.00000000e+00]
[3.65000000e+02 4.43000000e+02 3.09139825e-01 2.00000000e+00]
[2.27000000e+02 7.37000000e+02 3.10227923e-01 1.20000000e+01]
[2.32000000e+02 7.44000000e+02 3.10863798e-01 5.00000000e+00]
[3.90000000e+02 5.01000000e+02 3.13549884e-01 2.00000000e+00]
[5.12000000e+02 7.08000000e+02 3.14470709e-01 3.00000000e+00]
[6.93000000e+02 1.17000000e+02 3.14573755e-01 1.10000000e+01]
[7.14000000e+02 2.87000000e+02 3.15233284e-01 3.00000000e+00]
[ 97.         226.           0.31564173   2.        ]
[8.80000000e+01 5.66000000e+02 3.15851529e-01 3.00000000e+00]
[6.16000000e+02 5.35000000e+02 3.16124745e-01 3.00000000e+00]
[2.92000000e+02 3.78000000e+02 3.16710467e-01 2.00000000e+00]
[6.15000000e+02 2.20000000e+01 3.16739913e-01 3.00000000e+00]
[9.40000000e+01 3.73000000e+02 3.16913593e-01 2.00000000e+00]
[2.30000000e+01 7.32000000e+02 3.17000429e-01 4.30000000e+01]
[3.23000000e+02 6.26000000e+02 3.17611175e-01 3.00000000e+00]
[5.88000000e+02 1.97000000e+02 3.18131611e-01 3.00000000e+00]
[3.91000000e+02 5.13000000e+02 3.18166378e-01 2.00000000e+00]
[7.11000000e+02 6.07000000e+02 3.19227911e-01 4.00000000e+00]
[7.45000000e+02 7.01000000e+02 3.21442661e-01 7.00000000e+00]
[7.42000000e+02 1.51000000e+02 3.22073596e-01 4.00000000e+00]
[3.0000000e+00 3.5000000e+02 3.2224746e-01 2.0000000e+00]
[2.50000000e+01 4.04000000e+02 3.23117646e-01 2.00000000e+00]
[7.18000000e+02 3.72000000e+02 3.25877254e-01 3.00000000e+00]
[6.62000000e+02 2.02000000e+02 3.26125929e-01 1.10000000e+01]
[7.36000000e+02 2.52000000e+02 3.26549803e-01 3.00000000e+00]
[ 32.         188.           0.32698092   2.        ]
[4.24000000e+02 5.90000000e+02 3.27500991e-01 3.00000000e+00]
[7.23000000e+02 7.48000000e+02 3.28165081e-01 1.70000000e+01]
[6.1400000e+02 4.9600000e+02 3.2883422e-01 3.0000000e+00]
[4.7200000e+02 5.0800000e+02 3.3244084e-01 2.0000000e+00]
[6.94000000e+02 7.60000000e+02 3.32659518e-01 4.90000000e+01]
[7.63000000e+02 7.51000000e+02 3.33749972e-01 5.00000000e+00]
[7.35000000e+02 7.77000000e+02 3.35472529e-01 5.30000000e+01]
[5.49000000e+02 6.63000000e+02 3.36962316e-01 4.00000000e+00]
[7.67000000e+02 7.34000000e+02 3.37083272e-01 1.70000000e+01]
[7.69000000e+02 7.30000000e+02 3.37418877e-01 8.00000000e+00]
[193.         279.           0.33775523   2.        ]
[3.52000000e+02 7.43000000e+02 3.38800691e-01 3.00000000e+00]
[7.40000000e+02 1.06000000e+02 3.39279395e-01 4.00000000e+00]
[168.         296.           0.33978216   2.        ]
[7.26000000e+02 3.98000000e+02 3.39966439e-01 3.00000000e+00]
[7.49000000e+02 3.71000000e+02 3.41307937e-01 6.00000000e+00]
[26.         96.          0.34188372  2.        ]
[4.85000000e+02 7.62000000e+02 3.42025167e-01 4.00000000e+00]
[5.10000000e+01 7.24000000e+02 3.43863084e-01 5.00000000e+00]
[7.38000000e+02 7.79000000e+02 3.44011477e-01 5.70000000e+01]
[7.33000000e+02 3.30000000e+02 3.44118757e-01 3.00000000e+00]
[6.85000000e+02 7.74000000e+02 3.45446953e-01 2.40000000e+01]
[0.00000000e+00 5.24000000e+02 3.45529035e-01 2.00000000e+00]
[7.65000000e+02 7.90000000e+02 3.45868885e-01 1.10000000e+01]
[ 75.         102.           0.34590424   2.        ]
[ 34.         138.           0.34666179   2.        ]
[161.         260.           0.34834714   2.        ]
[7.55000000e+02 4.10000000e+02 3.49975635e-01 4.00000000e+00]
[7.20000000e+02 7.96000000e+02 3.50547393e-01 1.40000000e+01]
[7.66000000e+02 2.78000000e+02 3.50752305e-01 5.00000000e+00]
[7.70000000e+02 1.67000000e+02 3.51707893e-01 1.20000000e+01]
[7.54000000e+02 7.64000000e+02 3.52177581e-01 6.00000000e+00]
[5.90000000e+01 7.52000000e+02 3.52942304e-01 1.20000000e+01]
[2.80000000e+01 7.91000000e+02 3.53328567e-01 6.00000000e+00]
[1.11000000e+02 7.07000000e+02 3.54407784e-01 3.00000000e+00]
[7.06000000e+02 8.04000000e+02 3.55578732e-01 8.00000000e+00]
[7.53000000e+02 3.54000000e+02 3.55619555e-01 4.00000000e+00]
[7.10000000e+02 5.32000000e+02 3.55886456e-01 4.00000000e+00]
[100.         137.           0.35681982   2.        ]
[1.49000000e+02 6.30000000e+02 3.57203082e-01 3.00000000e+00]
[7.7500000e+02 7.2200000e+02 3.5789662e-01 5.0000000e+00]
[2.15000000e+02 7.46000000e+02 3.58087836e-01 3.00000000e+00]
[8.0500000e+02 3.1300000e+02 3.5828513e-01 1.3000000e+01]
[1.58000000e+02 7.88000000e+02 3.60707298e-01 7.00000000e+00]
[7.28000000e+02 7.87000000e+02 3.61793376e-01 5.00000000e+00]
[3.42000000e+02 3.68000000e+02 3.62338802e-01 2.00000000e+00]
[3.76000000e+02 7.78000000e+02 3.62878147e-01 6.00000000e+00]
[3.49000000e+02 8.07000000e+02 3.65513029e-01 4.00000000e+00]
[8.01000000e+02 7.56000000e+02 3.65519227e-01 1.70000000e+01]
[3.43000000e+02 5.20000000e+02 3.65545165e-01 2.00000000e+00]
[7.89000000e+02 7.73000000e+02 3.65983834e-01 5.00000000e+00]
[2.67000000e+02 4.82000000e+02 3.66213805e-01 2.00000000e+00]
[5.93000000e+02 3.26000000e+02 3.66214909e-01 3.00000000e+00]
[ 37.         189.           0.36638864   2.        ]
[7.27000000e+02 4.80000000e+01 3.66665138e-01 5.00000000e+00]
[7.68000000e+02 3.31000000e+02 3.66955853e-01 3.00000000e+00]
[3.70000000e+02 4.59000000e+02 3.67354344e-01 2.00000000e+00]
[6.78000000e+02 2.80000000e+02 3.67573463e-01 4.00000000e+00]
[4.1700000e+02 8.0200000e+02 3.6787929e-01 6.0000000e+00]
[7.90000000e+01 7.39000000e+02 3.69966809e-01 3.00000000e+00]
[3.44000000e+02 5.26000000e+02 3.70448896e-01 2.00000000e+00]
[7.19000000e+02 8.21000000e+02 3.70499653e-01 1.90000000e+01]
[7.82000000e+02 2.85000000e+02 3.71702427e-01 9.00000000e+00]
[7.94000000e+02 7.81000000e+02 3.73129513e-01 4.10000000e+01]
[8.03000000e+02 2.53000000e+02 3.73390305e-01 1.30000000e+01]
[7.84000000e+02 6.66000000e+02 3.74067777e-01 5.00000000e+00]
[4.40000000e+01 4.52000000e+02 3.77009493e-01 2.00000000e+00]
[5.30000000e+01 4.56000000e+02 3.79140833e-01 2.00000000e+00]
[7.98000000e+02 8.36000000e+02 3.79694082e-01 4.30000000e+01]
[6.45000000e+02 1.63000000e+02 3.80371677e-01 3.00000000e+00]
[7.00000000e+00 7.50000000e+02 3.80687437e-01 3.00000000e+00]
[2.24000000e+02 8.16000000e+02 3.80932149e-01 8.00000000e+00]
[7.04000000e+02 7.16000000e+02 3.81322763e-01 4.00000000e+00]
[258.         159.           0.38154401   2.        ]
[5.84000000e+02 4.30000000e+02 3.82724706e-01 3.00000000e+00]
[5.86000000e+02 8.17000000e+02 3.83367278e-01 7.00000000e+00]
[2.86000000e+02 7.76000000e+02 3.85982353e-01 3.00000000e+00]
[3.60000000e+01 8.00000000e+02 3.87000499e-01 5.00000000e+00]
[8.42000000e+02 4.40000000e+02 3.87413533e-01 4.00000000e+00]
[8.08000000e+02 8.34000000e+02 3.89107672e-01 2.70000000e+01]
[8.00000000e+00 5.05000000e+02 3.89805834e-01 2.00000000e+00]
[6.28000000e+02 6.23000000e+02 3.89822169e-01 4.00000000e+00]
[7.86000000e+02 7.92000000e+02 3.90579342e-01 5.90000000e+01]
[2.0300000e+02 3.9900000e+02 3.9084554e-01 2.0000000e+00]
[2.7300000e+02 8.2300000e+02 3.9150725e-01 6.0000000e+00]
[8.26000000e+02 8.55000000e+02 3.91908766e-01 6.10000000e+01]
[8.12000000e+02 4.11000000e+02 3.92284981e-01 4.00000000e+00]
[8.22000000e+02 3.53000000e+02 3.92579589e-01 3.00000000e+00]
[7.41000000e+02 1.46000000e+02 3.93143938e-01 8.00000000e+00]
[8.24000000e+02 8.38000000e+02 3.93188951e-01 7.00000000e+00]
[7.58000000e+02 6.87000000e+02 3.93421634e-01 5.00000000e+00]
[4.78000000e+02 8.60000000e+02 3.94432191e-01 4.00000000e+00]
[6.35000000e+02 3.25000000e+02 3.94768475e-01 3.00000000e+00]
[105.         282.           0.39486071   2.        ]
[8.10000000e+02 8.19000000e+02 3.94994714e-01 1.00000000e+01]
[8.44000000e+02 5.37000000e+02 3.95010784e-01 9.00000000e+00]
[7.97000000e+02 8.62000000e+02 3.95614545e-01 9.00000000e+00]
[8.52000000e+02 7.59000000e+02 3.97555767e-01 2.90000000e+01]
[8.32000000e+02 8.58000000e+02 3.99158346e-01 6.40000000e+01]
[8.41000000e+02 7.93000000e+02 4.00059001e-01 4.60000000e+01]
[1.8400000e+02 8.3500000e+02 4.0097912e-01 1.0000000e+01]
[8.37000000e+02 7.00000000e+02 4.01248794e-01 1.50000000e+01]
[8.70000000e+02 8.69000000e+02 4.01540031e-01 3.80000000e+01]
[3.90000000e+01 6.03000000e+02 4.01689342e-01 3.00000000e+00]
[2.35000000e+02 5.39000000e+02 4.02967806e-01 2.00000000e+00]
[7.57000000e+02 8.31000000e+02 4.04560369e-01 8.00000000e+00]
[8.50000000e+02 7.85000000e+02 4.05797997e-01 9.00000000e+00]
[8.45000000e+02 5.10000000e+02 4.06106264e-01 5.00000000e+00]
[8.28000000e+02 5.28000000e+02 4.06284693e-01 4.00000000e+00]
[7.99000000e+02 8.61000000e+02 4.06860524e-01 1.00000000e+01]
[7.95000000e+02 8.20000000e+02 4.07667858e-01 6.00000000e+00]
[3.06000000e+02 5.34000000e+02 4.08412633e-01 2.00000000e+00]
[4.31000000e+02 4.81000000e+02 4.09365791e-01 2.00000000e+00]
[4.84000000e+02 8.67000000e+02 4.09711543e-01 1.10000000e+01]
[7.72000000e+02 5.91000000e+02 4.10762442e-01 4.00000000e+00]
[6.37000000e+02 4.12000000e+02 4.12537844e-01 3.00000000e+00]
[8.46000000e+02 8.78000000e+02 4.14314698e-01 1.00000000e+01]
[8.57000000e+02 8.25000000e+02 4.14400734e-01 9.00000000e+00]
[1.50000000e+01 6.97000000e+02 4.14920718e-01 4.00000000e+00]
[8.75000000e+02 8.06000000e+02 4.15320795e-01 4.40000000e+01]
[5.60000000e+01 4.99000000e+02 4.15660255e-01 2.00000000e+00]
[4.03000000e+02 4.64000000e+02 4.16957741e-01 2.00000000e+00]
[3.37000000e+02 4.25000000e+02 4.16959191e-01 2.00000000e+00]
[181.         401.           0.41782597   2.        ]
[8.90000000e+02 4.65000000e+02 4.18095247e-01 1.00000000e+01]
[8.14000000e+02 8.93000000e+02 4.19245773e-01 5.00000000e+00]
[8.90000000e+01 8.33000000e+02 4.19427089e-01 3.00000000e+00]
[8.8100000e+02 8.4800000e+02 4.1997298e-01 1.1000000e+01]
[4.51000000e+02 5.31000000e+02 4.20739735e-01 2.00000000e+00]
[8.83000000e+02 8.71000000e+02 4.21646712e-01 7.00000000e+01]
[8.92000000e+02 8.43000000e+02 4.24406018e-01 4.70000000e+01]
[9.00000000e+02 5.94000000e+02 4.24565802e-01 1.30000000e+01]
[118.        385.          0.4260385   2.       ]
[4.91000000e+02 9.02000000e+02 4.26060064e-01 7.10000000e+01]
[9.03000000e+02 8.47000000e+02 4.26245025e-01 5.00000000e+01]
[8.30000000e+02 8.74000000e+02 4.26379062e-01 1.90000000e+01]
[6.33000000e+02 8.68000000e+02 4.26586498e-01 1.20000000e+01]
[2.9300000e+02 8.3900000e+02 4.2663921e-01 3.0000000e+00]
[8.11000000e+02 9.06000000e+02 4.26855069e-01 7.30000000e+01]
[9.07000000e+02 1.90000000e+02 4.28404936e-01 5.10000000e+01]
[5.9600000e+02 3.6000000e+02 4.2843909e-01 3.0000000e+00]
[4.32000000e+02 7.80000000e+02 4.28439646e-01 5.00000000e+00]
[4.83000000e+02 9.11000000e+02 4.28910896e-01 7.40000000e+01]
[8.27000000e+02 2.84000000e+02 4.29180543e-01 6.00000000e+00]
[145.         242.           0.42935581   2.        ]
[6.8100000e+02 9.0400000e+02 4.2964798e-01 1.5000000e+01]
[2.88000000e+02 8.98000000e+02 4.32794271e-01 6.00000000e+00]
[8.82000000e+02 8.95000000e+02 4.33581921e-01 1.20000000e+01]
[8.87000000e+02 8.72000000e+02 4.34428541e-01 5.00000000e+01]
[8.40000000e+02 4.28000000e+02 4.36362128e-01 3.00000000e+00]
[1.41000000e+02 9.20000000e+02 4.37208312e-01 1.30000000e+01]
[8.59000000e+02 8.73000000e+02 4.37348309e-01 1.40000000e+01]
[8.53000000e+02 3.92000000e+02 4.38270599e-01 3.00000000e+00]
[231.         234.           0.43854689   2.        ]
[5.70000000e+02 8.29000000e+02 4.39601038e-01 4.00000000e+00]
[8.15000000e+02 9.08000000e+02 4.41209518e-01 3.20000000e+01]
[8.76000000e+02 8.13000000e+02 4.41983628e-01 8.00000000e+00]
[ 60.         304.           0.44242392   2.        ]
[7.6100000e+02 8.5400000e+02 4.4254939e-01 7.0000000e+00]
[1.16000000e+02 8.88000000e+02 4.42562292e-01 4.00000000e+00]
[8.18000000e+02 9.12000000e+02 4.42629366e-01 5.30000000e+01]
[1.33000000e+02 6.68000000e+02 4.44059768e-01 3.00000000e+00]
[8.63000000e+02 8.56000000e+02 4.46716622e-01 7.00000000e+00]
[7.25000000e+02 8.09000000e+02 4.47128047e-01 6.00000000e+00]
[7.3100000e+02 8.8500000e+02 4.4801956e-01 4.0000000e+00]
[4.53000000e+02 9.15000000e+02 4.48520444e-01 7.50000000e+01]
[8.6600000e+02 9.2400000e+02 4.4896536e-01 1.6000000e+01]
[4.20000000e+01 8.86000000e+02 4.50378283e-01 1.20000000e+01]
[9.19000000e+02 8.64000000e+02 4.50673901e-01 1.00000000e+01]
[179.         198.           0.45167218   2.        ]
[8.77000000e+02 9.39000000e+02 4.53091571e-01 1.80000000e+01]
[2.81000000e+02 9.31000000e+02 4.55921636e-01 8.00000000e+00]
[9.09000000e+02 9.41000000e+02 4.56356975e-01 2.20000000e+01]
[9.18000000e+02 8.89000000e+02 4.56826663e-01 2.50000000e+01]
[8.65000000e+02 9.45000000e+02 4.57585139e-01 2.50000000e+01]
[9.21000000e+02 8.49000000e+02 4.58093392e-01 5.30000000e+01]
[6.90000000e+01 5.14000000e+02 4.58482331e-01 2.00000000e+00]
[110.         310.           0.45940917   2.        ]
[1.75000000e+02 8.96000000e+02 4.60384819e-01 3.00000000e+00]
[134.         157.           0.46116156   2.        ]
[9.44000000e+02 4.77000000e+02 4.62448419e-01 9.00000000e+00]
[6.40000000e+02 5.98000000e+02 4.62494388e-01 4.00000000e+00]
[5.82000000e+02 3.75000000e+02 4.62532345e-01 3.00000000e+00]
[2.23000000e+02 6.34000000e+02 4.65322824e-01 3.00000000e+00]
[9.2200000e+02 9.2700000e+02 4.6656789e-01 7.0000000e+00]
[8.40000000e+01 8.94000000e+02 4.67305672e-01 3.00000000e+00]
[9.3700000e+02 9.3300000e+02 4.6920366e-01 5.7000000e+01]
[9.10000000e+02 8.99000000e+02 4.69794039e-01 6.00000000e+00]
[9.60000000e+02 9.34000000e+02 4.70773754e-01 9.00000000e+00]
[2.57000000e+02 9.47000000e+02 4.71549372e-01 2.60000000e+01]
[9.48000000e+02 9.38000000e+02 4.73230323e-01 1.28000000e+02]
[4.30000000e+01 9.43000000e+02 4.74927947e-01 1.90000000e+01]
[4.93000000e+02 8.51000000e+02 4.75397923e-01 5.00000000e+00]
[8.9100000e+02 9.0500000e+02 4.7636544e-01 6.0000000e+00]
[3.41000000e+02 5.36000000e+02 4.77084765e-01 2.00000000e+00]
[9.28000000e+02 9.35000000e+02 4.77423637e-01 3.90000000e+01]
[9.17000000e+02 4.47000000e+02 4.77633361e-01 3.00000000e+00]
[9.23000000e+02 9.14000000e+02 4.80861968e-01 1.80000000e+01]
[9.46000000e+02 4.20000000e+02 4.82252992e-01 2.60000000e+01]
[1.10000000e+01 5.04000000e+02 4.82506245e-01 2.00000000e+00]
[8.84000000e+02 3.79000000e+02 4.83282508e-01 3.00000000e+00]
[4.98000000e+02 9.70000000e+02 4.86125012e-01 1.90000000e+01]
[9.25000000e+02 9.63000000e+02 4.87306051e-01 1.31000000e+02]
[9.4000000e+02 4.8800000e+02 4.8802044e-01 1.3000000e+01]
[9.64000000e+02 9.36000000e+02 4.88958214e-01 2.50000000e+01]
[9.59000000e+02 8.80000000e+02 4.93048869e-01 6.20000000e+01]
[9.75000000e+02 8.97000000e+02 4.94474802e-01 1.41000000e+02]
[9.68000000e+02 7.05000000e+02 4.94556722e-01 4.10000000e+01]
[9.5800000e+02 9.5400000e+02 4.9600018e-01 7.0000000e+00]
[9.79000000e+02 7.71000000e+02 4.96213467e-01 1.44000000e+02]
[9.82000000e+02 9.56000000e+02 4.96268089e-01 1.47000000e+02]
[9.83000000e+02 6.20000000e+02 4.97039385e-01 1.49000000e+02]
[9.84000000e+02 9.01000000e+02 4.98217749e-01 1.51000000e+02]
[9.77000000e+02 9.49000000e+02 4.99604912e-01 2.70000000e+01]
[9.85000000e+02 2.54000000e+02 4.99625885e-01 1.52000000e+02]
[9.6200000e+02 9.6100000e+02 5.0394109e-01 3.5000000e+01]
[9.7100000e+02 9.7800000e+02 5.0512567e-01 8.8000000e+01]
[6.57000000e+02 9.30000000e+02 5.05917678e-01 5.00000000e+00]
[4.75000000e+02 9.88000000e+02 5.07952917e-01 3.60000000e+01]
[5.41000000e+02 9.80000000e+02 5.10198726e-01 4.40000000e+01]
[9.89000000e+02 9.51000000e+02 5.11981573e-01 9.10000000e+01]
[9.76000000e+02 1.26000000e+02 5.13229323e-01 1.40000000e+01]
[9.16000000e+02 2.68000000e+02 5.15585513e-01 7.00000000e+00]
[9.65000000e+02 9.55000000e+02 5.16072087e-01 8.00000000e+00]
[9.53000000e+02 9.73000000e+02 5.22458654e-01 1.20000000e+01]
[8.7900000e+02 9.5000000e+02 5.2445989e-01 1.1000000e+01]
[5.83000000e+02 9.93000000e+02 5.24558485e-01 9.30000000e+01]
[9.29000000e+02 4.16000000e+02 5.25421239e-01 9.00000000e+00]
[ 31.         441.           0.52589244   2.        ]
[ 47.         474.           0.52654158   2.        ]
[9.74000000e+02 9.94000000e+02 5.28031631e-01 3.30000000e+01]
[9.57000000e+02 3.19000000e+02 5.30286539e-01 8.00000000e+00]
[9.13000000e+02 9.96000000e+02 5.31349321e-01 1.10000000e+01]
[1.00500000e+03 3.51000000e+02 5.32053449e-01 1.20000000e+01]
[4.97000000e+02 1.00300000e+03 5.34155044e-01 3.40000000e+01]
[9.81000000e+02 5.97000000e+02 5.35770468e-01 9.00000000e+00]
[9.52000000e+02 9.87000000e+02 5.43558962e-01 1.54000000e+02]
[107.         316.           0.54362018   2.        ]
[2.43000000e+02 1.00900000e+03 5.43895019e-01 1.55000000e+02]
[131.         470.           0.54412812   2.        ]
[9.86000000e+02 9.99000000e+02 5.45384171e-01 1.20000000e+02]
[9.69000000e+02 9.26000000e+02 5.46327986e-01 5.00000000e+00]
[1.14000000e+02 7.83000000e+02 5.48995111e-01 3.00000000e+00]
[9.42000000e+02 3.64000000e+02 5.50149767e-01 3.00000000e+00]
[9.92000000e+02 5.50000000e+01 5.52760941e-01 4.50000000e+01]
[9.32000000e+02 1.00600000e+03 5.55180063e-01 1.60000000e+01]
[388.         455.           0.55699695   2.        ]
[9.98000000e+02 1.00000000e+03 5.58211777e-01 2.00000000e+01]
[9.7200000e+02 9.6600000e+02 5.6037757e-01 8.0000000e+00]
[9.91000000e+02 6.02000000e+02 5.63533015e-01 3.80000000e+01]
[4.07000000e+02 1.02200000e+03 5.66881486e-01 3.90000000e+01]
[9.97000000e+02 1.00700000e+03 5.68107593e-01 4.60000000e+01]
[1.77000000e+02 1.02400000e+03 5.69370359e-01 4.70000000e+01]
[ 45.         434.           0.57264862   2.        ]
[1.00800000e+03 1.02300000e+03 5.73796501e-01 4.80000000e+01]
[1.00100000e+03 1.00200000e+03 5.74589349e-01 4.00000000e+00]
[1.01300000e+03 1.01100000e+03 5.75070674e-01 2.75000000e+02]
[2.00000000e+00 1.01900000e+03 5.80578936e-01 3.00000000e+00]
[1.01700000e+03 1.02900000e+03 5.84715743e-01 3.20000000e+02]
[1.01600000e+03 5.07000000e+02 5.86527306e-01 4.00000000e+00]
[1.00400000e+03 7.70000000e+01 5.88575825e-01 9.00000000e+00]
[9.95000000e+02 1.62000000e+02 5.94551342e-01 8.00000000e+00]
[502.         506.           0.59598537   2.        ]
[1.02700000e+03 1.02000000e+03 5.97285096e-01 6.80000000e+01]
[1.20000000e+02 6.24000000e+02 6.01334412e-01 3.00000000e+00]
[1.03600000e+03 1.01800000e+03 6.02106445e-01 8.40000000e+01]
[1.02800000e+03 1.03800000e+03 6.12145059e-01 8.80000000e+01]
[1.03100000e+03 1.03300000e+03 6.12973827e-01 3.29000000e+02]
[9.90000000e+02 1.01200000e+03 6.17004881e-01 7.00000000e+00]
[1.01500000e+03 1.03900000e+03 6.20661093e-01 9.10000000e+01]
[1.01400000e+03 1.02500000e+03 6.25097863e-01 5.20000000e+01]
[171.         419.           0.62591834   2.        ]
[1.04300000e+03 3.77000000e+02 6.33411444e-01 5.30000000e+01]
[1.0400000e+03 1.0340000e+03 6.3905486e-01 3.3700000e+02]
[1.69000000e+02 1.03200000e+03 6.40318707e-01 5.00000000e+00]
[1.04200000e+03 1.04100000e+03 6.55925257e-01 9.80000000e+01]
[1.04600000e+03 1.04500000e+03 6.63106677e-01 3.90000000e+02]
[1.04800000e+03 1.03700000e+03 6.63282669e-01 1.01000000e+02]
[1.05000000e+03 1.02100000e+03 6.66367676e-01 1.09000000e+02]
[1.051000e+03 1.049000e+03 6.737574e-01 4.990000e+02]
[191.         355.           0.68073976   2.        ]
[1.03000000e+03 1.01000000e+03 6.98380784e-01 5.00000000e+00]
[1.08000000e+02 1.04700000e+03 6.98785078e-01 6.00000000e+00]
[1.30000000e+01 1.02600000e+03 7.24022874e-01 3.00000000e+00]
[1.0520000e+03 7.2900000e+02 7.3273977e-01 5.0200000e+02]
[1.05700000e+03 1.05400000e+03 7.33063247e-01 5.07000000e+02]
[1.05800000e+03 1.04400000e+03 7.33446809e-01 5.09000000e+02]
[1.05900000e+03 1.05300000e+03 7.33811046e-01 5.11000000e+02]
[1.06000000e+03 9.67000000e+02 7.48036194e-01 5.13000000e+02]
[212.         458.           0.75316398   2.        ]
[1.06100000e+03 1.05500000e+03 7.79192074e-01 5.19000000e+02]
[1.05600000e+03 1.06300000e+03 7.80282367e-01 5.22000000e+02]
[543.         147.           0.79119649   3.        ]
[1.06400000e+03 1.03500000e+03 8.13008144e-01 5.24000000e+02]
[1.06600000e+03 7.47000000e+02 8.43065876e-01 5.26000000e+02]
[1.0670000e+03 1.0620000e+03 8.5569787e-01 5.2800000e+02]
[166.         429.           0.86839525   2.        ]
[1.0680000e+03 1.0690000e+03 8.6878865e-01 5.3000000e+02]
[1.07000000e+03 8.60000000e+01 8.69460305e-01 5.31000000e+02]
[1.07100000e+03 3.14000000e+02 8.74514629e-01 5.32000000e+02]
[311.        533.          0.9051164   2.       ]
[1.07200000e+03 1.06500000e+03 9.40949546e-01 5.35000000e+02]
[1.07400000e+03 2.89000000e+02 9.41301421e-01 5.36000000e+02]
[2.01000000e+02 1.07300000e+03 9.42442054e-01 3.00000000e+00]
[1.07500000e+03 2.77000000e+02 9.50132939e-01 5.37000000e+02]
[1.07700000e+03 1.07600000e+03 9.62796267e-01 5.40000000e+02]
