[  1. 216.   0.   2.]
[540. 113.   0.   3.]
[  6. 129.   0.   2.]
[ 24. 423.   0.   2.]
[64. 68.  0.  2.]
[544.  93.   0.   3.]
[545. 123.   0.   4.]
[546. 214.   0.   5.]
[547. 261.   0.   6.]
[ 72. 437.   0.   2.]
[ 78. 125.   0.   2.]
[550. 315.   0.   3.]
[ 95. 152.   0.   2.]
[552. 240.   0.   3.]
[553. 301.   0.   4.]
[554. 308.   0.   5.]
[555. 220.   0.   6.]
[307. 556.   0.   7.]
[136. 336.   0.   2.]
[178. 245.   0.   2.]
[205. 251.   0.   2.]
[270. 271.   0.   2.]
[561. 140.   0.   3.]
[359. 413.   0.   2.]
[5.57000000e+02 2.95000000e+02 3.47364136e-09 8.00000000e+00]
[8.10000000e+01 5.64000000e+02 8.94141017e-09 9.00000000e+00]
[9.00000000e+01 5.18000000e+02 1.49011612e-08 2.00000000e+00]
[5.6200000e+02 1.7000000e+02 1.9887608e-08 4.0000000e+00]
[5.00000000e+01 1.35000000e+02 2.10734243e-08 2.00000000e+00]
[5.68000000e+02 3.29000000e+02 2.10734243e-08 3.00000000e+00]
[6.10000000e+01 2.36000000e+02 2.10734243e-08 2.00000000e+00]
[1.03000000e+02 1.96000000e+02 2.10734243e-08 2.00000000e+00]
[3.00000000e+02 3.02000000e+02 2.58095683e-08 2.00000000e+00]
[7.40000000e+01 9.10000000e+01 2.98023224e-08 2.00000000e+00]
[5.73000000e+02 3.17000000e+02 2.98023224e-08 3.00000000e+00]
[5.72000000e+02 4.68000000e+02 3.57913921e-08 3.00000000e+00]
[4.00000000e+02 5.67000000e+02 7.95504321e-08 5.00000000e+00]
[5.7400000e+02 2.7400000e+02 8.5600654e-08 4.0000000e+00]
[3.8000000e+02 5.7600000e+02 8.6386654e-03 6.0000000e+00]
[5.69000000e+02 5.65000000e+02 9.09310098e-02 1.20000000e+01]
[4.36000000e+02 5.22000000e+02 9.44913275e-02 2.00000000e+00]
[2.6200000e+02 5.7800000e+02 1.0123878e-01 7.0000000e+00]
[1.24000000e+02 3.05000000e+02 1.01434478e-01 2.00000000e+00]
[2.18000000e+02 5.03000000e+02 1.03739493e-01 2.00000000e+00]
[21.         40.          0.10729738  2.        ]
[3.03000000e+02 3.69000000e+02 1.08592174e-01 2.00000000e+00]
[4.92000000e+02 5.23000000e+02 1.11173699e-01 2.00000000e+00]
[5.79000000e+02 1.30000000e+02 1.11377742e-01 1.30000000e+01]
[1.70000000e+01 2.83000000e+02 1.11574654e-01 2.00000000e+00]
[1.65000000e+02 2.08000000e+02 1.12730895e-01 2.00000000e+00]
[3.48000000e+02 3.67000000e+02 1.13166108e-01 2.00000000e+00]
[4.00000000e+00 5.81000000e+02 1.17012647e-01 8.00000000e+00]
[4.90000000e+01 2.46000000e+02 1.17898885e-01 2.00000000e+00]
[65.         76.          0.11806438  2.        ]
[6.30000000e+01 4.26000000e+02 1.20585876e-01 2.00000000e+00]
[2.47000000e+02 2.49000000e+02 1.20809237e-01 2.00000000e+00]
[1.55000000e+02 2.72000000e+02 1.24712852e-01 2.00000000e+00]
[3.09000000e+02 3.94000000e+02 1.24956369e-01 2.00000000e+00]
[3.96000000e+02 4.14000000e+02 1.25181915e-01 2.00000000e+00]
[3.39000000e+02 4.73000000e+02 1.25662516e-01 2.00000000e+00]
[5.77000000e+02 2.04000000e+02 1.25922583e-01 5.00000000e+00]
[41.         52.          0.12663298  2.        ]
[3.00000000e+01 2.09000000e+02 1.27010975e-01 2.00000000e+00]
[3.46000000e+02 4.38000000e+02 1.28446535e-01 2.00000000e+00]
[5.8900000e+02 2.9100000e+02 1.3140904e-01 3.0000000e+00]
[ 62.         112.           0.13782569   2.        ]
[2.13000000e+02 3.86000000e+02 1.38148785e-01 2.00000000e+00]
[2.90000000e+02 5.30000000e+02 1.40875527e-01 2.00000000e+00]
[6.00000000e+02 1.64000000e+02 1.41364975e-01 6.00000000e+00]
[5.91000000e+02 2.21000000e+02 1.42556546e-01 9.00000000e+00]
[6.04000000e+02 1.80000000e+02 1.45617183e-01 4.00000000e+00]
[4.18000000e+02 4.61000000e+02 1.46741382e-01 2.00000000e+00]
[2.29000000e+02 6.09000000e+02 1.46911742e-01 1.00000000e+01]
[3.6600000e+02 5.1700000e+02 1.5205281e-01 2.0000000e+00]
[1.85000000e+02 1.95000000e+02 1.52240951e-01 2.00000000e+00]
[1.40000000e+01 4.33000000e+02 1.54450646e-01 2.00000000e+00]
[5.87000000e+02 2.19000000e+02 1.55199557e-01 1.40000000e+01]
[3.56000000e+02 4.67000000e+02 1.55558139e-01 2.00000000e+00]
[1.60000000e+01 4.39000000e+02 1.55672607e-01 2.00000000e+00]
[2.07000000e+02 2.56000000e+02 1.57179222e-01 2.00000000e+00]
[2.9700000e+02 4.2700000e+02 1.5722257e-01 2.0000000e+00]
[6.16000000e+02 1.54000000e+02 1.59134023e-01 1.50000000e+01]
[3.81000000e+02 4.05000000e+02 1.59989036e-01 2.00000000e+00]
[3.97000000e+02 4.44000000e+02 1.60988044e-01 2.00000000e+00]
[1.4300000e+02 4.4500000e+02 1.6132986e-01 2.0000000e+00]
[ 54.         150.           0.16245685   2.        ]
[6.12000000e+02 3.34000000e+02 1.63157494e-01 1.10000000e+01]
[4.02000000e+02 4.89000000e+02 1.63179724e-01 2.00000000e+00]
[2.76000000e+02 3.45000000e+02 1.64550693e-01 2.00000000e+00]
[8.00000000e+01 4.09000000e+02 1.64697451e-01 2.00000000e+00]
[6.08000000e+02 1.21000000e+02 1.64732133e-01 7.00000000e+00]
[4.15000000e+02 4.60000000e+02 1.65853944e-01 2.00000000e+00]
[1.09000000e+02 5.75000000e+02 1.68116491e-01 4.00000000e+00]
[1.44000000e+02 5.63000000e+02 1.68128335e-01 3.00000000e+00]
[3.20000000e+02 4.06000000e+02 1.68766344e-01 2.00000000e+00]
[1.42000000e+02 5.19000000e+02 1.70996411e-01 2.00000000e+00]
[6.25000000e+02 1.48000000e+02 1.72203474e-01 3.00000000e+00]
[2.48000000e+02 5.16000000e+02 1.73673849e-01 2.00000000e+00]
[1.83000000e+02 3.47000000e+02 1.76011937e-01 2.00000000e+00]
[2.90000000e+01 4.86000000e+02 1.82520664e-01 2.00000000e+00]
[6.10000000e+02 6.05000000e+02 1.83112494e-01 6.00000000e+00]
[5.00000000e+00 2.75000000e+02 1.83164198e-01 2.00000000e+00]
[6.26000000e+02 5.60000000e+02 1.85042661e-01 1.30000000e+01]
[5.58000000e+02 1.76000000e+02 1.86275014e-01 3.00000000e+00]
[ 27.         172.           0.18742212   2.        ]
[6.21000000e+02 1.60000000e+02 1.87568914e-01 1.60000000e+01]
[6.45000000e+02 3.50000000e+01 1.90807909e-01 1.70000000e+01]
[3.27000000e+02 5.38000000e+02 1.91127035e-01 2.00000000e+00]
[1.90000000e+01 6.42000000e+02 1.92732823e-01 1.40000000e+01]
[2.06000000e+02 3.22000000e+02 1.92766971e-01 2.00000000e+00]
[1.28000000e+02 6.40000000e+02 1.93397273e-01 7.00000000e+00]
[6.46000000e+02 4.48000000e+02 1.94005529e-01 1.80000000e+01]
[3.33000000e+02 6.50000000e+02 1.95114783e-01 8.00000000e+00]
[2.00000000e+01 6.19000000e+02 1.97119221e-01 3.00000000e+00]
[  9.         156.           0.20436513   2.        ]
[6.51000000e+02 2.39000000e+02 2.04394421e-01 1.90000000e+01]
[6.55000000e+02 3.28000000e+02 2.06120523e-01 2.00000000e+01]
[6.48000000e+02 1.04000000e+02 2.06963696e-01 1.50000000e+01]
[6.5600000e+02 7.0000000e+01 2.0698138e-01 2.1000000e+01]
[6.01000000e+02 3.82000000e+02 2.07463021e-01 3.00000000e+00]
[3.18000000e+02 5.09000000e+02 2.07611804e-01 2.00000000e+00]
[2.9800000e+02 6.5700000e+02 2.0885322e-01 1.6000000e+01]
[6.58000000e+02 6.61000000e+02 2.09200604e-01 3.70000000e+01]
[1.15000000e+02 6.52000000e+02 2.13532673e-01 9.00000000e+00]
[6.53000000e+02 2.65000000e+02 2.19713057e-01 4.00000000e+00]
[3.93000000e+02 5.11000000e+02 2.22931541e-01 2.00000000e+00]
[ 33.        122.          0.2239195   2.       ]
[3.6100000e+02 5.2700000e+02 2.2450116e-01 2.0000000e+00]
[6.30000000e+02 8.70000000e+01 2.24841461e-01 8.00000000e+00]
[6.62000000e+02 2.64000000e+02 2.27189505e-01 3.80000000e+01]
[6.69000000e+02 8.50000000e+01 2.28395496e-01 3.90000000e+01]
[6.70000000e+02 3.00000000e+00 2.29644012e-01 4.00000000e+01]
[2.37000000e+02 4.90000000e+02 2.30694445e-01 2.00000000e+00]
[4.54000000e+02 6.71000000e+02 2.30820368e-01 4.10000000e+01]
[2.10000000e+02 3.83000000e+02 2.31573919e-01 2.00000000e+00]
[5.42000000e+02 6.28000000e+02 2.31956409e-01 4.00000000e+00]
[ 82.         182.           0.23269335   2.        ]
[6.68000000e+02 1.53000000e+02 2.32883807e-01 9.00000000e+00]
[6.73000000e+02 4.80000000e+02 2.34532003e-01 4.20000000e+01]
[ 92.         192.           0.23469212   2.        ]
[6.54000000e+02 5.51000000e+02 2.35857366e-01 5.00000000e+00]
[6.32000000e+02 6.43000000e+02 2.40242528e-01 7.00000000e+00]
[6.79000000e+02 2.69000000e+02 2.44310487e-01 3.00000000e+00]
[6.41000000e+02 6.64000000e+02 2.45914549e-01 6.00000000e+00]
[7.10000000e+01 4.62000000e+02 2.51338993e-01 2.00000000e+00]
[6.81000000e+02 3.40000000e+02 2.51783653e-01 8.00000000e+00]
[5.48000000e+02 3.24000000e+02 2.56217603e-01 7.00000000e+00]
[2.28000000e+02 3.57000000e+02 2.56396483e-01 2.00000000e+00]
[3.63000000e+02 5.21000000e+02 2.58961339e-01 2.00000000e+00]
[2.11000000e+02 6.22000000e+02 2.62070044e-01 3.00000000e+00]
[ 58.         238.           0.26223597   2.        ]
[6.77000000e+02 1.74000000e+02 2.64632623e-01 1.00000000e+01]
[6.75000000e+02 5.96000000e+02 2.64858506e-01 6.00000000e+00]
[3.80000000e+01 6.85000000e+02 2.66375913e-01 9.00000000e+00]
[5.59000000e+02 2.55000000e+02 2.67494386e-01 3.00000000e+00]
[6.70000000e+01 6.92000000e+02 2.67605549e-01 7.00000000e+00]
[6.74000000e+02 3.74000000e+02 2.69812377e-01 3.00000000e+00]
[6.83000000e+02 6.36000000e+02 2.69982592e-01 9.00000000e+00]
[6.6300000e+02 2.3300000e+02 2.7101781e-01 1.0000000e+01]
[4.60000000e+01 6.78000000e+02 2.72231731e-01 4.30000000e+01]
[ 99.         266.           0.27359009   2.        ]
[5.2900000e+02 6.0700000e+02 2.7388589e-01 3.0000000e+00]
[2.25000000e+02 6.49000000e+02 2.75040369e-01 3.00000000e+00]
[6.80000000e+02 1.99000000e+02 2.75359999e-01 6.00000000e+00]
[217.         222.           0.27700947   2.        ]
[3.32000000e+02 4.69000000e+02 2.77165635e-01 2.00000000e+00]
[1.2000000e+01 4.5700000e+02 2.7750399e-01 2.0000000e+00]
[6.940000e+02 9.800000e+01 2.791858e-01 4.000000e+00]
[139.         241.           0.27986723   2.        ]
[3.84000000e+02 4.79000000e+02 2.80139453e-01 2.00000000e+00]
[7.07000000e+02 3.58000000e+02 2.80370639e-01 5.00000000e+00]
[6.89000000e+02 6.99000000e+02 2.81214001e-01 4.60000000e+01]
[2.30000000e+02 6.60000000e+02 2.83084026e-01 3.00000000e+00]
[6.97000000e+02 6.86000000e+02 2.83415093e-01 1.60000000e+01]
[5.7000000e+01 4.7100000e+02 2.8352352e-01 2.0000000e+00]
[4.22000000e+02 7.01000000e+02 2.83981138e-01 4.00000000e+00]
[1.00000000e+01 7.02000000e+02 2.84375679e-01 4.00000000e+00]
[1.80000000e+01 6.93000000e+02 2.85531181e-01 1.00000000e+01]
[5.25000000e+02 4.21000000e+02 2.86181444e-01 2.00000000e+00]
[2.99000000e+02 3.95000000e+02 2.86218198e-01 2.00000000e+00]
[6.76000000e+02 7.11000000e+02 2.86776785e-01 4.80000000e+01]
[1.01000000e+02 7.15000000e+02 2.87388291e-01 5.00000000e+00]
[4.46000000e+02 7.18000000e+02 2.87750747e-01 3.00000000e+00]
[1.3200000e+02 3.7200000e+02 2.8823745e-01 2.0000000e+00]
[3.3500000e+02 6.1400000e+02 2.9013737e-01 3.0000000e+00]
[6.11000000e+02 5.80000000e+02 2.94390069e-01 4.00000000e+00]
[ 73.         200.           0.29448037   2.        ]
[6.95000000e+02 4.95000000e+02 2.95208292e-01 8.00000000e+00]
[3.21000000e+02 3.89000000e+02 2.95596664e-01 2.00000000e+00]
[4.08000000e+02 4.50000000e+02 2.97043997e-01 2.00000000e+00]
[6.60000000e+01 5.71000000e+02 2.98085568e-01 3.00000000e+00]
[1.87000000e+02 5.00000000e+02 2.98471635e-01 2.00000000e+00]
[7.20000000e+02 6.38000000e+02 2.99331129e-01 5.00000000e+01]
[1.27000000e+02 7.32000000e+02 3.00283814e-01 5.10000000e+01]
[2.59000000e+02 3.87000000e+02 3.00295983e-01 2.00000000e+00]
[1.19000000e+02 7.13000000e+02 3.02070307e-01 1.70000000e+01]
[4.63000000e+02 7.33000000e+02 3.02160662e-01 5.20000000e+01]
[4.87000000e+02 6.18000000e+02 3.04622628e-01 3.00000000e+00]
[2.50000000e+02 4.42000000e+02 3.05071324e-01 2.00000000e+00]
[6.90000000e+02 1.06000000e+02 3.05457791e-01 3.00000000e+00]
[7.03000000e+02 4.35000000e+02 3.06244285e-01 7.00000000e+00]
[6.66000000e+02 3.62000000e+02 3.06645444e-01 3.00000000e+00]
[4.94000000e+02 7.09000000e+02 3.07506133e-01 3.00000000e+00]
[6.13000000e+02 5.86000000e+02 3.08518015e-01 4.00000000e+00]
[4.76000000e+02 5.15000000e+02 3.08691267e-01 2.00000000e+00]
[6.8700000e+02 3.9000000e+02 3.0884575e-01 3.0000000e+00]
[6.47000000e+02 7.37000000e+02 3.09133798e-01 5.00000000e+00]
[3.65000000e+02 4.43000000e+02 3.09139825e-01 2.00000000e+00]
[2.27000000e+02 7.35000000e+02 3.10227923e-01 1.80000000e+01]
[5.93000000e+02 8.30000000e+01 3.10552871e-01 3.00000000e+00]
[7.10000000e+02 7.23000000e+02 3.10630317e-01 7.00000000e+00]
[2.32000000e+02 7.43000000e+02 3.10863798e-01 5.00000000e+00]
[5.13000000e+02 7.12000000e+02 3.14470709e-01 4.00000000e+00]
[6.91000000e+02 1.17000000e+02 3.14573755e-01 1.10000000e+01]
[9.70000000e+01 7.21000000e+02 3.15641735e-01 6.00000000e+00]
[8.80000000e+01 7.39000000e+02 3.15851529e-01 4.00000000e+00]
[6.17000000e+02 5.35000000e+02 3.16124745e-01 3.00000000e+00]
[2.92000000e+02 7.28000000e+02 3.16710467e-01 3.00000000e+00]
[6.15000000e+02 2.20000000e+01 3.16739913e-01 3.00000000e+00]
[9.40000000e+01 7.45000000e+02 3.16913593e-01 4.00000000e+00]
[2.30000000e+01 7.46000000e+02 3.17000429e-01 6.00000000e+00]
[7.50000000e+02 2.44000000e+02 3.17120428e-01 8.00000000e+00]
[3.23000000e+02 6.27000000e+02 3.17611175e-01 3.00000000e+00]
[5.88000000e+02 1.97000000e+02 3.18131611e-01 3.00000000e+00]
[7.14000000e+02 6.06000000e+02 3.19227911e-01 4.00000000e+00]
[1.94000000e+02 7.36000000e+02 3.20305464e-01 5.30000000e+01]
[6.98000000e+02 2.02000000e+02 3.21805113e-01 1.10000000e+01]
[7.41000000e+02 2.67000000e+02 3.22073596e-01 4.00000000e+00]
[4.04000000e+02 7.54000000e+02 3.23117646e-01 7.00000000e+00]
[7.42000000e+02 7.64000000e+02 3.25275548e-01 7.00000000e+00]
[3.20000000e+01 7.60000000e+02 3.26980921e-01 7.00000000e+00]
[4.24000000e+02 5.90000000e+02 3.27500991e-01 3.00000000e+00]
[3.78000000e+02 7.57000000e+02 3.27618624e-01 4.00000000e+00]
[4.660000e+02 7.690000e+02 3.285475e-01 8.000000e+00]
[5.120000e+02 7.520000e+02 3.295004e-01 5.000000e+00]
[3.73000000e+02 7.59000000e+02 3.31039314e-01 5.00000000e+00]
[4.7200000e+02 5.0800000e+02 3.3244084e-01 2.0000000e+00]
[3.91000000e+02 7.74000000e+02 3.33736764e-01 6.00000000e+00]
[1.51000000e+02 7.67000000e+02 3.34005009e-01 5.00000000e+00]
[7.65000000e+02 2.52000000e+02 3.34227856e-01 5.40000000e+01]
[7.70000000e+02 1.88000000e+02 3.36580566e-01 8.00000000e+00]
[5.49000000e+02 6.65000000e+02 3.36962316e-01 4.00000000e+00]
[193.         279.           0.33775523   2.        ]
[2.96000000e+02 5.85000000e+02 3.39782156e-01 3.00000000e+00]
[7.51000000e+02 3.71000000e+02 3.41307937e-01 6.00000000e+00]
[2.60000000e+01 7.71000000e+02 3.41883725e-01 4.00000000e+00]
[5.10000000e+01 7.25000000e+02 3.43863084e-01 5.00000000e+00]
[7.34000000e+02 7.48000000e+02 3.44118757e-01 2.00000000e+01]
[4.49000000e+02 7.75000000e+02 3.44772911e-01 6.00000000e+00]
[5.24000000e+02 7.24000000e+02 3.45529035e-01 4.00000000e+00]
[7.50000000e+01 7.63000000e+02 3.45904238e-01 4.00000000e+00]
[3.40000000e+01 7.87000000e+02 3.46661792e-01 2.10000000e+01]
[7.66000000e+02 7.00000000e+02 3.46903061e-01 1.30000000e+01]
[1.61000000e+02 7.40000000e+02 3.48347141e-01 8.00000000e+00]
[7.26000000e+02 1.73000000e+02 3.48672154e-01 3.00000000e+00]
[3.52000000e+02 7.73000000e+02 3.49446505e-01 9.00000000e+00]
[7.22000000e+02 7.68000000e+02 3.50547393e-01 1.00000000e+01]
[7.90000000e+02 1.02000000e+02 3.50931815e-01 5.00000000e+00]
[2.15000000e+02 7.44000000e+02 3.51462858e-01 3.00000000e+00]
[2.2600000e+02 5.2000000e+02 3.5173616e-01 2.0000000e+00]
[4.96000000e+02 7.56000000e+02 3.52176814e-01 4.00000000e+00]
[1.49000000e+02 6.31000000e+02 3.52205302e-01 3.00000000e+00]
[5.90000000e+01 7.53000000e+02 3.52942304e-01 1.20000000e+01]
[7.55000000e+02 5.66000000e+02 3.53242505e-01 6.00000000e+00]
[2.80000000e+01 7.86000000e+02 3.53328567e-01 6.00000000e+00]
[7.17000000e+02 2.94000000e+02 3.54147807e-01 1.10000000e+01]
[ 25.         331.           0.35421984   2.        ]
[1.11000000e+02 7.08000000e+02 3.54407784e-01 3.00000000e+00]
[7.61000000e+02 2.85000000e+02 3.56485715e-01 9.00000000e+00]
[137.         168.           0.35681982   2.        ]
[1.86000000e+02 7.92000000e+02 3.57618627e-01 1.40000000e+01]
[8.0200000e+02 3.1300000e+02 3.5828513e-01 1.3000000e+01]
[5.01000000e+02 7.88000000e+02 3.58480463e-01 7.00000000e+00]
[0.00000000e+00 7.89000000e+02 3.59467064e-01 5.00000000e+00]
[8.030000e+02 4.100000e+02 3.597792e-01 7.000000e+00]
[7.97000000e+02 7.99000000e+02 3.60122862e-01 7.00000000e+00]
[7.85000000e+02 7.06000000e+02 3.61342979e-01 6.00000000e+00]
[8.05000000e+02 2.87000000e+02 3.61495281e-01 1.20000000e+01]
[3.42000000e+02 3.68000000e+02 3.62338802e-01 2.00000000e+00]
[3.76000000e+02 7.77000000e+02 3.62878147e-01 7.00000000e+00]
[1.58000000e+02 7.84000000e+02 3.63425254e-01 7.00000000e+00]
[2.78000000e+02 7.78000000e+02 3.63554674e-01 6.00000000e+00]
[3.49000000e+02 8.13000000e+02 3.65513029e-01 6.00000000e+00]
[3.26000000e+02 8.19000000e+02 3.66214909e-01 8.00000000e+00]
[7.29000000e+02 5.94000000e+02 3.66311905e-01 4.00000000e+00]
[ 37.         189.           0.36638864   2.        ]
[3.70000000e+02 4.59000000e+02 3.67354344e-01 2.00000000e+00]
[6.82000000e+02 2.80000000e+02 3.67573463e-01 4.00000000e+00]
[4.1700000e+02 8.2100000e+02 3.6787929e-01 7.0000000e+00]
[4.8000000e+01 7.9100000e+02 3.6796346e-01 2.2000000e+01]
[190.         312.           0.36804271   2.        ]
[8.15000000e+02 7.95000000e+02 3.68399894e-01 1.60000000e+01]
[7.38000000e+02 8.10000000e+02 3.69966809e-01 1.60000000e+01]
[5.26000000e+02 3.60000000e+01 3.70448896e-01 2.00000000e+00]
[3.98000000e+02 7.72000000e+02 3.76188708e-01 5.00000000e+00]
[8.16000000e+02 9.60000000e+01 3.76662552e-01 7.00000000e+00]
[4.52000000e+02 6.29000000e+02 3.77009493e-01 3.00000000e+00]
[7.96000000e+02 8.00000000e+02 3.77105645e-01 1.40000000e+01]
[7.80000000e+02 7.27000000e+02 3.77139266e-01 1.60000000e+01]
[ 53.         282.           0.37914083   2.        ]
[4.85000000e+02 8.31000000e+02 3.79515765e-01 1.70000000e+01]
[6.44000000e+02 1.63000000e+02 3.80371677e-01 3.00000000e+00]
[2.24000000e+02 8.20000000e+02 3.80932149e-01 8.00000000e+00]
[7.04000000e+02 8.37000000e+02 3.81322763e-01 1.60000000e+01]
[1.05000000e+02 8.17000000e+02 3.81544005e-01 1.30000000e+01]
[7.90000000e+01 8.25000000e+02 3.81871791e-01 3.00000000e+00]
[8.29000000e+02 1.38000000e+02 3.82070665e-01 2.30000000e+01]
[5.84000000e+02 8.12000000e+02 3.82724706e-01 9.00000000e+00]
[4.83000000e+02 7.93000000e+02 3.83754186e-01 9.00000000e+00]
[2.86000000e+02 7.76000000e+02 3.85982353e-01 3.00000000e+00]
[3.43000000e+02 6.72000000e+02 3.86154582e-01 3.00000000e+00]
[7.49000000e+02 8.22000000e+02 3.86479246e-01 9.00000000e+00]
[8.41000000e+02 4.40000000e+02 3.87413533e-01 4.00000000e+00]
[3.50000000e+02 7.30000000e+02 3.88572928e-01 4.00000000e+00]
[1.590000e+02 8.280000e+02 3.890405e-01 8.000000e+00]
[5.32000000e+02 8.14000000e+02 3.89061511e-01 8.00000000e+00]
[8.00000000e+00 8.38000000e+02 3.89805834e-01 1.70000000e+01]
[5.28000000e+02 8.06000000e+02 3.90098909e-01 3.00000000e+00]
[2.0300000e+02 3.9900000e+02 3.9084554e-01 2.0000000e+00]
[8.32000000e+02 8.07000000e+02 3.90939131e-01 1.90000000e+01]
[2.7300000e+02 8.4400000e+02 3.9150725e-01 1.4000000e+01]
[8.01000000e+02 8.59000000e+02 3.92284981e-01 2.20000000e+01]
[1.00000000e+02 8.40000000e+02 3.92593087e-01 1.80000000e+01]
[7.58000000e+02 6.88000000e+02 3.93421634e-01 5.00000000e+00]
[3.60000000e+02 5.97000000e+02 3.94432191e-01 3.00000000e+00]
[6.35000000e+02 6.33000000e+02 3.94768475e-01 5.00000000e+00]
[5.37000000e+02 8.23000000e+02 3.95010784e-01 9.00000000e+00]
[8.3500000e+02 8.2400000e+02 3.9517938e-01 1.1000000e+01]
[3.53000000e+02 8.67000000e+02 3.96620957e-01 1.20000000e+01]
[1.75000000e+02 8.04000000e+02 3.98134958e-01 7.00000000e+00]
[1.41000000e+02 8.48000000e+02 3.99975356e-01 1.00000000e+01]
[2.88000000e+02 7.98000000e+02 4.00300764e-01 4.00000000e+00]
[5.05000000e+02 8.56000000e+02 4.00460072e-01 1.80000000e+01]
[6.8400000e+02 8.5100000e+02 4.0070185e-01 1.1000000e+01]
[1.8400000e+02 8.0800000e+02 4.0097912e-01 1.0000000e+01]
[3.90000000e+01 6.03000000e+02 4.01689342e-01 3.00000000e+00]
[4.8200000e+02 8.6200000e+02 4.0225161e-01 1.9000000e+01]
[8.09000000e+02 8.61000000e+02 4.02329603e-01 2.40000000e+01]
[3.3000000e+02 8.4500000e+02 4.0257663e-01 4.0000000e+00]
[5.39000000e+02 7.94000000e+02 4.02967806e-01 4.00000000e+00]
[3.44000000e+02 8.33000000e+02 4.06845042e-01 3.00000000e+00]
[7.00000000e+00 8.76000000e+02 4.07266355e-01 2.00000000e+01]
[5.70000000e+02 8.54000000e+02 4.08058507e-01 1.00000000e+01]
[5.34000000e+02 8.47000000e+02 4.08412633e-01 1.00000000e+01]
[8.34000000e+02 8.63000000e+02 4.09081726e-01 1.00000000e+01]
[4.81000000e+02 6.67000000e+02 4.09365791e-01 3.00000000e+00]
[4.20000000e+01 4.84000000e+02 4.09711543e-01 2.00000000e+00]
[8.65000000e+02 4.78000000e+02 4.10165519e-01 6.00000000e+00]
[5.92000000e+02 8.60000000e+02 4.10802747e-01 1.60000000e+01]
[6.37000000e+02 8.64000000e+02 4.12537844e-01 5.00000000e+00]
[7.83000000e+02 8.77000000e+02 4.13930059e-01 2.70000000e+01]
[8.390000e+02 4.560000e+02 4.139958e-01 3.000000e+00]
[260.         337.           0.41430677   2.        ]
[1.50000000e+01 6.96000000e+02 4.14920718e-01 4.00000000e+00]
[5.60000000e+01 8.71000000e+02 4.15660255e-01 5.00000000e+00]
[167.         253.           0.41594616   2.        ]
[4.03000000e+02 4.64000000e+02 4.16957741e-01 2.00000000e+00]
[4.01000000e+02 8.74000000e+02 4.17825969e-01 1.10000000e+01]
[4.40000000e+01 8.68000000e+02 4.18572131e-01 1.30000000e+01]
[ 31.        263.          0.4185846   2.       ]
[8.18000000e+02 7.31000000e+02 4.19199795e-01 4.00000000e+00]
[8.90000000e+01 8.98000000e+02 4.19427089e-01 1.40000000e+01]
[8.78000000e+02 8.90000000e+02 4.20637365e-01 3.10000000e+01]
[5.31000000e+02 8.30000000e+02 4.20739735e-01 3.00000000e+00]
[8.43000000e+02 7.62000000e+02 4.22919192e-01 1.90000000e+01]
[2.35000000e+02 8.88000000e+02 4.23116999e-01 1.70000000e+01]
[7.16000000e+02 8.46000000e+02 4.23306216e-01 2.70000000e+01]
[4.30000000e+02 8.81000000e+02 4.23336702e-01 2.10000000e+01]
[8.87000000e+02 3.25000000e+02 4.23554929e-01 7.00000000e+00]
[5.95000000e+02 8.84000000e+02 4.24562444e-01 1.20000000e+01]
[3.85000000e+02 8.72000000e+02 4.26038496e-01 1.90000000e+01]
[4.91000000e+02 9.02000000e+02 4.26060064e-01 3.20000000e+01]
[2.58000000e+02 9.09000000e+02 4.26166856e-01 1.30000000e+01]
[8.27000000e+02 8.11000000e+02 4.26379062e-01 1.70000000e+01]
[2.9300000e+02 9.0100000e+02 4.2663921e-01 1.5000000e+01]
[2.42000000e+02 9.04000000e+02 4.29355808e-01 2.00000000e+01]
[4.51000000e+02 6.20000000e+02 4.31364526e-01 3.00000000e+00]
[3.38000000e+02 8.70000000e+02 4.32378257e-01 1.10000000e+01]
[116.         146.           0.43317978   2.        ]
[4.31000000e+02 8.97000000e+02 4.35190944e-01 1.20000000e+01]
[7.19000000e+02 5.10000000e+02 4.35509669e-01 3.00000000e+00]
[2.57000000e+02 9.14000000e+02 4.36016589e-01 1.60000000e+01]
[8.50000000e+02 8.66000000e+02 4.36720154e-01 1.20000000e+01]
[8.96000000e+02 4.65000000e+02 4.38304899e-01 3.00000000e+00]
[231.         234.           0.43854689   2.        ]
[9.22000000e+02 8.55000000e+02 4.39791761e-01 2.00000000e+01]
[9.0600000e+02 2.8400000e+02 4.4045633e-01 2.8000000e+01]
[4.99000000e+02 8.94000000e+02 4.40689485e-01 6.00000000e+00]
[3.04000000e+02 7.81000000e+02 4.42423922e-01 5.00000000e+00]
[8.53000000e+02 9.05000000e+02 4.43243916e-01 2.10000000e+01]
[8.69000000e+02 8.85000000e+02 4.45201745e-01 1.00000000e+01]
[9.00000000e+02 9.07000000e+02 4.46583086e-01 2.50000000e+01]
[4.47000000e+02 9.15000000e+02 4.47414837e-01 2.10000000e+01]
[4.12000000e+02 8.89000000e+02 4.47473051e-01 6.00000000e+00]
[8.73000000e+02 9.11000000e+02 4.49662802e-01 4.30000000e+01]
[8.82000000e+02 8.91000000e+02 4.49676713e-01 1.30000000e+01]
[9.12000000e+02 9.34000000e+02 4.49932245e-01 5.60000000e+01]
[8.92000000e+02 9.17000000e+02 4.50307888e-01 1.30000000e+01]
[6.23000000e+02 8.36000000e+02 4.50967691e-01 5.00000000e+00]
[1.98000000e+02 8.42000000e+02 4.51672176e-01 9.00000000e+00]
[1.45000000e+02 9.32000000e+02 4.51915982e-01 2.20000000e+01]
[4.28000000e+02 8.57000000e+02 4.52338366e-01 4.00000000e+00]
[9.3500000e+02 8.2600000e+02 4.5251854e-01 1.5000000e+01]
[8.86000000e+02 4.88000000e+02 4.54230568e-01 3.00000000e+00]
[2.81000000e+02 8.83000000e+02 4.55921636e-01 1.10000000e+01]
[9.19000000e+02 9.31000000e+02 4.56690137e-01 3.70000000e+01]
[5.14000000e+02 9.29000000e+02 4.58482331e-01 2.20000000e+01]
[1.10000000e+02 9.36000000e+02 4.59409169e-01 5.70000000e+01]
[9.42000000e+02 9.41000000e+02 4.59459236e-01 1.90000000e+01]
[8.49000000e+02 9.10000000e+02 4.59859108e-01 2.20000000e+01]
[4.11000000e+02 9.48000000e+02 4.60517396e-01 2.00000000e+01]
[134.         157.           0.46116156   2.        ]
[9.30000000e+02 1.81000000e+02 4.61683475e-01 1.10000000e+01]
[6.0000000e+01 9.3700000e+02 4.6235572e-01 1.4000000e+01]
[6.39000000e+02 5.99000000e+02 4.62494388e-01 4.00000000e+00]
[5.82000000e+02 9.33000000e+02 4.62532345e-01 8.00000000e+00]
[5.41000000e+02 9.13000000e+02 4.65121371e-01 2.00000000e+01]
[4.53000000e+02 9.49000000e+02 4.65313984e-01 2.30000000e+01]
[2.23000000e+02 9.52000000e+02 4.65322824e-01 1.20000000e+01]
[8.93000000e+02 1.18000000e+02 4.67288156e-01 5.00000000e+00]
[9.25000000e+02 9.44000000e+02 4.67495755e-01 3.10000000e+01]
[9.39000000e+02 9.08000000e+02 4.70859192e-01 1.60000000e+01]
[9.03000000e+02 9.16000000e+02 4.71760344e-01 6.00000000e+00]
[4.93000000e+02 8.52000000e+02 4.75397923e-01 5.00000000e+00]
[4.32000000e+02 9.60000000e+02 4.75738823e-01 3.20000000e+01]
[6.90000000e+01 9.46000000e+02 4.76205386e-01 2.30000000e+01]
[9.53000000e+02 9.28000000e+02 4.76704916e-01 1.90000000e+01]
[5.36000000e+02 9.58000000e+02 4.77084765e-01 1.30000000e+01]
[9.23000000e+02 9.62000000e+02 4.79451442e-01 9.00000000e+00]
[2.54000000e+02 7.79000000e+02 4.79897101e-01 5.50000000e+01]
[9.66000000e+02 4.25000000e+02 4.80660862e-01 2.00000000e+01]
[1.33000000e+02 9.21000000e+02 4.81256671e-01 1.70000000e+01]
[9.65000000e+02 8.79000000e+02 4.81873318e-01 2.70000000e+01]
[1.10000000e+01 5.04000000e+02 4.82506245e-01 2.00000000e+00]
[4.30000000e+01 9.72000000e+02 4.82551111e-01 2.80000000e+01]
[4.98000000e+02 9.43000000e+02 4.86125012e-01 4.00000000e+00]
[9.68000000e+02 9.18000000e+02 4.89348309e-01 1.10000000e+01]
[8.95000000e+02 9.47000000e+02 4.91715869e-01 5.90000000e+01]
[4.2000000e+02 9.7700000e+02 4.9222502e-01 6.0000000e+01]
[9.64000000e+02 8.80000000e+02 4.95732292e-01 3.50000000e+01]
[8.99000000e+02 9.61000000e+02 4.96661875e-01 1.80000000e+01]
[9.45000000e+02 9.27000000e+02 4.97946532e-01 4.30000000e+01]
[5.83000000e+02 9.78000000e+02 4.99673782e-01 6.20000000e+01]
[3.06000000e+02 9.40000000e+02 5.01356284e-01 2.30000000e+01]
[9.24000000e+02 3.79000000e+02 5.02225907e-01 3.00000000e+00]
[8.75000000e+02 9.79000000e+02 5.02480109e-01 3.80000000e+01]
[8.40000000e+01 9.76000000e+02 5.03306117e-01 1.20000000e+01]
[9.81000000e+02 9.67000000e+02 5.04143576e-01 5.60000000e+01]
[6.34000000e+02 9.82000000e+02 5.04650958e-01 6.40000000e+01]
[9.56000000e+02 9.57000000e+02 5.04846263e-01 4.30000000e+01]
[9.71000000e+02 4.97000000e+02 5.06246615e-01 1.80000000e+01]
[4.75000000e+02 9.80000000e+02 5.07952917e-01 1.90000000e+01]
[4.74000000e+02 9.91000000e+02 5.12840581e-01 2.00000000e+01]
[9.63000000e+02 9.86000000e+02 5.16072087e-01 1.70000000e+01]
[1.77000000e+02 9.38000000e+02 5.17520383e-01 6.00000000e+00]
[8.58000000e+02 9.87000000e+02 5.18364149e-01 5.80000000e+01]
[9.69000000e+02 3.92000000e+02 5.19545292e-01 5.60000000e+01]
[3.64000000e+02 9.90000000e+02 5.19649296e-01 1.90000000e+01]
[9.93000000e+02 9.85000000e+02 5.20060358e-01 5.50000000e+01]
[9.89000000e+02 9.20000000e+02 5.22037459e-01 4.60000000e+01]
[9.9900000e+02 7.0500000e+02 5.2231701e-01 4.8000000e+01]
[1.7100000e+02 9.7500000e+02 5.2439559e-01 5.0000000e+00]
[9.7400000e+02 9.8800000e+02 5.2569095e-01 9.2000000e+01]
[9.94000000e+02 4.77000000e+02 5.26252137e-01 7.00000000e+00]
[388.         416.           0.53343339   2.        ]
[9.26000000e+02 9.51000000e+02 5.38407799e-01 3.00000000e+01]
[1.0050000e+03 2.6800000e+02 5.3918105e-01 3.1000000e+01]
[9.50000000e+02 1.00200000e+03 5.39948547e-01 1.12000000e+02]
[6.59000000e+02 9.70000000e+02 5.42578204e-01 2.30000000e+01]
[9.55000000e+02 9.98000000e+02 5.42803538e-01 6.30000000e+01]
[9.95000000e+02 1.00300000e+03 5.43341374e-01 6.50000000e+01]
[1.07000000e+02 1.00400000e+03 5.43620182e-01 3.00000000e+00]
[2.43000000e+02 1.00700000e+03 5.43895019e-01 1.13000000e+02]
[131.         470.           0.54412812   2.        ]
[7.82000000e+02 1.00800000e+03 5.48995111e-01 2.50000000e+01]
[9.9200000e+02 1.0090000e+03 5.5003909e-01 8.3000000e+01]
[1.01000000e+03 3.75000000e+02 5.52641503e-01 6.60000000e+01]
[3.51000000e+02 9.54000000e+02 5.57501718e-01 5.00000000e+00]
[9.73000000e+02 9.59000000e+02 5.58920737e-01 7.00000000e+00]
[1.01600000e+03 3.77000000e+02 5.61500013e-01 6.70000000e+01]
[7.7000000e+01 1.0120000e+03 5.6222886e-01 1.1400000e+02]
[5.98000000e+02 4.07000000e+02 5.63035151e-01 3.00000000e+00]
[  2.         455.           0.56576835   2.        ]
[9.84000000e+02 9.83000000e+02 5.66521188e-01 2.60000000e+01]
[3.5400000e+02 1.0200000e+03 5.6675185e-01 1.1500000e+02]
[1.00000000e+03 1.02400000e+03 5.67998005e-01 1.63000000e+02]
[5.07000000e+02 1.01500000e+03 5.68423889e-01 8.40000000e+01]
[355.         441.           0.56985835   2.        ]
[4.50000000e+01 9.96000000e+02 5.72648624e-01 5.70000000e+01]
[1.79000000e+02 9.97000000e+02 5.73183434e-01 2.00000000e+01]
[5.50000000e+01 1.02500000e+03 5.76423321e-01 1.64000000e+02]
[114.         191.           0.58429099   2.        ]
[1.02100000e+03 1.01900000e+03 5.93452948e-01 7.00000000e+01]
[502.         506.           0.59598537   2.        ]
[1.00600000e+03 1.62000000e+02 5.97256046e-01 3.20000000e+01]
[1.02600000e+03 1.02900000e+03 5.99839111e-01 1.04000000e+02]
[6.24000000e+02 1.01400000e+03 6.01334412e-01 2.70000000e+01]
[4.70000000e+01 1.03500000e+03 6.03537773e-01 1.05000000e+02]
[1.0010000e+03 1.0320000e+03 6.0658516e-01 7.5000000e+01]
[6.02000000e+02 1.03700000e+03 6.13076513e-01 1.07000000e+02]
[1.01300000e+03 1.03000000e+03 6.17859273e-01 1.66000000e+02]
[1.04000000e+03 1.01100000e+03 6.22475383e-01 1.69000000e+02]
[1.20000000e+02 1.03900000e+03 6.22529772e-01 1.08000000e+02]
[1.04100000e+03 1.03800000e+03 6.23874335e-01 2.44000000e+02]
[1.04300000e+03 3.10000000e+02 6.29382578e-01 2.45000000e+02]
[1.03600000e+03 1.04200000e+03 6.39798832e-01 1.35000000e+02]
[1.04500000e+03 1.01700000e+03 6.41234228e-01 1.40000000e+02]
[1.03400000e+03 1.01800000e+03 6.45545303e-01 3.90000000e+01]
[1.02300000e+03 4.58000000e+02 6.47299126e-01 2.70000000e+01]
[1.0310000e+03 1.0270000e+03 6.5301174e-01 4.0000000e+00]
[1.02800000e+03 4.34000000e+02 6.53164684e-01 5.80000000e+01]
[4.19000000e+02 1.04400000e+03 6.60221023e-01 2.46000000e+02]
[1.04700000e+03 1.05100000e+03 6.98517947e-01 2.85000000e+02]
[1.04900000e+03 1.04600000e+03 7.03319282e-01 1.44000000e+02]
[1.08000000e+02 1.04800000e+03 7.06146301e-01 2.80000000e+01]
[1.69000000e+02 1.05300000e+03 7.17991931e-01 1.45000000e+02]
[1.05200000e+03 1.05000000e+03 7.23729932e-01 3.43000000e+02]
[1.02200000e+03 3.41000000e+02 7.31020762e-01 3.00000000e+00]
[1.05600000e+03 1.03300000e+03 7.36593354e-01 3.45000000e+02]
[201.        316.          0.7428618   2.       ]
[1.05700000e+03 1.05800000e+03 7.50745853e-01 3.48000000e+02]
[1.05500000e+03 1.06000000e+03 7.56590846e-01 4.93000000e+02]
[1.05400000e+03 1.06100000e+03 7.57249908e-01 5.21000000e+02]
[126.         212.           0.75742814   2.        ]
[543.         147.           0.79119649   3.        ]
[1.06200000e+03 1.06300000e+03 8.07367567e-01 5.23000000e+02]
[1.30000000e+01 1.06500000e+03 8.12728535e-01 5.24000000e+02]
[1.66000000e+02 1.06600000e+03 8.68395253e-01 5.25000000e+02]
[1.06700000e+03 7.47000000e+02 8.77908341e-01 5.27000000e+02]
[1.06800000e+03 3.14000000e+02 8.78644983e-01 5.28000000e+02]
[1.06900000e+03 4.29000000e+02 8.78712691e-01 5.29000000e+02]
[3.11000000e+02 1.07000000e+03 9.05116401e-01 5.30000000e+02]
[1.0710000e+03 1.0590000e+03 9.5015768e-01 5.3200000e+02]
[8.6000000e+01 1.0720000e+03 9.5031522e-01 5.3300000e+02]
[1.0730000e+03 1.0640000e+03 9.8380635e-01 5.3600000e+02]
[1.07400000e+03 5.33000000e+02 9.84180784e-01 5.37000000e+02]
[1.07500000e+03 2.77000000e+02 9.98542161e-01 5.38000000e+02]
[1.07600000e+03 2.89000000e+02 1.02933694e+00 5.39000000e+02]
[1.07700000e+03 3.19000000e+02 1.03062655e+00 5.40000000e+02]
