[  6. 129.   0.   2.]
[64. 68.  0.  2.]
[541.  93.   0.   3.]
[542. 123.   0.   4.]
[543. 214.   0.   5.]
[544. 261.   0.   6.]
[ 72. 437.   0.   2.]
[ 90. 518.   0.   2.]
[140. 380.   0.   2.]
[220. 295.   0.   2.]
[270. 271.   0.   2.]
[550. 400.   0.   3.]
[300. 302.   0.   2.]
[7.80000000e+01 3.15000000e+02 1.05367121e-08 2.00000000e+00]
[5.53000000e+02 1.25000000e+02 1.34463448e-08 3.00000000e+00]
[1.00000000e+00 2.16000000e+02 1.49011612e-08 2.00000000e+00]
[5.55000000e+02 1.13000000e+02 1.49011612e-08 3.00000000e+00]
[3.59000000e+02 4.13000000e+02 1.49011612e-08 2.00000000e+00]
[1.36000000e+02 3.36000000e+02 1.82501207e-08 2.00000000e+00]
[5.00000000e+01 1.35000000e+02 2.10734243e-08 2.00000000e+00]
[5.59000000e+02 3.29000000e+02 2.10734243e-08 3.00000000e+00]
[7.40000000e+01 9.10000000e+01 2.10734243e-08 2.00000000e+00]
[5.61000000e+02 3.17000000e+02 2.10734243e-08 3.00000000e+00]
[9.50000000e+01 1.52000000e+02 2.10734243e-08 2.00000000e+00]
[5.63000000e+02 2.40000000e+02 2.10734243e-08 3.00000000e+00]
[5.64000000e+02 3.01000000e+02 2.10734243e-08 4.00000000e+00]
[5.65000000e+02 3.08000000e+02 2.10734243e-08 5.00000000e+00]
[5.66000000e+02 5.49000000e+02 2.10734243e-08 7.00000000e+00]
[3.07000000e+02 5.67000000e+02 2.10734243e-08 8.00000000e+00]
[1.03000000e+02 1.96000000e+02 2.10734243e-08 2.00000000e+00]
[1.78000000e+02 2.45000000e+02 2.10734243e-08 2.00000000e+00]
[5.52000000e+02 4.68000000e+02 2.48352687e-08 3.00000000e+00]
[8.1000000e+01 5.6800000e+02 2.5969512e-08 9.0000000e+00]
[6.10000000e+01 2.36000000e+02 3.65002415e-08 2.00000000e+00]
[5.62000000e+02 2.74000000e+02 7.74287048e-08 4.00000000e+00]
[3.09000000e+02 3.94000000e+02 4.20272775e-02 2.00000000e+00]
[1.70000000e+02 5.51000000e+02 6.13489452e-02 4.00000000e+00]
[21.         40.          0.06525923  2.        ]
[2.18000000e+02 5.03000000e+02 6.67553151e-02 2.00000000e+00]
[2.06000000e+02 3.22000000e+02 7.56541011e-02 2.00000000e+00]
[5.60000000e+02 1.30000000e+02 7.70653002e-02 4.00000000e+00]
[3.00000000e+01 2.09000000e+02 8.06748589e-02 2.00000000e+00]
[3.39000000e+02 4.73000000e+02 8.52938749e-02 2.00000000e+00]
[4.90000000e+01 2.46000000e+02 8.70285231e-02 2.00000000e+00]
[3.66000000e+02 5.17000000e+02 8.77495348e-02 2.00000000e+00]
[4.92000000e+02 5.23000000e+02 1.06293885e-01 2.00000000e+00]
[3.9700000e+02 4.4400000e+02 1.0810634e-01 2.0000000e+00]
[1.24000000e+02 3.05000000e+02 1.08530518e-01 2.00000000e+00]
[5.48000000e+02 2.98000000e+02 1.09718327e-01 3.00000000e+00]
[1.28000000e+02 2.91000000e+02 1.09913936e-01 2.00000000e+00]
[3.20000000e+02 4.06000000e+02 1.13231418e-01 2.00000000e+00]
[2.90000000e+01 4.86000000e+02 1.16059314e-01 2.00000000e+00]
[2.48000000e+02 5.16000000e+02 1.16855715e-01 2.00000000e+00]
[1.43000000e+02 4.45000000e+02 1.18843233e-01 2.00000000e+00]
[3.46000000e+02 4.38000000e+02 1.19510912e-01 2.00000000e+00]
[5.74000000e+02 1.64000000e+02 1.20307118e-01 5.00000000e+00]
[6.30000000e+01 4.26000000e+02 1.23291247e-01 2.00000000e+00]
[5.40000000e+01 1.48000000e+02 1.23449399e-01 2.00000000e+00]
[3.48000000e+02 3.67000000e+02 1.27924535e-01 2.00000000e+00]
[2.9000000e+02 5.3000000e+02 1.2863548e-01 2.0000000e+00]
[4.36000000e+02 5.22000000e+02 1.31911863e-01 2.00000000e+00]
[4.02000000e+02 4.89000000e+02 1.32364684e-01 2.00000000e+00]
[3.00000000e+00 2.51000000e+02 1.32801284e-01 2.00000000e+00]
[4.10000000e+01 5.94000000e+02 1.33440134e-01 3.00000000e+00]
[4.00000000e+00 2.62000000e+02 1.35758706e-01 2.00000000e+00]
[2.13000000e+02 3.86000000e+02 1.37608285e-01 2.00000000e+00]
[5.76000000e+02 2.29000000e+02 1.41648784e-01 5.00000000e+00]
[5.58000000e+02 1.76000000e+02 1.41736204e-01 3.00000000e+00]
[2.70000000e+01 1.72000000e+02 1.44948965e-01 2.00000000e+00]
[3.03000000e+02 3.69000000e+02 1.45395614e-01 2.00000000e+00]
[5.80000000e+02 5.72000000e+02 1.46646185e-01 1.30000000e+01]
[3.96000000e+02 4.14000000e+02 1.46739892e-01 2.00000000e+00]
[1.60000000e+01 4.39000000e+02 1.46763247e-01 2.00000000e+00]
[8.00000000e+01 4.09000000e+02 1.51588644e-01 2.00000000e+00]
[9.00000000e+00 5.54000000e+02 1.51905196e-01 4.00000000e+00]
[65.         76.          0.15853869  2.        ]
[1.44000000e+02 5.57000000e+02 1.58724508e-01 3.00000000e+00]
[2.05000000e+02 5.71000000e+02 1.61096656e-01 4.00000000e+00]
[2.4700000e+02 2.4900000e+02 1.6354979e-01 2.0000000e+00]
[5.95000000e+02 2.04000000e+02 1.63932763e-01 6.00000000e+00]
[1.85000000e+02 1.95000000e+02 1.65685387e-01 2.00000000e+00]
[2.97000000e+02 4.27000000e+02 1.67879148e-01 2.00000000e+00]
[5.00000000e+00 2.07000000e+02 1.71191335e-01 2.00000000e+00]
[2.30000000e+02 5.32000000e+02 1.79253896e-01 2.00000000e+00]
[5.89000000e+02 1.65000000e+02 1.82652293e-01 3.00000000e+00]
[3.28000000e+02 6.10000000e+02 1.87096867e-01 1.40000000e+01]
[4.18000000e+02 4.61000000e+02 1.87338283e-01 2.00000000e+00]
[3.18000000e+02 5.09000000e+02 1.94485694e-01 2.00000000e+00]
[2.76000000e+02 3.45000000e+02 1.94649054e-01 2.00000000e+00]
[2.39000000e+02 6.25000000e+02 1.95070035e-01 1.50000000e+01]
[9.20000000e+01 2.69000000e+02 1.96323204e-01 2.00000000e+00]
[1.80000000e+02 6.24000000e+02 2.03738013e-01 4.00000000e+00]
[3.93000000e+02 5.11000000e+02 2.03861056e-01 2.00000000e+00]
[6.3100000e+02 6.2000000e+01 2.0897721e-01 5.0000000e+00]
[1.70000000e+01 2.83000000e+02 2.10534974e-01 2.00000000e+00]
[3.81000000e+02 4.05000000e+02 2.10682214e-01 2.00000000e+00]
[5.20000000e+01 3.82000000e+02 2.11028638e-01 2.00000000e+00]
[6.06000000e+02 3.34000000e+02 2.12025217e-01 6.00000000e+00]
[1.42000000e+02 5.19000000e+02 2.12677255e-01 2.00000000e+00]
[1.55000000e+02 2.72000000e+02 2.15880492e-01 2.00000000e+00]
[ 33.         122.           0.21900548   2.        ]
[6.14000000e+02 1.56000000e+02 2.28415228e-01 5.00000000e+00]
[6.33000000e+02 2.33000000e+02 2.32019464e-01 6.00000000e+00]
[1.99000000e+02 6.41000000e+02 2.36892163e-01 6.00000000e+00]
[ 67.         150.           0.23819264   2.        ]
[4.15000000e+02 4.60000000e+02 2.38603893e-01 2.00000000e+00]
[6.23000000e+02 4.77000000e+02 2.38903265e-01 3.00000000e+00]
[9.80000000e+01 6.39000000e+02 2.40549768e-01 3.00000000e+00]
[6.0300000e+02 6.3600000e+02 2.4523685e-01 5.0000000e+00]
[ 19.         104.           0.24622002   2.        ]
[ 70.         183.           0.24680608   2.        ]
[6.07000000e+02 1.86000000e+02 2.47363626e-01 4.00000000e+00]
[6.17000000e+02 5.45000000e+02 2.53453208e-01 1.00000000e+01]
[ 83.         159.           0.25527496   2.        ]
[1.40000000e+01 4.33000000e+02 2.58566205e-01 2.00000000e+00]
[117.         153.           0.26014209   2.        ]
[4.08000000e+02 4.50000000e+02 2.64167955e-01 2.00000000e+00]
[6.42000000e+02 3.33000000e+02 2.64773147e-01 7.00000000e+00]
[2.37000000e+02 4.90000000e+02 2.64998226e-01 2.00000000e+00]
[3.65000000e+02 4.43000000e+02 2.70190076e-01 2.00000000e+00]
[6.3800000e+02 5.8400000e+02 2.7408429e-01 4.0000000e+00]
[6.3700000e+02 6.2900000e+02 2.7694886e-01 2.1000000e+01]
[ 35.         160.           0.27739317   2.        ]
[4.60000000e+01 3.27000000e+02 2.80190419e-01 2.00000000e+00]
[6.0200000e+02 2.2100000e+02 2.8058719e-01 3.0000000e+00]
[4.51000000e+02 5.08000000e+02 2.81112942e-01 2.00000000e+00]
[1.15000000e+02 6.57000000e+02 2.81850635e-01 8.00000000e+00]
[1.94000000e+02 4.80000000e+02 2.88850224e-01 2.00000000e+00]
[1.09000000e+02 6.52000000e+02 2.91807581e-01 1.10000000e+01]
[2.27000000e+02 3.40000000e+02 2.97744078e-01 2.00000000e+00]
[6.47000000e+02 2.19000000e+02 3.01062914e-01 4.00000000e+00]
[3.91000000e+02 4.10000000e+02 3.03050171e-01 2.00000000e+00]
[4.95000000e+02 6.70000000e+02 3.03448233e-01 5.00000000e+00]
[6.44000000e+02 2.56000000e+02 3.03592885e-01 3.00000000e+00]
[154.         182.           0.30403392   2.        ]
[3.56000000e+02 4.67000000e+02 3.08410621e-01 2.00000000e+00]
[0.00000000e+00 4.65000000e+02 3.09590273e-01 2.00000000e+00]
[6.66000000e+02 2.08000000e+02 3.10059253e-01 9.00000000e+00]
[5.70000000e+02 2.85000000e+02 3.11151656e-01 3.00000000e+00]
[6.19000000e+02 6.55000000e+02 3.12422749e-01 8.00000000e+00]
[5.98000000e+02 5.26000000e+02 3.14317475e-01 3.00000000e+00]
[3.35000000e+02 4.42000000e+02 3.14429786e-01 2.00000000e+00]
[5.88000000e+02 6.61000000e+02 3.16794939e-01 2.40000000e+01]
[6.51000000e+02 6.43000000e+02 3.18082865e-01 1.00000000e+01]
[6.40000000e+02 6.46000000e+02 3.20713686e-01 5.00000000e+00]
[3.4900000e+02 5.3800000e+02 3.2179643e-01 2.0000000e+00]
[6.77000000e+02 2.02000000e+02 3.22510497e-01 1.00000000e+01]
[6.22000000e+02 6.62000000e+02 3.25109438e-01 4.00000000e+00]
[23.         32.          0.32643372  2.        ]
[6.49000000e+02 4.69000000e+02 3.27709786e-01 3.00000000e+00]
[6.50000000e+02 6.74000000e+02 3.31492618e-01 4.00000000e+00]
[6.79000000e+02 1.21000000e+02 3.33076154e-01 9.00000000e+00]
[5.12000000e+02 5.28000000e+02 3.34031824e-01 2.00000000e+00]
[5.99000000e+02 5.90000000e+02 3.35953893e-01 4.00000000e+00]
[2.00000000e+01 6.72000000e+02 3.37615228e-01 6.00000000e+00]
[5.79000000e+02 2.25000000e+02 3.39114899e-01 3.00000000e+00]
[193.         279.           0.34009775   2.        ]
[3.61000000e+02 5.27000000e+02 3.43242707e-01 2.00000000e+00]
[102.         141.           0.34590264   2.        ]
[6.30000000e+02 1.92000000e+02 3.47862768e-01 3.00000000e+00]
[6.53000000e+02 1.84000000e+02 3.48594535e-01 3.00000000e+00]
[5.400000e+02 1.390000e+02 3.497422e-01 3.000000e+00]
[5.75000000e+02 6.81000000e+02 3.50615128e-01 4.00000000e+00]
[4.70000000e+01 5.83000000e+02 3.56909409e-01 3.00000000e+00]
[6.89000000e+02 6.82000000e+02 3.58393266e-01 2.70000000e+01]
[5.90000000e+01 6.91000000e+02 3.60203494e-01 1.00000000e+01]
[2.52000000e+02 4.63000000e+02 3.60207445e-01 2.00000000e+00]
[6.9300000e+02 4.8300000e+02 3.6128612e-01 5.0000000e+00]
[2.65000000e+02 6.87000000e+02 3.65328146e-01 5.00000000e+00]
[287.         324.           0.36629062   2.        ]
[6.76000000e+02 4.91000000e+02 3.67026746e-01 3.00000000e+00]
[ 87.         280.           0.36851304   2.        ]
[100.          51.           0.37101662   2.        ]
[6.94000000e+02 6.69000000e+02 3.72953198e-01 8.00000000e+00]
[4.76000000e+02 4.98000000e+02 3.77809346e-01 2.00000000e+00]
[188.         241.           0.37823154   2.        ]
[ 18.         273.           0.37927654   2.        ]
[5.96000000e+02 2.38000000e+02 3.79985441e-01 3.00000000e+00]
[6.45000000e+02 6.63000000e+02 3.85683177e-01 4.00000000e+00]
[3.38000000e+02 7.18000000e+02 3.86091401e-01 5.00000000e+00]
[7.06000000e+02 5.05000000e+02 3.89288663e-01 3.00000000e+00]
[6.88000000e+02 3.50000000e+02 3.89417819e-01 3.00000000e+00]
[7.12000000e+02 2.55000000e+02 3.89440127e-01 3.00000000e+00]
[6.26000000e+02 5.37000000e+02 3.89505291e-01 3.00000000e+00]
[7.1000000e+02 1.3700000e+02 3.8955438e-01 4.0000000e+00]
[6.84000000e+02 6.92000000e+02 3.90165798e-01 7.00000000e+00]
[210.         383.           0.39072488   2.        ]
[5.70000000e+01 5.15000000e+02 3.91460847e-01 2.00000000e+00]
[8.80000000e+01 6.60000000e+02 3.93166217e-01 5.00000000e+00]
[3.90000000e+01 7.19000000e+02 3.94045676e-01 6.00000000e+00]
[1.12000000e+02 6.86000000e+02 3.94063764e-01 1.10000000e+01]
[2.50000000e+01 6.00000000e+02 3.97743079e-01 3.00000000e+00]
[6.80000000e+02 5.01000000e+02 3.98946141e-01 4.00000000e+00]
[3.47000000e+02 4.87000000e+02 3.99441176e-01 2.00000000e+00]
[7.07000000e+02 2.99000000e+02 4.00099695e-01 6.00000000e+00]
[2.86000000e+02 6.35000000e+02 4.00431305e-01 3.00000000e+00]
[6.04000000e+02 7.04000000e+02 4.00548692e-01 2.90000000e+01]
[2.32000000e+02 7.28000000e+02 4.00899529e-01 6.00000000e+00]
[203.         358.           0.40183111   2.        ]
[2.60000000e+02 6.32000000e+02 4.02160643e-01 3.00000000e+00]
[4.32000000e+02 7.29000000e+02 4.02552334e-01 7.00000000e+00]
[3.37000000e+02 5.29000000e+02 4.03160443e-01 2.00000000e+00]
[7.24000000e+02 4.34000000e+02 4.03538616e-01 5.00000000e+00]
[5.81000000e+02 4.41000000e+02 4.03588014e-01 3.00000000e+00]
[4.5400000e+02 6.6800000e+02 4.0410966e-01 1.2000000e+01]
[6.78000000e+02 3.10000000e+02 4.06065824e-01 4.00000000e+00]
[1.98000000e+02 5.07000000e+02 4.08228249e-01 2.00000000e+00]
[6.73000000e+02 1.57000000e+02 4.08764449e-01 4.00000000e+00]
[6.85000000e+02 6.28000000e+02 4.08931219e-01 4.00000000e+00]
[3.26000000e+02 7.40000000e+02 4.10112178e-01 8.00000000e+00]
[ 82.         127.           0.41017661   2.        ]
[2.67000000e+02 6.97000000e+02 4.11886106e-01 3.00000000e+00]
[2.59000000e+02 7.42000000e+02 4.14517538e-01 6.00000000e+00]
[28.         31.          0.41601758  2.        ]
[6.12000000e+02 2.58000000e+02 4.16055167e-01 3.00000000e+00]
[ 79.         352.           0.41712533   2.        ]
[6.90000000e+02 6.56000000e+02 4.17503478e-01 6.00000000e+00]
[4.72000000e+02 7.54000000e+02 4.17764795e-01 4.00000000e+00]
[7.01000000e+02 1.11000000e+02 4.18151611e-01 4.00000000e+00]
[7.43000000e+02 4.64000000e+02 4.20985496e-01 4.00000000e+00]
[7.05000000e+02 1.74000000e+02 4.21767561e-01 1.10000000e+01]
[6.64000000e+02 7.44000000e+02 4.23833823e-01 1.50000000e+01]
[7.16000000e+02 2.94000000e+02 4.25946599e-01 3.00000000e+00]
[6.83000000e+02 7.61000000e+02 4.25977337e-01 2.50000000e+01]
[5.97000000e+02 7.48000000e+02 4.28076133e-01 6.00000000e+00]
[6.98000000e+02 1.97000000e+02 4.29332586e-01 3.00000000e+00]
[5.69000000e+02 6.18000000e+02 4.30396855e-01 4.00000000e+00]
[6.48000000e+02 7.37000000e+02 4.31243348e-01 1.10000000e+01]
[7.13000000e+02 7.47000000e+02 4.32089433e-01 1.20000000e+01]
[7.21000000e+02 7.34000000e+02 4.32304305e-01 9.00000000e+00]
[7.22000000e+02 4.07000000e+02 4.32458731e-01 4.00000000e+00]
[3.73000000e+02 7.23000000e+02 4.34541666e-01 4.00000000e+00]
[2.60000000e+01 7.70000000e+02 4.35366322e-01 5.00000000e+00]
[7.10000000e+01 4.62000000e+02 4.37781194e-01 2.00000000e+00]
[1.5000000e+01 7.5200000e+02 4.3815351e-01 7.0000000e+00]
[ 34.         330.           0.43816637   2.        ]
[ 94.         223.           0.44004323   2.        ]
[7.50000000e+01 7.72000000e+02 4.41292586e-01 6.00000000e+00]
[4.55000000e+02 5.36000000e+02 4.41413491e-01 2.00000000e+00]
[6.67000000e+02 4.48000000e+02 4.42297387e-01 3.00000000e+00]
[8.60000000e+01 7.00000000e+02 4.42672165e-01 4.00000000e+00]
[6.58000000e+02 4.28000000e+02 4.43013559e-01 3.00000000e+00]
[6.96000000e+02 7.67000000e+02 4.43047517e-01 1.30000000e+01]
[6.27000000e+02 6.71000000e+02 4.43410479e-01 4.00000000e+00]
[7.59000000e+02 1.20000000e+02 4.45662305e-01 5.00000000e+00]
[105.         191.           0.44585884   2.        ]
[2.5000000e+02 5.3500000e+02 4.4743765e-01 2.0000000e+00]
[6.08000000e+02 5.10000000e+02 4.47730201e-01 3.00000000e+00]
[1.81000000e+02 7.14000000e+02 4.48513961e-01 3.00000000e+00]
[ 38.         200.           0.44855396   2.        ]
[114.         226.           0.44876313   2.        ]
[1.33000000e+02 7.51000000e+02 4.50221439e-01 4.00000000e+00]
[7.36000000e+02 2.75000000e+02 4.51010045e-01 3.00000000e+01]
[163.         440.           0.45190532   2.        ]
[4.35000000e+02 4.79000000e+02 4.52463526e-01 2.00000000e+00]
[7.15000000e+02 7.64000000e+02 4.52852905e-01 8.00000000e+00]
[3.63000000e+02 5.21000000e+02 4.53100824e-01 2.00000000e+00]
[7.25000000e+02 2.78000000e+02 4.53108494e-01 8.00000000e+00]
[2.54000000e+02 7.69000000e+02 4.54116288e-01 1.00000000e+01]
[5.87000000e+02 3.75000000e+02 4.55275495e-01 3.00000000e+00]
[1.1600000e+02 7.4900000e+02 4.5580649e-01 9.0000000e+00]
[2.96000000e+02 4.82000000e+02 4.56074575e-01 2.00000000e+00]
[7.31000000e+02 1.58000000e+02 4.56824977e-01 4.00000000e+00]
[7.45000000e+02 7.39000000e+02 4.57187165e-01 7.00000000e+00]
[3.04000000e+02 8.03000000e+02 4.58056041e-01 8.00000000e+00]
[  7.         457.           0.45828271   2.        ]
[7.81000000e+02 3.57000000e+02 4.58933615e-01 4.00000000e+00]
[7.38000000e+02 7.32000000e+02 4.59340449e-01 6.00000000e+00]
[3.76000000e+02 5.34000000e+02 4.60672116e-01 2.00000000e+00]
[7.50000000e+02 7.20000000e+02 4.60685644e-01 5.00000000e+00]
[5.60000000e+01 7.27000000e+02 4.62046422e-01 3.00000000e+00]
[7.95000000e+02 7.58000000e+02 4.62941972e-01 1.20000000e+01]
[7.62000000e+02 7.68000000e+02 4.63098723e-01 1.50000000e+01]
[9.6000000e+01 7.7700000e+02 4.6371095e-01 7.0000000e+00]
[353.         424.           0.46456422   2.        ]
[3.51000000e+02 7.02000000e+02 4.66643312e-01 5.00000000e+00]
[1.07000000e+02 6.65000000e+02 4.67883141e-01 3.00000000e+00]
[1.73000000e+02 7.08000000e+02 4.68299368e-01 6.00000000e+00]
[ 44.        281.          0.4691218   2.       ]
[4.53000000e+02 5.24000000e+02 4.70215497e-01 2.00000000e+00]
[6.21000000e+02 7.83000000e+02 4.70487354e-01 6.00000000e+00]
[224.        331.          0.4712087   2.       ]
[73.         85.          0.47313269  2.        ]
[6.20000000e+02 4.21000000e+02 4.73906864e-01 3.00000000e+00]
[7.6500000e+02 7.7400000e+02 4.7553737e-01 1.0000000e+01]
[7.30000000e+02 4.25000000e+02 4.77034896e-01 1.20000000e+01]
[1.46000000e+02 5.13000000e+02 4.77482745e-01 2.00000000e+00]
[3.60000000e+01 5.06000000e+02 4.77666147e-01 2.00000000e+00]
[8.00000000e+02 7.41000000e+02 4.78114977e-01 1.10000000e+01]
[1.47000000e+02 4.81000000e+02 4.79135931e-01 2.00000000e+00]
[7.53000000e+02 8.28000000e+02 4.80217626e-01 1.30000000e+01]
[8.12000000e+02 7.57000000e+02 4.80458268e-01 1.90000000e+01]
[6.00000000e+01 5.04000000e+02 4.80614213e-01 2.00000000e+00]
[7.97000000e+02 3.21000000e+02 4.81427829e-01 9.00000000e+00]
[5.78000000e+02 2.92000000e+02 4.81600845e-01 3.00000000e+00]
[7.82000000e+02 5.85000000e+02 4.83117378e-01 1.50000000e+01]
[8.15000000e+02 6.59000000e+02 4.84223957e-01 7.00000000e+00]
[7.92000000e+02 7.56000000e+02 4.84927304e-01 3.60000000e+01]
[8.07000000e+02 8.04000000e+02 4.85420807e-01 1.40000000e+01]
[7.55000000e+02 7.91000000e+02 4.85614141e-01 6.00000000e+00]
[7.75000000e+02 7.94000000e+02 4.86013318e-01 4.00000000e+00]
[7.87000000e+02 8.24000000e+02 4.86136232e-01 1.30000000e+01]
[3.85000000e+02 7.71000000e+02 4.89212614e-01 5.00000000e+00]
[6.1500000e+02 2.2200000e+02 4.8964369e-01 3.0000000e+00]
[7.8900000e+02 7.6300000e+02 4.9088462e-01 2.7000000e+01]
[5.73000000e+02 5.39000000e+02 4.91838526e-01 3.00000000e+00]
[7.8500000e+02 4.0300000e+02 4.9202355e-01 3.0000000e+00]
[7.17000000e+02 1.90000000e+02 4.92483363e-01 4.00000000e+00]
[2.64000000e+02 8.37000000e+02 4.94973556e-01 3.70000000e+01]
[306.         458.           0.49582686   2.        ]
[7.9000000e+02 3.6000000e+02 4.9779404e-01 3.0000000e+00]
[2.84000000e+02 7.88000000e+02 4.99627042e-01 4.00000000e+00]
[3.70000000e+01 8.43000000e+02 5.00008133e-01 4.00000000e+00]
[8.11000000e+02 7.84000000e+02 5.00157067e-01 1.70000000e+01]
[118.         374.           0.50028833   2.        ]
[3.90000000e+02 8.47000000e+02 5.00498736e-01 5.00000000e+00]
[5.8200000e+02 3.5500000e+02 5.0175577e-01 3.0000000e+00]
[6.16000000e+02 8.20000000e+02 5.01885376e-01 9.00000000e+00]
[ 53.         401.           0.50436263   2.        ]
[7.990000e+02 5.930000e+02 5.044171e-01 5.000000e+00]
[138.        387.          0.5047272   2.       ]
[1.3100000e+02 8.3800000e+02 5.0598335e-01 1.5000000e+01]
[5.80000000e+01 5.31000000e+02 5.06543137e-01 2.00000000e+00]
[7.03000000e+02 4.80000000e+01 5.07079531e-01 4.00000000e+00]
[179.         417.           0.50708415   2.        ]
[6.54000000e+02 2.20000000e+01 5.07249897e-01 3.00000000e+00]
[7.60000000e+02 6.99000000e+02 5.08317825e-01 1.40000000e+01]
[7.86000000e+02 7.98000000e+02 5.10057997e-01 1.20000000e+01]
[332.         456.           0.51105776   2.        ]
[7.78000000e+02 7.46000000e+02 5.11495268e-01 4.00000000e+00]
[6.05000000e+02 4.71000000e+02 5.13811587e-01 3.00000000e+00]
[2.93000000e+02 8.30000000e+02 5.17099217e-01 1.40000000e+01]
[4.30000000e+01 8.31000000e+02 5.17942973e-01 2.00000000e+01]
[8.09000000e+02 8.17000000e+02 5.19172673e-01 1.10000000e+01]
[1.10000000e+02 7.93000000e+02 5.21135145e-01 3.00000000e+00]
[7.11000000e+02 8.72000000e+02 5.23065861e-01 2.20000000e+01]
[1.00000000e+01 8.53000000e+02 5.24033073e-01 1.80000000e+01]
[5.91000000e+02 3.14000000e+02 5.25345662e-01 3.00000000e+00]
[8.25000000e+02 1.67000000e+02 5.26406037e-01 1.30000000e+01]
[8.33000000e+02 3.41000000e+02 5.28478347e-01 1.00000000e+01]
[132.         372.           0.52911425   2.        ]
[3.95000000e+02 8.75000000e+02 5.29263957e-01 2.30000000e+01]
[4.50000000e+01 8.50000000e+02 5.29399296e-01 4.00000000e+00]
[2.68000000e+02 8.51000000e+02 5.29900966e-01 5.00000000e+00]
[8.71000000e+02 8.36000000e+02 5.31032197e-01 2.10000000e+01]
[8.52000000e+02 8.14000000e+02 5.32031983e-01 6.00000000e+00]
[1.68000000e+02 8.13000000e+02 5.32510464e-01 8.00000000e+00]
[8.73000000e+02 7.33000000e+02 5.33426582e-01 1.30000000e+01]
[2.57000000e+02 8.81000000e+02 5.33466284e-01 2.40000000e+01]
[8.08000000e+02 4.97000000e+02 5.33884077e-01 3.00000000e+00]
[7.26000000e+02 7.66000000e+02 5.33986066e-01 6.00000000e+00]
[325.         384.           0.53406876   2.        ]
[8.23000000e+02 2.31000000e+02 5.34234941e-01 4.00000000e+00]
[8.21000000e+02 4.75000000e+02 5.34556353e-01 3.00000000e+00]
[7.35000000e+02 8.44000000e+02 5.36322294e-01 3.00000000e+01]
[3.92000000e+02 8.67000000e+02 5.36395248e-01 1.30000000e+01]
[1.66000000e+02 8.56000000e+02 5.36441691e-01 4.00000000e+00]
[8.54000000e+02 8.42000000e+02 5.39794424e-01 7.00000000e+00]
[8.48000000e+02 2.66000000e+02 5.40184967e-01 3.80000000e+01]
[8.39000000e+02 8.85000000e+02 5.41144526e-01 1.20000000e+01]
[8.4100000e+02 7.7600000e+02 5.4174696e-01 1.5000000e+01]
[3.71000000e+02 8.35000000e+02 5.43499279e-01 1.60000000e+01]
[4.9600000e+02 8.0200000e+02 5.4419074e-01 5.0000000e+00]
[8.76000000e+02 1.89000000e+02 5.44197585e-01 1.90000000e+01]
[8.27000000e+02 5.47000000e+02 5.45957868e-01 4.00000000e+00]
[8.46000000e+02 8.78000000e+02 5.46134722e-01 1.60000000e+01]
[8.2200000e+02 8.9400000e+02 5.4721944e-01 3.2000000e+01]
[8.34000000e+02 2.43000000e+02 5.49763125e-01 4.00000000e+00]
[8.05000000e+02 7.80000000e+02 5.49968071e-01 6.00000000e+00]
[8.2900000e+02 5.3300000e+02 5.5022494e-01 3.0000000e+00]
[344.         499.           0.55134103   2.        ]
[6.95000000e+02 5.14000000e+02 5.54618831e-01 4.00000000e+00]
[446.         525.           0.55601128   2.        ]
[7.79000000e+02 8.98000000e+02 5.56358621e-01 4.10000000e+01]
[1.20000000e+01 8.82000000e+02 5.57086813e-01 5.00000000e+00]
[8.26000000e+02 6.01000000e+02 5.57254113e-01 4.00000000e+00]
[8.57000000e+02 5.92000000e+02 5.59975468e-01 1.10000000e+01]
[9.08000000e+02 8.70000000e+02 5.60521635e-01 9.00000000e+00]
[8.87000000e+02 6.09000000e+02 5.61328479e-01 1.50000000e+01]
[8.40000000e+02 1.61000000e+02 5.62159245e-01 5.00000000e+00]
[8.59000000e+02 1.75000000e+02 5.63270111e-01 6.00000000e+00]
[398.         399.           0.56368783   2.        ]
[546.         388.           0.56554716   3.        ]
[8.83000000e+02 4.31000000e+02 5.67414788e-01 6.00000000e+00]
[9.1600000e+02 2.2800000e+02 5.6864697e-01 1.2000000e+01]
[8.01000000e+02 8.84000000e+02 5.68918341e-01 2.30000000e+01]
[8.90000000e+02 9.07000000e+02 5.69293031e-01 1.00000000e+01]
[8.10000000e+02 8.99000000e+02 5.70374374e-01 1.50000000e+01]
[8.64000000e+02 2.63000000e+02 5.70907841e-01 3.00000000e+00]
[5.50000000e+01 8.61000000e+02 5.71045352e-01 1.60000000e+01]
[9.06000000e+02 3.54000000e+02 5.71305455e-01 3.30000000e+01]
[9.70000000e+01 8.88000000e+02 5.72438517e-01 2.50000000e+01]
[9.000000e+02 9.010000e+02 5.732504e-01 3.100000e+01]
[8.8900000e+02 5.8600000e+02 5.7544118e-01 5.0000000e+00]
[4.20000000e+02 9.02000000e+02 5.76344993e-01 6.00000000e+00]
[8.18000000e+02 4.52000000e+02 5.77008335e-01 3.00000000e+00]
[6.11000000e+02 4.16000000e+02 5.80765901e-01 3.00000000e+00]
[8.63000000e+02 5.20000000e+02 5.82284964e-01 5.00000000e+00]
[9.18000000e+02 9.13000000e+02 5.83113035e-01 5.60000000e+01]
[412.         493.           0.58324317   2.        ]
[1.19000000e+02 9.11000000e+02 5.86037009e-01 5.00000000e+00]
[8.16000000e+02 9.05000000e+02 5.86783017e-01 1.90000000e+01]
[4.78000000e+02 9.32000000e+02 5.89636807e-01 3.20000000e+01]
[8.68000000e+02 5.56000000e+02 5.90945597e-01 5.00000000e+00]
[9.29000000e+02 8.95000000e+02 5.92457945e-01 2.90000000e+01]
[378.         422.           0.59271473   2.        ]
[8.66000000e+02 1.77000000e+02 5.92873856e-01 1.50000000e+01]
[6.34000000e+02 9.25000000e+02 5.94436587e-01 2.50000000e+01]
[3.43000000e+02 9.27000000e+02 5.95589075e-01 1.60000000e+01]
[2.44000000e+02 9.44000000e+02 5.98001455e-01 3.00000000e+01]
[8.32000000e+02 9.26000000e+02 5.98770578e-01 1.20000000e+01]
[8.62000000e+02 8.55000000e+02 6.01314787e-01 7.00000000e+00]
[9.15000000e+02 8.06000000e+02 6.01808648e-01 8.00000000e+00]
[9.38000000e+02 2.11000000e+02 6.02922011e-01 5.70000000e+01]
[6.13000000e+02 2.89000000e+02 6.03611404e-01 3.00000000e+00]
[8.1900000e+02 9.0300000e+02 6.0788791e-01 2.1000000e+01]
[  8.        134.          0.6098017   2.       ]
[3.620000e+02 9.120000e+02 6.121053e-01 3.000000e+00]
[8.74000000e+02 9.33000000e+02 6.14258367e-01 8.00000000e+00]
[8.92000000e+02 2.88000000e+02 6.17811853e-01 5.00000000e+00]
[8.58000000e+02 9.43000000e+02 6.18722039e-01 7.00000000e+00]
[8.60000000e+02 9.30000000e+02 6.19392793e-01 3.50000000e+01]
[9.19000000e+02 9.49000000e+02 6.20730604e-01 3.50000000e+01]
[9.37000000e+02 8.96000000e+02 6.21020732e-01 9.00000000e+00]
[3.13000000e+02 9.46000000e+02 6.23810864e-01 1.60000000e+01]
[9.23000000e+02 8.69000000e+02 6.25653313e-01 1.00000000e+01]
[9.4000000e+02 9.6100000e+02 6.2703833e-01 4.0000000e+01]
[8.93000000e+02 9.52000000e+02 6.30893396e-01 1.10000000e+01]
[9.6200000e+02 1.8700000e+02 6.3326771e-01 3.6000000e+01]
[9.53000000e+02 8.97000000e+02 6.35196159e-01 6.40000000e+01]
[9.42000000e+02 9.58000000e+02 6.35303807e-01 4.00000000e+01]
[9.17000000e+02 9.47000000e+02 6.37110457e-01 3.40000000e+01]
[9.70000000e+02 8.86000000e+02 6.37423883e-01 4.80000000e+01]
[1.10000000e+01 9.66000000e+02 6.38314521e-01 4.10000000e+01]
[9.72000000e+02 9.39000000e+02 6.39448045e-01 5.00000000e+01]
[1.69000000e+02 9.31000000e+02 6.41018831e-01 2.60000000e+01]
[9.740000e+02 9.140000e+02 6.413248e-01 5.500000e+01]
[2.15000000e+02 9.48000000e+02 6.41499798e-01 1.70000000e+01]
[9.69000000e+02 9.21000000e+02 6.42631589e-01 6.60000000e+01]
[9.60000000e+02 2.82000000e+02 6.43949934e-01 8.00000000e+00]
[4.74000000e+02 9.77000000e+02 6.44191622e-01 1.80000000e+01]
[7.73000000e+02 8.45000000e+02 6.44546261e-01 5.00000000e+00]
[6.90000000e+01 9.50000000e+02 6.45706059e-01 1.30000000e+01]
[151.         500.           0.64636645   2.        ]
[9.76000000e+02 9.45000000e+02 6.46749277e-01 5.70000000e+01]
[9.8400000e+02 4.8500000e+02 6.4688165e-01 5.8000000e+01]
[466.         494.           0.64724741   2.        ]
[9.09000000e+02 2.17000000e+02 6.47642164e-01 4.00000000e+00]
[9.41000000e+02 9.63000000e+02 6.47648697e-01 2.80000000e+01]
[9.56000000e+02 2.53000000e+02 6.50299595e-01 3.00000000e+00]
[8.91000000e+02 3.64000000e+02 6.51656661e-01 3.00000000e+00]
[126.        389.          0.6528451   2.       ]
[9.59000000e+02 9.10000000e+02 6.53559709e-01 7.00000000e+00]
[6.7500000e+02 9.7900000e+02 6.5358648e-01 1.0000000e+01]
[8.65000000e+02 8.80000000e+02 6.55909855e-01 5.00000000e+00]
[6.60000000e+01 9.82000000e+02 6.57417685e-01 1.40000000e+01]
[1.06000000e+02 9.67000000e+02 6.61010168e-01 1.20000000e+01]
[8.40000000e+01 9.75000000e+02 6.61453322e-01 2.70000000e+01]
[8.77000000e+02 9.55000000e+02 6.62816666e-01 2.40000000e+01]
[9.54000000e+02 9.80000000e+02 6.69692381e-01 2.10000000e+01]
[234.         449.           0.67298068   2.        ]
[9.35000000e+02 9.65000000e+02 6.79773121e-01 1.30000000e+01]
[9.04000000e+02 9.34000000e+02 6.80629371e-01 1.00000000e+01]
[ 99.         419.           0.68108525   2.        ]
[5.77000000e+02 9.68000000e+02 6.84366833e-01 3.80000000e+01]
[1.01000000e+02 9.92000000e+02 6.86383971e-01 8.00000000e+00]
[9.36000000e+02 9.98000000e+02 6.87974584e-01 2.70000000e+01]
[9.81000000e+02 1.49000000e+02 6.88183305e-01 6.00000000e+00]
[  2.         404.           0.69149102   2.        ]
[9.22000000e+02 9.73000000e+02 6.99667757e-01 4.40000000e+01]
[9.8600000e+02 9.9900000e+02 7.0449729e-01 2.3000000e+01]
[3.12000000e+02 9.85000000e+02 7.06127838e-01 5.90000000e+01]
[9.71000000e+02 1.00500000e+03 7.11622791e-01 4.20000000e+01]
[2.35000000e+02 1.01000000e+03 7.14040041e-01 2.40000000e+01]
[9.94000000e+02 9.88000000e+02 7.14087808e-01 3.30000000e+01]
[311.         379.           0.72029334   2.        ]
[1.01200000e+03 4.30000000e+02 7.20821723e-01 4.30000000e+01]
[9.97000000e+02 1.71000000e+02 7.21205193e-01 2.80000000e+01]
[709.         459.           0.72440242   3.        ]
[1.30000000e+01 9.95000000e+02 7.32438884e-01 1.50000000e+01]
[1.0090000e+03 9.9300000e+02 7.3612669e-01 5.4000000e+01]
[9.87000000e+02 8.49000000e+02 7.37900309e-01 6.00000000e+00]
[7.96000000e+02 9.64000000e+02 7.41375257e-01 1.80000000e+01]
[4.11000000e+02 1.00700000e+03 7.42963513e-01 7.00000000e+00]
[9.89000000e+02 1.01400000e+03 7.43864145e-01 3.60000000e+01]
[9.91000000e+02 3.70000000e+02 7.45359767e-01 3.00000000e+00]
[1.00100000e+03 9.24000000e+02 7.46485425e-01 2.50000000e+01]
[9.78000000e+02 9.96000000e+02 7.57155065e-01 7.80000000e+01]
[7.70000000e+01 1.02000000e+03 7.58958049e-01 5.50000000e+01]
[3.68000000e+02 1.02300000e+03 7.60879308e-01 8.00000000e+00]
[9.5100000e+02 1.0270000e+03 7.6166225e-01 8.5000000e+01]
[1.01300000e+03 9.57000000e+02 7.62525242e-01 2.70000000e+01]
[1.02200000e+03 4.47000000e+02 7.64523215e-01 1.90000000e+01]
[ 89.         108.           0.76753217   2.        ]
[1.01100000e+03 4.70000000e+02 7.68430667e-01 6.00000000e+01]
[1.03100000e+03 4.23000000e+02 7.69880347e-01 2.80000000e+01]
[1.0240000e+03 2.4200000e+02 7.7217709e-01 3.7000000e+01]
[1.02800000e+03 1.00300000e+03 7.74399313e-01 5.70000000e+01]
[1.01600000e+03 1.00400000e+03 7.74699492e-01 8.10000000e+01]
[1.62000000e+02 1.03400000e+03 7.79224802e-01 6.10000000e+01]
[1.03800000e+03 1.02500000e+03 7.92870421e-01 8.40000000e+01]
[1.02600000e+03 1.03900000e+03 8.08013907e-01 8.60000000e+01]
[1.0360000e+03 2.1200000e+02 8.1066843e-01 3.8000000e+01]
[1.00200000e+03 3.23000000e+02 8.12958357e-01 1.10000000e+01]
[1.01700000e+03 1.00600000e+03 8.17203028e-01 5.50000000e+01]
[1.02100000e+03 1.00000000e+03 8.20534766e-01 8.00000000e+00]
[1.03200000e+03 1.03700000e+03 8.23794894e-01 7.60000000e+01]
[1.00800000e+03 9.20000000e+02 8.30492647e-01 8.00000000e+00]
[1.04000000e+03 1.04500000e+03 8.38012931e-01 9.20000000e+01]
[1.04600000e+03 1.04200000e+03 8.45956089e-01 1.14000000e+02]
[1.01900000e+03 1.04300000e+03 8.46117492e-01 2.60000000e+01]
[342.         484.           0.85185471   2.        ]
[1.02900000e+03 1.04900000e+03 8.53681858e-01 1.22000000e+02]
[ 42.         488.           0.85602632   2.        ]
[1.03500000e+03 1.01800000e+03 8.60148306e-01 3.10000000e+01]
[2.01000000e+02 1.05200000e+03 8.63271501e-01 1.23000000e+02]
[1.04700000e+03 1.03000000e+03 8.76250197e-01 9.30000000e+01]
[1.04800000e+03 1.05400000e+03 8.93496136e-01 1.23000000e+02]
[1.05700000e+03 9.90000000e+02 8.98332305e-01 1.26000000e+02]
[1.05800000e+03 1.03300000e+03 8.98626468e-01 1.28000000e+02]
[1.04100000e+03 1.05600000e+03 9.07325393e-01 1.79000000e+02]
[1.05000000e+03 1.06000000e+03 9.18669884e-01 2.05000000e+02]
[1.01500000e+03 1.06100000e+03 9.25628622e-01 2.07000000e+02]
[1.0550000e+03 1.0620000e+03 9.5562696e-01 3.3000000e+02]
[9.83000000e+02 1.05100000e+03 9.59003154e-01 4.00000000e+00]
[1.05300000e+03 3.19000000e+02 9.59455739e-01 3.00000000e+00]
[1.04400000e+03 5.02000000e+02 9.62930082e-01 5.60000000e+01]
[1.05900000e+03 1.06300000e+03 1.02154015e+00 4.58000000e+02]
[1.0670000e+03 1.0650000e+03 1.0311392e+00 4.6100000e+02]
[1.06800000e+03 1.06600000e+03 1.06606986e+00 5.17000000e+02]
[1069.          316.            1.10126649  518.        ]
[879.         145.           1.10613291  11.        ]
[377.         429.           1.11283885   2.        ]
[1064.          277.            1.12932702    5.        ]
[ 24.        928.          1.1325661   4.       ]
[1074.         1071.            1.16896828   15.        ]
[1070.         1073.            1.20871242  523.        ]
[1076.         1075.            1.22807325  538.        ]
[1077.         1072.            1.26790584  540.        ]
