[  6. 129.   0.   2.]
[64. 68.  0.  2.]
[541.  93.   0.   3.]
[542. 123.   0.   4.]
[543. 214.   0.   5.]
[544. 261.   0.   6.]
[ 72. 437.   0.   2.]
[ 90. 518.   0.   2.]
[140. 380.   0.   2.]
[220. 295.   0.   2.]
[270. 271.   0.   2.]
[550. 400.   0.   3.]
[300. 302.   0.   2.]
[7.80000000e+01 3.15000000e+02 1.05367121e-08 2.00000000e+00]
[5.53000000e+02 1.25000000e+02 1.34463448e-08 3.00000000e+00]
[1.00000000e+00 2.16000000e+02 1.49011612e-08 2.00000000e+00]
[5.55000000e+02 1.13000000e+02 1.49011612e-08 3.00000000e+00]
[3.59000000e+02 4.13000000e+02 1.49011612e-08 2.00000000e+00]
[1.36000000e+02 3.36000000e+02 1.82501207e-08 2.00000000e+00]
[5.00000000e+01 1.35000000e+02 2.10734243e-08 2.00000000e+00]
[5.59000000e+02 3.29000000e+02 2.10734243e-08 3.00000000e+00]
[7.40000000e+01 9.10000000e+01 2.10734243e-08 2.00000000e+00]
[5.61000000e+02 3.17000000e+02 2.10734243e-08 3.00000000e+00]
[9.50000000e+01 1.52000000e+02 2.10734243e-08 2.00000000e+00]
[5.63000000e+02 2.40000000e+02 2.10734243e-08 3.00000000e+00]
[5.64000000e+02 3.01000000e+02 2.10734243e-08 4.00000000e+00]
[5.65000000e+02 3.08000000e+02 2.10734243e-08 5.00000000e+00]
[5.66000000e+02 5.49000000e+02 2.10734243e-08 7.00000000e+00]
[3.07000000e+02 5.67000000e+02 2.10734243e-08 8.00000000e+00]
[1.03000000e+02 1.96000000e+02 2.10734243e-08 2.00000000e+00]
[1.78000000e+02 2.45000000e+02 2.10734243e-08 2.00000000e+00]
[5.52000000e+02 4.68000000e+02 2.48352687e-08 3.00000000e+00]
[8.1000000e+01 5.6800000e+02 2.5969512e-08 9.0000000e+00]
[6.10000000e+01 2.36000000e+02 3.65002415e-08 2.00000000e+00]
[5.62000000e+02 2.74000000e+02 7.74287048e-08 4.00000000e+00]
[3.09000000e+02 3.94000000e+02 4.20272775e-02 2.00000000e+00]
[1.70000000e+02 5.51000000e+02 6.13489452e-02 4.00000000e+00]
[21.         40.          0.06525923  2.        ]
[2.18000000e+02 5.03000000e+02 6.67553151e-02 2.00000000e+00]
[2.06000000e+02 3.22000000e+02 7.56541011e-02 2.00000000e+00]
[5.60000000e+02 1.30000000e+02 7.70653002e-02 4.00000000e+00]
[3.00000000e+01 2.09000000e+02 8.06748589e-02 2.00000000e+00]
[3.39000000e+02 4.73000000e+02 8.52938749e-02 2.00000000e+00]
[4.90000000e+01 2.46000000e+02 8.70285231e-02 2.00000000e+00]
[3.66000000e+02 5.17000000e+02 8.77495348e-02 2.00000000e+00]
[4.92000000e+02 5.23000000e+02 1.06293885e-01 2.00000000e+00]
[3.9700000e+02 4.4400000e+02 1.0810634e-01 2.0000000e+00]
[1.24000000e+02 3.05000000e+02 1.08530518e-01 2.00000000e+00]
[5.48000000e+02 2.98000000e+02 1.09718327e-01 3.00000000e+00]
[1.28000000e+02 2.91000000e+02 1.09913936e-01 2.00000000e+00]
[3.20000000e+02 4.06000000e+02 1.13231418e-01 2.00000000e+00]
[2.90000000e+01 4.86000000e+02 1.16059314e-01 2.00000000e+00]
[2.48000000e+02 5.16000000e+02 1.16855715e-01 2.00000000e+00]
[1.43000000e+02 4.45000000e+02 1.18843233e-01 2.00000000e+00]
[3.46000000e+02 4.38000000e+02 1.19510912e-01 2.00000000e+00]
[5.74000000e+02 1.64000000e+02 1.20307118e-01 5.00000000e+00]
[6.30000000e+01 4.26000000e+02 1.23291247e-01 2.00000000e+00]
[5.40000000e+01 1.48000000e+02 1.23449399e-01 2.00000000e+00]
[3.48000000e+02 3.67000000e+02 1.27924535e-01 2.00000000e+00]
[2.9000000e+02 5.3000000e+02 1.2863548e-01 2.0000000e+00]
[4.36000000e+02 5.22000000e+02 1.31911863e-01 2.00000000e+00]
[4.02000000e+02 4.89000000e+02 1.32364684e-01 2.00000000e+00]
[3.00000000e+00 2.51000000e+02 1.32801284e-01 2.00000000e+00]
[4.10000000e+01 5.94000000e+02 1.33440134e-01 3.00000000e+00]
[4.00000000e+00 2.62000000e+02 1.35758706e-01 2.00000000e+00]
[2.13000000e+02 3.86000000e+02 1.37608285e-01 2.00000000e+00]
[5.76000000e+02 2.29000000e+02 1.41648784e-01 5.00000000e+00]
[5.58000000e+02 1.76000000e+02 1.41736204e-01 3.00000000e+00]
[2.70000000e+01 1.72000000e+02 1.44948965e-01 2.00000000e+00]
[3.03000000e+02 3.69000000e+02 1.45395614e-01 2.00000000e+00]
[5.80000000e+02 5.72000000e+02 1.46646185e-01 1.30000000e+01]
[3.96000000e+02 4.14000000e+02 1.46739892e-01 2.00000000e+00]
[1.60000000e+01 4.39000000e+02 1.46763247e-01 2.00000000e+00]
[8.00000000e+01 4.09000000e+02 1.51588644e-01 2.00000000e+00]
[9.00000000e+00 5.54000000e+02 1.51905196e-01 4.00000000e+00]
[65.         76.          0.15853869  2.        ]
[1.44000000e+02 5.57000000e+02 1.58724508e-01 3.00000000e+00]
[2.05000000e+02 5.71000000e+02 1.61096656e-01 4.00000000e+00]
[2.4700000e+02 2.4900000e+02 1.6354979e-01 2.0000000e+00]
[5.95000000e+02 2.04000000e+02 1.63932763e-01 6.00000000e+00]
[1.85000000e+02 1.95000000e+02 1.65685387e-01 2.00000000e+00]
[2.97000000e+02 4.27000000e+02 1.67879148e-01 2.00000000e+00]
[5.00000000e+00 2.07000000e+02 1.71191335e-01 2.00000000e+00]
[5.32000000e+02 4.77000000e+02 1.79253896e-01 2.00000000e+00]
[5.89000000e+02 1.65000000e+02 1.82652293e-01 3.00000000e+00]
[3.28000000e+02 6.10000000e+02 1.87096867e-01 1.40000000e+01]
[4.18000000e+02 4.61000000e+02 1.87338283e-01 2.00000000e+00]
[3.18000000e+02 5.09000000e+02 1.94485694e-01 2.00000000e+00]
[2.76000000e+02 3.45000000e+02 1.94649054e-01 2.00000000e+00]
[2.39000000e+02 6.25000000e+02 1.95070035e-01 1.50000000e+01]
[9.20000000e+01 2.69000000e+02 1.96323204e-01 2.00000000e+00]
[1.80000000e+02 6.24000000e+02 2.03738013e-01 4.00000000e+00]
[3.93000000e+02 5.11000000e+02 2.03861056e-01 2.00000000e+00]
[2.30000000e+02 6.23000000e+02 2.06557304e-01 3.00000000e+00]
[6.3100000e+02 6.2000000e+01 2.0897721e-01 5.0000000e+00]
[1.70000000e+01 2.83000000e+02 2.10534974e-01 2.00000000e+00]
[3.81000000e+02 4.05000000e+02 2.10682214e-01 2.00000000e+00]
[5.20000000e+01 6.03000000e+02 2.11028638e-01 4.00000000e+00]
[6.06000000e+02 3.34000000e+02 2.12025217e-01 6.00000000e+00]
[1.42000000e+02 5.84000000e+02 2.12677255e-01 3.00000000e+00]
[155.          98.           0.21588049   2.        ]
[ 33.         122.           0.21900548   2.        ]
[6.37000000e+02 3.82000000e+02 2.26132135e-01 5.00000000e+00]
[6.14000000e+02 6.07000000e+02 2.28415228e-01 7.00000000e+00]
[6.40000000e+02 2.72000000e+02 2.29730665e-01 3.00000000e+00]
[6.34000000e+02 3.33000000e+02 2.32019464e-01 6.00000000e+00]
[6.45000000e+02 2.33000000e+02 2.35904625e-01 7.00000000e+00]
[186.         199.           0.23689216   2.        ]
[ 67.         150.           0.23819264   2.        ]
[4.15000000e+02 4.60000000e+02 2.38603893e-01 2.00000000e+00]
[1.90000000e+01 6.38000000e+02 2.46220018e-01 7.00000000e+00]
[ 70.         183.           0.24680608   2.        ]
[6.4300000e+02 1.5600000e+02 2.4695024e-01 8.0000000e+00]
[6.17000000e+02 5.45000000e+02 2.53453208e-01 1.00000000e+01]
[ 83.         159.           0.25527496   2.        ]
[1.40000000e+01 4.33000000e+02 2.58566205e-01 2.00000000e+00]
[117.         153.           0.26014209   2.        ]
[6.3900000e+02 5.1900000e+02 2.6322075e-01 4.0000000e+00]
[4.08000000e+02 4.50000000e+02 2.64167955e-01 2.00000000e+00]
[6.50000000e+02 1.04000000e+02 2.64625034e-01 8.00000000e+00]
[2.37000000e+02 4.90000000e+02 2.64998226e-01 2.00000000e+00]
[3.65000000e+02 4.43000000e+02 2.70190076e-01 2.00000000e+00]
[ 35.         160.           0.27739317   2.        ]
[4.60000000e+01 3.27000000e+02 2.80190419e-01 2.00000000e+00]
[6.0200000e+02 2.2100000e+02 2.8058719e-01 3.0000000e+00]
[4.51000000e+02 5.08000000e+02 2.81112942e-01 2.00000000e+00]
[1.15000000e+02 6.46000000e+02 2.81850635e-01 8.00000000e+00]
[6.2900000e+02 6.5900000e+02 2.8788746e-01 2.3000000e+01]
[1.94000000e+02 6.67000000e+02 2.88850224e-01 2.40000000e+01]
[6.53000000e+02 6.64000000e+02 2.91807581e-01 1.30000000e+01]
[3.40000000e+02 6.22000000e+02 2.97744078e-01 3.00000000e+00]
[3.91000000e+02 4.10000000e+02 3.03050171e-01 2.00000000e+00]
[6.44000000e+02 2.19000000e+02 3.03373395e-01 4.00000000e+00]
[4.95000000e+02 6.72000000e+02 3.03448233e-01 5.00000000e+00]
[6.48000000e+02 2.56000000e+02 3.03592885e-01 3.00000000e+00]
[1.8200000e+02 6.5100000e+02 3.0403392e-01 3.0000000e+00]
[6.52000000e+02 6.47000000e+02 3.04128863e-01 1.00000000e+01]
[6.68000000e+02 4.80000000e+02 3.05228111e-01 2.50000000e+01]
[3.56000000e+02 4.67000000e+02 3.08410621e-01 2.00000000e+00]
[0.00000000e+00 4.65000000e+02 3.09590273e-01 2.00000000e+00]
[6.66000000e+02 2.08000000e+02 3.10059253e-01 9.00000000e+00]
[1.54000000e+02 6.75000000e+02 3.10537957e-01 4.00000000e+00]
[5.70000000e+02 2.85000000e+02 3.11151656e-01 3.00000000e+00]
[6.19000000e+02 6.56000000e+02 3.12422749e-01 8.00000000e+00]
[5.98000000e+02 5.26000000e+02 3.14317475e-01 3.00000000e+00]
[4.42000000e+02 5.75000000e+02 3.14429786e-01 3.00000000e+00]
[1.09000000e+02 6.69000000e+02 3.17336484e-01 1.40000000e+01]
[6.41000000e+02 6.33000000e+02 3.20713686e-01 5.00000000e+00]
[3.4900000e+02 5.3800000e+02 3.2179643e-01 2.0000000e+00]
[6.80000000e+02 2.02000000e+02 3.22510497e-01 1.00000000e+01]
[2.30000000e+01 5.90000000e+02 3.26433723e-01 3.00000000e+00]
[3.35000000e+02 6.85000000e+02 3.31166106e-01 4.00000000e+00]
[6.83000000e+02 1.21000000e+02 3.33076154e-01 9.00000000e+00]
[5.28000000e+02 6.87000000e+02 3.34031824e-01 6.00000000e+00]
[5.99000000e+02 6.90000000e+02 3.35953893e-01 5.00000000e+00]
[2.00000000e+01 6.73000000e+02 3.37615228e-01 6.00000000e+00]
[5.79000000e+02 2.25000000e+02 3.39114899e-01 3.00000000e+00]
[193.         279.           0.34009775   2.        ]
[6.70000000e+02 6.95000000e+02 3.40141524e-01 9.00000000e+00]
[5.12000000e+02 6.93000000e+02 3.43014339e-01 7.00000000e+00]
[3.61000000e+02 5.27000000e+02 3.43242707e-01 2.00000000e+00]
[102.         141.           0.34590264   2.        ]
[6.30000000e+02 1.92000000e+02 3.47862768e-01 3.00000000e+00]
[6.54000000e+02 1.84000000e+02 3.48594535e-01 3.00000000e+00]
[5.400000e+02 1.390000e+02 3.497422e-01 3.000000e+00]
[6.94000000e+02 4.83000000e+02 3.53318126e-01 6.00000000e+00]
[2.52000000e+02 6.77000000e+02 3.55086455e-01 2.60000000e+01]
[4.70000000e+01 5.83000000e+02 3.56909409e-01 3.00000000e+00]
[2.27000000e+02 6.98000000e+02 3.56912371e-01 1.00000000e+01]
[5.90000000e+01 6.92000000e+02 3.60203494e-01 1.00000000e+01]
[2.65000000e+02 5.88000000e+02 3.65328146e-01 4.00000000e+00]
[287.         324.           0.36629062   2.        ]
[6.79000000e+02 4.91000000e+02 3.67026746e-01 3.00000000e+00]
[3.2000000e+01 6.6300000e+02 3.6803594e-01 3.0000000e+00]
[ 87.         280.           0.36851304   2.        ]
[100.          51.           0.37101662   2.        ]
[4.76000000e+02 4.98000000e+02 3.77809346e-01 2.00000000e+00]
[1.88000000e+02 7.04000000e+02 3.78231542e-01 4.00000000e+00]
[1.80000000e+01 7.08000000e+02 3.79276535e-01 1.10000000e+01]
[5.96000000e+02 2.38000000e+02 3.79985441e-01 3.00000000e+00]
[3.38000000e+02 6.49000000e+02 3.85683177e-01 3.00000000e+00]
[7.15000000e+02 2.55000000e+02 3.89440127e-01 3.00000000e+00]
[6.26000000e+02 5.37000000e+02 3.89505291e-01 3.00000000e+00]
[7.1200000e+02 1.3700000e+02 3.8955438e-01 4.0000000e+00]
[4.63000000e+02 5.05000000e+02 3.90262376e-01 2.00000000e+00]
[2.10000000e+02 7.05000000e+02 3.90724876e-01 7.00000000e+00]
[5.70000000e+01 5.15000000e+02 3.91460847e-01 2.00000000e+00]
[8.80000000e+01 6.57000000e+02 3.93166217e-01 5.00000000e+00]
[3.90000000e+01 7.20000000e+02 3.94045676e-01 4.00000000e+00]
[6.89000000e+02 6.62000000e+02 3.94063764e-01 1.20000000e+01]
[2.50000000e+01 6.71000000e+02 3.97743079e-01 3.00000000e+00]
[6.84000000e+02 5.01000000e+02 3.98946141e-01 4.00000000e+00]
[4.87000000e+02 7.13000000e+02 3.99441176e-01 4.00000000e+00]
[2.86000000e+02 6.36000000e+02 4.00431305e-01 3.00000000e+00]
[6.04000000e+02 6.81000000e+02 4.00548692e-01 6.00000000e+00]
[2.32000000e+02 7.27000000e+02 4.00899529e-01 6.00000000e+00]
[3.58000000e+02 6.82000000e+02 4.01831111e-01 4.00000000e+00]
[2.60000000e+02 7.23000000e+02 4.02160643e-01 5.00000000e+00]
[4.69000000e+02 7.10000000e+02 4.02460222e-01 5.00000000e+00]
[4.32000000e+02 7.19000000e+02 4.02552334e-01 4.00000000e+00]
[6.18000000e+02 7.25000000e+02 4.02832146e-01 9.00000000e+00]
[3.37000000e+02 7.00000000e+02 4.03160443e-01 3.00000000e+00]
[5.81000000e+02 4.41000000e+02 4.03588014e-01 3.00000000e+00]
[4.5400000e+02 6.8600000e+02 4.0410966e-01 1.5000000e+01]
[3.50000000e+02 7.40000000e+02 4.05882354e-01 1.00000000e+01]
[1.2700000e+02 7.0600000e+02 4.0647399e-01 2.7000000e+01]
[1.98000000e+02 5.07000000e+02 4.08228249e-01 2.00000000e+00]
[6.74000000e+02 5.97000000e+02 4.08764449e-01 5.00000000e+00]
[2.80000000e+01 4.21000000e+02 4.10112178e-01 2.00000000e+00]
[7.17000000e+02 2.41000000e+02 4.13417379e-01 5.00000000e+00]
[2.67000000e+02 7.41000000e+02 4.13884127e-01 4.00000000e+00]
[119.         259.           0.41451754   2.        ]
[2.58000000e+02 7.44000000e+02 4.16055167e-01 1.10000000e+01]
[6.12000000e+02 7.52000000e+02 4.16124376e-01 1.30000000e+01]
[7.90000000e+01 7.50000000e+02 4.17125325e-01 5.00000000e+00]
[2.94000000e+02 4.72000000e+02 4.17764795e-01 2.00000000e+00]
[7.42000000e+02 4.64000000e+02 4.20985496e-01 4.00000000e+00]
[7.09000000e+02 1.74000000e+02 4.21767561e-01 1.10000000e+01]
[6.28000000e+02 6.88000000e+02 4.22233798e-01 4.00000000e+00]
[1.12000000e+02 7.29000000e+02 4.22312243e-01 1.30000000e+01]
[1.57000000e+02 7.47000000e+02 4.23205578e-01 6.00000000e+00]
[6.42000000e+02 7.35000000e+02 4.25683661e-01 1.10000000e+01]
[3.51000000e+02 6.91000000e+02 4.26434557e-01 5.00000000e+00]
[2.78000000e+02 6.99000000e+02 4.26764342e-01 8.00000000e+00]
[7.01000000e+02 1.97000000e+02 4.29332586e-01 3.00000000e+00]
[7.32000000e+02 3.47000000e+02 4.30436649e-01 5.00000000e+00]
[3.10000000e+01 7.48000000e+02 4.31205284e-01 3.00000000e+00]
[3.10000000e+02 7.36000000e+02 4.32011711e-01 5.00000000e+00]
[7.21000000e+02 4.07000000e+02 4.32458731e-01 4.00000000e+00]
[7.37000000e+02 6.32000000e+02 4.33146549e-01 7.00000000e+00]
[7.34000000e+02 1.46000000e+02 4.34389819e-01 7.00000000e+00]
[3.73000000e+02 7.22000000e+02 4.34541666e-01 4.00000000e+00]
[2.60000000e+01 7.68000000e+02 4.35366322e-01 5.00000000e+00]
[6.76000000e+02 1.32000000e+02 4.37143157e-01 1.10000000e+01]
[7.10000000e+01 4.62000000e+02 4.37781194e-01 2.00000000e+00]
[ 34.         330.           0.43816637   2.        ]
[1.50000000e+01 7.64000000e+02 4.38760915e-01 4.00000000e+00]
[2.99000000e+02 7.18000000e+02 4.39141685e-01 1.20000000e+01]
[ 94.         223.           0.44004323   2.        ]
[1.05000000e+02 7.65000000e+02 4.41292586e-01 6.00000000e+00]
[5.36000000e+02 7.61000000e+02 4.41413491e-01 1.20000000e+01]
[7.69000000e+02 4.34000000e+02 4.42044881e-01 8.00000000e+00]
[2.03000000e+02 7.31000000e+02 4.42146552e-01 5.00000000e+00]
[8.60000000e+01 7.03000000e+02 4.42672165e-01 4.00000000e+00]
[6.60000000e+02 4.28000000e+02 4.43013559e-01 3.00000000e+00]
[6.97000000e+02 5.85000000e+02 4.43047517e-01 4.00000000e+00]
[8.20000000e+01 7.45000000e+02 4.43523159e-01 2.80000000e+01]
[7.56000000e+02 1.20000000e+02 4.45662305e-01 5.00000000e+00]
[3.26000000e+02 7.39000000e+02 4.47249075e-01 5.00000000e+00]
[2.5000000e+02 7.8100000e+02 4.4743765e-01 9.0000000e+00]
[3.52000000e+02 7.54000000e+02 4.47665703e-01 6.00000000e+00]
[6.08000000e+02 7.76000000e+02 4.47730201e-01 6.00000000e+00]
[1.81000000e+02 7.16000000e+02 4.48513961e-01 3.00000000e+00]
[3.80000000e+01 7.43000000e+02 4.48553964e-01 1.60000000e+01]
[226.         424.           0.44876313   2.        ]
[163.         440.           0.45190532   2.        ]
[7.38000000e+02 7.86000000e+02 4.52462992e-01 3.30000000e+01]
[4.35000000e+02 7.70000000e+02 4.52463526e-01 8.00000000e+00]
[5.10000000e+02 7.91000000e+02 4.52484222e-01 7.00000000e+00]
[133.         353.           0.45264232   2.        ]
[1.11000000e+02 7.49000000e+02 4.53069786e-01 6.00000000e+00]
[3.63000000e+02 5.21000000e+02 4.53100824e-01 2.00000000e+00]
[2.54000000e+02 7.89000000e+02 4.54116288e-01 1.00000000e+01]
[7.50000000e+01 7.72000000e+02 4.54352376e-01 6.00000000e+00]
[5.87000000e+02 5.93000000e+02 4.55275495e-01 4.00000000e+00]
[1.1600000e+02 7.8800000e+02 4.5580649e-01 6.0000000e+00]
[4.82000000e+02 6.61000000e+02 4.56074575e-01 3.00000000e+00]
[131.         304.           0.45805604   2.        ]
[  7.         457.           0.45828271   2.        ]
[7.84000000e+02 3.57000000e+02 4.58933615e-01 4.00000000e+00]
[5.34000000e+02 7.82000000e+02 4.60672116e-01 6.00000000e+00]
[8.04000000e+02 3.75000000e+02 4.60932605e-01 5.00000000e+00]
[7.60000000e+02 7.77000000e+02 4.62023293e-01 1.80000000e+01]
[5.60000000e+01 7.26000000e+02 4.62046422e-01 3.00000000e+00]
[2.96000000e+02 8.06000000e+02 4.62822467e-01 4.00000000e+00]
[9.6000000e+01 8.0300000e+02 4.6371095e-01 7.0000000e+00]
[6.65000000e+02 7.33000000e+02 4.67883141e-01 5.00000000e+00]
[1.91000000e+02 7.59000000e+02 4.67971372e-01 1.40000000e+01]
[7.30000000e+01 7.93000000e+02 4.68301719e-01 1.70000000e+01]
[ 44.        281.          0.4691218   2.       ]
[7.30000000e+02 2.28000000e+02 4.69510407e-01 4.00000000e+00]
[4.53000000e+02 8.15000000e+02 4.70215497e-01 8.00000000e+00]
[3.31000000e+02 6.21000000e+02 4.71208703e-01 3.00000000e+00]
[7.75000000e+02 7.97000000e+02 4.72550875e-01 1.00000000e+01]
[4.55000000e+02 7.80000000e+02 4.72731684e-01 1.30000000e+01]
[1.14000000e+02 7.85000000e+02 4.77183777e-01 5.00000000e+00]
[3.60000000e+01 5.06000000e+02 4.77666147e-01 2.00000000e+00]
[5.78000000e+02 3.83000000e+02 4.78374867e-01 3.00000000e+00]
[7.66000000e+02 8.05000000e+02 4.78537294e-01 9.00000000e+00]
[8.20000000e+02 6.27000000e+02 4.78690474e-01 6.00000000e+00]
[4.81000000e+02 7.83000000e+02 4.79135931e-01 5.00000000e+00]
[7.62000000e+02 8.28000000e+02 4.79162617e-01 1.40000000e+01]
[6.00000000e+01 5.04000000e+02 4.80614213e-01 2.00000000e+00]
[7.79000000e+02 1.90000000e+02 4.80670132e-01 7.00000000e+00]
[8.12000000e+02 7.14000000e+02 4.86709941e-01 2.00000000e+01]
[3.85000000e+02 7.71000000e+02 4.89212614e-01 5.00000000e+00]
[7.55000000e+02 8.34000000e+02 4.89513778e-01 2.20000000e+01]
[6.1500000e+02 2.2200000e+02 4.8964369e-01 3.0000000e+00]
[6.35000000e+02 5.24000000e+02 4.91063269e-01 3.00000000e+00]
[5.39000000e+02 8.18000000e+02 4.91838526e-01 1.80000000e+01]
[2.64000000e+02 7.96000000e+02 4.91947887e-01 3.40000000e+01]
[7.94000000e+02 8.10000000e+02 4.93289986e-01 8.00000000e+00]
[7.53000000e+02 7.67000000e+02 4.94328708e-01 1.80000000e+01]
[306.         458.           0.49582686   2.        ]
[266.         448.           0.49800388   2.        ]
[3.71000000e+02 7.98000000e+02 4.98497941e-01 8.00000000e+00]
[7.63000000e+02 3.21000000e+02 4.99559718e-01 9.00000000e+00]
[2.84000000e+02 8.24000000e+02 4.99627042e-01 1.40000000e+01]
[5.69000000e+02 8.42000000e+02 4.99651746e-01 2.00000000e+01]
[3.70000000e+01 8.37000000e+02 5.00008133e-01 4.00000000e+00]
[3.74000000e+02 8.35000000e+02 5.00288332e-01 6.00000000e+00]
[4.25000000e+02 8.17000000e+02 5.00325603e-01 1.50000000e+01]
[3.90000000e+02 8.33000000e+02 5.00498736e-01 8.00000000e+00]
[8.31000000e+02 7.28000000e+02 5.00996867e-01 1.80000000e+01]
[8.23000000e+02 4.79000000e+02 5.01135642e-01 1.10000000e+01]
[5.8200000e+02 8.2100000e+02 5.0175577e-01 1.0000000e+01]
[2.24000000e+02 8.22000000e+02 5.01766479e-01 4.00000000e+00]
[8.4000000e+02 2.7500000e+02 5.0243161e-01 3.5000000e+01]
[4.01000000e+02 7.99000000e+02 5.04362628e-01 3.00000000e+00]
[3.870000e+02 8.530000e+02 5.047272e-01 1.900000e+01]
[5.80000000e+01 5.31000000e+02 5.06543137e-01 2.00000000e+00]
[4.80000000e+01 8.36000000e+02 5.07079531e-01 2.30000000e+01]
[179.         417.           0.50708415   2.        ]
[6.55000000e+02 2.20000000e+01 5.07249897e-01 3.00000000e+00]
[7.90000000e+02 4.94000000e+02 5.08265949e-01 7.00000000e+00]
[7.57000000e+02 7.02000000e+02 5.08317825e-01 1.40000000e+01]
[7.73000000e+02 3.32000000e+02 5.10467784e-01 1.20000000e+01]
[8.00000000e+02 7.58000000e+02 5.10508628e-01 1.00000000e+01]
[8.67000000e+02 1.89000000e+02 5.11630188e-01 1.10000000e+01]
[6.20000000e+02 2.31000000e+02 5.11879017e-01 3.00000000e+00]
[1.58000000e+02 8.29000000e+02 5.13624578e-01 7.00000000e+00]
[8.51000000e+02 8.16000000e+02 5.13665123e-01 2.00000000e+01]
[6.05000000e+02 8.30000000e+02 5.13811587e-01 7.00000000e+00]
[8.25000000e+02 1.68000000e+02 5.13869716e-01 6.00000000e+00]
[8.73000000e+02 4.50000000e+01 5.15823282e-01 7.00000000e+00]
[8.74000000e+02 3.60000000e+02 5.16522566e-01 8.00000000e+00]
[ 85.         200.           0.51676439   2.        ]
[2.93000000e+02 8.14000000e+02 5.17099217e-01 5.00000000e+00]
[8.02000000e+02 7.51000000e+02 5.18927833e-01 1.20000000e+01]
[8.41000000e+02 3.76000000e+02 5.19032682e-01 9.00000000e+00]
[6.58000000e+02 8.09000000e+02 5.19760282e-01 6.00000000e+00]
[1.18000000e+02 8.50000000e+02 5.20284381e-01 7.00000000e+00]
[7.92000000e+02 8.47000000e+02 5.21056139e-01 1.70000000e+01]
[1.10000000e+02 8.58000000e+02 5.21135145e-01 4.00000000e+00]
[5.73000000e+02 8.39000000e+02 5.22644336e-01 2.00000000e+01]
[5.35000000e+02 8.78000000e+02 5.25183711e-01 1.30000000e+01]
[5.91000000e+02 3.14000000e+02 5.25345662e-01 3.00000000e+00]
[ 55.         107.           0.52547214   2.        ]
[8.27000000e+02 1.10000000e+01 5.27158485e-01 4.00000000e+00]
[134.         355.           0.52715916   2.        ]
[3.95000000e+02 8.83000000e+02 5.29263957e-01 5.00000000e+00]
[7.07000000e+02 8.61000000e+02 5.30558181e-01 2.60000000e+01]
[8.6600000e+02 8.8500000e+02 5.3110745e-01 2.5000000e+01]
[8.71000000e+02 1.67000000e+02 5.32849556e-01 2.10000000e+01]
[166.         257.           0.53346628   2.        ]
[325.         384.           0.53406876   2.        ]
[8.70000000e+02 6.00000000e+02 5.34160944e-01 9.00000000e+00]
[4.030000e+02 8.930000e+02 5.352262e-01 2.200000e+01]
[1.00000000e+01 8.68000000e+02 5.35524334e-01 1.20000000e+01]
[4.30000000e+01 8.91000000e+02 5.38156438e-01 2.70000000e+01]
[7.87000000e+02 8.55000000e+02 5.41946789e-01 1.50000000e+01]
[5.8600000e+02 8.8200000e+02 5.4419074e-01 1.9000000e+01]
[8.57000000e+02 8.76000000e+02 5.45861553e-01 3.70000000e+01]
[8.26000000e+02 5.47000000e+02 5.45957868e-01 4.00000000e+00]
[1.47000000e+02 8.72000000e+02 5.47213246e-01 8.00000000e+00]
[7.78000000e+02 8.45000000e+02 5.48368955e-01 1.00000000e+01]
[8.56000000e+02 4.75000000e+02 5.49258809e-01 5.00000000e+00]
[344.         499.           0.55134103   2.        ]
[6.01000000e+02 8.80000000e+02 5.52645369e-01 8.00000000e+00]
[2.73000000e+02 8.99000000e+02 5.53090029e-01 2.80000000e+01]
[5.14000000e+02 8.88000000e+02 5.54618831e-01 5.00000000e+00]
[268.         431.           0.55559204   2.        ]
[5.25000000e+02 8.79000000e+02 5.56011283e-01 1.00000000e+01]
[8.46000000e+02 3.41000000e+02 5.57123784e-01 1.00000000e+01]
[9.02000000e+02 8.44000000e+02 5.57962946e-01 3.90000000e+01]
[5.92000000e+02 9.01000000e+02 5.59366309e-01 2.10000000e+01]
[9.08000000e+02 5.13000000e+02 5.59956569e-01 9.00000000e+00]
[8.11000000e+02 1.75000000e+02 5.60769345e-01 6.00000000e+00]
[ 53.         456.           0.56128181   2.        ]
[8.48000000e+02 8.32000000e+02 5.61350411e-01 2.20000000e+01]
[3.99000000e+02 8.81000000e+02 5.63687828e-01 8.00000000e+00]
[546.         388.           0.56554716   3.        ]
[5.29000000e+02 8.59000000e+02 5.65619131e-01 2.00000000e+01]
[7.24000000e+02 9.14000000e+02 5.65943469e-01 4.10000000e+01]
[9.19000000e+02 8.07000000e+02 5.66943859e-01 2.40000000e+01]
[217.        533.          0.5690215   2.       ]
[2.43000000e+02 8.97000000e+02 5.70281038e-01 2.30000000e+01]
[8.13000000e+02 8.64000000e+02 5.70374374e-01 1.00000000e+01]
[8.62000000e+02 2.63000000e+02 5.70907841e-01 3.00000000e+00]
[ 97.         520.           0.57243852   2.        ]
[8.84000000e+02 3.72000000e+02 5.72950848e-01 2.10000000e+01]
[9.00000000e+02 8.98000000e+02 5.73166996e-01 2.70000000e+01]
[8.96000000e+02 9.06000000e+02 5.73673016e-01 1.40000000e+01]
[9.15000000e+02 9.05000000e+02 5.76160604e-01 3.10000000e+01]
[8.19000000e+02 9.33000000e+02 5.77008335e-01 3.30000000e+01]
[422.         496.           0.57749671   2.        ]
[9.23000000e+02 8.54000000e+02 5.79449372e-01 5.20000000e+01]
[6.11000000e+02 9.31000000e+02 5.80765901e-01 2.90000000e+01]
[8.77000000e+02 9.22000000e+02 5.81475076e-01 2.50000000e+01]
[9.24000000e+02 8.92000000e+02 5.83120804e-01 4.90000000e+01]
[4.12000000e+02 7.95000000e+02 5.83243166e-01 3.00000000e+00]
[8.60000000e+02 8.52000000e+02 5.84429839e-01 1.00000000e+01]
[9.27000000e+02 6.13000000e+02 5.87081635e-01 1.20000000e+01]
[4.46000000e+02 9.12000000e+02 5.87722026e-01 1.10000000e+01]
[4.78000000e+02 8.75000000e+02 5.89636807e-01 9.00000000e+00]
[8.65000000e+02 1.77000000e+02 5.92873856e-01 1.50000000e+01]
[9.36000000e+02 6.09000000e+02 5.94180896e-01 5.40000000e+01]
[9.42000000e+02 4.74000000e+02 5.94532462e-01 1.30000000e+01]
[8.49000000e+02 1.38000000e+02 5.94761853e-01 5.00000000e+00]
[9.46000000e+02 9.20000000e+02 5.94800128e-01 6.20000000e+01]
[3.43000000e+02 9.47000000e+02 5.95589075e-01 1.40000000e+01]
[2.44000000e+02 9.48000000e+02 5.98001455e-01 6.00000000e+00]
[6.96000000e+02 9.10000000e+02 6.01072202e-01 8.00000000e+00]
[4.93000000e+02 9.17000000e+02 6.03043582e-01 7.00000000e+00]
[9.49000000e+02 3.92000000e+02 6.04226354e-01 6.30000000e+01]
[9.54000000e+02 1.73000000e+02 6.05033931e-01 6.40000000e+01]
[9.3200000e+02 6.1600000e+02 6.0523272e-01 1.7000000e+01]
[9.55000000e+02 3.98000000e+02 6.06758476e-01 6.50000000e+01]
[2.11000000e+02 9.57000000e+02 6.07113887e-01 6.60000000e+01]
[1.61000000e+02 8.69000000e+02 6.07473974e-01 4.00000000e+00]
[8.940000e+02 9.260000e+02 6.075744e-01 2.500000e+01]
[4.71000000e+02 9.38000000e+02 6.11889851e-01 2.60000000e+01]
[8.08000000e+02 9.61000000e+02 6.15380803e-01 2.80000000e+01]
[8.38000000e+02 9.62000000e+02 6.16241802e-01 3.10000000e+01]
[4.52000000e+02 9.34000000e+02 6.18382207e-01 3.40000000e+01]
[3.13000000e+02 9.30000000e+02 6.23810864e-01 2.20000000e+01]
[8.87000000e+02 9.39000000e+02 6.23871228e-01 5.10000000e+01]
[9.09000000e+02 9.60000000e+02 6.24638873e-01 5.30000000e+01]
[4.85000000e+02 9.43000000e+02 6.26189885e-01 1.20000000e+01]
[5.77000000e+02 9.63000000e+02 6.26281037e-01 3.30000000e+01]
[9.40000000e+02 9.53000000e+02 6.27166955e-01 1.00000000e+01]
[2.53000000e+02 9.37000000e+02 6.28967897e-01 3.00000000e+01]
[9.50000000e+02 3.62000000e+02 6.30114129e-01 1.50000000e+01]
[9.5600000e+02 4.2000000e+02 6.3566512e-01 1.8000000e+01]
[9.72000000e+02 2.89000000e+02 6.38957349e-01 1.60000000e+01]
[9.5900000e+02 9.0700000e+02 6.4036983e-01 6.0000000e+00]
[8.40000000e+01 9.29000000e+02 6.41018831e-01 3.00000000e+00]
[5.56000000e+02 9.18000000e+02 6.41191455e-01 5.00000000e+00]
[9.77000000e+02 2.82000000e+02 6.42533462e-01 6.00000000e+00]
[8.00000000e+00 8.89000000e+02 6.43633003e-01 3.00000000e+00]
[7.74000000e+02 3.54000000e+02 6.44546261e-01 3.00000000e+00]
[9.7400000e+02 4.6600000e+02 6.4458989e-01 1.7000000e+01]
[9.35000000e+02 9.66000000e+02 6.45104265e-01 5.30000000e+01]
[6.90000000e+01 9.58000000e+02 6.45706059e-01 6.70000000e+01]
[151.         500.           0.64636645   2.        ]
[2.15000000e+02 9.81000000e+02 6.47579613e-01 1.80000000e+01]
[9.76000000e+02 1.69000000e+02 6.50991452e-01 4.00000000e+00]
[9.0400000e+02 9.2500000e+02 6.5135105e-01 1.0000000e+01]
[8.95000000e+02 3.64000000e+02 6.51656661e-01 3.00000000e+00]
[3.89000000e+02 9.16000000e+02 6.52845098e-01 1.00000000e+01]
[8.6300000e+02 6.7800000e+02 6.5358648e-01 5.0000000e+00]
[9.51000000e+02 9.69000000e+02 6.56000097e-01 3.90000000e+01]
[1.87000000e+02 9.82000000e+02 6.59945068e-01 5.40000000e+01]
[9.52000000e+02 9.67000000e+02 6.60430976e-01 6.10000000e+01]
[3.12000000e+02 9.93000000e+02 6.61911761e-01 6.20000000e+01]
[1.01000000e+02 9.94000000e+02 6.67012128e-01 6.30000000e+01]
[8.90000000e+02 9.68000000e+02 6.67911861e-01 1.70000000e+01]
[234.         449.           0.67298068   2.        ]
[3.7800000e+02 9.9200000e+02 6.7579114e-01 5.5000000e+01]
[9.440000e+02 9.980000e+02 6.781732e-01 6.400000e+01]
[4.19000000e+02 9.21000000e+02 6.81085253e-01 4.00000000e+00]
[1.06000000e+02 9.73000000e+02 6.86490163e-01 1.90000000e+01]
[2.92000000e+02 9.41000000e+02 6.90515121e-01 1.10000000e+01]
[7.70000000e+01 9.65000000e+02 6.90766662e-01 2.30000000e+01]
[2.00000000e+00 9.83000000e+02 6.91491017e-01 6.80000000e+01]
[9.70000000e+02 9.64000000e+02 6.92525903e-01 4.40000000e+01]
[1.30000000e+01 9.11000000e+02 6.94930954e-01 3.00000000e+00]
[9.79000000e+02 9.71000000e+02 6.95703839e-01 3.30000000e+01]
[9.8000000e+02 1.4900000e+02 6.9572974e-01 4.0000000e+00]
[4.04000000e+02 1.00400000e+03 6.99998627e-01 6.90000000e+01]
[9.90000000e+02 9.45000000e+02 7.00899506e-01 2.00000000e+01]
[4.97000000e+02 1.00500000e+03 7.03935584e-01 4.50000000e+01]
[1.20000000e+01 9.99000000e+02 7.06921711e-01 6.50000000e+01]
[7.11000000e+02 9.78000000e+02 7.14040041e-01 8.00000000e+00]
[1.26000000e+02 9.89000000e+02 7.20025824e-01 1.10000000e+01]
[311.         379.           0.72029334   2.        ]
[2.88000000e+02 9.75000000e+02 7.24357794e-01 7.00000000e+00]
[9.85000000e+02 4.30000000e+02 7.26748922e-01 1.90000000e+01]
[2.12000000e+02 1.00200000e+03 7.27869733e-01 1.20000000e+01]
[9.87000000e+02 8.43000000e+02 7.29464138e-01 1.20000000e+01]
[9.9100000e+02 9.9500000e+02 7.2977166e-01 1.0200000e+02]
[9.96000000e+02 1.02000000e+03 7.31363244e-01 1.19000000e+02]
[9.86000000e+02 1.71000000e+02 7.31449668e-01 5.00000000e+00]
[4.70000000e+02 1.01200000e+03 7.36404169e-01 6.60000000e+01]
[1.01700000e+03 9.88000000e+02 7.37101314e-01 2.20000000e+01]
[2.35000000e+02 1.02400000e+03 7.37318232e-01 2.30000000e+01]
[1.00300000e+03 9.90000000e+01 7.37886612e-01 2.40000000e+01]
[4.11000000e+02 8.01000000e+02 7.42963513e-01 3.00000000e+00]
[4.16000000e+02 1.01100000e+03 7.44003616e-01 4.60000000e+01]
[1.02600000e+03 1.01000000e+03 7.45351081e-01 4.40000000e+01]
[4.59000000e+02 1.02900000e+03 7.50009271e-01 4.50000000e+01]
[1.02500000e+03 4.23000000e+02 7.51332026e-01 2.40000000e+01]
[1.00700000e+03 1.01800000e+03 7.60245857e-01 4.50000000e+01]
[ 89.         108.           0.76753217   2.        ]
[1.00100000e+03 1.00900000e+03 7.74645714e-01 8.80000000e+01]
[3.68000000e+02 1.03000000e+03 7.76385077e-01 4.60000000e+01]
[1.00600000e+03 1.02300000e+03 7.78187096e-01 6.90000000e+01]
[1.00800000e+03 1.03500000e+03 7.83535947e-01 5.00000000e+01]
[8.86000000e+02 1.02200000e+03 7.85574246e-01 8.00000000e+00]
[1.03700000e+03 1.02700000e+03 7.89789321e-01 5.30000000e+01]
[1.01900000e+03 9.97000000e+02 7.90425111e-01 1.40000000e+01]
[9.03000000e+02 1.03400000e+03 7.95707636e-01 9.20000000e+01]
[1.03600000e+03 6.60000000e+01 7.98669672e-01 7.00000000e+01]
[1.02800000e+03 1.02100000e+03 8.00718686e-01 1.65000000e+02]
[1.01400000e+03 1.04000000e+03 8.04496333e-01 2.50000000e+01]
[1.03200000e+03 1.04300000e+03 8.17665717e-01 2.10000000e+02]
[319.         447.           0.82807222   2.        ]
[1.00000000e+03 1.04500000e+03 8.39678036e-01 2.14000000e+02]
[1.04200000e+03 1.04100000e+03 8.40978534e-01 1.62000000e+02]
[1.03900000e+03 1.01300000e+03 8.42464981e-01 6.10000000e+01]
[342.         484.           0.85185471   2.        ]
[4.20000000e+01 1.04900000e+03 8.56026318e-01 6.20000000e+01]
[1.03100000e+03 1.01600000e+03 8.56064657e-01 3.10000000e+01]
[1.62000000e+02 1.04700000e+03 8.64291324e-01 2.15000000e+02]
[1.04400000e+03 3.70000000e+02 8.65316173e-01 2.60000000e+01]
[9.28000000e+02 7.46000000e+02 8.83047281e-01 5.00000000e+00]
[3.2300000e+02 1.0480000e+03 8.8337304e-01 1.6300000e+02]
[1.05200000e+03 1.05100000e+03 9.01702454e-01 9.30000000e+01]
[1.01500000e+03 1.05600000e+03 9.24649126e-01 1.65000000e+02]
[1.03800000e+03 1.05300000e+03 9.29356836e-01 2.23000000e+02]
[4.88000000e+02 1.05700000e+03 9.39677625e-01 9.40000000e+01]
[2.42000000e+02 1.05900000e+03 9.39781747e-01 2.24000000e+02]
[2.01000000e+02 1.06100000e+03 9.47169163e-01 2.25000000e+02]
[1.05000000e+03 1.05800000e+03 9.59003154e-01 1.67000000e+02]
[3.16000000e+02 1.06200000e+03 9.79233988e-01 2.26000000e+02]
[1.03300000e+03 1.06300000e+03 9.93950233e-01 1.69000000e+02]
[1.05400000e+03 1.06000000e+03 9.94073709e-01 1.20000000e+02]
[1.04600000e+03 5.02000000e+02 1.02828299e+00 3.00000000e+00]
[1.06600000e+03 1.06400000e+03 1.06201329e+00 3.46000000e+02]
[145.        913.          1.0668332  11.       ]
[984.         277.           1.07854133   3.        ]
[377.         429.           1.11283885   2.        ]
[1065.         1068.            1.11755001  515.        ]
[1072.         1055.            1.15323821  520.        ]
[  24.         1073.            1.15348836  521.        ]
[1074.         1067.            1.19320483  524.        ]
[1069.         1070.            1.22240166   14.        ]
[1075.         1076.            1.24242369  538.        ]
[1077.         1071.            1.33588209  540.        ]
