[64. 68.  0.  2.]
[540.  93.   0.   3.]
[541. 123.   0.   4.]
[542. 214.   0.   5.]
[543. 261.   0.   6.]
[ 78. 125.   0.   2.]
[ 95. 152.   0.   2.]
[546. 240.   0.   3.]
[547. 301.   0.   4.]
[548. 308.   0.   5.]
[549. 220.   0.   6.]
[307. 550.   0.   7.]
[ 90. 518.   0.   2.]
[103. 196.   0.   2.]
[136. 336.   0.   2.]
[140. 271.   0.   2.]
[178. 245.   0.   2.]
[205. 251.   0.   2.]
[270. 555.   0.   3.]
[300. 302.   0.   2.]
[5.51000000e+02 2.95000000e+02 4.33857667e-09 8.00000000e+00]
[3.59000000e+02 4.13000000e+02 1.05367121e-08 2.00000000e+00]
[8.10000000e+01 5.60000000e+02 1.11678177e-08 9.00000000e+00]
[1.00000000e+00 2.16000000e+02 1.49011612e-08 2.00000000e+00]
[5.63000000e+02 1.13000000e+02 1.49011612e-08 3.00000000e+00]
[5.45000000e+02 3.15000000e+02 1.49011612e-08 3.00000000e+00]
[5.5800000e+02 1.7000000e+02 1.6313995e-08 4.0000000e+00]
[6.00000000e+00 1.29000000e+02 2.10734243e-08 2.00000000e+00]
[2.40000000e+01 4.23000000e+02 2.10734243e-08 2.00000000e+00]
[7.40000000e+01 9.10000000e+01 2.10734243e-08 2.00000000e+00]
[5.69000000e+02 3.17000000e+02 2.10734243e-08 3.00000000e+00]
[5.59000000e+02 4.68000000e+02 2.48352687e-08 3.00000000e+00]
[5.00000000e+01 1.35000000e+02 2.58095683e-08 2.00000000e+00]
[7.20000000e+01 4.37000000e+02 2.58095683e-08 2.00000000e+00]
[5.72000000e+02 3.29000000e+02 2.58095683e-08 3.00000000e+00]
[6.10000000e+01 2.36000000e+02 3.65002415e-08 2.00000000e+00]
[4.00000000e+02 5.66000000e+02 5.37269007e-08 5.00000000e+00]
[5.70000000e+02 2.74000000e+02 5.67419313e-08 4.00000000e+00]
[3.80000000e+02 5.76000000e+02 7.10900258e-03 6.00000000e+00]
[4.00000000e+00 2.62000000e+02 7.76465778e-02 2.00000000e+00]
[2.1800000e+02 5.0300000e+02 8.7211259e-02 2.0000000e+00]
[2.06000000e+02 3.22000000e+02 8.86922706e-02 2.00000000e+00]
[21.         40.          0.09350565  2.        ]
[5.74000000e+02 1.30000000e+02 9.46658145e-02 4.00000000e+00]
[3.09000000e+02 3.94000000e+02 1.12224508e-01 2.00000000e+00]
[1.65000000e+02 2.91000000e+02 1.18331128e-01 2.00000000e+00]
[5.77000000e+02 1.64000000e+02 1.27776511e-01 5.00000000e+00]
[5.62000000e+02 4.80000000e+02 1.33817757e-01 1.00000000e+01]
[5.86000000e+02 1.21000000e+02 1.35532393e-01 6.00000000e+00]
[1.09000000e+02 5.71000000e+02 1.43404925e-01 4.00000000e+00]
[3.00000000e+00 5.44000000e+02 1.48691008e-01 7.00000000e+00]
[1.2400000e+02 3.0500000e+02 1.4955632e-01 2.0000000e+00]
[2.98000000e+02 5.78000000e+02 1.51089562e-01 7.00000000e+00]
[5.57000000e+02 2.21000000e+02 1.51227171e-01 3.00000000e+00]
[ 54.         148.           0.15697852   2.        ]
[5.540e+02 1.760e+02 1.574e-01 3.000e+00]
[1.28000000e+02 5.85000000e+02 1.58230341e-01 3.00000000e+00]
[4.36000000e+02 5.22000000e+02 1.62587302e-01 2.00000000e+00]
[3.39000000e+02 4.73000000e+02 1.69118312e-01 2.00000000e+00]
[3.20000000e+02 4.06000000e+02 1.69709512e-01 2.00000000e+00]
[2.10000000e+02 3.83000000e+02 1.70968334e-01 2.00000000e+00]
[9.00000000e+00 5.65000000e+02 1.75256852e-01 4.00000000e+00]
[5.32000000e+02 4.77000000e+02 1.79253896e-01 2.00000000e+00]
[2.19000000e+02 4.54000000e+02 1.79803073e-01 2.00000000e+00]
[1.43000000e+02 4.45000000e+02 1.80001928e-01 2.00000000e+00]
[4.9000000e+01 2.4600000e+02 1.8108457e-01 2.0000000e+00]
[3.0300000e+02 3.6900000e+02 1.8180906e-01 2.0000000e+00]
[5.92000000e+02 5.79000000e+02 1.82198358e-01 9.00000000e+00]
[5.83000000e+02 5.87000000e+02 1.82310878e-01 1.40000000e+01]
[3.00000000e+01 2.09000000e+02 1.85276753e-01 2.00000000e+00]
[4.02000000e+02 4.89000000e+02 1.87549653e-01 2.00000000e+00]
[5.90000000e+02 5.93000000e+02 1.89176225e-01 1.00000000e+01]
[2.29000000e+02 6.07000000e+02 1.95313403e-01 1.00000000e+01]
[3.48000000e+02 3.67000000e+02 1.96169944e-01 2.00000000e+00]
[5.88000000e+02 2.04000000e+02 1.98906219e-01 7.00000000e+00]
[ 62.         180.           0.20098178   2.        ]
[9.20000000e+01 2.69000000e+02 2.03990406e-01 2.00000000e+00]
[4.92000000e+02 5.23000000e+02 2.05679554e-01 2.00000000e+00]
[6.08000000e+02 1.54000000e+02 2.06150957e-01 1.50000000e+01]
[2.30000000e+02 6.02000000e+02 2.06557304e-01 3.00000000e+00]
[5.81000000e+02 2.25000000e+02 2.10840301e-01 3.00000000e+00]
[ 33.         122.           0.21900548   2.        ]
[2.47000000e+02 2.49000000e+02 2.22428302e-01 2.00000000e+00]
[6.30000000e+01 4.26000000e+02 2.23268164e-01 2.00000000e+00]
[3.97000000e+02 4.44000000e+02 2.24477733e-01 2.00000000e+00]
[3.27000000e+02 5.38000000e+02 2.27627898e-01 2.00000000e+00]
[1.53000000e+02 6.14000000e+02 2.28662463e-01 8.00000000e+00]
[3.9600000e+02 4.1400000e+02 2.3104327e-01 2.0000000e+00]
[3.28000000e+02 6.18000000e+02 2.32148799e-01 1.60000000e+01]
[ 73.         200.           0.23291441   2.        ]
[65.         76.          0.23836196  2.        ]
[3.45000000e+02 5.67000000e+02 2.39024135e-01 3.00000000e+00]
[ 98.         155.           0.23975298   2.        ]
[1.70000000e+01 2.83000000e+02 2.40677947e-01 2.00000000e+00]
[2.39000000e+02 6.28000000e+02 2.41824189e-01 1.70000000e+01]
[8.70000000e+01 6.26000000e+02 2.45032067e-01 9.00000000e+00]
[4.15000000e+02 4.60000000e+02 2.45132734e-01 2.00000000e+00]
[4.28000000e+02 6.21000000e+02 2.50136612e-01 3.00000000e+00]
[6.120000e+02 3.340000e+02 2.525208e-01 1.100000e+01]
[5.96000000e+02 2.33000000e+02 2.53783725e-01 4.00000000e+00]
[4.10000000e+01 6.17000000e+02 2.55508854e-01 3.00000000e+00]
[2.07000000e+02 6.38000000e+02 2.55739465e-01 1.20000000e+01]
[3.66000000e+02 5.17000000e+02 2.57811161e-01 2.00000000e+00]
[1.4400000e+02 5.6100000e+02 2.6227702e-01 3.0000000e+00]
[119.          38.           0.26241497   2.        ]
[5.9400000e+02 6.1100000e+02 2.6456501e-01 1.2000000e+01]
[185.         195.           0.26467016   2.        ]
[2.00000000e+01 6.45000000e+02 2.66087232e-01 1.30000000e+01]
[3.46000000e+02 4.38000000e+02 2.68507585e-01 2.00000000e+00]
[4.18000000e+02 4.61000000e+02 2.68693299e-01 2.00000000e+00]
[6.37000000e+02 5.28000000e+02 2.71223793e-01 4.00000000e+00]
[2.9000000e+01 4.8600000e+02 2.7167803e-01 2.0000000e+00]
[6.34000000e+02 4.48000000e+02 2.73183393e-01 1.80000000e+01]
[2.97000000e+02 4.27000000e+02 2.74158236e-01 2.00000000e+00]
[1.60000000e+01 4.39000000e+02 2.77025331e-01 2.00000000e+00]
[6.32000000e+02 2.85000000e+02 2.83305992e-01 3.00000000e+00]
[ 19.        104.          0.2839697   2.       ]
[6.15000000e+02 1.12000000e+02 2.85765787e-01 3.00000000e+00]
[6.03000000e+02 5.95000000e+02 2.86131402e-01 5.00000000e+00]
[ 5.         34.          0.29121814  2.        ]
[6.5000000e+02 5.1200000e+02 2.9165232e-01 5.0000000e+00]
[2.76000000e+02 6.31000000e+02 2.93574695e-01 4.00000000e+00]
[3.93000000e+02 5.11000000e+02 2.93669718e-01 2.00000000e+00]
[3.81000000e+02 4.05000000e+02 2.95526253e-01 2.00000000e+00]
[6.01000000e+02 1.56000000e+02 2.95705331e-01 5.00000000e+00]
[2.90000000e+02 5.30000000e+02 2.96749256e-01 2.00000000e+00]
[6.39000000e+02 6.57000000e+02 2.97009886e-01 7.00000000e+00]
[186.         199.           0.29990306   2.        ]
[2.13000000e+02 3.86000000e+02 3.00697029e-01 2.00000000e+00]
[1.40000000e+01 4.33000000e+02 3.05118648e-01 2.00000000e+00]
[265.         275.           0.30937162   2.        ]
[6.47000000e+02 1.50000000e+02 3.12050164e-01 1.40000000e+01]
[3.7000000e+01 6.5800000e+02 3.1618805e-01 6.0000000e+00]
[ 27.         172.           0.31794745   2.        ]
[3.18000000e+02 5.09000000e+02 3.19358317e-01 2.00000000e+00]
[8.00000000e+01 4.09000000e+02 3.20751908e-01 2.00000000e+00]
[5.56000000e+02 6.55000000e+02 3.21195435e-01 5.00000000e+00]
[6.7600000e+02 3.5800000e+02 3.2238829e-01 6.0000000e+00]
[2.48000000e+02 5.16000000e+02 3.23194188e-01 2.00000000e+00]
[287.         324.           0.32672628   2.        ]
[6.60000000e+01 5.53000000e+02 3.30884475e-01 3.00000000e+00]
[5.89000000e+02 3.40000000e+02 3.32033937e-01 5.00000000e+00]
[2.3000000e+01 6.7200000e+02 3.3362914e-01 7.0000000e+00]
[1.15000000e+02 6.66000000e+02 3.36776955e-01 8.00000000e+00]
[5.75000000e+02 1.51000000e+02 3.37557389e-01 3.00000000e+00]
[1.57000000e+02 4.95000000e+02 3.37887598e-01 2.00000000e+00]
[6.71000000e+02 6.44000000e+02 3.38898656e-01 1.60000000e+01]
[6.82000000e+02 3.50000000e+02 3.39848708e-01 8.00000000e+00]
[202.         272.           0.34049011   2.        ]
[6.35000000e+02 6.16000000e+02 3.40571821e-01 1.10000000e+01]
[6.89000000e+02 1.92000000e+02 3.42398751e-01 1.20000000e+01]
[3.13000000e+02 3.78000000e+02 3.44314589e-01 2.00000000e+00]
[2.2700000e+02 6.8100000e+02 3.4566181e-01 6.0000000e+00]
[1.42000000e+02 5.19000000e+02 3.49140487e-01 2.00000000e+00]
[6.41000000e+02 6.56000000e+02 3.49813475e-01 1.40000000e+01]
[3.50000000e+01 6.52000000e+02 3.49939598e-01 1.90000000e+01]
[1.32000000e+02 3.72000000e+02 3.51968385e-01 2.00000000e+00]
[2.59000000e+02 6.92000000e+02 3.52416004e-01 7.00000000e+00]
[3.5600000e+02 4.6700000e+02 3.5307517e-01 2.0000000e+00]
[6.95000000e+02 1.60000000e+02 3.56806903e-01 2.00000000e+01]
[6.70000000e+02 6.94000000e+02 3.59537108e-01 1.60000000e+01]
[6.83000000e+02 3.33000000e+02 3.60180614e-01 9.00000000e+00]
[5.08000000e+02 6.54000000e+02 3.61042347e-01 3.00000000e+00]
[4.20000000e+01 4.84000000e+02 3.61092816e-01 2.00000000e+00]
[6.59000000e+02 7.00000000e+02 3.61809838e-01 1.80000000e+01]
[ 58.         263.           0.36423263   2.        ]
[6.97000000e+02 4.91000000e+02 3.64371311e-01 8.00000000e+00]
[6.60000000e+02 5.97000000e+02 3.66774878e-01 7.00000000e+00]
[ 70.         183.           0.36710393   2.        ]
[335.         338.           0.36722237   2.        ]
[1.00000000e+01 6.20000000e+02 3.68196501e-01 4.00000000e+00]
[2.50000000e+01 4.04000000e+02 3.74545897e-01 2.00000000e+00]
[5.20000000e+01 6.40000000e+02 3.80741292e-01 4.00000000e+00]
[2.37000000e+02 4.90000000e+02 3.83672311e-01 2.00000000e+00]
[7.01000000e+02 2.08000000e+02 3.85545192e-01 1.00000000e+01]
[2.52000000e+02 6.99000000e+02 3.86361863e-01 2.10000000e+01]
[7.12000000e+02 3.82000000e+02 3.86947328e-01 5.00000000e+00]
[2.7800000e+02 7.0700000e+02 3.8704629e-01 8.0000000e+00]
[118.         374.           0.38881556   2.        ]
[3.65000000e+02 4.43000000e+02 3.90934609e-01 2.00000000e+00]
[5.84000000e+02 3.60000000e+02 3.91586125e-01 3.00000000e+00]
[1.73000000e+02 4.87000000e+02 3.92391664e-01 2.00000000e+00]
[6.64000000e+02 6.87000000e+02 3.92477909e-01 1.30000000e+01]
[4.08000000e+02 4.50000000e+02 3.93550263e-01 2.00000000e+00]
[6.74000000e+02 5.13000000e+02 3.93844826e-01 3.00000000e+00]
[7.02000000e+02 6.61000000e+02 3.95983662e-01 7.00000000e+00]
[6.77000000e+02 2.55000000e+02 3.96884426e-01 7.00000000e+00]
[4.60000000e+01 6.23000000e+02 3.98807526e-01 3.00000000e+00]
[7.06000000e+02 3.87000000e+02 4.06773315e-01 9.00000000e+00]
[7.170000e+02 7.110000e+02 4.068767e-01 1.000000e+01]
[4.40000000e+01 4.52000000e+02 4.07503244e-01 2.00000000e+00]
[4.65000000e+02 7.25000000e+02 4.09801194e-01 8.00000000e+00]
[11.         15.          0.40996473  2.        ]
[193.         279.           0.41049863   2.        ]
[1.94000000e+02 7.15000000e+02 4.11706422e-01 2.20000000e+01]
[1.80000000e+01 6.86000000e+02 4.13040601e-01 1.70000000e+01]
[3.84000000e+02 6.49000000e+02 4.13355455e-01 3.00000000e+00]
[4.53000000e+02 6.05000000e+02 4.15554745e-01 3.00000000e+00]
[5.90000000e+01 6.90000000e+02 4.17246364e-01 1.30000000e+01]
[2.60000000e+02 7.31000000e+02 4.17280524e-01 9.00000000e+00]
[7.50000000e+01 4.85000000e+02 4.17950548e-01 2.00000000e+00]
[6.91000000e+02 5.21000000e+02 4.18283349e-01 3.00000000e+00]
[146.         391.           0.41865465   2.        ]
[1.39000000e+02 6.88000000e+02 4.18883283e-01 3.00000000e+00]
[7.03000000e+02 4.88000000e+02 4.18956264e-01 3.00000000e+00]
[3.21000000e+02 7.29000000e+02 4.19809064e-01 1.10000000e+01]
[2.50000000e+02 6.62000000e+02 4.19854725e-01 3.00000000e+00]
[1.00000000e+02 7.37000000e+02 4.23506931e-01 4.00000000e+00]
[5.06000000e+02 7.45000000e+02 4.23552759e-01 1.20000000e+01]
[ 82.         127.           0.42411755   2.        ]
[1.88000000e+02 7.43000000e+02 4.24244536e-01 4.00000000e+00]
[158.         410.           0.42479177   2.        ]
[138.         284.           0.42810114   2.        ]
[7.22000000e+02 6.67000000e+02 4.28882247e-01 1.50000000e+01]
[6.78000000e+02 4.12000000e+02 4.29435081e-01 3.00000000e+00]
[4.69000000e+02 7.04000000e+02 4.31041172e-01 1.90000000e+01]
[6.8400000e+02 3.9500000e+02 4.3116534e-01 4.0000000e+00]
[1.68000000e+02 7.39000000e+02 4.32603521e-01 1.00000000e+01]
[6.96000000e+02 7.26000000e+02 4.33062089e-01 9.00000000e+00]
[6.2500000e+02 3.4900000e+02 4.3336655e-01 3.0000000e+00]
[1.37000000e+02 6.85000000e+02 4.35074818e-01 3.00000000e+00]
[3.60000000e+01 5.52000000e+02 4.36181504e-01 3.00000000e+00]
[120.         163.           0.43662268   2.        ]
[ 88.         435.           0.43692477   2.        ]
[7.10000000e+01 4.62000000e+02 4.37781194e-01 2.00000000e+00]
[7.10000000e+02 1.62000000e+02 4.41332756e-01 5.00000000e+00]
[7.34000000e+02 4.63000000e+02 4.42018251e-01 2.30000000e+01]
[2.24000000e+02 5.37000000e+02 4.43086227e-01 2.00000000e+00]
[2.96000000e+02 6.63000000e+02 4.43401679e-01 3.00000000e+00]
[3.20000000e+01 7.59000000e+02 4.44706269e-01 4.00000000e+00]
[2.22000000e+02 5.10000000e+02 4.44881209e-01 2.00000000e+00]
[ 83.         331.           0.44734444   2.        ]
[3.73000000e+02 4.79000000e+02 4.48731584e-01 2.00000000e+00]
[7.1400000e+02 1.6700000e+02 4.4996512e-01 1.1000000e+01]
[1.34000000e+02 5.39000000e+02 4.49994203e-01 2.00000000e+00]
[6.30000000e+02 7.69000000e+02 4.50088728e-01 6.00000000e+00]
[7.35000000e+02 7.28000000e+02 4.52553838e-01 2.60000000e+01]
[7.48000000e+02 6.19000000e+02 4.52787289e-01 1.50000000e+01]
[6.42000000e+02 3.71000000e+02 4.54087803e-01 3.00000000e+00]
[6.1300000e+02 4.3400000e+02 4.5698542e-01 3.0000000e+00]
[7.50000000e+02 2.41000000e+02 4.57068679e-01 5.00000000e+00]
[117.         280.           0.45771938   2.        ]
[4.42000000e+02 5.99000000e+02 4.58978402e-01 3.00000000e+00]
[7.58000000e+02 7.68000000e+02 4.58980722e-01 1.20000000e+01]
[57.        97.         0.4593133  2.       ]
[3.57000000e+02 7.77000000e+02 4.60123269e-01 1.60000000e+01]
[7.27000000e+02 7.57000000e+02 4.61345936e-01 1.30000000e+01]
[370.         459.           0.46343485   2.        ]
[6.70000000e+01 7.76000000e+02 4.65688608e-01 2.70000000e+01]
[1.82000000e+02 7.66000000e+02 4.66227234e-01 2.40000000e+01]
[7.46000000e+02 7.53000000e+02 4.67145717e-01 1.80000000e+01]
[5.73000000e+02 7.90000000e+02 4.67911345e-01 2.00000000e+01]
[5.10000000e+01 6.22000000e+02 4.69599226e-01 3.00000000e+00]
[7.47000000e+02 7.60000000e+02 4.70930524e-01 7.00000000e+00]
[7.08000000e+02 7.89000000e+02 4.71295226e-01 2.60000000e+01]
[2.80000000e+01 7.82000000e+02 4.73276679e-01 4.00000000e+00]
[4.83000000e+02 7.86000000e+02 4.73784551e-01 1.40000000e+01]
[6.93000000e+02 5.07000000e+02 4.74174864e-01 3.00000000e+00]
[7.88000000e+02 7.52000000e+02 4.74188537e-01 2.90000000e+01]
[7.98000000e+02 7.75000000e+02 4.75777146e-01 3.50000000e+01]
[1.61000000e+02 6.46000000e+02 4.76362925e-01 3.00000000e+00]
[7.23000000e+02 7.36000000e+02 4.78639722e-01 5.00000000e+00]
[1.0600000e+02 7.5100000e+02 4.7972262e-01 3.0000000e+00]
[7.38000000e+02 1.74000000e+02 4.81519993e-01 1.40000000e+01]
[5.91000000e+02 1.75000000e+02 4.82727011e-01 3.00000000e+00]
[3.85000000e+02 7.94000000e+02 4.83717765e-01 2.70000000e+01]
[7.4200000e+02 8.0100000e+02 4.8473816e-01 7.0000000e+00]
[7.74000000e+02 5.14000000e+02 4.86028581e-01 3.00000000e+00]
[6.09000000e+02 5.98000000e+02 4.86060053e-01 4.00000000e+00]
[4.55000000e+02 5.26000000e+02 4.86131936e-01 2.00000000e+00]
[2.03000000e+02 7.73000000e+02 4.88326198e-01 1.20000000e+01]
[ 55.         107.           0.48962851   2.        ]
[4.80000000e+01 7.99000000e+02 4.89727027e-01 3.60000000e+01]
[7.95000000e+02 7.09000000e+02 4.90068881e-01 6.00000000e+00]
[7.32000000e+02 5.04000000e+02 4.90361518e-01 3.00000000e+00]
[332.         451.           0.49083429   2.        ]
[4.78000000e+02 7.92000000e+02 4.90947721e-01 4.00000000e+00]
[7.49000000e+02 5.05000000e+02 4.91577817e-01 3.00000000e+00]
[6.65000000e+02 7.96000000e+02 4.92001064e-01 1.60000000e+01]
[7.55000000e+02 7.71000000e+02 4.92438175e-01 2.10000000e+01]
[8.06000000e+02 1.84000000e+02 4.93520643e-01 8.00000000e+00]
[ 39.        432.          0.4945477   2.       ]
[2.44000000e+02 7.83000000e+02 4.95241477e-01 1.30000000e+01]
[326.         420.           0.49652374   2.        ]
[7.24000000e+02 7.85000000e+02 4.97098198e-01 1.90000000e+01]
[238.         424.           0.49884117   2.        ]
[449.         482.           0.49884936   2.        ]
[403.         191.           0.49891688   2.        ]
[4.50000000e+01 8.22000000e+02 5.00248561e-01 1.40000000e+01]
[294.         472.           0.50146221   2.        ]
[7.40000000e+02 8.18000000e+02 5.01928396e-01 1.80000000e+01]
[8.19000000e+02 8.05000000e+02 5.01963728e-01 4.80000000e+01]
[2.35000000e+02 5.24000000e+02 5.02960404e-01 2.00000000e+00]
[6.73000000e+02 4.40000000e+02 5.03222473e-01 3.00000000e+00]
[3.61000000e+02 5.27000000e+02 5.03648486e-01 2.00000000e+00]
[3.52000000e+02 5.29000000e+02 5.04628945e-01 2.00000000e+00]
[1.02000000e+02 8.30000000e+02 5.05453371e-01 1.90000000e+01]
[179.         417.           0.50708415   2.        ]
[31.         96.          0.50778427  2.        ]
[7.64000000e+02 6.98000000e+02 5.08658994e-01 4.00000000e+00]
[4.71000000e+02 6.68000000e+02 5.11786079e-01 3.00000000e+00]
[1.3300000e+02 7.5400000e+02 5.1622857e-01 4.0000000e+00]
[8.15000000e+02 6.36000000e+02 5.18672581e-01 4.00000000e+00]
[7.44000000e+02 1.26000000e+02 5.19265473e-01 4.00000000e+00]
[ 53.         231.           0.51934928   2.        ]
[0.00000000e+00 8.36000000e+02 5.19634382e-01 2.00000000e+01]
[398.         399.           0.51964938   2.        ]
[4.30000000e+02 6.27000000e+02 5.21023728e-01 3.00000000e+00]
[6.75000000e+02 1.41000000e+02 5.22815621e-01 3.00000000e+00]
[355.        441.          0.5230404   2.       ]
[6.69000000e+02 3.63000000e+02 5.23165476e-01 3.00000000e+00]
[ 60.         337.           0.52327411   2.        ]
[1.89000000e+02 5.35000000e+02 5.23653574e-01 2.00000000e+00]
[7.05000000e+02 1.98000000e+02 5.24559282e-01 3.00000000e+00]
[7.63000000e+02 8.20000000e+02 5.30304228e-01 1.00000000e+01]
[8.04000000e+02 8.35000000e+02 5.31602295e-01 5.00000000e+00]
[4.22000000e+02 8.00000000e+02 5.34217751e-01 4.00000000e+00]
[7.93000000e+02 7.91000000e+02 5.35237183e-01 2.70000000e+01]
[6.29000000e+02 6.80000000e+02 5.35624635e-01 5.00000000e+00]
[8.1200000e+02 8.5700000e+02 5.3661116e-01 6.3000000e+01]
[2.58000000e+02 8.29000000e+02 5.36670017e-01 3.00000000e+00]
[254.         354.           0.53781494   2.        ]
[8.23000000e+02 3.43000000e+02 5.38592964e-01 3.00000000e+00]
[7.79000000e+02 8.28000000e+02 5.39570734e-01 1.70000000e+01]
[8.11000000e+02 8.03000000e+02 5.40465718e-01 1.60000000e+01]
[7.84000000e+02 2.26000000e+02 5.41378452e-01 3.00000000e+00]
[7.56000000e+02 2.99000000e+02 5.41660624e-01 5.00000000e+00]
[7.33000000e+02 2.32000000e+02 5.41926323e-01 3.00000000e+00]
[8.45000000e+02 8.13000000e+02 5.42560521e-01 2.60000000e+01]
[5.64000000e+02 2.23000000e+02 5.42759028e-01 4.00000000e+00]
[6.90000000e+01 8.68000000e+02 5.42993722e-01 2.70000000e+01]
[111.         501.           0.54569454   2.        ]
[8.3100000e+02 8.1700000e+02 5.4860741e-01 5.1000000e+01]
[5.80000000e+02 8.70000000e+02 5.48861115e-01 2.90000000e+01]
[306.         458.           0.54955883   2.        ]
[8.14000000e+02 8.73000000e+02 5.49889025e-01 3.20000000e+01]
[1.14000000e+02 8.27000000e+02 5.50056939e-01 3.00000000e+00]
[3.62000000e+02 8.10000000e+02 5.50485778e-01 1.30000000e+01]
[7.67000000e+02 8.24000000e+02 5.54449656e-01 2.10000000e+01]
[2.66000000e+02 8.72000000e+02 5.55471203e-01 5.20000000e+01]
[116.         286.           0.55632025   2.        ]
[8.55000000e+02 6.04000000e+02 5.56489479e-01 7.00000000e+00]
[7.78000000e+02 7.97000000e+02 5.57218654e-01 6.00000000e+00]
[7.65000000e+02 8.59000000e+02 5.57292133e-01 6.80000000e+01]
[6.06000000e+02 4.96000000e+02 5.57751378e-01 3.00000000e+00]
[7.00000000e+00 8.16000000e+02 5.59451804e-01 5.00000000e+00]
[8.69000000e+02 8.38000000e+02 5.59599042e-01 6.00000000e+00]
[7.61000000e+02 8.78000000e+02 5.60409973e-01 2.40000000e+01]
[8.47000000e+02 8.53000000e+02 5.60741614e-01 6.00000000e+00]
[7.19000000e+02 8.86000000e+02 5.60958092e-01 8.00000000e+00]
[8.21000000e+02 6.48000000e+02 5.61091117e-01 4.00000000e+00]
[8.07000000e+02 8.66000000e+02 5.61681124e-01 8.00000000e+00]
[2.17000000e+02 7.70000000e+02 5.61996275e-01 3.00000000e+00]
[4.46000000e+02 8.65000000e+02 5.63503601e-01 4.00000000e+00]
[8.33000000e+02 4.16000000e+02 5.63539126e-01 4.00000000e+00]
[1.05000000e+02 8.60000000e+02 5.65423915e-01 4.00000000e+00]
[2.200000e+01 8.770000e+02 5.715948e-01 1.400000e+01]
[6.00000000e+02 8.75000000e+02 5.72323855e-01 3.40000000e+01]
[8.09000000e+02 8.71000000e+02 5.73197584e-01 4.00000000e+00]
[6.43000000e+02 6.53000000e+02 5.73745872e-01 5.00000000e+00]
[2.60000000e+01 8.62000000e+02 5.75334993e-01 4.00000000e+00]
[8.83000000e+02 2.56000000e+02 5.80547117e-01 6.90000000e+01]
[7.30000000e+02 8.41000000e+02 5.81830163e-01 6.00000000e+00]
[2.64000000e+02 8.79000000e+02 5.84132355e-01 5.30000000e+01]
[8.9500000e+02 1.5900000e+02 5.8479621e-01 5.0000000e+00]
[3.76000000e+02 8.43000000e+02 5.85765632e-01 5.00000000e+00]
[7.80000000e+02 8.63000000e+02 5.85968226e-01 2.20000000e+01]
[8.540000e+02 8.870000e+02 5.861229e-01 3.400000e+01]
[4.25000000e+02 9.06000000e+02 5.86879113e-01 2.30000000e+01]
[8.96000000e+02 8.50000000e+02 5.87079884e-01 1.70000000e+01]
[9.04000000e+02 1.97000000e+02 5.88104232e-01 6.00000000e+00]
[8.08000000e+02 8.76000000e+02 5.90411903e-01 7.00000000e+00]
[8.44000000e+02 4.01000000e+02 5.92009267e-01 3.00000000e+00]
[2.28000000e+02 7.72000000e+02 5.92285459e-01 3.00000000e+00]
[7.16000000e+02 8.67000000e+02 5.93872405e-01 8.00000000e+00]
[3.10000000e+02 8.56000000e+02 5.95761754e-01 5.00000000e+00]
[2.4300000e+02 8.9700000e+02 5.9588256e-01 3.5000000e+01]
[8.88000000e+02 3.90000000e+02 5.96469553e-01 7.00000000e+00]
[8.81000000e+02 8.48000000e+02 5.97384629e-01 1.00000000e+01]
[3.47000000e+02 9.03000000e+02 5.98667944e-01 5.40000000e+01]
[3.5300000e+02 8.8200000e+02 6.0279973e-01 7.0000000e+00]
[8.42000000e+02 9.15000000e+02 6.02986119e-01 9.00000000e+00]
[4.94000000e+02 9.05000000e+02 6.02990976e-01 6.00000000e+00]
[8.85000000e+02 5.20000000e+02 6.03162513e-01 6.00000000e+00]
[8.64000000e+02 7.81000000e+02 6.03290194e-01 1.80000000e+01]
[9.09000000e+02 8.40000000e+02 6.03909646e-01 2.00000000e+01]
[9.40000000e+01 9.17000000e+02 6.04514287e-01 8.00000000e+00]
[8.52000000e+02 4.57000000e+02 6.06913853e-01 3.00000000e+00]
[  2.         341.           0.60829807   2.        ]
[3.89000000e+02 9.19000000e+02 6.12586417e-01 5.50000000e+01]
[7.20000000e+02 5.31000000e+02 6.14013686e-01 4.00000000e+00]
[8.02000000e+02 9.07000000e+02 6.14059616e-01 3.70000000e+01]
[8.26000000e+02 8.90000000e+02 6.16142458e-01 6.00000000e+00]
[9.2000000e+02 9.2300000e+02 6.1661642e-01 1.3000000e+01]
[9.11000000e+02 8.49000000e+02 6.16713754e-01 9.00000000e+00]
[6.79000000e+02 3.30000000e+02 6.16927037e-01 3.00000000e+00]
[3.4400000e+02 8.9800000e+02 6.1869734e-01 5.0000000e+00]
[3.51000000e+02 9.32000000e+02 6.19209049e-01 7.00000000e+00]
[9.34000000e+02 4.70000000e+01 6.21253698e-01 1.00000000e+01]
[8.58000000e+02 8.50000000e+01 6.22627755e-01 6.00000000e+00]
[2.82000000e+02 9.21000000e+02 6.24240024e-01 1.00000000e+01]
[8.61000000e+02 9.10000000e+02 6.24783984e-01 8.00000000e+00]
[8.25000000e+02 9.33000000e+02 6.26746174e-01 1.50000000e+01]
[7.70000000e+01 8.89000000e+02 6.27317587e-01 9.00000000e+00]
[9.18000000e+02 3.75000000e+02 6.27750343e-01 1.10000000e+01]
[2.53000000e+02 8.91000000e+02 6.28697861e-01 9.00000000e+00]
[6.51000000e+02 9.01000000e+02 6.29485096e-01 7.10000000e+01]
[ 56.         421.           0.63075956   2.        ]
[8.39000000e+02 7.90000000e+01 6.31089342e-01 5.00000000e+00]
[212.         456.           0.63497005   2.        ]
[8.9400000e+02 3.0400000e+02 6.3591993e-01 5.0000000e+00]
[633.         388.           0.63649857   3.        ]
[8.51000000e+02 9.16000000e+02 6.37533983e-01 3.70000000e+01]
[9.31000000e+02 8.99000000e+02 6.38049876e-01 4.20000000e+01]
[1.49000000e+02 9.25000000e+02 6.38308138e-01 2.10000000e+01]
[9.41000000e+02 2.73000000e+02 6.38491106e-01 9.00000000e+00]
[9.00000000e+02 9.42000000e+02 6.39009852e-01 1.90000000e+01]
[1.90000000e+02 9.51000000e+02 6.43212574e-01 4.00000000e+00]
[7.41000000e+02 4.47000000e+02 6.44738085e-01 4.00000000e+00]
[9.3800000e+02 4.6400000e+02 6.4721924e-01 1.1000000e+01]
[9.53000000e+02 9.13000000e+02 6.55321014e-01 4.50000000e+01]
[8.3200000e+02 9.3700000e+02 6.5562121e-01 9.0000000e+00]
[466.         500.           0.65951875   2.        ]
[9.60000000e+02 7.13000000e+02 6.60097824e-01 4.70000000e+01]
[476.         499.           0.66200692   2.        ]
[2.67000000e+02 9.61000000e+02 6.62442532e-01 1.00000000e+01]
[8.92000000e+02 3.68000000e+02 6.67458068e-01 4.00000000e+00]
[9.52000000e+02 8.80000000e+02 6.69516495e-01 3.90000000e+01]
[2.68000000e+02 9.46000000e+02 6.74847661e-01 7.20000000e+01]
[7.6200000e+02 9.5900000e+02 6.7510375e-01 1.3000000e+01]
[9.2700000e+02 5.2500000e+02 6.7569442e-01 4.0000000e+00]
[1.31000000e+02 9.08000000e+02 6.78390607e-01 2.40000000e+01]
[1.30000000e+01 9.57000000e+02 6.78812594e-01 5.00000000e+00]
[9.48000000e+02 9.54000000e+02 6.78861497e-01 2.60000000e+01]
[9.6300000e+02 3.2500000e+02 6.8017643e-01 4.8000000e+01]
[9.56000000e+02 9.22000000e+02 6.85284822e-01 2.50000000e+01]
[7.18000000e+02 9.29000000e+02 6.85762671e-01 5.70000000e+01]
[8.37000000e+02 3.64000000e+02 6.86793654e-01 3.00000000e+00]
[9.40000000e+02 9.71000000e+02 6.87686087e-01 3.40000000e+01]
[9.39000000e+02 9.43000000e+02 6.91417604e-01 1.50000000e+01]
[4.9800000e+02 9.5800000e+02 6.9165875e-01 5.0000000e+00]
[9.47000000e+02 9.66000000e+02 6.91711883e-01 6.00000000e+00]
[110.         536.           0.69682396   2.        ]
[9.67000000e+02 9.45000000e+02 6.97079104e-01 4.80000000e+01]
[4.30000000e+01 9.76000000e+02 7.00464647e-01 5.80000000e+01]
[9.75000000e+02 9.73000000e+02 7.01075515e-01 5.10000000e+01]
[215.         515.           0.70246397   2.        ]
[411.         431.           0.70351261   2.        ]
[8.84000000e+02 8.46000000e+02 7.04084454e-01 5.00000000e+00]
[9.50000000e+02 9.69000000e+02 7.05809855e-01 1.80000000e+01]
[9.83000000e+02 9.79000000e+02 7.06091172e-01 6.30000000e+01]
[9.4400000e+02 4.9300000e+02 7.0673628e-01 1.2000000e+01]
[9.55000000e+02 4.74000000e+02 7.12698534e-01 1.00000000e+01]
[4.07000000e+02 9.90000000e+02 7.16262182e-01 6.40000000e+01]
[9.02000000e+02 9.85000000e+02 7.16975933e-01 5.70000000e+01]
[2.92000000e+02 9.64000000e+02 7.18069357e-01 3.00000000e+00]
[9.14000000e+02 9.74000000e+02 7.26609806e-01 5.60000000e+01]
[9.96000000e+02 4.75000000e+02 7.29551214e-01 5.70000000e+01]
[9.65000000e+02 8.34000000e+02 7.34467569e-01 1.20000000e+01]
[8.93000000e+02 9.81000000e+02 7.34547497e-01 1.00000000e+01]
[7.87000000e+02 9.98000000e+02 7.37036568e-01 1.40000000e+01]
[9.88000000e+02 9.84000000e+02 7.37472329e-01 6.30000000e+01]
[2.93000000e+02 9.78000000e+02 7.37688131e-01 3.50000000e+01]
[2.11000000e+02 1.00100000e+03 7.38765455e-01 6.40000000e+01]
[9.82000000e+02 9.91000000e+02 7.39947522e-01 1.40000000e+01]
[9.92000000e+02 1.00200000e+03 7.40346175e-01 4.50000000e+01]
[ 99.         470.           0.74164373   2.        ]
[1.71000000e+02 9.80000000e+02 7.43616187e-01 6.00000000e+00]
[9.24000000e+02 2.01000000e+02 7.43849507e-01 1.90000000e+01]
[9.12000000e+02 9.94000000e+02 7.44038946e-01 6.00000000e+01]
[1.00000000e+03 4.19000000e+02 7.49943339e-01 1.50000000e+01]
[8.40000000e+01 9.89000000e+02 7.50912217e-01 1.90000000e+01]
[1.66000000e+02 1.01100000e+03 7.51292616e-01 2.00000000e+01]
[8.00000000e+00 1.00500000e+03 7.51875058e-01 4.60000000e+01]
[5.82000000e+02 9.49000000e+02 7.56450355e-01 4.00000000e+00]
[9.86000000e+02 9.99000000e+02 7.60409596e-01 1.20000000e+01]
[2.42000000e+02 8.74000000e+02 7.63147209e-01 3.00000000e+00]
[1.00900000e+03 3.11000000e+02 7.68940262e-01 6.10000000e+01]
[9.68000000e+02 9.93000000e+02 7.71354837e-01 1.36000000e+02]
[3.42000000e+02 9.87000000e+02 7.74752782e-01 3.00000000e+00]
[1.81000000e+02 9.95000000e+02 7.81169953e-01 4.00000000e+00]
[9.26000000e+02 9.77000000e+02 7.81915658e-01 1.10000000e+01]
[3.12000000e+02 1.01300000e+03 7.83829315e-01 4.70000000e+01]
[1.01500000e+03 5.34000000e+02 7.87267311e-01 1.30000000e+01]
[1.00800000e+03 1.77000000e+02 7.87824665e-01 2.00000000e+01]
[9.3500000e+02 1.0100000e+03 7.8989613e-01 1.8000000e+01]
[1.87000000e+02 9.62000000e+02 7.91165648e-01 3.00000000e+00]
[1.01700000e+03 1.00700000e+03 8.00890989e-01 6.70000000e+01]
[9.97000000e+02 1.00300000e+03 8.00928301e-01 1.21000000e+02]
[257.         314.           0.80305233   2.        ]
[1.00600000e+03 1.01800000e+03 8.05407656e-01 1.38000000e+02]
[721.         392.           0.80875664   3.        ]
[9.72000000e+02 1.02700000e+03 8.10751926e-01 7.20000000e+01]
[9.70000000e+02 1.03000000e+03 8.20529746e-01 1.42000000e+02]
[1.02300000e+03 2.88000000e+02 8.22230686e-01 1.40000000e+01]
[1.0220000e+03 1.0330000e+03 8.2771482e-01 1.8900000e+02]
[1.01600000e+03 3.79000000e+02 8.30140448e-01 4.00000000e+00]
[1.02600000e+03 2.81000000e+02 8.41582344e-01 4.00000000e+00]
[9.28000000e+02 6.10000000e+02 8.52082382e-01 4.00000000e+00]
[1.03200000e+03 1.03500000e+03 8.53104634e-01 2.61000000e+02]
[9.30000000e+02 1.03900000e+03 8.59890811e-01 2.65000000e+02]
[1.03100000e+03 1.04000000e+03 8.63488731e-01 2.68000000e+02]
[1.20000000e+01 1.02100000e+03 8.68184285e-01 1.20000000e+01]
[1.02800000e+03 1.00400000e+03 8.68879575e-01 1.35000000e+02]
[ 89.         497.           0.86926393   2.        ]
[1.01000000e+02 1.01200000e+03 8.70708361e-01 2.10000000e+01]
[1.02400000e+03 9.36000000e+02 8.74905035e-01 2.50000000e+01]
[5.68000000e+02 1.01900000e+03 8.97924918e-01 5.00000000e+00]
[624.         502.           0.90306863   3.        ]
[1.02000000e+03 1.02500000e+03 9.03438543e-01 2.20000000e+01]
[1.04700000e+03 4.81000000e+02 9.14308992e-01 6.00000000e+00]
[1.03400000e+03 1.04900000e+03 9.21683521e-01 3.60000000e+01]
[377.         533.           0.92384157   2.        ]
[1.01400000e+03 1.04600000e+03 9.32866715e-01 2.90000000e+01]
[1.04300000e+03 1.04100000e+03 9.37875518e-01 4.03000000e+02]
[1.05000000e+03 3.23000000e+02 9.38651397e-01 7.00000000e+00]
[1.02900000e+03 2.77000000e+02 9.45682383e-01 3.00000000e+00]
[1.04200000e+03 1.05400000e+03 9.47134104e-01 4.15000000e+02]
[1.05500000e+03 1.47000000e+02 9.53335281e-01 8.00000000e+00]
[1.04500000e+03 1.69000000e+02 9.64651072e-01 2.20000000e+01]
[1.05100000e+03 1.05700000e+03 9.66950672e-01 4.51000000e+02]
[1.03700000e+03 2.34000000e+02 9.67998088e-01 5.00000000e+00]
[1.03600000e+03 1.06000000e+03 1.00697474e+00 4.55000000e+02]
[1.05300000e+03 1.04800000e+03 1.00711271e+00 3.20000000e+01]
[1.05200000e+03 4.29000000e+02 1.01589681e+00 3.00000000e+00]
[1.08000000e+02 1.05600000e+03 1.01591183e+00 4.00000000e+00]
[3.1600000e+02 1.0630000e+03 1.0213005e+00 3.3000000e+01]
[1.06200000e+03 1.05900000e+03 1.03405678e+00 4.77000000e+02]
[1.06100000e+03 1.06700000e+03 1.04059488e+00 4.82000000e+02]
[1.04400000e+03 1.06500000e+03 1.05007176e+00 6.00000000e+00]
[1058.         1066.            1.08124052   41.        ]
[1068.         1070.            1.09799807  523.        ]
[1069.         1071.            1.10362583  529.        ]
[1038.          145.            1.14132806    5.        ]
[1072.         1064.            1.14816957  532.        ]
[1074.          319.            1.14951387  533.        ]
[ 86.         289.           1.17393499   2.        ]
[1076.         1075.            1.20492427  535.        ]
[1073.         1077.            1.29905365  540.        ]
