[64. 68.  0.  2.]
[540.  93.   0.   3.]
[541. 123.   0.   4.]
[542. 214.   0.   5.]
[543. 261.   0.   6.]
[ 78. 125.   0.   2.]
[ 95. 152.   0.   2.]
[546. 240.   0.   3.]
[547. 301.   0.   4.]
[548. 308.   0.   5.]
[549. 220.   0.   6.]
[307. 550.   0.   7.]
[ 90. 518.   0.   2.]
[103. 196.   0.   2.]
[136. 336.   0.   2.]
[140. 271.   0.   2.]
[178. 245.   0.   2.]
[205. 251.   0.   2.]
[270. 555.   0.   3.]
[300. 302.   0.   2.]
[5.51000000e+02 2.95000000e+02 4.33857667e-09 8.00000000e+00]
[3.59000000e+02 4.13000000e+02 1.05367121e-08 2.00000000e+00]
[8.10000000e+01 5.60000000e+02 1.11678177e-08 9.00000000e+00]
[1.00000000e+00 2.16000000e+02 1.49011612e-08 2.00000000e+00]
[5.63000000e+02 1.13000000e+02 1.49011612e-08 3.00000000e+00]
[5.45000000e+02 3.15000000e+02 1.49011612e-08 3.00000000e+00]
[5.5800000e+02 1.7000000e+02 1.6313995e-08 4.0000000e+00]
[6.00000000e+00 1.29000000e+02 2.10734243e-08 2.00000000e+00]
[2.40000000e+01 4.23000000e+02 2.10734243e-08 2.00000000e+00]
[7.40000000e+01 9.10000000e+01 2.10734243e-08 2.00000000e+00]
[5.69000000e+02 3.17000000e+02 2.10734243e-08 3.00000000e+00]
[5.59000000e+02 4.68000000e+02 2.48352687e-08 3.00000000e+00]
[5.00000000e+01 1.35000000e+02 2.58095683e-08 2.00000000e+00]
[7.20000000e+01 4.37000000e+02 2.58095683e-08 2.00000000e+00]
[5.72000000e+02 5.62000000e+02 2.58095683e-08 1.10000000e+01]
[6.10000000e+01 2.36000000e+02 3.65002415e-08 2.00000000e+00]
[4.00000000e+02 5.66000000e+02 5.37269007e-08 5.00000000e+00]
[5.70000000e+02 2.74000000e+02 5.67419313e-08 4.00000000e+00]
[3.80000000e+02 5.76000000e+02 7.10900258e-03 6.00000000e+00]
[2.62000000e+02 5.78000000e+02 7.76465778e-02 7.00000000e+00]
[5.74000000e+02 3.29000000e+02 7.91733159e-02 1.20000000e+01]
[2.1800000e+02 5.0300000e+02 8.7211259e-02 2.0000000e+00]
[2.06000000e+02 3.22000000e+02 8.86922706e-02 2.00000000e+00]
[21.         40.          0.09350565  2.        ]
[3.09000000e+02 3.94000000e+02 1.12224508e-01 2.00000000e+00]
[1.65000000e+02 2.91000000e+02 1.18331128e-01 2.00000000e+00]
[5.77000000e+02 1.64000000e+02 1.27776511e-01 5.00000000e+00]
[5.86000000e+02 1.21000000e+02 1.35532393e-01 6.00000000e+00]
[5.80000000e+02 1.30000000e+02 1.37811866e-01 1.30000000e+01]
[5.71000000e+02 5.57000000e+02 1.43404925e-01 5.00000000e+00]
[4.00000000e+00 5.79000000e+02 1.46541126e-01 8.00000000e+00]
[3.00000000e+00 5.44000000e+02 1.48691008e-01 7.00000000e+00]
[1.2400000e+02 3.0500000e+02 1.4955632e-01 2.0000000e+00]
[ 54.         148.           0.15697852   2.        ]
[5.540e+02 1.760e+02 1.574e-01 3.000e+00]
[1.28000000e+02 5.85000000e+02 1.58230341e-01 3.00000000e+00]
[4.36000000e+02 5.22000000e+02 1.62587302e-01 2.00000000e+00]
[5.900000e+02 2.980000e+02 1.671733e-01 9.000000e+00]
[3.39000000e+02 4.73000000e+02 1.69118312e-01 2.00000000e+00]
[5.89000000e+02 5.91000000e+02 1.69475524e-01 1.20000000e+01]
[3.20000000e+02 4.06000000e+02 1.69709512e-01 2.00000000e+00]
[2.10000000e+02 3.83000000e+02 1.70968334e-01 2.00000000e+00]
[5.88000000e+02 3.28000000e+02 1.74083539e-01 1.40000000e+01]
[9.00000000e+00 5.65000000e+02 1.75256852e-01 4.00000000e+00]
[6.02000000e+02 2.39000000e+02 1.76920587e-01 1.50000000e+01]
[5.32000000e+02 4.77000000e+02 1.79253896e-01 2.00000000e+00]
[2.19000000e+02 3.70000000e+01 1.79803073e-01 2.00000000e+00]
[1.43000000e+02 4.45000000e+02 1.80001928e-01 2.00000000e+00]
[4.9000000e+01 2.4600000e+02 1.8108457e-01 2.0000000e+00]
[6.04000000e+02 1.94000000e+02 1.81370605e-01 1.60000000e+01]
[3.0300000e+02 3.6900000e+02 1.8180906e-01 2.0000000e+00]
[3.00000000e+01 2.09000000e+02 1.85276753e-01 2.00000000e+00]
[4.02000000e+02 4.89000000e+02 1.87549653e-01 2.00000000e+00]
[6.09000000e+02 1.54000000e+02 1.89493776e-01 1.70000000e+01]
[6.13000000e+02 4.48000000e+02 1.91768026e-01 1.80000000e+01]
[3.48000000e+02 3.67000000e+02 1.96169944e-01 2.00000000e+00]
[5.87000000e+02 2.04000000e+02 1.98906219e-01 7.00000000e+00]
[6.1400000e+02 2.5200000e+02 1.9930534e-01 1.9000000e+01]
[1.80000000e+02 5.95000000e+02 2.00981783e-01 4.00000000e+00]
[9.20000000e+01 6.16000000e+02 2.03990406e-01 8.00000000e+00]
[4.92000000e+02 5.23000000e+02 2.05679554e-01 2.00000000e+00]
[6.17000000e+02 1.60000000e+02 2.05779318e-01 2.00000000e+01]
[6.05000000e+02 1.22000000e+02 2.06557304e-01 3.00000000e+00]
[5.82000000e+02 2.25000000e+02 2.10840301e-01 3.00000000e+00]
[6.21000000e+02 3.50000000e+01 2.11561319e-01 2.10000000e+01]
[5.99000000e+02 1.09000000e+02 2.14552863e-01 1.30000000e+01]
[6.24000000e+02 4.80000000e+02 2.16406791e-01 2.20000000e+01]
[6.25000000e+02 3.40000000e+02 2.21187147e-01 1.40000000e+01]
[2.47000000e+02 2.49000000e+02 2.22428302e-01 2.00000000e+00]
[6.30000000e+01 4.26000000e+02 2.23268164e-01 2.00000000e+00]
[3.97000000e+02 4.44000000e+02 2.24477733e-01 2.00000000e+00]
[2.21000000e+02 6.27000000e+02 2.27466142e-01 1.50000000e+01]
[3.27000000e+02 6.06000000e+02 2.27627898e-01 3.00000000e+00]
[1.53000000e+02 6.19000000e+02 2.28662463e-01 9.00000000e+00]
[3.9600000e+02 4.1400000e+02 2.3104327e-01 2.0000000e+00]
[5.97000000e+02 2.29000000e+02 2.31204529e-01 1.00000000e+01]
[ 73.         200.           0.23291441   2.        ]
[2.30000000e+02 6.22000000e+02 2.36124146e-01 4.00000000e+00]
[65.         76.          0.23836196  2.        ]
[3.45000000e+02 5.67000000e+02 2.39024135e-01 3.00000000e+00]
[ 98.         155.           0.23975298   2.        ]
[1.70000000e+01 2.83000000e+02 2.40677947e-01 2.00000000e+00]
[4.15000000e+02 4.60000000e+02 2.45132734e-01 2.00000000e+00]
[4.28000000e+02 5.28000000e+02 2.50136612e-01 2.00000000e+00]
[6.20000000e+01 6.18000000e+02 2.53143627e-01 5.00000000e+00]
[4.10000000e+01 6.20000000e+02 2.55508854e-01 3.00000000e+00]
[2.07000000e+02 6.35000000e+02 2.55739465e-01 1.10000000e+01]
[3.66000000e+02 5.17000000e+02 2.57811161e-01 2.00000000e+00]
[1.4400000e+02 5.6100000e+02 2.6227702e-01 3.0000000e+00]
[2.00000000e+01 5.93000000e+02 2.62414971e-01 3.00000000e+00]
[185.         195.           0.26467016   2.        ]
[6.49000000e+02 6.31000000e+02 2.65478343e-01 1.80000000e+01]
[3.46000000e+02 4.38000000e+02 2.68507585e-01 2.00000000e+00]
[4.18000000e+02 5.96000000e+02 2.68693299e-01 3.00000000e+00]
[8.70000000e+01 6.33000000e+02 2.71291467e-01 1.00000000e+01]
[2.9000000e+01 4.8600000e+02 2.7167803e-01 2.0000000e+00]
[2.97000000e+02 4.27000000e+02 2.74158236e-01 2.00000000e+00]
[4.39000000e+02 5.94000000e+02 2.77025331e-01 4.00000000e+00]
[6.40000000e+02 2.85000000e+02 2.83305992e-01 3.00000000e+00]
[ 19.        104.          0.2839697   2.       ]
[3.30000000e+01 6.37000000e+02 2.86312172e-01 5.00000000e+00]
[3.34000000e+02 6.59000000e+02 2.87438948e-01 3.00000000e+00]
[5.0000000e+00 6.4600000e+02 2.9121814e-01 1.2000000e+01]
[6.4300000e+02 6.6000000e+02 2.9305084e-01 7.0000000e+00]
[2.76000000e+02 6.39000000e+02 2.93574695e-01 4.00000000e+00]
[5.11000000e+02 6.03000000e+02 2.93669718e-01 5.00000000e+00]
[4.05000000e+02 6.57000000e+02 2.95526253e-01 5.00000000e+00]
[2.90000000e+02 5.30000000e+02 2.96749256e-01 2.00000000e+00]
[1.99000000e+02 6.65000000e+02 2.99903056e-01 6.00000000e+00]
[2.13000000e+02 3.86000000e+02 3.00697029e-01 2.00000000e+00]
[1.40000000e+01 4.33000000e+02 3.05118648e-01 2.00000000e+00]
[6.44000000e+02 1.12000000e+02 3.06570367e-01 6.00000000e+00]
[6.32000000e+02 6.66000000e+02 3.07118947e-01 8.00000000e+00]
[6.63000000e+02 3.21000000e+02 3.07477816e-01 8.00000000e+00]
[2.65000000e+02 6.62000000e+02 3.09371622e-01 1.30000000e+01]
[6.73000000e+02 2.78000000e+02 3.16495962e-01 9.00000000e+00]
[ 27.         172.           0.31794745   2.        ]
[6.75000000e+02 5.12000000e+02 3.18671533e-01 1.00000000e+01]
[3.18000000e+02 6.77000000e+02 3.19358317e-01 1.10000000e+01]
[1.60000000e+01 6.64000000e+02 3.20531923e-01 5.00000000e+00]
[8.00000000e+01 4.09000000e+02 3.20751908e-01 2.00000000e+00]
[5.56000000e+02 6.58000000e+02 3.21195435e-01 5.00000000e+00]
[4.54000000e+02 6.72000000e+02 3.21406912e-01 9.00000000e+00]
[6.53000000e+02 4.61000000e+02 3.21780234e-01 4.00000000e+00]
[3.5800000e+02 6.8200000e+02 3.2238829e-01 1.0000000e+01]
[248.         133.           0.32319419   2.        ]
[3.33000000e+02 2.02000000e+02 3.24160983e-01 2.00000000e+00]
[3.24000000e+02 6.51000000e+02 3.26726278e-01 1.90000000e+01]
[2.7500000e+02 6.7400000e+02 3.3071869e-01 1.4000000e+01]
[5.53000000e+02 6.36000000e+02 3.30884475e-01 4.00000000e+00]
[6.54000000e+02 1.92000000e+02 3.31566766e-01 1.10000000e+01]
[2.3000000e+01 6.8400000e+02 3.3362914e-01 1.1000000e+01]
[5.75000000e+02 1.51000000e+02 3.37557389e-01 3.00000000e+00]
[4.95000000e+02 6.91000000e+02 3.37887598e-01 1.20000000e+01]
[6.6100000e+02 6.8800000e+02 3.3965151e-01 1.7000000e+01]
[3.78000000e+02 5.21000000e+02 3.44314589e-01 2.00000000e+00]
[227.         259.           0.34566181   2.        ]
[2.33000000e+02 6.86000000e+02 3.45710884e-01 3.00000000e+00]
[1.19000000e+02 6.87000000e+02 3.46864046e-01 2.00000000e+01]
[1.42000000e+02 5.19000000e+02 3.49140487e-01 2.00000000e+00]
[3.72000000e+02 6.97000000e+02 3.51968385e-01 4.00000000e+00]
[3.5600000e+02 4.6700000e+02 3.5307517e-01 2.0000000e+00]
[1.5000000e+02 6.9800000e+02 3.5619723e-01 2.1000000e+01]
[6.96000000e+02 4.91000000e+02 3.56378394e-01 3.00000000e+00]
[1.86000000e+02 6.68000000e+02 3.58954373e-01 7.00000000e+00]
[5.08000000e+02 6.79000000e+02 3.61042347e-01 6.00000000e+00]
[4.20000000e+01 4.84000000e+02 3.61092816e-01 2.00000000e+00]
[6.85000000e+02 5.16000000e+02 3.64140709e-01 3.00000000e+00]
[5.80000000e+01 4.17000000e+02 3.64232635e-01 2.00000000e+00]
[3.13000000e+02 6.95000000e+02 3.66478606e-01 3.00000000e+00]
[7.00000000e+01 6.26000000e+02 3.67103926e-01 2.30000000e+01]
[335.         338.           0.36722237   2.        ]
[1.00000000e+01 6.23000000e+02 3.68196501e-01 4.00000000e+00]
[2.50000000e+01 6.83000000e+02 3.74545897e-01 5.00000000e+00]
[3.81000000e+02 7.05000000e+02 3.79163416e-01 7.00000000e+00]
[6.94000000e+02 7.10000000e+02 3.79748176e-01 4.00000000e+01]
[5.20000000e+01 6.45000000e+02 3.80741292e-01 4.00000000e+00]
[2.37000000e+02 4.90000000e+02 3.83672311e-01 2.00000000e+00]
[7.16000000e+02 3.82000000e+02 3.86947328e-01 5.00000000e+00]
[118.         374.           0.38881556   2.        ]
[3.65000000e+02 6.00000000e+02 3.90934609e-01 3.00000000e+00]
[5.84000000e+02 3.60000000e+02 3.91586125e-01 3.00000000e+00]
[1.15000000e+02 6.71000000e+02 3.92159652e-01 7.00000000e+00]
[1.73000000e+02 4.87000000e+02 3.92391664e-01 2.00000000e+00]
[5.38000000e+02 6.93000000e+02 3.92538945e-01 1.30000000e+01]
[4.08000000e+02 4.50000000e+02 3.93550263e-01 2.00000000e+00]
[3.80000000e+01 7.02000000e+02 3.96268089e-01 2.20000000e+01]
[4.60000000e+01 6.29000000e+02 3.98807526e-01 3.00000000e+00]
[6.81000000e+02 2.55000000e+02 4.00427358e-01 6.00000000e+00]
[139.         241.           0.40625653   2.        ]
[6.89000000e+02 1.38000000e+02 4.06841195e-01 5.00000000e+00]
[7.15000000e+02 1.83000000e+02 4.07287365e-01 4.10000000e+01]
[4.52000000e+02 4.01000000e+02 4.07503244e-01 2.00000000e+00]
[6.90000000e+02 1.17000000e+02 4.07921553e-01 1.20000000e+01]
[7.31000000e+02 4.69000000e+02 4.08849814e-01 4.20000000e+01]
[1.10000000e+01 5.81000000e+02 4.09964727e-01 3.00000000e+00]
[7.14000000e+02 4.65000000e+02 4.10243522e-01 8.00000000e+00]
[2.7900000e+02 7.1300000e+02 4.1049863e-01 6.0000000e+00]
[1.80000000e+01 7.26000000e+02 4.13040601e-01 2.30000000e+01]
[2.08000000e+02 7.22000000e+02 4.15115277e-01 8.00000000e+00]
[3.50000000e+02 7.36000000e+02 4.15170413e-01 9.00000000e+00]
[4.53000000e+02 6.08000000e+02 4.15554745e-01 3.00000000e+00]
[1.32000000e+02 7.24000000e+02 4.16899464e-01 1.40000000e+01]
[260.         168.           0.41728052   2.        ]
[6.78000000e+02 3.57000000e+02 4.17488163e-01 1.20000000e+01]
[7.50000000e+01 7.41000000e+02 4.17950548e-01 4.00000000e+00]
[1.46000000e+02 7.25000000e+02 4.18654647e-01 3.00000000e+00]
[7.06000000e+02 4.88000000e+02 4.18956264e-01 3.00000000e+00]
[7.33000000e+02 2.69000000e+02 4.19724266e-01 1.30000000e+01]
[4.42000000e+02 7.40000000e+02 4.19854725e-01 1.00000000e+01]
[5.52000000e+02 3.60000000e+01 4.23552759e-01 3.00000000e+00]
[8.20000000e+01 6.10000000e+02 4.24117547e-01 3.00000000e+00]
[5.7300000e+02 3.9300000e+02 4.2464196e-01 3.0000000e+00]
[4.10000000e+02 6.48000000e+02 4.24791767e-01 4.00000000e+00]
[7.44000000e+02 4.04000000e+02 4.25907703e-01 1.30000000e+01]
[7.03000000e+02 7.38000000e+02 4.27834227e-01 2.60000000e+01]
[2.50000000e+02 7.49000000e+02 4.30973607e-01 1.10000000e+01]
[6.9200000e+02 7.0000000e+02 4.3116534e-01 7.0000000e+00]
[7.08000000e+02 1.98000000e+02 4.31436413e-01 3.00000000e+00]
[3.91000000e+02 7.46000000e+02 4.32327269e-01 4.00000000e+00]
[5.09000000e+02 7.54000000e+02 4.34590427e-01 1.40000000e+01]
[1.63000000e+02 6.07000000e+02 4.36622679e-01 3.00000000e+00]
[8.80000000e+01 7.59000000e+02 4.36924772e-01 5.00000000e+00]
[7.45000000e+02 4.85000000e+02 4.37541518e-01 5.00000000e+00]
[4.62000000e+02 7.01000000e+02 4.37781194e-01 3.00000000e+00]
[7.04000000e+02 7.56000000e+02 4.38112889e-01 1.80000000e+01]
[7.60000000e+02 5.13000000e+02 4.38165548e-01 1.50000000e+01]
[5.90000000e+01 7.48000000e+02 4.39664284e-01 1.40000000e+01]
[7.28000000e+02 7.42000000e+02 4.39981458e-01 2.00000000e+01]
[7.29000000e+02 1.88000000e+02 4.40202327e-01 3.00000000e+00]
[7.58000000e+02 2.63000000e+02 4.40387723e-01 4.00000000e+00]
[7.12000000e+02 1.62000000e+02 4.41332756e-01 5.00000000e+00]
[5.37000000e+02 7.37000000e+02 4.43086227e-01 7.00000000e+00]
[7.43000000e+02 7.27000000e+02 4.43859437e-01 5.00000000e+00]
[7.6300000e+02 1.0000000e+02 4.4450256e-01 6.0000000e+00]
[2.54000000e+02 6.38000000e+02 4.44706269e-01 3.00000000e+00]
[5.10000000e+02 6.47000000e+02 4.44881209e-01 3.00000000e+00]
[137.         243.           0.44499823   2.        ]
[8.30000000e+01 7.34000000e+02 4.47344438e-01 4.30000000e+01]
[7.30000000e+02 7.55000000e+02 4.47551632e-01 3.10000000e+01]
[4.79000000e+02 7.62000000e+02 4.48731584e-01 6.00000000e+00]
[5.39000000e+02 7.77000000e+02 4.49994203e-01 3.00000000e+00]
[1.58000000e+02 7.72000000e+02 4.50486884e-01 8.00000000e+00]
[3.95000000e+02 7.57000000e+02 4.53439895e-01 8.00000000e+00]
[1.67000000e+02 7.39000000e+02 4.54071747e-01 9.00000000e+00]
[3.20000000e+01 7.69000000e+02 4.55175562e-01 4.00000000e+00]
[1.56000000e+02 7.65000000e+02 4.55385837e-01 1.90000000e+01]
[6.1500000e+02 7.6800000e+02 4.5698542e-01 2.2000000e+01]
[ 97.        226.          0.4593133   2.       ]
[2.72000000e+02 7.84000000e+02 4.60662333e-01 1.00000000e+01]
[7.52000000e+02 7.86000000e+02 4.63199309e-01 2.20000000e+01]
[370.         459.           0.46343485   2.        ]
[7.71000000e+02 6.70000000e+01 4.65688608e-01 6.00000000e+00]
[4.80000000e+01 7.92000000e+02 4.67147362e-01 7.00000000e+00]
[5.10000000e+01 7.74000000e+02 4.69599226e-01 7.00000000e+00]
[7.64000000e+02 4.22000000e+02 4.70088007e-01 4.00000000e+00]
[7.10000000e+01 7.95000000e+02 4.71584421e-01 5.00000000e+00]
[4.40000000e+01 7.32000000e+02 4.72686915e-01 3.00000000e+00]
[2.80000000e+01 7.11000000e+02 4.73276679e-01 3.00000000e+00]
[4.83000000e+02 7.73000000e+02 4.73784551e-01 6.00000000e+00]
[6.99000000e+02 5.07000000e+02 4.74174864e-01 3.00000000e+00]
[6.50000000e+02 4.51000000e+02 4.76362925e-01 3.00000000e+00]
[7.35000000e+02 1.50000000e+01 4.77189152e-01 4.00000000e+00]
[4.34000000e+02 7.87000000e+02 4.78035923e-01 2.30000000e+01]
[3.84000000e+02 7.17000000e+02 4.78542834e-01 3.00000000e+00]
[7.20000000e+02 7.99000000e+02 4.80303179e-01 9.00000000e+00]
[5.06000000e+02 7.66000000e+02 4.81293039e-01 1.60000000e+01]
[2.84000000e+02 7.90000000e+02 4.81552011e-01 2.30000000e+01]
[4.3500000e+02 7.8000000e+02 4.8189803e-01 7.0000000e+00]
[4.12000000e+02 7.94000000e+02 4.82135598e-01 8.00000000e+00]
[5.92000000e+02 3.52000000e+02 4.82727011e-01 3.00000000e+00]
[3.85000000e+02 7.78000000e+02 4.83717765e-01 4.40000000e+01]
[1.34000000e+02 7.81000000e+02 4.84308668e-01 4.00000000e+00]
[6.11000000e+02 5.98000000e+02 4.86060053e-01 4.00000000e+00]
[4.55000000e+02 5.26000000e+02 4.86131936e-01 2.00000000e+00]
[7.82000000e+02 7.53000000e+02 4.86433409e-01 1.20000000e+01]
[349.         387.           0.48668045   2.        ]
[7.88000000e+02 4.24000000e+02 4.86956219e-01 3.00000000e+00]
[3.62000000e+02 6.42000000e+02 4.88326198e-01 3.00000000e+00]
[7.67000000e+02 1.74000000e+02 4.89035075e-01 1.50000000e+01]
[1.07000000e+02 8.19000000e+02 4.89628514e-01 1.60000000e+01]
[5.29000000e+02 7.98000000e+02 4.90947721e-01 4.00000000e+00]
[7.51000000e+02 1.27000000e+02 4.91085267e-01 4.00000000e+00]
[6.67000000e+02 8.01000000e+02 4.92001064e-01 5.00000000e+00]
[8.10000000e+02 1.75000000e+02 4.92730692e-01 4.00000000e+00]
[3.90000000e+01 6.52000000e+02 4.94547702e-01 3.00000000e+00]
[6.28000000e+02 8.21000000e+02 4.94833782e-01 6.00000000e+00]
[4.50000000e+01 8.03000000e+02 4.95241477e-01 2.40000000e+01]
[1.57000000e+02 7.85000000e+02 4.95961207e-01 5.00000000e+00]
[326.         420.           0.49652374   2.        ]
[449.         482.           0.49884936   2.        ]
[403.         191.           0.49891688   2.        ]
[472.         258.           0.49978137   2.        ]
[8.12000000e+02 8.28000000e+02 5.00425873e-01 9.00000000e+00]
[8.15000000e+02 2.24000000e+02 5.02430132e-01 1.30000000e+01]
[5.24000000e+02 8.30000000e+02 5.02960404e-01 3.00000000e+00]
[4.40000000e+02 8.00000000e+02 5.03222473e-01 4.00000000e+00]
[5.27000000e+02 7.09000000e+02 5.03648486e-01 4.00000000e+00]
[1.02000000e+02 8.31000000e+02 5.05453371e-01 3.00000000e+00]
[9.60000000e+01 8.05000000e+02 5.07784271e-01 1.00000000e+01]
[3.40000000e+01 8.11000000e+02 5.08184129e-01 4.50000000e+01]
[1.82000000e+02 8.22000000e+02 5.09331976e-01 5.00000000e+00]
[5.70000000e+01 8.17000000e+02 5.09650527e-01 4.00000000e+00]
[7.83000000e+02 7.89000000e+02 5.09787423e-01 1.80000000e+01]
[7.75000000e+02 4.74000000e+02 5.11167527e-01 4.00000000e+00]
[4.71000000e+02 8.18000000e+02 5.11786079e-01 4.00000000e+00]
[8.08000000e+02 7.50000000e+02 5.12181925e-01 1.00000000e+01]
[5.64000000e+02 2.96000000e+02 5.19028235e-01 4.00000000e+00]
[7.47000000e+02 1.26000000e+02 5.19265473e-01 4.00000000e+00]
[231.         447.           0.51934928   2.        ]
[3.98000000e+02 8.06000000e+02 5.19649376e-01 1.70000000e+01]
[331.         463.           0.51968099   2.        ]
[8.20000000e+02 8.47000000e+02 5.20946711e-01 2.00000000e+01]
[4.30000000e+02 7.70000000e+02 5.21023728e-01 5.00000000e+00]
[280.         310.           0.52173557   2.        ]
[6.80000000e+02 8.24000000e+02 5.22815621e-01 6.00000000e+00]
[4.41000000e+02 8.38000000e+02 5.23040396e-01 4.00000000e+00]
[3.63000000e+02 8.43000000e+02 5.23165476e-01 1.90000000e+01]
[6.00000000e+01 8.02000000e+02 5.23274111e-01 5.00000000e+00]
[189.          85.           0.52365357   2.        ]
[4.78000000e+02 8.26000000e+02 5.23945567e-01 7.00000000e+00]
[7.61000000e+02 8.09000000e+02 5.24756849e-01 1.10000000e+01]
[7.79000000e+02 8.07000000e+02 5.28843924e-01 5.40000000e+01]
[8.32000000e+02 7.70000000e+01 5.29609767e-01 3.00000000e+00]
[1.93000000e+02 7.18000000e+02 5.29870217e-01 6.00000000e+00]
[6.70000000e+02 8.57000000e+02 5.30103239e-01 2.10000000e+01]
[8.25000000e+02 8.23000000e+02 5.33097193e-01 8.00000000e+00]
[6.60000000e+01 8.62000000e+02 5.36265107e-01 5.50000000e+01]
[8.16000000e+02 0.00000000e+00 5.37230355e-01 3.00000000e+00]
[8.29000000e+02 4.32000000e+02 5.38592964e-01 3.00000000e+00]
[8.39000000e+02 8.63000000e+02 5.39545965e-01 1.30000000e+01]
[2.56000000e+02 8.40000000e+02 5.39945484e-01 4.60000000e+01]
[8.04000000e+02 8.34000000e+02 5.41597521e-01 1.60000000e+01]
[1.41000000e+02 8.61000000e+02 5.42006977e-01 1.20000000e+01]
[8.33000000e+02 2.99000000e+02 5.44461224e-01 1.00000000e+01]
[7.76000000e+02 3.10000000e+01 5.44758437e-01 4.00000000e+00]
[1.11000000e+02 8.68000000e+02 5.45694543e-01 4.00000000e+00]
[4.96000000e+02 8.41000000e+02 5.46390558e-01 6.00000000e+00]
[3.71000000e+02 8.36000000e+02 5.46645283e-01 5.00000000e+00]
[8.45000000e+02 6.69000000e+02 5.47373186e-01 6.00000000e+00]
[5.14000000e+02 8.74000000e+02 5.47415883e-01 1.10000000e+01]
[5.50000000e+01 8.52000000e+02 5.48926911e-01 2.10000000e+01]
[306.         458.           0.54955883   2.        ]
[8.44000000e+02 3.54000000e+02 5.50543387e-01 5.00000000e+00]
[2.22000000e+02 8.79000000e+02 5.50638924e-01 7.00000000e+00]
[6.76000000e+02 8.78000000e+02 5.51213421e-01 7.00000000e+00]
[8.27000000e+02 2.44000000e+02 5.51954652e-01 2.50000000e+01]
[3.43000000e+02 7.96000000e+02 5.53415242e-01 6.00000000e+00]
[1.16000000e+02 8.58000000e+02 5.56320255e-01 6.00000000e+00]
[8.51000000e+02 8.72000000e+02 5.57702179e-01 1.80000000e+01]
[7.00000000e+00 8.60000000e+02 5.59451804e-01 8.00000000e+00]
[2.3200000e+02 8.8900000e+02 5.6052316e-01 1.9000000e+01]
[8.4600000e+02 8.7700000e+02 5.6174397e-01 1.6000000e+01]
[4.46000000e+02 8.82000000e+02 5.63503601e-01 3.00000000e+00]
[5.30000000e+01 8.49000000e+02 5.64451523e-01 3.00000000e+00]
[8.35000000e+02 8.69000000e+02 5.64578354e-01 6.00000000e+00]
[2.03000000e+02 8.84000000e+02 5.68686634e-01 8.00000000e+00]
[8.5900000e+02 7.9000000e+01 5.7125483e-01 3.0000000e+00]
[8.14000000e+02 8.76000000e+02 5.73197584e-01 6.00000000e+00]
[8.67000000e+02 6.90000000e+01 5.74539963e-01 5.60000000e+01]
[8.70000000e+02 8.54000000e+02 5.74670881e-01 1.50000000e+01]
[2.60000000e+01 9.00000000e+02 5.75334993e-01 1.60000000e+01]
[6.01000000e+02 8.80000000e+02 5.76587248e-01 1.30000000e+01]
[8.97000000e+02 5.35000000e+02 5.78576977e-01 4.00000000e+00]
[5.01000000e+02 9.01000000e+02 5.78581438e-01 1.70000000e+01]
[2.86000000e+02 8.88000000e+02 5.81389862e-01 7.00000000e+00]
[6.34000000e+02 8.53000000e+02 5.82271919e-01 7.00000000e+00]
[1.9700000e+02 6.4100000e+02 5.8271645e-01 3.0000000e+00]
[3.55000000e+02 9.02000000e+02 5.85101904e-01 1.40000000e+01]
[3.76000000e+02 8.48000000e+02 5.85765632e-01 5.00000000e+00]
[4.25000000e+02 8.86000000e+02 5.86879113e-01 2.60000000e+01]
[2.64000000e+02 8.71000000e+02 5.87194468e-01 4.70000000e+01]
[1.05000000e+02 9.07000000e+02 5.88300239e-01 4.00000000e+00]
[8.13000000e+02 8.56000000e+02 5.90411903e-01 8.00000000e+00]
[8.850000e+02 6.550000e+02 5.946806e-01 9.000000e+00]
[5.04000000e+02 8.66000000e+02 5.95899706e-01 9.00000000e+00]
[3.32000000e+02 8.37000000e+02 5.96896359e-01 5.00000000e+00]
[8.95000000e+02 9.12000000e+02 5.97179578e-01 1.00000000e+01]
[3.47000000e+02 9.11000000e+02 5.98667944e-01 4.80000000e+01]
[8.7500000e+02 8.9600000e+02 5.9875971e-01 1.2000000e+01]
[2.28000000e+02 8.91000000e+02 5.99908203e-01 2.00000000e+01]
[6.56000000e+02 8.50000000e+02 6.01055764e-01 1.90000000e+01]
[9.06000000e+02 3.90000000e+02 6.04333397e-01 8.00000000e+00]
[9.13000000e+02 4.64000000e+02 6.07313878e-01 9.00000000e+00]
[3.41000000e+02 9.21000000e+02 6.08298073e-01 2.00000000e+01]
[2.87000000e+02 7.93000000e+02 6.08513456e-01 8.00000000e+00]
[9.22000000e+02 4.16000000e+02 6.10610511e-01 9.00000000e+00]
[5.20000000e+02 8.90000000e+02 6.10877618e-01 9.00000000e+00]
[3.89000000e+02 8.55000000e+02 6.12586417e-01 7.00000000e+00]
[5.31000000e+02 9.26000000e+02 6.14013686e-01 1.00000000e+01]
[8.65000000e+02 1.61000000e+02 6.14225373e-01 2.20000000e+01]
[4.70000000e+01 9.08000000e+02 6.16425548e-01 1.50000000e+01]
[8.87000000e+02 8.42000000e+02 6.16569404e-01 1.00000000e+01]
[9.3000000e+02 3.3700000e+02 6.1733038e-01 2.3000000e+01]
[9.17000000e+02 3.51000000e+02 6.17751718e-01 1.10000000e+01]
[2.38000000e+02 9.32000000e+02 6.19624161e-01 1.10000000e+01]
[2.94000000e+02 9.25000000e+02 6.21235053e-01 9.00000000e+00]
[2.20000000e+01 9.33000000e+02 6.21510781e-01 2.40000000e+01]
[3.53000000e+02 9.35000000e+02 6.21737342e-01 1.20000000e+01]
[9.34000000e+02 2.35000000e+02 6.23134121e-01 1.20000000e+01]
[1.06000000e+02 9.20000000e+02 6.24953217e-01 2.10000000e+01]
[4.57000000e+02 9.19000000e+02 6.24987581e-01 1.30000000e+01]
[9.39000000e+02 2.67000000e+02 6.26287722e-01 1.30000000e+01]
[4.7500000e+02 9.4000000e+02 6.2671288e-01 2.2000000e+01]
[4.43000000e+02 9.15000000e+02 6.27862545e-01 1.00000000e+01]
[4.56000000e+02 9.16000000e+02 6.28697861e-01 6.00000000e+00]
[5.60000000e+01 9.38000000e+02 6.30759565e-01 1.30000000e+01]
[9.28000000e+02 8.73000000e+02 6.33143836e-01 1.90000000e+01]
[1.5900000e+02 9.4200000e+02 6.3435693e-01 1.4000000e+01]
[1.90000000e+02 9.41000000e+02 6.34560156e-01 1.40000000e+01]
[4.94000000e+02 9.46000000e+02 6.37756604e-01 1.40000000e+01]
[2.66000000e+02 9.18000000e+02 6.38115906e-01 4.90000000e+01]
[1.49000000e+02 9.10000000e+02 6.38308138e-01 2.70000000e+01]
[9.09000000e+02 4.98000000e+02 6.40809741e-01 6.00000000e+00]
[2.42000000e+02 8.93000000e+02 6.43361044e-01 4.00000000e+00]
[2.23000000e+02 9.49000000e+02 6.45407854e-01 1.50000000e+01]
[2.73000000e+02 9.48000000e+02 6.45769448e-01 1.50000000e+01]
[1.20000000e+02 9.55000000e+02 6.46737497e-01 1.60000000e+01]
[9.43000000e+02 8.64000000e+02 6.47498667e-01 2.80000000e+01]
[9.23000000e+02 9.57000000e+02 6.47999528e-01 2.50000000e+01]
[1.84000000e+02 9.58000000e+02 6.50878147e-01 2.90000000e+01]
[9.40000000e+01 9.29000000e+02 6.51973272e-01 1.10000000e+01]
[7.97000000e+02 7.07000000e+02 6.52038527e-01 6.00000000e+00]
[9.04000000e+02 9.05000000e+02 6.52868999e-01 2.40000000e+01]
[9.51000000e+02 8.92000000e+02 6.59287958e-01 6.50000000e+01]
[466.         500.           0.65951875   2.        ]
[3.88000000e+02 9.63000000e+02 6.61033609e-01 2.50000000e+01]
[4.76000000e+02 9.53000000e+02 6.62006919e-01 7.00000000e+00]
[2.82000000e+02 9.66000000e+02 6.65812645e-01 2.60000000e+01]
[9.45000000e+02 8.94000000e+02 6.67767037e-01 9.00000000e+00]
[8.98000000e+02 8.99000000e+02 6.68883444e-01 6.20000000e+01]
[179.         364.           0.66912378   2.        ]
[9.64000000e+02 7.23000000e+02 6.70394744e-01 6.70000000e+01]
[5.05000000e+02 9.72000000e+02 6.73706431e-01 6.80000000e+01]
[4.21000000e+02 9.27000000e+02 6.79850471e-01 1.00000000e+01]
[9.37000000e+02 9.52000000e+02 6.83963604e-01 5.10000000e+01]
[3.25000000e+02 9.60000000e+02 6.87588555e-01 3.00000000e+01]
[9.14000000e+02 9.59000000e+02 6.88753542e-01 3.40000000e+01]
[9.24000000e+02 9.76000000e+02 6.92225063e-01 5.00000000e+01]
[1.10000000e+02 9.47000000e+02 6.96823962e-01 2.00000000e+01]
[2.53000000e+02 9.69000000e+02 6.97323188e-01 1.00000000e+01]
[3.61000000e+02 9.68000000e+02 6.97434589e-01 2.70000000e+01]
[9.56000000e+02 9.36000000e+02 6.98108708e-01 2.40000000e+01]
[8.83000000e+02 9.82000000e+02 7.00478382e-01 2.90000000e+01]
[2.17000000e+02 9.74000000e+02 7.01175922e-01 1.10000000e+01]
[9.7300000e+02 7.1900000e+02 7.0158661e-01 7.0000000e+01]
[2.15000000e+02 9.61000000e+02 7.02463972e-01 1.20000000e+01]
[8.00000000e+00 9.70000000e+02 7.02757559e-01 6.30000000e+01]
[4.11000000e+02 9.75000000e+02 7.03512611e-01 5.20000000e+01]
[2.11000000e+02 9.85000000e+02 7.03783209e-01 7.10000000e+01]
[9.62000000e+02 9.81000000e+02 7.04000544e-01 3.30000000e+01]
[9.67000000e+02 9.50000000e+02 7.07377427e-01 2.10000000e+01]
[9.77000000e+02 9.31000000e+02 7.13473895e-01 4.90000000e+01]
[3.68000000e+02 9.88000000e+02 7.13966405e-01 5.30000000e+01]
[9.92000000e+02 1.14000000e+02 7.14551933e-01 5.00000000e+01]
[9.03000000e+02 9.87000000e+02 7.17329322e-01 6.70000000e+01]
[5.83000000e+02 9.95000000e+02 7.20123466e-01 6.90000000e+01]
[9.7800000e+02 2.0000000e+00 7.2180221e-01 5.1000000e+01]
[9.9700000e+02 6.1200000e+02 7.2286521e-01 5.3000000e+01]
[1.31000000e+02 9.44000000e+02 7.23920576e-01 1.10000000e+01]
[9.98000000e+02 3.73000000e+02 7.27970342e-01 5.40000000e+01]
[4.19000000e+02 7.91000000e+02 7.28427961e-01 3.00000000e+00]
[2.68000000e+02 1.00100000e+03 7.31817331e-01 4.00000000e+00]
[9.9300000e+02 9.8400000e+02 7.3277718e-01 6.4000000e+01]
[9.79000000e+02 5.36000000e+02 7.32817264e-01 2.10000000e+01]
[4.07000000e+02 9.94000000e+02 7.33059546e-01 5.10000000e+01]
[4.30000000e+01 9.89000000e+02 7.39279185e-01 7.20000000e+01]
[4.93000000e+02 1.00500000e+03 7.40332837e-01 5.20000000e+01]
[2.93000000e+02 9.83000000e+02 7.41155026e-01 3.00000000e+01]
[9.90000000e+01 9.99000000e+02 7.41643733e-01 1.20000000e+01]
[4.99000000e+02 9.91000000e+02 7.45942054e-01 2.20000000e+01]
[8.81000000e+02 1.00800000e+03 7.50669739e-01 5.10000000e+01]
[ 84.         166.           0.75091222   2.        ]
[1.8100000e+02 1.0030000e+03 7.5265762e-01 6.5000000e+01]
[5.25000000e+02 9.54000000e+02 7.56340792e-01 5.00000000e+00]
[1.01000000e+03 1.01300000e+03 7.62583409e-01 8.70000000e+01]
[1.0040000e+03 1.0060000e+03 7.6333986e-01 9.3000000e+01]
[3.12000000e+02 9.86000000e+02 7.69877839e-01 1.30000000e+01]
[1.00200000e+03 1.00900000e+03 7.70892147e-01 1.60000000e+01]
[3.04000000e+02 1.00700000e+03 7.71913433e-01 5.30000000e+01]
[9.80000000e+02 9.96000000e+02 7.79181861e-01 7.90000000e+01]
[330.         721.           0.77997037   4.        ]
[9.90000000e+02 1.01900000e+03 7.80539127e-01 8.60000000e+01]
[5.15000000e+02 9.65000000e+02 7.82275877e-01 3.00000000e+00]
[1.0180000e+03 1.0200000e+03 7.8533458e-01 9.5000000e+01]
[2.92000000e+02 1.01500000e+03 7.87279014e-01 8.80000000e+01]
[257.          89.           0.80305233   2.        ]
[1.01200000e+03 1.01700000e+03 8.05494486e-01 1.50000000e+01]
[2.01000000e+02 1.01100000e+03 8.09269675e-01 5.20000000e+01]
[1.02400000e+03 1.71000000e+02 8.14429249e-01 9.60000000e+01]
[1.02900000e+03 1.02800000e+03 8.16357675e-01 1.48000000e+02]
[3.11000000e+02 1.02500000e+03 8.22996315e-01 8.90000000e+01]
[2.81000000e+02 1.02300000e+03 8.24038287e-01 4.00000000e+00]
[4.70000000e+02 1.03000000e+03 8.27751431e-01 1.49000000e+02]
[1.02200000e+03 1.01600000e+03 8.31505983e-01 1.79000000e+02]
[4.31000000e+02 1.03300000e+03 8.36030671e-01 1.50000000e+02]
[1.02700000e+03 1.30000000e+01 8.39430248e-01 1.60000000e+01]
[2.88000000e+02 1.03400000e+03 8.41225748e-01 1.80000000e+02]
[1.03600000e+03 1.03700000e+03 8.41998688e-01 1.96000000e+02]
[1.87000000e+02 1.03200000e+03 8.48738546e-01 5.00000000e+00]
[1.00000000e+03 3.99000000e+02 8.56826119e-01 5.50000000e+01]
[1.04000000e+03 3.92000000e+02 8.57104408e-01 5.60000000e+01]
[3.42000e+02 1.02100e+03 8.57463e-01 5.00000e+00]
[3.7900000e+02 1.0390000e+03 8.7218796e-01 6.0000000e+00]
[1.01400000e+03 1.04300000e+03 8.84542684e-01 1.10000000e+01]
[1.03100000e+03 1.03500000e+03 8.95471255e-01 2.39000000e+02]
[5.68000000e+02 1.04200000e+03 8.97924918e-01 7.00000000e+00]
[1.03800000e+03 1.20000000e+01 9.01568782e-01 1.97000000e+02]
[1.04700000e+03 1.04500000e+03 9.02200341e-01 4.36000000e+02]
[6.3000000e+02 1.0480000e+03 9.0306863e-01 4.3800000e+02]
[1.04600000e+03 4.81000000e+02 9.09694212e-01 8.00000000e+00]
[1.02600000e+03 3.44000000e+02 9.16244011e-01 3.00000000e+00]
[4.97000000e+02 1.05100000e+03 9.16876608e-01 4.00000000e+00]
[377.         533.           0.92384157   2.        ]
[5.34000000e+02 1.05200000e+03 9.42031744e-01 5.00000000e+00]
[1.04400000e+03 1.01000000e+02 9.44218511e-01 1.20000000e+01]
[1.05500e+03 1.04900e+03 9.44366e-01 4.50000e+02]
[1.05000000e+03 3.23000000e+02 9.46021721e-01 9.00000000e+00]
[1.05700000e+03 1.47000000e+02 9.57031796e-01 1.00000000e+01]
[1.04100000e+03 9.71000000e+02 9.61973982e-01 5.80000000e+01]
[1.05900000e+03 3.75000000e+02 9.75873337e-01 5.90000000e+01]
[1.08000000e+02 1.05400000e+03 9.88867964e-01 6.00000000e+00]
[1.06100000e+03 1.69000000e+02 1.00497468e+00 7.00000000e+00]
[1.05300000e+03 1.05600000e+03 1.01589681e+00 4.52000000e+02]
[1.05800000e+03 1.06200000e+03 1.02415299e+00 1.70000000e+01]
[2.34000000e+02 1.06300000e+03 1.03281791e+00 4.53000000e+02]
[3.16000000e+02 1.06400000e+03 1.03316999e+00 1.80000000e+01]
[2.77000000e+02 1.06000000e+03 1.03930275e+00 6.00000000e+01]
[3.19000000e+02 1.06500000e+03 1.04361521e+00 4.54000000e+02]
[ 212.         1068.            1.07262681  455.        ]
[1069.         1066.            1.08607701  473.        ]
[1070.          314.            1.08719815  474.        ]
[ 177.         1071.            1.08769844  475.        ]
[ 502.         1072.            1.10574575  476.        ]
[1067.          145.            1.11111586   61.        ]
[  86.         1074.            1.11429632   62.        ]
[ 289.         1073.            1.18109028  477.        ]
[1075.         1076.            1.29684851  539.        ]
[1077.          429.            1.43183035  540.        ]
