[64. 68.  0.  2.]
[540.  93.   0.   3.]
[541. 123.   0.   4.]
[542. 214.   0.   5.]
[543. 261.   0.   6.]
[ 78. 125.   0.   2.]
[ 95. 152.   0.   2.]
[546. 240.   0.   3.]
[547. 301.   0.   4.]
[548. 308.   0.   5.]
[549. 220.   0.   6.]
[307. 550.   0.   7.]
[ 90. 518.   0.   2.]
[103. 196.   0.   2.]
[136. 336.   0.   2.]
[140. 271.   0.   2.]
[178. 245.   0.   2.]
[205. 251.   0.   2.]
[270. 555.   0.   3.]
[300. 302.   0.   2.]
[5.51000000e+02 2.95000000e+02 4.33857667e-09 8.00000000e+00]
[3.59000000e+02 4.13000000e+02 1.05367121e-08 2.00000000e+00]
[8.10000000e+01 5.60000000e+02 1.11678177e-08 9.00000000e+00]
[1.00000000e+00 2.16000000e+02 1.49011612e-08 2.00000000e+00]
[5.63000000e+02 1.13000000e+02 1.49011612e-08 3.00000000e+00]
[5.45000000e+02 3.15000000e+02 1.49011612e-08 3.00000000e+00]
[5.5800000e+02 1.7000000e+02 1.6313995e-08 4.0000000e+00]
[6.00000000e+00 1.29000000e+02 2.10734243e-08 2.00000000e+00]
[2.40000000e+01 4.23000000e+02 2.10734243e-08 2.00000000e+00]
[7.40000000e+01 9.10000000e+01 2.10734243e-08 2.00000000e+00]
[5.69000000e+02 3.17000000e+02 2.10734243e-08 3.00000000e+00]
[5.59000000e+02 4.68000000e+02 2.48352687e-08 3.00000000e+00]
[5.00000000e+01 1.35000000e+02 2.58095683e-08 2.00000000e+00]
[7.20000000e+01 4.37000000e+02 2.58095683e-08 2.00000000e+00]
[5.72000000e+02 3.29000000e+02 2.58095683e-08 3.00000000e+00]
[6.10000000e+01 2.36000000e+02 3.65002415e-08 2.00000000e+00]
[4.00000000e+02 5.66000000e+02 5.37269007e-08 5.00000000e+00]
[5.70000000e+02 2.74000000e+02 5.67419313e-08 4.00000000e+00]
[3.80000000e+02 5.76000000e+02 7.10900258e-03 6.00000000e+00]
[4.00000000e+00 2.62000000e+02 7.76465778e-02 2.00000000e+00]
[2.1800000e+02 5.0300000e+02 8.7211259e-02 2.0000000e+00]
[2.06000000e+02 3.22000000e+02 8.86922706e-02 2.00000000e+00]
[21.         40.          0.09350565  2.        ]
[5.74000000e+02 1.30000000e+02 9.46658145e-02 4.00000000e+00]
[3.09000000e+02 3.94000000e+02 1.12224508e-01 2.00000000e+00]
[1.65000000e+02 2.91000000e+02 1.18331128e-01 2.00000000e+00]
[5.77000000e+02 1.64000000e+02 1.27776511e-01 5.00000000e+00]
[5.62000000e+02 5.83000000e+02 1.33817757e-01 1.30000000e+01]
[5.86000000e+02 1.21000000e+02 1.35532393e-01 6.00000000e+00]
[5.71000000e+02 5.57000000e+02 1.43404925e-01 5.00000000e+00]
[3.00000000e+00 2.21000000e+02 1.48691008e-01 2.00000000e+00]
[1.2400000e+02 3.0500000e+02 1.4955632e-01 2.0000000e+00]
[5.87000000e+02 4.80000000e+02 1.49583559e-01 1.40000000e+01]
[2.98000000e+02 5.78000000e+02 1.51089562e-01 7.00000000e+00]
[ 54.         148.           0.15697852   2.        ]
[5.540e+02 1.760e+02 1.574e-01 3.000e+00]
[1.28000000e+02 5.85000000e+02 1.58230341e-01 3.00000000e+00]
[4.36000000e+02 5.22000000e+02 1.62587302e-01 2.00000000e+00]
[3.39000000e+02 4.73000000e+02 1.69118312e-01 2.00000000e+00]
[5.89000000e+02 5.44000000e+02 1.69475524e-01 1.10000000e+01]
[3.20000000e+02 4.06000000e+02 1.69709512e-01 2.00000000e+00]
[2.10000000e+02 3.83000000e+02 1.70968334e-01 2.00000000e+00]
[9.00000000e+00 5.65000000e+02 1.75256852e-01 4.00000000e+00]
[5.32000000e+02 4.77000000e+02 1.79253896e-01 2.00000000e+00]
[2.19000000e+02 4.54000000e+02 1.79803073e-01 2.00000000e+00]
[1.43000000e+02 4.45000000e+02 1.80001928e-01 2.00000000e+00]
[4.9000000e+01 2.4600000e+02 1.8108457e-01 2.0000000e+00]
[3.0300000e+02 3.6900000e+02 1.8180906e-01 2.0000000e+00]
[5.93000000e+02 5.79000000e+02 1.82198358e-01 9.00000000e+00]
[3.00000000e+01 2.09000000e+02 1.85276753e-01 2.00000000e+00]
[4.02000000e+02 4.89000000e+02 1.87549653e-01 2.00000000e+00]
[2.29000000e+02 6.08000000e+02 1.95313403e-01 1.00000000e+01]
[3.48000000e+02 3.67000000e+02 1.96169944e-01 2.00000000e+00]
[5.88000000e+02 2.04000000e+02 1.98906219e-01 7.00000000e+00]
[ 62.         180.           0.20098178   2.        ]
[9.20000000e+01 2.69000000e+02 2.03990406e-01 2.00000000e+00]
[4.92000000e+02 5.23000000e+02 2.05679554e-01 2.00000000e+00]
[2.30000000e+02 6.03000000e+02 2.06557304e-01 3.00000000e+00]
[5.81000000e+02 2.25000000e+02 2.10840301e-01 3.00000000e+00]
[1.22000000e+02 4.28000000e+02 2.19005482e-01 2.00000000e+00]
[2.47000000e+02 2.49000000e+02 2.22428302e-01 2.00000000e+00]
[5.99000000e+02 5.90000000e+02 2.22763461e-01 1.30000000e+01]
[6.30000000e+01 4.26000000e+02 2.23268164e-01 2.00000000e+00]
[5.92000000e+02 3.28000000e+02 2.24161083e-01 1.50000000e+01]
[3.97000000e+02 4.44000000e+02 2.24477733e-01 2.00000000e+00]
[3.27000000e+02 5.38000000e+02 2.27627898e-01 2.00000000e+00]
[6.23000000e+02 2.39000000e+02 2.28592223e-01 1.60000000e+01]
[1.53000000e+02 6.13000000e+02 2.28662463e-01 8.00000000e+00]
[3.9600000e+02 4.1400000e+02 2.3104327e-01 2.0000000e+00]
[1.0900000e+02 6.2100000e+02 2.3229087e-01 1.4000000e+01]
[ 73.         200.           0.23291441   2.        ]
[6.26000000e+02 1.94000000e+02 2.33981511e-01 1.70000000e+01]
[6.19000000e+02 5.28000000e+02 2.34042774e-01 3.00000000e+00]
[65.         76.          0.23836196  2.        ]
[3.45000000e+02 5.67000000e+02 2.39024135e-01 3.00000000e+00]
[ 98.         155.           0.23975298   2.        ]
[1.70000000e+01 2.83000000e+02 2.40677947e-01 2.00000000e+00]
[6.31000000e+02 1.54000000e+02 2.42139416e-01 1.80000000e+01]
[8.70000000e+01 6.27000000e+02 2.45032067e-01 9.00000000e+00]
[4.15000000e+02 4.60000000e+02 2.45132734e-01 2.00000000e+00]
[6.110000e+02 3.340000e+02 2.525208e-01 1.100000e+01]
[5.96000000e+02 6.14000000e+02 2.53783725e-01 5.00000000e+00]
[4.10000000e+01 6.16000000e+02 2.55508854e-01 3.00000000e+00]
[2.07000000e+02 6.40000000e+02 2.55739465e-01 1.20000000e+01]
[3.66000000e+02 5.17000000e+02 2.57811161e-01 2.00000000e+00]
[6.32000000e+02 2.78000000e+02 2.58207529e-01 4.00000000e+00]
[1.4400000e+02 5.6100000e+02 2.6227702e-01 3.0000000e+00]
[119.          38.           0.26241497   2.        ]
[5.9400000e+02 1.5000000e+02 2.6456501e-01 3.0000000e+00]
[185.         195.           0.26467016   2.        ]
[3.46000000e+02 4.38000000e+02 2.68507585e-01 2.00000000e+00]
[4.18000000e+02 4.61000000e+02 2.68693299e-01 2.00000000e+00]
[2.9000000e+01 4.8600000e+02 2.7167803e-01 2.0000000e+00]
[2.97000000e+02 4.27000000e+02 2.74158236e-01 2.00000000e+00]
[4.39000000e+02 6.35000000e+02 2.77025331e-01 3.00000000e+00]
[6.47000000e+02 6.48000000e+02 2.77283888e-01 5.00000000e+00]
[6.45000000e+02 5.12000000e+02 2.79101432e-01 5.00000000e+00]
[1.90000000e+01 6.43000000e+02 2.83969698e-01 1.30000000e+01]
[6.04000000e+02 5.95000000e+02 2.86131402e-01 5.00000000e+00]
[6.56000000e+02 3.21000000e+02 2.88024469e-01 6.00000000e+00]
[  5.         275.           0.29121814   2.        ]
[2.76000000e+02 6.34000000e+02 2.93574695e-01 4.00000000e+00]
[5.11000000e+02 6.02000000e+02 2.93669718e-01 5.00000000e+00]
[3.30000000e+01 6.59000000e+02 2.94450129e-01 7.00000000e+00]
[4.05000000e+02 6.58000000e+02 2.95526253e-01 6.00000000e+00]
[2.90000000e+02 5.30000000e+02 2.96749256e-01 2.00000000e+00]
[6.55000000e+02 3.40000000e+02 2.96798075e-01 6.00000000e+00]
[6.4100000e+02 1.1500000e+02 2.9733297e-01 6.0000000e+00]
[186.         199.           0.29990306   2.        ]
[2.13000000e+02 3.86000000e+02 3.00697029e-01 2.00000000e+00]
[2.00000000e+01 6.66000000e+02 3.02575256e-01 7.00000000e+00]
[6.670000e+02 3.330000e+02 3.042441e-01 7.000000e+00]
[6.6000000e+02 6.5700000e+02 3.0438499e-01 1.5000000e+01]
[1.40000000e+01 4.33000000e+02 3.05118648e-01 2.00000000e+00]
[6.71000000e+02 2.08000000e+02 3.06733711e-01 8.00000000e+00]
[1.6000000e+01 6.5400000e+02 3.0985478e-01 4.0000000e+00]
[6.37000000e+02 2.52000000e+02 3.10887386e-01 1.90000000e+01]
[6.74000000e+02 1.12000000e+02 3.13416373e-01 9.00000000e+00]
[ 27.         172.           0.31794745   2.        ]
[6.76000000e+02 1.60000000e+02 3.18192319e-01 2.00000000e+01]
[3.18000000e+02 6.63000000e+02 3.19358317e-01 8.00000000e+00]
[8.00000000e+01 4.09000000e+02 3.20751908e-01 2.00000000e+00]
[3.58000000e+02 6.75000000e+02 3.21195435e-01 5.00000000e+00]
[2.48000000e+02 5.16000000e+02 3.23194188e-01 2.00000000e+00]
[6.79000000e+02 3.50000000e+01 3.23229608e-01 2.10000000e+01]
[2.85000000e+02 6.82000000e+02 3.23726372e-01 6.00000000e+00]
[3.24000000e+02 6.29000000e+02 3.26726278e-01 1.50000000e+01]
[6.84000000e+02 4.48000000e+02 3.27713371e-01 2.20000000e+01]
[6.60000000e+01 5.53000000e+02 3.30884475e-01 3.00000000e+00]
[6.77000000e+02 1.67000000e+02 3.31299616e-01 1.00000000e+01]
[3.5000000e+02 6.6400000e+02 3.3362914e-01 7.0000000e+00]
[6.89000000e+02 2.33000000e+02 3.34119801e-01 1.10000000e+01]
[5.75000000e+02 1.51000000e+02 3.37557389e-01 3.00000000e+00]
[4.95000000e+02 6.18000000e+02 3.37887598e-01 4.00000000e+00]
[2.7200000e+02 6.8500000e+02 3.4049011e-01 7.0000000e+00]
[6.38000000e+02 6.15000000e+02 3.40571821e-01 1.10000000e+01]
[6.95000000e+02 1.92000000e+02 3.42398751e-01 1.20000000e+01]
[6.62000000e+02 6.68000000e+02 3.42627775e-01 7.00000000e+00]
[3.13000000e+02 3.78000000e+02 3.44314589e-01 2.00000000e+00]
[227.         259.           0.34566181   2.        ]
[1.42000000e+02 5.19000000e+02 3.49140487e-01 2.00000000e+00]
[1.32000000e+02 3.72000000e+02 3.51968385e-01 2.00000000e+00]
[3.5600000e+02 4.6700000e+02 3.5307517e-01 2.0000000e+00]
[6.90000000e+02 3.70000000e+01 3.53932312e-01 8.00000000e+00]
[6.99000000e+02 4.91000000e+02 3.56378394e-01 3.00000000e+00]
[6.72000000e+02 2.65000000e+02 3.57238948e-01 1.60000000e+01]
[2.30000000e+01 7.03000000e+02 3.57487227e-01 9.00000000e+00]
[2.60000000e+02 5.08000000e+02 3.61042347e-01 2.00000000e+00]
[4.20000000e+01 4.84000000e+02 3.61092816e-01 2.00000000e+00]
[7.05000000e+02 1.04000000e+02 3.61712744e-01 1.70000000e+01]
[ 58.         263.           0.36423263   2.        ]
[7.09000000e+02 7.00000000e+01 3.66235442e-01 1.80000000e+01]
[2.02000000e+02 6.94000000e+02 3.66761558e-01 8.00000000e+00]
[3.38000000e+02 7.06000000e+02 3.67222373e-01 1.00000000e+01]
[1.56000000e+02 6.97000000e+02 3.69441361e-01 8.00000000e+00]
[7.1100000e+02 2.5600000e+02 3.7279732e-01 1.9000000e+01]
[2.50000000e+01 5.97000000e+02 3.74545897e-01 3.00000000e+00]
[5.56000000e+02 7.12000000e+02 3.75371337e-01 1.00000000e+01]
[7.15000000e+02 2.64000000e+02 3.80069151e-01 2.00000000e+01]
[5.20000000e+01 6.42000000e+02 3.80741292e-01 4.00000000e+00]
[2.37000000e+02 4.90000000e+02 3.83672311e-01 2.00000000e+00]
[6.87000000e+02 1.82000000e+02 3.85029202e-01 2.30000000e+01]
[7.18000000e+02 1.83000000e+02 3.86169864e-01 2.10000000e+01]
[7.19000000e+02 3.82000000e+02 3.86947328e-01 5.00000000e+00]
[118.         374.           0.38881556   2.        ]
[7.21000000e+02 8.30000000e+01 3.90208484e-01 2.40000000e+01]
[3.65000000e+02 4.43000000e+02 3.90934609e-01 2.00000000e+00]
[5.84000000e+02 3.60000000e+02 3.91586125e-01 3.00000000e+00]
[1.73000000e+02 4.87000000e+02 3.92391664e-01 2.00000000e+00]
[4.08000000e+02 7.25000000e+02 3.93550263e-01 2.50000000e+01]
[7.22000000e+02 2.66000000e+02 3.95093783e-01 2.20000000e+01]
[6.80000e+02 6.17000e+02 3.96922e-01 1.10000e+01]
[4.60000000e+01 7.13000000e+02 3.98807526e-01 1.10000000e+01]
[4.6500000e+02 6.6100000e+02 4.0116958e-01 5.0000000e+00]
[1.57000000e+02 6.93000000e+02 4.02005814e-01 5.00000000e+00]
[7.30000000e+02 8.20000000e+01 4.02471294e-01 2.30000000e+01]
[4.40000000e+01 4.52000000e+02 4.07503244e-01 2.00000000e+00]
[1.10000000e+01 5.80000000e+02 4.09964727e-01 3.00000000e+00]
[193.         279.           0.41049863   2.        ]
[7.140000e+02 5.730000e+02 4.111139e-01 1.000000e+01]
[6.86000000e+02 6.70000000e+02 4.12858767e-01 2.20000000e+01]
[1.80000000e+01 7.40000000e+02 4.13040601e-01 2.30000000e+01]
[7.35000000e+02 3.47000000e+02 4.13209714e-01 2.40000000e+01]
[6.51000000e+02 7.16000000e+02 4.13355455e-01 5.00000000e+00]
[7.39000000e+02 2.50000000e+02 4.13368576e-01 1.10000000e+01]
[4.53000000e+02 6.06000000e+02 4.15554745e-01 3.00000000e+00]
[5.90000000e+01 6.96000000e+02 4.17246364e-01 1.30000000e+01]
[7.29000000e+02 4.63000000e+02 4.17699229e-01 2.60000000e+01]
[7.50000000e+01 7.45000000e+02 4.17950548e-01 4.00000000e+00]
[7.44000000e+02 3.93000000e+02 4.17996815e-01 1.20000000e+01]
[6.98000000e+02 5.21000000e+02 4.18283349e-01 3.00000000e+00]
[3.91000000e+02 7.47000000e+02 4.18654647e-01 2.70000000e+01]
[7.08000000e+02 4.88000000e+02 4.18956264e-01 3.00000000e+00]
[7.42000000e+02 1.27000000e+02 4.21162638e-01 2.50000000e+01]
[3.8100000e+02 7.3300000e+02 4.2160779e-01 6.0000000e+00]
[2.41000000e+02 7.34000000e+02 4.21680751e-01 6.00000000e+00]
[5.52000000e+02 3.60000000e+01 4.23552759e-01 3.00000000e+00]
[1.88000000e+02 6.25000000e+02 4.24244536e-01 3.00000000e+00]
[1.58000000e+02 7.43000000e+02 4.24791767e-01 6.00000000e+00]
[7.04000000e+02 7.41000000e+02 4.27834227e-01 2.60000000e+01]
[1.38000000e+02 6.30000000e+02 4.28101137e-01 3.00000000e+00]
[4.12000000e+02 7.48000000e+02 4.29435081e-01 5.00000000e+00]
[5.06000000e+02 7.56000000e+02 4.30470963e-01 4.00000000e+00]
[6.9200000e+02 4.4200000e+02 4.3116534e-01 4.0000000e+00]
[7.31000000e+02 3.57000000e+02 4.31932715e-01 1.20000000e+01]
[7.53000000e+02 4.69000000e+02 4.32524718e-01 2.60000000e+01]
[7.01000000e+02 7.17000000e+02 4.33062089e-01 1.20000000e+01]
[7.65000000e+02 3.40000000e+01 4.33394658e-01 2.70000000e+01]
[5.13000000e+02 7.64000000e+02 4.34590427e-01 1.30000000e+01]
[7.5800000e+02 4.1000000e+02 4.3653359e-01 7.0000000e+00]
[120.         163.           0.43662268   2.        ]
[ 88.         435.           0.43692477   2.        ]
[1.46000000e+02 7.51000000e+02 4.37561471e-01 2.80000000e+01]
[4.62000000e+02 7.02000000e+02 4.37781194e-01 3.00000000e+00]
[7.32000000e+02 6.22000000e+02 4.38383751e-01 1.30000000e+01]
[5.09000000e+02 7.68000000e+02 4.38986939e-01 1.40000000e+01]
[7.07000000e+02 7.54000000e+02 4.40962087e-01 8.00000000e+00]
[2.24000000e+02 5.37000000e+02 4.43086227e-01 2.00000000e+00]
[1.39000000e+02 7.57000000e+02 4.44436436e-01 4.00000000e+00]
[3.20000000e+01 7.78000000e+02 4.44706269e-01 5.00000000e+00]
[2.22000000e+02 5.10000000e+02 4.44881209e-01 2.00000000e+00]
[137.         243.           0.44772512   2.        ]
[4.79000000e+02 7.72000000e+02 4.48731584e-01 2.90000000e+01]
[1.68000000e+02 7.76000000e+02 4.49217171e-01 9.00000000e+00]
[5.39000000e+02 7.81000000e+02 4.49994203e-01 3.00000000e+00]
[6.33000000e+02 7.74000000e+02 4.50088728e-01 1.50000000e+01]
[7.63000000e+02 3.95000000e+02 4.52922704e-01 5.00000000e+00]
[6.44000000e+02 3.71000000e+02 4.54087803e-01 3.00000000e+00]
[6.1200000e+02 7.6600000e+02 4.5698542e-01 1.4000000e+01]
[1.17000000e+02 7.46000000e+02 4.57719378e-01 1.40000000e+01]
[57.        97.         0.4593133  2.       ]
[7.59000000e+02 3.87000000e+02 4.60810324e-01 2.70000000e+01]
[370.         459.           0.46343485   2.        ]
[6.7000000e+01 7.5500000e+02 4.6745088e-01 7.0000000e+00]
[7.60000000e+02 2.84000000e+02 4.68032738e-01 4.00000000e+00]
[5.10000000e+01 6.20000000e+02 4.69599226e-01 3.00000000e+00]
[7.73000000e+02 4.22000000e+02 4.70088007e-01 4.00000000e+00]
[1.00000000e+01 7.93000000e+02 4.70389847e-01 8.00000000e+00]
[7.10000000e+01 7.96000000e+02 4.71584421e-01 5.00000000e+00]
[4.83000000e+02 7.83000000e+02 4.73784551e-01 1.00000000e+01]
[7.00000000e+02 7.87000000e+02 4.74174864e-01 5.00000000e+00]
[4.96000000e+02 6.07000000e+02 4.74399191e-01 3.00000000e+00]
[6.83000000e+02 7.61000000e+02 4.74892377e-01 7.00000000e+00]
[4.85000000e+02 6.65000000e+02 4.75805167e-01 3.00000000e+00]
[6.49000000e+02 4.51000000e+02 4.76362925e-01 3.00000000e+00]
[7.37000000e+02 1.50000000e+01 4.77189152e-01 4.00000000e+00]
[1.84000000e+02 7.82000000e+02 4.78542834e-01 3.00000000e+01]
[1.02000000e+02 6.00000000e+02 4.80922843e-01 3.00000000e+00]
[8.06000000e+02 3.84000000e+02 4.81933903e-01 3.10000000e+01]
[5.91000000e+02 3.52000000e+02 4.82727011e-01 3.00000000e+00]
[4.80000000e+01 7.91000000e+02 4.83230802e-01 2.80000000e+01]
[7.24000000e+02 3.85000000e+02 4.83717765e-01 3.00000000e+00]
[1.34000000e+02 7.84000000e+02 4.84894866e-01 4.00000000e+00]
[6.09000000e+02 5.98000000e+02 4.86060053e-01 4.00000000e+00]
[4.55000000e+02 5.26000000e+02 4.86131936e-01 2.00000000e+00]
[2.5500000e+02 7.8800000e+02 4.8754844e-01 1.5000000e+01]
[2.03000000e+02 6.91000000e+02 4.88326198e-01 1.20000000e+01]
[3.490000e+02 8.100000e+02 4.896033e-01 2.900000e+01]
[1.07000000e+02 7.89000000e+02 4.89628514e-01 1.50000000e+01]
[ 28.         100.           0.48994202   2.        ]
[4.78000000e+02 7.95000000e+02 4.90947721e-01 4.00000000e+00]
[4.04000000e+02 7.69000000e+02 4.91459893e-01 8.00000000e+00]
[8.09000000e+02 1.75000000e+02 4.92730692e-01 4.00000000e+00]
[4.32000000e+02 5.24000000e+02 4.94547702e-01 2.00000000e+00]
[2.44000000e+02 8.15000000e+02 4.95241477e-01 1.60000000e+01]
[326.         420.           0.49652374   2.        ]
[4.24000000e+02 7.98000000e+02 4.98841174e-01 6.00000000e+00]
[4.49000000e+02 8.23000000e+02 4.98849355e-01 3.00000000e+00]
[5.14000000e+02 7.94000000e+02 5.00425873e-01 5.00000000e+00]
[4.72000000e+02 7.79000000e+02 5.01462207e-01 6.00000000e+00]
[4.40000000e+02 8.00000000e+02 5.03222473e-01 6.00000000e+00]
[3.61000000e+02 5.27000000e+02 5.03648486e-01 2.00000000e+00]
[7.99000000e+02 7.49000000e+02 5.04287999e-01 2.20000000e+01]
[7.97000000e+02 1.62000000e+02 5.05596829e-01 9.00000000e+00]
[4.17000000e+02 6.28000000e+02 5.07084154e-01 3.00000000e+00]
[9.60000000e+01 8.32000000e+02 5.07784271e-01 2.30000000e+01]
[8.04000000e+02 5.04000000e+02 5.09640375e-01 4.00000000e+00]
[4.71000000e+02 6.69000000e+02 5.11786079e-01 3.00000000e+00]
[4.03000000e+02 8.03000000e+02 5.15550439e-01 4.00000000e+00]
[4.500000e+02 8.010000e+02 5.170319e-01 4.000000e+00]
[7.71000000e+02 3.31000000e+02 5.18003373e-01 3.00000000e+00]
[2.96000000e+02 7.85000000e+02 5.19028235e-01 1.60000000e+01]
[7.52000000e+02 1.26000000e+02 5.19265473e-01 4.00000000e+00]
[231.         447.           0.51934928   2.        ]
[398.         399.           0.51964938   2.        ]
[6.39000000e+02 8.16000000e+02 5.20198728e-01 1.40000000e+01]
[4.30000000e+02 8.34000000e+02 5.21023728e-01 4.00000000e+00]
[8.21000000e+02 7.62000000e+02 5.21296841e-01 1.20000000e+01]
[6.90000000e+01 8.12000000e+02 5.21735567e-01 5.00000000e+00]
[5.2900000e+02 8.2000000e+02 5.2245722e-01 5.0000000e+00]
[1.41000000e+02 8.02000000e+02 5.22815621e-01 8.00000000e+00]
[4.41000000e+02 8.13000000e+02 5.23040396e-01 5.00000000e+00]
[6.73000000e+02 8.45000000e+02 5.23165476e-01 1.60000000e+01]
[6.00000000e+01 8.35000000e+02 5.23274111e-01 2.40000000e+01]
[5.35000000e+02 8.19000000e+02 5.23653574e-01 3.00000000e+00]
[7.10000000e+02 8.46000000e+02 5.24559282e-01 6.00000000e+00]
[8.47000000e+02 7.75000000e+02 5.24773001e-01 2.60000000e+01]
[2.80000000e+02 8.48000000e+02 5.25666386e-01 6.00000000e+00]
[8.07000000e+02 1.97000000e+02 5.26547487e-01 4.00000000e+00]
[3.10000000e+01 5.64000000e+02 5.28850708e-01 4.00000000e+00]
[2.58000000e+02 8.58000000e+02 5.29156676e-01 5.00000000e+00]
[1.91000000e+02 8.38000000e+02 5.31713197e-01 5.00000000e+00]
[1.16000000e+02 8.05000000e+02 5.31976424e-01 5.00000000e+00]
[8.24000000e+02 8.41000000e+02 5.33773768e-01 3.20000000e+01]
[2.99000000e+02 8.57000000e+02 5.36088422e-01 7.00000000e+00]
[2.54000000e+02 8.63000000e+02 5.37814943e-01 3.30000000e+01]
[8.36000000e+02 6.50000000e+02 5.38031574e-01 6.00000000e+00]
[8.25000000e+02 3.43000000e+02 5.38592964e-01 3.00000000e+00]
[8.40000000e+02 8.08000000e+02 5.40436817e-01 3.40000000e+01]
[8.2700000e+02 0.0000000e+00 5.4058755e-01 4.0000000e+00]
[7.90000000e+02 2.26000000e+02 5.41378452e-01 3.00000000e+00]
[2.32000000e+02 8.68000000e+02 5.41926323e-01 3.50000000e+01]
[8.22000000e+02 6.05000000e+02 5.42287037e-01 6.00000000e+00]
[5.50000000e+01 8.18000000e+02 5.44048599e-01 1.60000000e+01]
[1.11000000e+02 8.17000000e+02 5.45694543e-01 3.00000000e+01]
[306.         458.           0.54955883   2.        ]
[3.63000000e+02 8.52000000e+02 5.50293783e-01 1.70000000e+01]
[3.62000000e+02 8.37000000e+02 5.50485778e-01 4.00000000e+00]
[8.5500000e+02 1.9800000e+02 5.5050244e-01 7.0000000e+00]
[6.78000000e+02 8.30000000e+02 5.51213421e-01 8.00000000e+00]
[6.46000000e+02 8.56000000e+02 5.54449656e-01 2.90000000e+01]
[2.94000000e+02 8.29000000e+02 5.55703494e-01 7.00000000e+00]
[8.69000000e+02 4.82000000e+02 5.58292595e-01 5.00000000e+00]
[390.         507.           0.55843409   2.        ]
[8.66000000e+02 8.53000000e+02 5.59186204e-01 3.00000000e+01]
[1.59000000e+02 7.86000000e+02 5.59451804e-01 6.00000000e+00]
[7.70000000e+01 8.64000000e+02 5.60958092e-01 8.00000000e+00]
[7.80000000e+02 8.85000000e+02 5.61996275e-01 8.00000000e+00]
[3.35000000e+02 8.82000000e+02 5.62049185e-01 6.00000000e+00]
[7.00000000e+00 8.49000000e+02 5.62216843e-01 6.00000000e+00]
[4.46000000e+02 8.75000000e+02 5.63503601e-01 3.00000000e+00]
[8.77000000e+02 8.87000000e+02 5.64163193e-01 1.20000000e+01]
[7.7700000e+02 8.7100000e+02 5.6432615e-01 3.7000000e+01]
[8.43000000e+02 7.50000000e+02 5.64451523e-01 5.00000000e+00]
[ 45.         434.           0.56737372   2.        ]
[8.60000000e+02 8.61000000e+02 5.69007709e-01 1.00000000e+01]
[8.88000000e+02 8.62000000e+02 5.69944193e-01 1.10000000e+01]
[8.26000000e+02 8.70000000e+02 5.72301913e-01 9.00000000e+00]
[3.44000000e+02 8.14000000e+02 5.73197584e-01 3.00000000e+00]
[2.60000000e+01 8.67000000e+02 5.75334993e-01 4.00000000e+00]
[ 99.         174.           0.57539878   2.        ]
[3.55000000e+02 8.51000000e+02 5.76587248e-01 6.00000000e+00]
[5.30000000e+01 8.93000000e+02 5.76921505e-01 6.00000000e+00]
[8.74000000e+02 7.90000000e+01 5.77110199e-01 3.10000000e+01]
[1.8900000e+02 8.5400000e+02 5.7853493e-01 4.0000000e+00]
[8.80000000e+02 8.92000000e+02 5.80346861e-01 6.60000000e+01]
[8.59000000e+02 2.23000000e+02 5.81519947e-01 5.00000000e+00]
[3.54000000e+02 8.65000000e+02 5.81776715e-01 3.40000000e+01]
[4.01000000e+02 9.02000000e+02 5.81830163e-01 7.00000000e+00]
[9.03000000e+02 8.28000000e+02 5.82440383e-01 3.60000000e+01]
[8.79000000e+02 6.52000000e+02 5.85075369e-01 1.00000000e+01]
[3.76000000e+02 8.97000000e+02 5.85765632e-01 1.00000000e+01]
[4.25000000e+02 8.94000000e+02 5.86879113e-01 3.00000000e+00]
[8.72000000e+02 8.50000000e+02 5.87793901e-01 1.40000000e+01]
[2.73000000e+02 9.07000000e+02 5.88628921e-01 3.50000000e+01]
[7.23000000e+02 7.38000000e+02 5.92727642e-01 7.00000000e+00]
[5.01000000e+02 9.09000000e+02 5.93953054e-01 3.70000000e+01]
[1.05000000e+02 9.14000000e+02 5.94984869e-01 3.60000000e+01]
[3.51000000e+02 8.96000000e+02 5.95366341e-01 1.20000000e+01]
[3.10000000e+02 8.76000000e+02 5.95761754e-01 1.80000000e+01]
[9.18000000e+02 2.67000000e+02 5.96677972e-01 1.30000000e+01]
[3.32000000e+02 9.16000000e+02 5.96896359e-01 3.80000000e+01]
[4.98000000e+02 9.19000000e+02 5.97783146e-01 1.90000000e+01]
[8.81000000e+02 9.17000000e+02 6.02005686e-01 4.30000000e+01]
[4.94000000e+02 9.11000000e+02 6.02990976e-01 1.10000000e+01]
[8.95000000e+02 8.86000000e+02 6.03098819e-01 1.80000000e+01]
[3.9000000e+01 9.1000000e+02 6.0513415e-01 1.1000000e+01]
[3.37000000e+02 8.84000000e+02 6.07121444e-01 3.10000000e+01]
[6.01000000e+02 8.33000000e+02 6.07488347e-01 1.10000000e+01]
[  2.         341.           0.60829807   2.        ]
[2.87000000e+02 9.23000000e+02 6.08513456e-01 4.40000000e+01]
[3.89000000e+02 7.67000000e+02 6.08706835e-01 2.80000000e+01]
[6.81000000e+02 9.13000000e+02 6.08732488e-01 1.60000000e+01]
[2.20000000e+01 8.91000000e+02 6.10296086e-01 1.30000000e+01]
[5.20000000e+02 8.89000000e+02 6.10877618e-01 7.00000000e+00]
[9.06000000e+02 9.21000000e+02 6.12974599e-01 4.30000000e+01]
[7.27000000e+02 5.31000000e+02 6.14013686e-01 4.00000000e+00]
[9.05000000e+02 6.53000000e+02 6.15324067e-01 6.80000000e+01]
[4.16000000e+02 9.26000000e+02 6.16420197e-01 1.20000000e+01]
[4.57000000e+02 9.04000000e+02 6.19624161e-01 5.00000000e+00]
[3.53000000e+02 9.34000000e+02 6.21737342e-01 8.00000000e+00]
[1.06000000e+02 9.37000000e+02 6.24953217e-01 6.90000000e+01]
[2.53000000e+02 9.27000000e+02 6.28697861e-01 3.20000000e+01]
[1.61000000e+02 9.22000000e+02 6.29672383e-01 2.00000000e+01]
[5.60000000e+01 9.24000000e+02 6.30759565e-01 1.20000000e+01]
[9.25000000e+02 7.26000000e+02 6.31049171e-01 2.00000000e+01]
[4.700000e+01 9.450000e+02 6.337378e-01 2.100000e+01]
[2.86000000e+02 9.30000000e+02 6.34235679e-01 4.50000000e+01]
[373.         325.           0.63464505   2.        ]
[8.00000000e+00 6.36000000e+02 6.34797815e-01 3.00000000e+00]
[212.         456.           0.63497005   2.        ]
[2.38000000e+02 9.12000000e+02 6.37257074e-01 4.00000000e+00]
[1.81000000e+02 9.44000000e+02 6.38308138e-01 1.30000000e+01]
[8.99000000e+02 9.40000000e+02 6.39009852e-01 1.20000000e+01]
[8.78000000e+02 8.83000000e+02 6.42660339e-01 9.00000000e+00]
[190.         293.           0.64321257   2.        ]
[2.42000000e+02 8.90000000e+02 6.43361044e-01 4.00000000e+00]
[1.33000000e+02 9.53000000e+02 6.43487209e-01 1.30000000e+01]
[1.49000000e+02 9.52000000e+02 6.48282106e-01 1.40000000e+01]
[9.48000000e+02 9.41000000e+02 6.51206555e-01 7.10000000e+01]
[9.40000000e+01 9.54000000e+02 6.51973272e-01 1.00000000e+01]
[7.36000000e+02 9.57000000e+02 6.52438458e-01 1.50000000e+01]
[8.39000000e+02 9.31000000e+02 6.54889867e-01 3.20000000e+01]
[9.35000000e+02 2.82000000e+02 6.57891898e-01 4.40000000e+01]
[9.63000000e+02 3.88000000e+02 6.58633209e-01 4.50000000e+01]
[466.         500.           0.65951875   2.        ]
[476.         499.           0.66200692   2.        ]
[9.01000000e+02 9.46000000e+02 6.65390689e-01 2.70000000e+01]
[179.         364.           0.66912378   2.        ]
[8.50000000e+01 9.47000000e+02 6.72515392e-01 4.60000000e+01]
[9.67000000e+02 9.28000000e+02 6.73417547e-01 3.80000000e+01]
[5.05000000e+02 9.64000000e+02 6.73706431e-01 4.60000000e+01]
[9.33000000e+02 9.58000000e+02 6.77104181e-01 2.70000000e+01]
[288.         421.           0.67985047   2.        ]
[9.49000000e+02 9.69000000e+02 6.80143648e-01 4.90000000e+01]
[9.43000000e+02 9.42000000e+02 6.80437647e-01 5.20000000e+01]
[4.64000000e+02 9.74000000e+02 6.82717606e-01 5.00000000e+01]
[7.70000000e+02 9.32000000e+02 6.85822987e-01 1.80000000e+01]
[2.28000000e+02 9.59000000e+02 6.87722305e-01 7.20000000e+01]
[9.20000000e+02 6.88000000e+02 6.90391932e-01 1.60000000e+01]
[9.55000000e+02 9.71000000e+02 6.90477963e-01 4.80000000e+01]
[9.62000000e+02 8.11000000e+02 6.90723693e-01 3.50000000e+01]
[9.39000000e+02 9.51000000e+02 6.92877773e-01 9.00000000e+00]
[9.75000000e+02 8.42000000e+02 6.92967225e-01 5.60000000e+01]
[9.81000000e+02 8.44000000e+02 6.96596977e-01 3.70000000e+01]
[5.36000000e+02 9.77000000e+02 6.96823962e-01 1.90000000e+01]
[4.07000000e+02 9.79000000e+02 6.97753015e-01 1.70000000e+01]
[9.84000000e+02 9.15000000e+02 6.98632224e-01 4.40000000e+01]
[3.68000000e+02 9.72000000e+02 7.01175922e-01 2.80000000e+01]
[9.83000000e+02 9.61000000e+02 7.02148959e-01 7.10000000e+01]
[2.15000000e+02 9.60000000e+02 7.02463972e-01 1.10000000e+01]
[4.31000000e+02 9.88000000e+02 7.03512611e-01 2.90000000e+01]
[3.04000000e+02 9.38000000e+02 7.09121503e-01 1.30000000e+01]
[9.87000000e+02 9.78000000e+02 7.09763608e-01 1.16000000e+02]
[9.91000000e+02 9.08000000e+02 7.16892277e-01 3.60000000e+01]
[2.92000000e+02 9.89000000e+02 7.18069357e-01 7.20000000e+01]
[9.70000000e+02 9.76000000e+02 7.19738113e-01 8.80000000e+01]
[2.35000000e+02 8.31000000e+02 7.20524183e-01 3.00000000e+00]
[1.10000000e+02 9.85000000e+02 7.24227489e-01 2.00000000e+01]
[7.20000000e+02 9.93000000e+02 7.26907464e-01 1.18000000e+02]
[4.19000000e+02 7.92000000e+02 7.28427961e-01 3.00000000e+00]
[2.68000000e+02 1.00000000e+03 7.31817331e-01 4.00000000e+00]
[4.11000000e+02 9.94000000e+02 7.34508496e-01 3.70000000e+01]
[2.11000000e+02 9.99000000e+02 7.36636939e-01 1.19000000e+02]
[9.98000000e+02 4.93000000e+02 7.38362931e-01 2.10000000e+01]
[1.31000000e+02 9.95000000e+02 7.40746261e-01 7.30000000e+01]
[9.82000000e+02 9.80000000e+02 7.42060463e-01 5.70000000e+01]
[8.73000000e+02 2.01000000e+02 7.48588633e-01 1.70000000e+01]
[ 84.         166.           0.75091222   2.        ]
[1.14000000e+02 9.96000000e+02 7.52504014e-01 8.90000000e+01]
[145.         525.           0.75634079   2.        ]
[5.82000000e+02 9.50000000e+02 7.56450355e-01 4.00000000e+00]
[9.00000000e+02 1.00700000e+03 7.63260492e-01 1.90000000e+01]
[9.97000000e+02 9.86000000e+02 7.67044196e-01 2.00000000e+01]
[1.00800000e+03 1.00900000e+03 7.69877839e-01 9.10000000e+01]
[1.71000000e+02 1.00500000e+03 7.70892147e-01 7.40000000e+01]
[9.66000000e+02 5.15000000e+02 7.70953342e-01 3.00000000e+00]
[3.42000000e+02 1.00200000e+03 7.79970366e-01 3.80000000e+01]
[1.00600000e+03 1.00400000e+03 7.82254024e-01 7.80000000e+01]
[3.12000000e+02 1.01400000e+03 7.83829315e-01 9.20000000e+01]
[1.00100000e+03 1.01500000e+03 7.89077995e-01 7.80000000e+01]
[9.65000000e+02 1.01600000e+03 7.91165648e-01 5.00000000e+00]
[9.73000000e+02 9.92000000e+02 7.93973166e-01 1.50000000e+01]
[3.30000000e+02 1.01700000e+03 7.95900351e-01 3.90000000e+01]
[1.8700000e+02 1.0210000e+03 7.9716615e-01 6.0000000e+00]
[1.01800000e+03 1.01300000e+03 8.01900584e-01 9.80000000e+01]
[257.          89.           0.80305233   2.        ]
[7.28000000e+02 1.00300000e+03 8.07529825e-01 1.21000000e+02]
[3.79000000e+02 1.02400000e+03 8.10707795e-01 7.00000000e+00]
[2.17000000e+02 1.02500000e+03 8.15964914e-01 9.90000000e+01]
[1.20000000e+01 1.02900000e+03 8.17092411e-01 1.00000000e+02]
[1.02700000e+03 4.30000000e+01 8.19990238e-01 1.22000000e+02]
[1.03100000e+03 4.75000000e+02 8.20474663e-01 1.23000000e+02]
[9.90000000e+02 1.02200000e+03 8.20510274e-01 2.60000000e+01]
[3.92000000e+02 1.03200000e+03 8.24631358e-01 1.24000000e+02]
[4.70000000e+02 1.02000000e+03 8.27751431e-01 7.90000000e+01]
[1.01900000e+03 1.03000000e+03 8.32879333e-01 1.92000000e+02]
[9.3600000e+02 8.9800000e+02 8.3734794e-01 7.0000000e+00]
[4.74000000e+02 1.02300000e+03 8.41243325e-01 4.00000000e+01]
[311.         624.           0.85007952   3.        ]
[1.0330000e+03 5.3400000e+02 8.5121601e-01 2.7000000e+01]
[9.29000000e+02 6.10000000e+02 8.52082382e-01 4.00000000e+00]
[1.30000000e+01 1.03600000e+03 8.63368051e-01 1.93000000e+02]
[1.03500000e+03 1.04200000e+03 8.66076875e-01 2.72000000e+02]
[1.02800000e+03 9.56000000e+02 8.69805531e-01 1.10000000e+01]
[1.03700000e+03 1.04300000e+03 8.76985112e-01 2.79000000e+02]
[568.         147.           0.89792492   3.        ]
[1.01000000e+02 1.04500000e+03 9.02576434e-01 2.80000000e+02]
[1.01200000e+03 1.03800000e+03 9.12396626e-01 5.90000000e+01]
[1.01000000e+03 1.04400000e+03 9.13401254e-01 1.30000000e+01]
[1.02600000e+03 4.97000000e+02 9.16244011e-01 3.00000000e+00]
[3.77000000e+02 1.03900000e+03 9.23841572e-01 4.00000000e+00]
[1.04600000e+03 4.81000000e+02 9.39486841e-01 4.00000000e+00]
[1.77000000e+02 1.04800000e+03 9.44404192e-01 6.00000000e+01]
[3.2300000e+02 1.0490000e+03 9.4825142e-01 1.4000000e+01]
[1.6900000e+02 1.0400000e+03 9.5066623e-01 2.8000000e+01]
[1.05300000e+03 1.01100000e+03 9.76558992e-01 6.40000000e+01]
[1.04100000e+03 1.03400000e+03 9.79035884e-01 1.28000000e+02]
[1.05600000e+03 2.81000000e+02 9.79147501e-01 6.50000000e+01]
[1.05000000e+03 1.05500000e+03 9.89189548e-01 3.10000000e+01]
[1.05100000e+03 1.04700000e+03 9.92650211e-01 2.84000000e+02]
[1.05900000e+03 1.06000000e+03 1.00102356e+00 3.15000000e+02]
[1.05700000e+03 3.75000000e+02 1.00497999e+00 1.29000000e+02]
[3.16000000e+02 1.05800000e+03 1.01565133e+00 6.60000000e+01]
[1.08000000e+02 1.06100000e+03 1.02277964e+00 3.16000000e+02]
[2.34000000e+02 1.06400000e+03 1.03281791e+00 3.17000000e+02]
[3.14000000e+02 1.06500000e+03 1.03930275e+00 3.18000000e+02]
[1054.         1063.            1.06885457   80.        ]
[ 502.         1067.            1.07008448   81.        ]
[ 277.         1066.            1.08385004  319.        ]
[1068.         1069.            1.10113408  400.        ]
[1062.          968.            1.10274405  131.        ]
[1071.           86.            1.10371021  132.        ]
[429.         533.           1.12605639   2.        ]
[1070.        1052.           1.1557359  404.       ]
[ 289.         1074.            1.15664753  405.        ]
[1075.         319.           1.2021318  406.       ]
[1072.         1076.            1.25628822  538.        ]
[1077.         1073.            1.34315529  540.        ]
