[64. 68.  0.  2.]
[540.  93.   0.   3.]
[541. 123.   0.   4.]
[542. 214.   0.   5.]
[543. 261.   0.   6.]
[ 78. 125.   0.   2.]
[81. 95.  0.  2.]
[546. 152.   0.   3.]
[547. 240.   0.   4.]
[548. 301.   0.   5.]
[549. 307.   0.   6.]
[550. 308.   0.   7.]
[ 90. 518.   0.   2.]
[103. 196.   0.   2.]
[136. 336.   0.   2.]
[140. 380.   0.   2.]
[178. 245.   0.   2.]
[205. 251.   0.   2.]
[220. 295.   0.   2.]
[270. 400.   0.   2.]
[300. 468.   0.   2.]
[3.59000000e+02 4.13000000e+02 1.05367121e-08 2.00000000e+00]
[1.00000000e+00 1.13000000e+02 1.49011612e-08 2.00000000e+00]
[5.62000000e+02 2.16000000e+02 1.49011612e-08 3.00000000e+00]
[5.45000000e+02 3.15000000e+02 1.49011612e-08 3.00000000e+00]
[5.59000000e+02 2.71000000e+02 1.49011612e-08 3.00000000e+00]
[6.00000000e+00 1.29000000e+02 2.10734243e-08 2.00000000e+00]
[2.40000000e+01 4.23000000e+02 2.10734243e-08 2.00000000e+00]
[7.40000000e+01 9.10000000e+01 2.10734243e-08 2.00000000e+00]
[5.68000000e+02 3.17000000e+02 2.10734243e-08 3.00000000e+00]
[5.00000000e+01 1.35000000e+02 2.58095683e-08 2.00000000e+00]
[7.20000000e+01 4.37000000e+02 2.58095683e-08 2.00000000e+00]
[5.70000000e+02 3.29000000e+02 2.58095683e-08 3.00000000e+00]
[6.10000000e+01 2.36000000e+02 3.65002415e-08 2.00000000e+00]
[5.55000000e+02 5.65000000e+02 5.31999597e-08 5.00000000e+00]
[5.69000000e+02 2.74000000e+02 5.67419313e-08 4.00000000e+00]
[5.51000000e+02 5.58000000e+02 6.58017461e-08 9.00000000e+00]
[5.60000000e+02 3.02000000e+02 7.64544052e-08 3.00000000e+00]
[4.00000000e+00 2.62000000e+02 7.76465778e-02 2.00000000e+00]
[5.74000000e+02 1.70000000e+02 7.99757892e-02 6.00000000e+00]
[2.1800000e+02 5.0300000e+02 8.7211259e-02 2.0000000e+00]
[2.06000000e+02 3.22000000e+02 8.86922706e-02 2.00000000e+00]
[21.         40.          0.09350565  2.        ]
[5.72000000e+02 1.30000000e+02 9.46658145e-02 4.00000000e+00]
[3.09000000e+02 3.94000000e+02 1.12224508e-01 2.00000000e+00]
[1.65000000e+02 2.91000000e+02 1.18331128e-01 2.00000000e+00]
[5.75000000e+02 1.64000000e+02 1.27776511e-01 5.00000000e+00]
[5.76000000e+02 4.80000000e+02 1.33817757e-01 1.00000000e+01]
[5.86000000e+02 1.21000000e+02 1.35532393e-01 6.00000000e+00]
[1.09000000e+02 5.77000000e+02 1.43404925e-01 4.00000000e+00]
[3.00000000e+00 2.21000000e+02 1.48691008e-01 2.00000000e+00]
[1.2400000e+02 3.0500000e+02 1.4955632e-01 2.0000000e+00]
[5.7900000e+02 2.9800000e+02 1.5051371e-01 7.0000000e+00]
[5.90000000e+02 5.57000000e+02 1.53193338e-01 4.00000000e+00]
[ 54.         148.           0.15697852   2.        ]
[5.540e+02 1.760e+02 1.574e-01 3.000e+00]
[1.28000000e+02 5.85000000e+02 1.58230341e-01 3.00000000e+00]
[4.36000000e+02 5.22000000e+02 1.62587302e-01 2.00000000e+00]
[5.92000000e+02 2.29000000e+02 1.66568694e-01 8.00000000e+00]
[3.39000000e+02 4.73000000e+02 1.69118312e-01 2.00000000e+00]
[3.20000000e+02 4.06000000e+02 1.69709512e-01 2.00000000e+00]
[2.10000000e+02 3.83000000e+02 1.70968334e-01 2.00000000e+00]
[9.00000000e+00 5.64000000e+02 1.75256852e-01 4.00000000e+00]
[2.30000000e+02 5.32000000e+02 1.79253896e-01 2.00000000e+00]
[2.19000000e+02 4.54000000e+02 1.79803073e-01 2.00000000e+00]
[1.43000000e+02 4.45000000e+02 1.80001928e-01 2.00000000e+00]
[4.9000000e+01 2.4600000e+02 1.8108457e-01 2.0000000e+00]
[3.0300000e+02 3.6900000e+02 1.8180906e-01 2.0000000e+00]
[5.83000000e+02 5.87000000e+02 1.82310878e-01 1.40000000e+01]
[3.00000000e+01 2.09000000e+02 1.85276753e-01 2.00000000e+00]
[4.02000000e+02 4.89000000e+02 1.87549653e-01 2.00000000e+00]
[3.48000000e+02 3.67000000e+02 1.96169944e-01 2.00000000e+00]
[5.88000000e+02 2.04000000e+02 1.98906219e-01 7.00000000e+00]
[ 62.         180.           0.20098178   2.        ]
[9.20000000e+01 2.69000000e+02 2.03990406e-01 2.00000000e+00]
[4.92000000e+02 5.23000000e+02 2.05679554e-01 2.00000000e+00]
[6.08000000e+02 1.54000000e+02 2.06150958e-01 1.50000000e+01]
[5.81000000e+02 2.25000000e+02 2.10840301e-01 3.00000000e+00]
[5.78000000e+02 5.98000000e+02 2.11431453e-01 1.00000000e+01]
[ 33.         122.           0.21900548   2.        ]
[2.47000000e+02 2.49000000e+02 2.22428302e-01 2.00000000e+00]
[6.30000000e+01 4.26000000e+02 2.23268164e-01 2.00000000e+00]
[3.97000000e+02 4.44000000e+02 2.24477733e-01 2.00000000e+00]
[3.27000000e+02 5.38000000e+02 2.27627898e-01 2.00000000e+00]
[ 87.         153.           0.22866246   2.        ]
[5.93000000e+02 5.44000000e+02 2.28863388e-01 1.00000000e+01]
[3.9600000e+02 4.1400000e+02 2.3104327e-01 2.0000000e+00]
[2.39000000e+02 3.28000000e+02 2.32148799e-01 2.00000000e+00]
[ 73.         200.           0.23291441   2.        ]
[65.         76.          0.23836196  2.        ]
[6.03000000e+02 4.77000000e+02 2.38903265e-01 3.00000000e+00]
[2.76000000e+02 3.45000000e+02 2.39024135e-01 2.00000000e+00]
[ 98.         155.           0.23975298   2.        ]
[1.70000000e+01 2.83000000e+02 2.40677947e-01 2.00000000e+00]
[4.15000000e+02 4.60000000e+02 2.45132734e-01 2.00000000e+00]
[6.16000000e+02 6.27000000e+02 2.47373487e-01 1.70000000e+01]
[4.28000000e+02 5.28000000e+02 2.50136612e-01 2.00000000e+00]
[5.96000000e+02 2.33000000e+02 2.53783725e-01 4.00000000e+00]
[4.10000000e+01 3.82000000e+02 2.55508854e-01 2.00000000e+00]
[2.07000000e+02 2.56000000e+02 2.55739465e-01 2.00000000e+00]
[6.12000000e+02 6.24000000e+02 2.57623938e-01 9.00000000e+00]
[3.66000000e+02 5.17000000e+02 2.57811161e-01 2.00000000e+00]
[1.4400000e+02 5.6100000e+02 2.6227702e-01 3.0000000e+00]
[ 20.         119.           0.26241497   2.        ]
[5.9400000e+02 1.5000000e+02 2.6456501e-01 3.0000000e+00]
[185.         195.           0.26467016   2.        ]
[6.18000000e+02 3.34000000e+02 2.66928949e-01 1.10000000e+01]
[3.46000000e+02 4.38000000e+02 2.68507585e-01 2.00000000e+00]
[4.18000000e+02 4.61000000e+02 2.68693299e-01 2.00000000e+00]
[6.19000000e+02 6.36000000e+02 2.71097072e-01 4.00000000e+00]
[2.9000000e+01 4.8600000e+02 2.7167803e-01 2.0000000e+00]
[6.25000000e+02 5.89000000e+02 2.72844226e-01 1.40000000e+01]
[2.97000000e+02 4.27000000e+02 2.74158236e-01 2.00000000e+00]
[1.60000000e+01 4.39000000e+02 2.77025331e-01 2.00000000e+00]
[6.32000000e+02 2.85000000e+02 2.83305992e-01 3.00000000e+00]
[ 19.        104.          0.2839697   2.       ]
[6.13000000e+02 1.12000000e+02 2.85765787e-01 3.00000000e+00]
[3.70000000e+01 6.04000000e+02 2.86131402e-01 3.00000000e+00]
[6.46000000e+02 7.00000000e+01 2.86328562e-01 1.20000000e+01]
[6.49000000e+02 5.12000000e+02 2.88492492e-01 5.00000000e+00]
[ 5.         34.          0.29121814  2.        ]
[3.93000000e+02 5.11000000e+02 2.93669718e-01 2.00000000e+00]
[3.81000000e+02 4.05000000e+02 2.95526253e-01 2.00000000e+00]
[6.02000000e+02 1.56000000e+02 2.95705331e-01 5.00000000e+00]
[2.90000000e+02 5.30000000e+02 2.96749256e-01 2.00000000e+00]
[6.37000000e+02 3.33000000e+02 2.97009886e-01 5.00000000e+00]
[6.38000000e+02 5.20000000e+01 2.97894471e-01 3.00000000e+00]
[186.         199.           0.29990306   2.        ]
[2.13000000e+02 3.86000000e+02 3.00697029e-01 2.00000000e+00]
[2.30000000e+01 5.95000000e+02 3.00792759e-01 4.00000000e+00]
[6.35000000e+02 4.48000000e+02 3.03303299e-01 1.80000000e+01]
[1.40000000e+01 4.33000000e+02 3.05118648e-01 2.00000000e+00]
[265.         275.           0.30937162   2.        ]
[1.15000000e+02 6.65000000e+02 3.12110376e-01 6.00000000e+00]
[ 27.         172.           0.31794745   2.        ]
[3.18000000e+02 5.09000000e+02 3.19358317e-01 2.00000000e+00]
[6.70000000e+02 1.94000000e+02 3.20071563e-01 1.90000000e+01]
[6.43000000e+02 3.80000000e+01 3.20302498e-01 3.00000000e+00]
[8.00000000e+01 4.09000000e+02 3.20751908e-01 2.00000000e+00]
[5.56000000e+02 3.58000000e+02 3.21195435e-01 3.00000000e+00]
[2.48000000e+02 5.16000000e+02 3.23194188e-01 2.00000000e+00]
[6.58000000e+02 6.55000000e+02 3.25362228e-01 1.40000000e+01]
[287.         324.           0.32672628   2.        ]
[6.60000000e+01 5.53000000e+02 3.30884475e-01 3.00000000e+00]
[5.66000000e+02 6.31000000e+02 3.34641585e-01 4.00000000e+00]
[5.73000000e+02 1.51000000e+02 3.37557389e-01 3.00000000e+00]
[1.57000000e+02 4.95000000e+02 3.37887598e-01 2.00000000e+00]
[6.54000000e+02 2.72000000e+02 3.39158863e-01 4.00000000e+00]
[6.69000000e+02 3.50000000e+02 3.39556031e-01 5.00000000e+00]
[6.51000000e+02 3.40000000e+02 3.40842363e-01 1.50000000e+01]
[5.90000000e+01 6.40000000e+02 3.42821761e-01 1.00000000e+01]
[3.13000000e+02 3.78000000e+02 3.44314589e-01 2.00000000e+00]
[227.         259.           0.34566181   2.        ]
[1.42000000e+02 5.19000000e+02 3.49140487e-01 2.00000000e+00]
[ 35.        160.          0.3499396   2.       ]
[1.32000000e+02 3.72000000e+02 3.51968385e-01 2.00000000e+00]
[6.14000000e+02 1.92000000e+02 3.52446867e-01 3.00000000e+00]
[3.5600000e+02 4.6700000e+02 3.5307517e-01 2.0000000e+00]
[6.60000000e+02 6.39000000e+02 3.54325413e-01 4.00000000e+00]
[6.92000000e+02 4.91000000e+02 3.56378394e-01 3.00000000e+00]
[6.59000000e+02 3.21000000e+02 3.56859804e-01 6.00000000e+00]
[6.76000000e+02 2.52000000e+02 3.57346254e-01 2.00000000e+01]
[2.60000000e+02 5.08000000e+02 3.61042347e-01 2.00000000e+00]
[4.20000000e+01 4.84000000e+02 3.61092816e-01 2.00000000e+00]
[ 58.         263.           0.36423263   2.        ]
[6.81000000e+02 4.69000000e+02 3.65331744e-01 1.50000000e+01]
[6.88000000e+02 6.57000000e+02 3.66017097e-01 8.00000000e+00]
[335.         338.           0.36722237   2.        ]
[1.00000000e+01 6.17000000e+02 3.68196501e-01 4.00000000e+00]
[6.73000000e+02 2.08000000e+02 3.68203223e-01 7.00000000e+00]
[6.77000000e+02 6.44000000e+02 3.69925519e-01 6.00000000e+00]
[6.94000000e+02 7.01000000e+02 3.71738153e-01 2.20000000e+01]
[7.00000000e+02 2.78000000e+02 3.73333129e-01 7.00000000e+00]
[6.5300000e+02 6.8700000e+02 3.7445751e-01 6.0000000e+00]
[2.50000000e+01 4.04000000e+02 3.74545897e-01 2.00000000e+00]
[6.79000000e+02 2.55000000e+02 3.75435211e-01 4.00000000e+00]
[6.98000000e+02 6.72000000e+02 3.81012565e-01 6.00000000e+00]
[6.89000000e+02 6.99000000e+02 3.82406062e-01 1.80000000e+01]
[2.32000000e+02 6.15000000e+02 3.83667935e-01 3.00000000e+00]
[2.37000000e+02 4.90000000e+02 3.83672311e-01 2.00000000e+00]
[118.         374.           0.38881556   2.        ]
[3.65000000e+02 4.43000000e+02 3.90934609e-01 2.00000000e+00]
[5.84000000e+02 3.60000000e+02 3.91586125e-01 3.00000000e+00]
[7.13000000e+02 7.06000000e+02 3.91838187e-01 1.40000000e+01]
[1.73000000e+02 4.87000000e+02 3.92391664e-01 2.00000000e+00]
[6.63000000e+02 6.67000000e+02 3.92477909e-01 7.00000000e+00]
[4.08000000e+02 4.50000000e+02 3.93550263e-01 2.00000000e+00]
[6.75000000e+02 5.13000000e+02 3.93844826e-01 3.00000000e+00]
[4.60000000e+01 6.21000000e+02 3.98807526e-01 3.00000000e+00]
[6.4800000e+02 5.9700000e+02 4.0040026e-01 4.0000000e+00]
[7.17000000e+02 7.10000000e+02 4.01138719e-01 2.40000000e+01]
[7.0200000e+02 4.6500000e+02 4.0116958e-01 3.0000000e+00]
[7.05000000e+02 7.11000000e+02 4.02365831e-01 3.70000000e+01]
[4.40000000e+01 4.52000000e+02 4.07503244e-01 2.00000000e+00]
[7.12000000e+02 3.57000000e+02 4.07522519e-01 8.00000000e+00]
[6.56000000e+02 7.09000000e+02 4.09535671e-01 1.00000000e+01]
[11.         15.          0.40996473  2.        ]
[193.         279.           0.41049863   2.        ]
[ 18.        105.          0.4130406   2.       ]
[7.23000000e+02 6.62000000e+02 4.13074953e-01 1.60000000e+01]
[1.00000000e+02 4.53000000e+02 4.15554745e-01 2.00000000e+00]
[7.50000000e+01 4.85000000e+02 4.17950548e-01 2.00000000e+00]
[6.91000000e+02 5.21000000e+02 4.18283349e-01 3.00000000e+00]
[146.         391.           0.41865465   2.        ]
[7.03000000e+02 4.88000000e+02 4.18956264e-01 3.00000000e+00]
[2.50000000e+02 4.42000000e+02 4.19854725e-01 2.00000000e+00]
[5.71000000e+02 6.61000000e+02 4.20799252e-01 4.00000000e+00]
[139.         241.           0.42168075   2.        ]
[7.34000000e+02 6.30000000e+02 4.22278722e-01 1.10000000e+01]
[5.52000000e+02 5.06000000e+02 4.23552759e-01 3.00000000e+00]
[ 82.         127.           0.42411755   2.        ]
[1.88000000e+02 6.23000000e+02 4.24244536e-01 3.00000000e+00]
[158.         410.           0.42479177   2.        ]
[2.02000000e+02 4.34000000e+02 4.25775281e-01 2.00000000e+00]
[138.         284.           0.42810114   2.        ]
[6.80000000e+02 4.12000000e+02 4.29435081e-01 3.00000000e+00]
[6.8500000e+02 3.9500000e+02 4.3116534e-01 4.0000000e+00]
[3.84000000e+02 7.29000000e+02 4.31633707e-01 5.00000000e+00]
[6.95000000e+02 2.44000000e+02 4.33062089e-01 3.00000000e+00]
[6.06000000e+02 7.40000000e+02 4.33957102e-01 4.00000000e+00]
[1.37000000e+02 6.86000000e+02 4.35074818e-01 3.00000000e+00]
[120.         163.           0.43662268   2.        ]
[6.84000000e+02 2.96000000e+02 4.36699566e-01 5.00000000e+00]
[ 88.         435.           0.43692477   2.        ]
[7.10000000e+01 4.62000000e+02 4.37781194e-01 2.00000000e+00]
[7.15000000e+02 6.11000000e+02 4.40624701e-01 6.00000000e+00]
[7.08000000e+02 1.62000000e+02 4.41332756e-01 5.00000000e+00]
[7.39000000e+02 1.68000000e+02 4.41422157e-01 1.70000000e+01]
[2.24000000e+02 5.37000000e+02 4.43086227e-01 2.00000000e+00]
[ 32.         254.           0.44470627   2.        ]
[7.32000000e+02 8.30000000e+01 4.44828762e-01 3.80000000e+01]
[2.22000000e+02 5.10000000e+02 4.44881209e-01 2.00000000e+00]
[3.73000000e+02 4.79000000e+02 4.48731584e-01 2.00000000e+00]
[1.34000000e+02 5.39000000e+02 4.49994203e-01 2.00000000e+00]
[7.28000000e+02 6.29000000e+02 4.50970835e-01 5.00000000e+00]
[7.30000000e+02 3.87000000e+02 4.51495688e-01 2.50000000e+01]
[7.70000000e+02 1.83000000e+02 4.51558625e-01 3.90000000e+01]
[6.41000000e+02 3.71000000e+02 4.54087803e-01 3.00000000e+00]
[1.67000000e+02 7.53000000e+02 4.54399859e-01 3.00000000e+00]
[6.90000000e+02 1.74000000e+02 4.55554515e-01 1.10000000e+01]
[117.         280.           0.45771938   2.        ]
[57.        97.         0.4593133  2.       ]
[4.5000000e+01 7.5800000e+02 4.6038881e-01 4.0000000e+00]
[7.7600000e+02 7.1600000e+02 4.6100879e-01 4.5000000e+01]
[7.75000000e+02 6.82000000e+02 4.61189846e-01 2.70000000e+01]
[5.63000000e+02 7.62000000e+02 4.62071466e-01 8.00000000e+00]
[7.26000000e+02 4.63000000e+02 4.63075838e-01 3.00000000e+00]
[370.         459.           0.46343485   2.        ]
[7.45000000e+02 4.83000000e+02 4.64567269e-01 3.00000000e+00]
[7.66000000e+02 6.70000000e+01 4.65688608e-01 6.00000000e+00]
[7.50000000e+02 1.82000000e+02 4.66227234e-01 3.00000000e+00]
[7.79000000e+02 6.96000000e+02 4.67093696e-01 1.40000000e+01]
[7.67000000e+02 7.65000000e+02 4.69156142e-01 2.30000000e+01]
[5.10000000e+01 6.20000000e+02 4.69599226e-01 3.00000000e+00]
[7.47000000e+02 7.51000000e+02 4.71508648e-01 5.00000000e+00]
[7.14000000e+02 7.68000000e+02 4.72125597e-01 4.00000000e+00]
[2.80000000e+01 7.07000000e+02 4.73276679e-01 3.00000000e+00]
[6.93000000e+02 5.07000000e+02 4.74174864e-01 3.00000000e+00]
[7.31000000e+02 4.51000000e+02 4.74584133e-01 4.00000000e+00]
[7.25000000e+02 7.46000000e+02 4.75324504e-01 1.10000000e+01]
[1.61000000e+02 6.45000000e+02 4.76362925e-01 3.00000000e+00]
[7.8400000e+02 4.8000000e+01 4.7757954e-01 2.8000000e+01]
[7.48000000e+02 7.27000000e+02 4.78375747e-01 1.40000000e+01]
[7.60000000e+02 2.43000000e+02 4.78753419e-01 4.00000000e+00]
[1.0600000e+02 7.5200000e+02 4.7972262e-01 3.0000000e+00]
[1.02000000e+02 6.00000000e+02 4.80922843e-01 3.00000000e+00]
[3.60000000e+01 7.63000000e+02 4.81599322e-01 3.00000000e+00]
[5.91000000e+02 1.75000000e+02 4.82727011e-01 3.00000000e+00]
[3.31000000e+02 7.57000000e+02 4.83556227e-01 6.00000000e+00]
[7.20000000e+02 3.85000000e+02 4.83717765e-01 3.00000000e+00]
[7.73000000e+02 5.14000000e+02 4.86028581e-01 3.00000000e+00]
[6.09000000e+02 5.99000000e+02 4.86060053e-01 4.00000000e+00]
[4.55000000e+02 5.26000000e+02 4.86131936e-01 2.00000000e+00]
[7.74000000e+02 5.24000000e+02 4.86557281e-01 6.00000000e+00]
[8.01000000e+02 7.38000000e+02 4.87535655e-01 3.00000000e+01]
[203.        362.          0.4883262   2.       ]
[111.        349.          0.4896033   2.       ]
[ 55.         107.           0.48962851   2.        ]
[7.43000000e+02 7.86000000e+02 4.89872111e-01 5.00000000e+00]
[7.36000000e+02 5.04000000e+02 4.90361518e-01 3.00000000e+00]
[4.78000000e+02 5.29000000e+02 4.90947721e-01 2.00000000e+00]
[6.64000000e+02 4.03000000e+02 4.92001064e-01 3.00000000e+00]
[2.60000000e+01 7.93000000e+02 4.92049859e-01 4.00000000e+00]
[ 39.        432.          0.4945477   2.       ]
[326.         420.           0.49652374   2.        ]
[8.02000000e+02 7.49000000e+02 4.97807001e-01 1.70000000e+01]
[238.         424.           0.49884117   2.        ]
[449.         482.           0.49884936   2.        ]
[6.28000000e+02 7.54000000e+02 4.99329505e-01 4.00000000e+00]
[8.18000000e+02 1.84000000e+02 4.99763484e-01 6.00000000e+00]
[294.         472.           0.50146221   2.        ]
[6.74000000e+02 4.40000000e+02 5.03222473e-01 3.00000000e+00]
[3.61000000e+02 5.27000000e+02 5.03648486e-01 2.00000000e+00]
[7.35000000e+02 7.78000000e+02 5.05121544e-01 1.30000000e+01]
[7.92000000e+02 8.13000000e+02 5.05636037e-01 2.90000000e+01]
[7.59000000e+02 7.41000000e+02 5.07001175e-01 6.00000000e+00]
[179.         417.           0.50708415   2.        ]
[31.         96.          0.50778427  2.        ]
[7.64000000e+02 6.97000000e+02 5.08658994e-01 4.00000000e+00]
[7.83000000e+02 2.64000000e+02 5.09967572e-01 4.60000000e+01]
[ 22.         471.           0.51178608   2.        ]
[8.39000000e+02 2.66000000e+02 5.15225464e-01 4.70000000e+01]
[7.90000000e+01 7.88000000e+02 5.16007652e-01 4.00000000e+00]
[8.29000000e+02 8.08000000e+02 5.16043358e-01 1.20000000e+01]
[1.3300000e+02 7.5500000e+02 5.1622857e-01 4.0000000e+00]
[8.34000000e+02 7.98000000e+02 5.17374343e-01 3.30000000e+01]
[7.44000000e+02 1.26000000e+02 5.19265473e-01 4.00000000e+00]
[ 53.         231.           0.51934928   2.        ]
[0.00000000e+00 5.80000000e+02 5.19634382e-01 3.00000000e+00]
[398.         399.           0.51964938   2.        ]
[3.32000000e+02 6.34000000e+02 5.20198728e-01 3.00000000e+00]
[390.         430.           0.52102373   2.        ]
[6.78000000e+02 1.41000000e+02 5.22815621e-01 3.00000000e+00]
[355.        441.          0.5230404   2.       ]
[6.71000000e+02 3.63000000e+02 5.23165476e-01 3.00000000e+00]
[ 60.         337.           0.52327411   2.        ]
[8.07000000e+02 3.52000000e+02 5.23626589e-01 4.00000000e+00]
[1.89000000e+02 5.35000000e+02 5.23653574e-01 2.00000000e+00]
[7.04000000e+02 1.98000000e+02 5.24559282e-01 3.00000000e+00]
[8.1000000e+02 8.0300000e+02 5.2552166e-01 7.0000000e+00]
[191.         258.           0.52915668   2.        ]
[8.45000000e+02 7.69000000e+02 5.29403582e-01 3.50000000e+01]
[8.17000000e+02 7.91000000e+02 5.32689732e-01 1.60000000e+01]
[343.         422.           0.53421775   2.        ]
[7.96000000e+02 1.16000000e+02 5.36041273e-01 4.00000000e+00]
[8.05000000e+02 1.97000000e+02 5.37840663e-01 4.00000000e+00]
[7.90000000e+02 3.47000000e+02 5.39311036e-01 4.00000000e+00]
[7.81000000e+02 2.26000000e+02 5.41378452e-01 3.00000000e+00]
[7.56000000e+02 2.99000000e+02 5.41660624e-01 5.00000000e+00]
[8.56000000e+02 3.89000000e+02 5.42287037e-01 5.00000000e+00]
[7.85000000e+02 8.61000000e+02 5.43417557e-01 4.30000000e+01]
[7.95000000e+02 8.25000000e+02 5.43464638e-01 2.10000000e+01]
[8.70000000e+02 8.37000000e+02 5.47273054e-01 4.50000000e+01]
[8.41000000e+02 8.66000000e+02 5.47567167e-01 5.10000000e+01]
[306.         446.           0.54955883   2.        ]
[8.28000000e+02 8.16000000e+02 5.51287399e-01 6.00000000e+00]
[7.37000000e+02 7.18000000e+02 5.52295459e-01 5.00000000e+00]
[6.90000000e+01 8.59000000e+02 5.53427694e-01 8.00000000e+00]
[8.3500000e+02 6.0100000e+02 5.5700154e-01 8.0000000e+00]
[3.53000000e+02 7.77000000e+02 5.57218654e-01 4.00000000e+00]
[6.07000000e+02 4.96000000e+02 5.57751378e-01 3.00000000e+00]
[8.21000000e+02 6.47000000e+02 5.58405061e-01 5.00000000e+00]
[  7.        159.          0.5594518   2.       ]
[8.24000000e+02 8.63000000e+02 5.59666058e-01 4.00000000e+00]
[7.70000000e+01 7.21000000e+02 5.60958092e-01 3.00000000e+00]
[2.17000000e+02 7.71000000e+02 5.61996275e-01 3.00000000e+00]
[8.31000000e+02 4.16000000e+02 5.63539126e-01 4.00000000e+00]
[8.64000000e+02 3.51000000e+02 5.65907012e-01 5.00000000e+00]
[8.69000000e+02 3.75000000e+02 5.66272701e-01 6.00000000e+00]
[7.99000000e+02 8.42000000e+02 5.66690749e-01 1.50000000e+01]
[8.48000000e+02 8.65000000e+02 5.66789832e-01 7.00000000e+00]
[8.14000000e+02 2.35000000e+02 5.71092763e-01 3.10000000e+01]
[4.70000000e+01 8.60000000e+02 5.71791111e-01 3.00000000e+00]
[3.44000000e+02 8.12000000e+02 5.73197584e-01 3.00000000e+00]
[8.06000000e+02 8.43000000e+02 5.73587171e-01 1.50000000e+01]
[6.42000000e+02 6.52000000e+02 5.73745872e-01 5.00000000e+00]
[8.72000000e+02 5.01000000e+02 5.74620901e-01 4.60000000e+01]
[6.33000000e+02 8.78000000e+02 5.75400343e-01 1.00000000e+01]
[8.90000000e+02 8.87000000e+02 5.78285993e-01 1.20000000e+01]
[7.94000000e+02 4.64000000e+02 5.79021417e-01 6.00000000e+00]
[8.91000000e+02 2.86000000e+02 5.79610781e-01 3.20000000e+01]
[8.00000000e+02 8.15000000e+02 5.79916971e-01 5.00000000e+00]
[273.         354.           0.58177671   2.        ]
[7.33000000e+02 4.01000000e+02 5.81830163e-01 3.00000000e+00]
[8.58000000e+02 8.36000000e+02 5.82732316e-01 5.00000000e+00]
[376.         494.           0.58576563   2.        ]
[131.         425.           0.58687911   2.        ]
[8.71000000e+02 8.95000000e+02 5.88128011e-01 2.60000000e+01]
[8.77000000e+02 7.80000000e+02 5.89839418e-01 1.00000000e+01]
[8.23000000e+02 8.27000000e+02 5.89967068e-01 4.00000000e+00]
[7.82000000e+02 8.26000000e+02 5.91186517e-01 6.00000000e+00]
[2.28000000e+02 7.72000000e+02 5.92285459e-01 3.00000000e+00]
[8.96000000e+02 8.50000000e+02 5.92469367e-01 4.90000000e+01]
[9.00000000e+02 8.89000000e+02 5.93995858e-01 4.70000000e+01]
[8.22000000e+02 8.20000000e+02 5.94254738e-01 6.00000000e+00]
[9.01000000e+02 8.81000000e+02 5.94696957e-01 1.00000000e+01]
[6.83000000e+02 8.75000000e+02 5.94923005e-01 9.00000000e+00]
[9.06000000e+02 3.10000000e+02 5.95273906e-01 3.00000000e+00]
[8.46000000e+02 4.98000000e+02 5.97783146e-01 5.00000000e+00]
[6.66000000e+02 8.76000000e+02 5.99421261e-01 8.00000000e+00]
[8.1100000e+02 8.9200000e+02 6.0244645e-01 7.0000000e+00]
[8.83000000e+02 9.05000000e+02 6.03834114e-01 6.00000000e+00]
[5.6000000e+01 6.6800000e+02 6.0437085e-01 3.0000000e+00]
[8.54000000e+02 8.38000000e+02 6.06036111e-01 7.00000000e+00]
[8.57000000e+02 4.57000000e+02 6.06913853e-01 3.00000000e+00]
[  2.         341.           0.60829807   2.        ]
[8.94000000e+02 9.11000000e+02 6.09487602e-01 1.80000000e+01]
[9.40000000e+01 6.26000000e+02 6.10420108e-01 3.00000000e+00]
[9.12000000e+02 8.99000000e+02 6.12313066e-01 5.50000000e+01]
[9.07000000e+02 8.04000000e+02 6.12658591e-01 2.90000000e+01]
[8.19000000e+02 8.55000000e+02 6.13193964e-01 5.00000000e+00]
[7.22000000e+02 5.31000000e+02 6.14013686e-01 4.00000000e+00]
[8.86000000e+02 7.97000000e+02 6.14789971e-01 7.00000000e+00]
[8.79000000e+02 5.20000000e+02 6.15215675e-01 5.00000000e+00]
[9.27000000e+02 8.51000000e+02 6.15746732e-01 5.00000000e+00]
[8.74000000e+02 4.58000000e+02 6.16811795e-01 3.00000000e+00]
[9.29000000e+02 7.19000000e+02 6.18039611e-01 3.10000000e+01]
[9.28000000e+02 8.30000000e+02 6.18201936e-01 5.70000000e+01]
[8.33000000e+02 2.53000000e+02 6.18579365e-01 1.40000000e+01]
[9.14000000e+02 1.10000000e+02 6.22364664e-01 7.00000000e+00]
[8.98000000e+02 8.97000000e+02 6.23636836e-01 2.20000000e+01]
[7.61000000e+02 6.05000000e+02 6.23983277e-01 4.00000000e+00]
[8.68000000e+02 9.38000000e+02 6.26156668e-01 1.90000000e+01]
[8.40000000e+02 1.49000000e+02 6.26660834e-01 3.00000000e+00]
[8.73000000e+02 2.11000000e+02 6.28697441e-01 5.20000000e+01]
[8.5200000e+02 8.8800000e+02 6.2916235e-01 9.0000000e+00]
[8.6700000e+02 9.2100000e+02 6.3338054e-01 9.0000000e+00]
[190.         223.           0.63456016   2.        ]
[ 8.         85.          0.63479782  2.        ]
[7.89000000e+02 2.68000000e+02 6.34854469e-01 7.00000000e+00]
[212.         456.           0.63497005   2.        ]
[9.44000000e+02 5.05000000e+02 6.36405978e-01 5.30000000e+01]
[8.4700000e+02 4.4700000e+02 6.3761032e-01 3.0000000e+00]
[9.51000000e+02 7.24000000e+02 6.39908163e-01 5.50000000e+01]
[9.37000000e+02 9.13000000e+02 6.40218823e-01 1.04000000e+02]
[9.40000000e+02 9.08000000e+02 6.43111131e-01 3.20000000e+01]
[8.82000000e+02 4.21000000e+02 6.44963681e-01 3.00000000e+00]
[9.53000000e+02 8.80000000e+02 6.48317911e-01 5.80000000e+01]
[9.20000000e+02 1.14000000e+02 6.51046856e-01 8.00000000e+00]
[9.49000000e+02 6.50000000e+02 6.52066767e-01 9.00000000e+00]
[9.22000000e+02 3.68000000e+02 6.53529333e-01 4.00000000e+00]
[9.30000000e+02 9.15000000e+02 6.56956312e-01 1.50000000e+01]
[9.36000000e+02 9.26000000e+02 6.59411814e-01 4.90000000e+01]
[466.         500.           0.65951875   2.        ]
[9.55000000e+02 9.54000000e+02 6.61500229e-01 1.36000000e+02]
[476.         499.           0.66200692   2.        ]
[9.09000000e+02 2.67000000e+02 6.62273778e-01 5.00000000e+00]
[2.8200000e+02 8.3200000e+02 6.6360635e-01 3.0000000e+00]
[9.46000000e+02 8.85000000e+02 6.65577915e-01 1.20000000e+01]
[9.58000000e+02 8.53000000e+02 6.66332651e-01 1.00000000e+01]
[9.42000000e+02 7.42000000e+02 6.68231197e-01 2.20000000e+01]
[9.03000000e+02 8.44000000e+02 6.69010259e-01 7.00000000e+00]
[9.64000000e+02 9.16000000e+02 6.69289802e-01 1.45000000e+02]
[9.23000000e+02 9.43000000e+02 6.69299542e-01 1.00000000e+01]
[9.2400000e+02 5.2500000e+02 6.7569442e-01 4.0000000e+00]
[9.61000000e+02 9.17000000e+02 6.76891224e-01 1.80000000e+01]
[9.72000000e+02 8.84000000e+02 6.79658004e-01 1.48000000e+02]
[9.56000000e+02 9.33000000e+02 6.81898013e-01 8.00000000e+00]
[9.57000000e+02 4.30000000e+01 6.82482206e-01 5.90000000e+01]
[9.39000000e+02 9.45000000e+02 6.84254609e-01 1.60000000e+01]
[9.32000000e+02 3.04000000e+02 6.84767101e-01 8.00000000e+00]
[9.04000000e+02 9.34000000e+02 6.85520755e-01 1.00000000e+01]
[9.60000000e+02 9.68000000e+02 6.86418455e-01 1.60000000e+01]
[9.7300000e+02 9.7000000e+02 6.9191764e-01 3.2000000e+01]
[9.47000000e+02 2.93000000e+02 6.92339336e-01 3.00000000e+00]
[9.76000000e+02 9.75000000e+02 6.92611433e-01 1.66000000e+02]
[9.78000000e+02 8.09000000e+02 6.95419198e-01 6.20000000e+01]
[9.62000000e+02 8.49000000e+02 6.99817511e-01 5.10000000e+01]
[215.         515.           0.70246397   2.        ]
[411.         431.           0.70351261   2.        ]
[9.69000000e+02 3.88000000e+02 7.05830004e-01 1.10000000e+01]
[9.77000000e+02 9.82000000e+02 7.05957664e-01 2.40000000e+01]
[1.20000000e+01 9.10000000e+02 7.07078484e-01 7.00000000e+00]
[9.41000000e+02 4.93000000e+02 7.12152374e-01 5.00000000e+00]
[9.85000000e+02 9.02000000e+02 7.13112853e-01 1.68000000e+02]
[2.42000000e+02 9.35000000e+02 7.13236307e-01 4.00000000e+00]
[9.18000000e+02 2.92000000e+02 7.13342204e-01 6.00000000e+00]
[9.79000000e+02 9.93000000e+02 7.13783397e-01 2.10000000e+01]
[1.30000000e+01 9.84000000e+02 7.13935102e-01 4.00000000e+00]
[9.94000000e+02 9.48000000e+02 7.16661433e-01 1.70000000e+02]
[9.25000000e+02 9.87000000e+02 7.18613149e-01 5.30000000e+01]
[9.99000000e+02 9.66000000e+02 7.20380535e-01 1.75000000e+02]
[9.71000000e+02 3.11000000e+02 7.22054542e-01 8.00000000e+00]
[9.19000000e+02 4.75000000e+02 7.28017813e-01 9.00000000e+00]
[1.00100000e+03 9.67000000e+02 7.33042942e-01 1.78000000e+02]
[257.         407.           0.73305955   2.        ]
[7.87000000e+02 4.19000000e+02 7.37036568e-01 3.00000000e+00]
[474.         536.           0.73887567   2.        ]
[1.00400000e+03 9.90000000e+02 7.39759417e-01 1.89000000e+02]
[ 99.         470.           0.74164373   2.        ]
[8.62000000e+02 1.77000000e+02 7.43819746e-01 1.70000000e+01]
[9.86000000e+02 3.30000000e+02 7.45586281e-01 6.30000000e+01]
[9.830000e+02 9.890000e+02 7.476529e-01 3.400000e+01]
[ 84.         166.           0.75091222   2.        ]
[1.00800000e+03 9.59000000e+02 7.53276312e-01 1.98000000e+02]
[5.82000000e+02 9.50000000e+02 7.56450355e-01 4.00000000e+00]
[9.80000000e+02 2.88000000e+02 7.59323127e-01 9.00000000e+00]
[1.01000000e+03 2.01000000e+02 7.59869109e-01 1.80000000e+01]
[9.88000000e+02 5.34000000e+02 7.60409596e-01 3.00000000e+00]
[9.81000000e+02 3.64000000e+02 7.62215204e-01 1.10000000e+01]
[1.01100000e+03 3.92000000e+02 7.63377834e-01 6.40000000e+01]
[1.01200000e+03 1.81000000e+02 7.64568526e-01 3.50000000e+01]
[1.71000000e+02 1.00600000e+03 7.65696339e-01 4.00000000e+00]
[1.01300000e+03 3.12000000e+02 7.69877839e-01 3.00000000e+00]
[2.81000000e+02 9.65000000e+02 7.72425488e-01 3.00000000e+00]
[9.91000000e+02 9.92000000e+02 7.74692252e-01 3.10000000e+01]
[1.01400000e+03 1.02100000e+03 7.81088933e-01 2.33000000e+02]
[1.00200000e+03 9.52000000e+02 7.82217758e-01 1.10000000e+01]
[1.02000000e+03 1.00300000e+03 7.88844126e-01 7.30000000e+01]
[1.87000000e+02 9.63000000e+02 7.91165648e-01 3.00000000e+00]
[1.02500000e+03 9.74000000e+02 7.92999732e-01 3.50000000e+01]
[1.02300000e+03 1.01000000e+02 8.00078193e-01 4.00000000e+00]
[1.00000000e+03 3.25000000e+02 8.00194033e-01 5.40000000e+01]
[1.02600000e+03 1.03000000e+03 8.03449303e-01 2.68000000e+02]
[1.01600000e+03 9.31000000e+02 8.05986985e-01 1.30000000e+01]
[9.96000e+02 1.02400e+03 8.06758e-01 9.00000e+00]
[1.0330000e+03 1.0270000e+03 8.1199898e-01 2.7900000e+02]
[1.03600000e+03 9.97000000e+02 8.14794931e-01 3.00000000e+02]
[9.95000000e+02 3.79000000e+02 8.22164244e-01 5.00000000e+00]
[1.03200000e+03 6.10000000e+02 8.26309894e-01 5.60000000e+01]
[1.03700000e+03 9.98000000e+02 8.27320623e-01 3.04000000e+02]
[1.04000000e+03 1.02200000e+03 8.30461674e-01 3.08000000e+02]
[1.00500000e+03 3.14000000e+02 8.36190436e-01 3.00000000e+00]
[1.04100000e+03 1.00700000e+03 8.39572817e-01 3.10000000e+02]
[1.04300000e+03 1.00900000e+03 8.43364228e-01 3.12000000e+02]
[1.04400000e+03 1.03400000e+03 8.55180557e-01 3.25000000e+02]
[342.       481.         0.857463   2.      ]
[ 89.         497.           0.86926393   2.        ]
[1.03500000e+03 2.34000000e+02 8.79165574e-01 1.00000000e+01]
[1.04500000e+03 1.02800000e+03 8.84439135e-01 3.98000000e+02]
[567.         147.           0.89792492   3.        ]
[1.04800000e+03 8.93000000e+02 8.98314524e-01 1.30000000e+01]
[622.         502.           0.90306863   3.        ]
[1.04900000e+03 1.01700000e+03 9.06045289e-01 4.16000000e+02]
[1.01900000e+03 1.01800000e+03 9.09892228e-01 1.40000000e+01]
[377.         533.           0.92384157   2.        ]
[1.05000000e+03 1.04600000e+03 9.33192499e-01 5.00000000e+00]
[1.05300000e+03 1.04200000e+03 9.42515566e-01 4.19000000e+02]
[1.05700000e+03 1.05100000e+03 9.45901617e-01 4.32000000e+02]
[145.         323.           0.95315329   2.        ]
[1.05800000e+03 1.03100000e+03 9.58966545e-01 4.36000000e+02]
[1.06000000e+03 2.89000000e+02 9.65751954e-01 4.37000000e+02]
[1.02900000e+03 1.03800000e+03 9.77137626e-01 8.00000000e+00]
[1.05400000e+03 2.77000000e+02 9.88004735e-01 1.50000000e+01]
[1.0610000e+03 1.0150000e+03 9.8992536e-01 4.4100000e+02]
[1.06300000e+03 1.69000000e+02 9.94791202e-01 1.60000000e+01]
[1.06400000e+03 1.08000000e+02 9.98341245e-01 4.42000000e+02]
[1.05500000e+03 4.29000000e+02 1.01589681e+00 3.00000000e+00]
[1.0660000e+03 1.0520000e+03 1.0187092e+00 4.4500000e+02]
[1.06800000e+03 3.19000000e+02 1.02470437e+00 4.46000000e+02]
[1.05600000e+03 3.16000000e+02 1.02779002e+00 6.00000000e+00]
[1.06900000e+03 1.06500000e+03 1.03718816e+00 4.62000000e+02]
[1071.        1047.           1.0746653  464.       ]
[1072.          86.           1.0895496  465.       ]
[1059.         1062.            1.11468867   10.        ]
[1073.         1070.            1.13175311  471.        ]
[1075.        1074.           1.1581137  481.       ]
[1076.         1067.            1.19452131  484.        ]
[1077.         1039.            1.20800723  540.        ]
