[64. 68.  0.  2.]
[540.  93.   0.   3.]
[541. 123.   0.   4.]
[542. 214.   0.   5.]
[543. 261.   0.   6.]
[ 78. 125.   0.   2.]
[ 95. 152.   0.   2.]
[546. 240.   0.   3.]
[547. 301.   0.   4.]
[548. 308.   0.   5.]
[549. 220.   0.   6.]
[307. 550.   0.   7.]
[ 90. 518.   0.   2.]
[103. 196.   0.   2.]
[136. 336.   0.   2.]
[140. 271.   0.   2.]
[178. 245.   0.   2.]
[205. 251.   0.   2.]
[270. 555.   0.   3.]
[300. 302.   0.   2.]
[5.51000000e+02 2.95000000e+02 4.33857667e-09 8.00000000e+00]
[3.59000000e+02 4.13000000e+02 1.05367121e-08 2.00000000e+00]
[8.10000000e+01 5.60000000e+02 1.11678177e-08 9.00000000e+00]
[1.00000000e+00 2.16000000e+02 1.49011612e-08 2.00000000e+00]
[5.63000000e+02 1.13000000e+02 1.49011612e-08 3.00000000e+00]
[5.45000000e+02 3.15000000e+02 1.49011612e-08 3.00000000e+00]
[5.5800000e+02 1.7000000e+02 1.6313995e-08 4.0000000e+00]
[6.00000000e+00 1.29000000e+02 2.10734243e-08 2.00000000e+00]
[2.40000000e+01 4.23000000e+02 2.10734243e-08 2.00000000e+00]
[7.40000000e+01 9.10000000e+01 2.10734243e-08 2.00000000e+00]
[5.69000000e+02 3.17000000e+02 2.10734243e-08 3.00000000e+00]
[5.59000000e+02 4.68000000e+02 2.48352687e-08 3.00000000e+00]
[5.00000000e+01 1.35000000e+02 2.58095683e-08 2.00000000e+00]
[7.20000000e+01 4.37000000e+02 2.58095683e-08 2.00000000e+00]
[5.72000000e+02 3.29000000e+02 2.58095683e-08 3.00000000e+00]
[6.10000000e+01 2.36000000e+02 3.65002415e-08 2.00000000e+00]
[3.80000000e+02 4.00000000e+02 5.37269007e-08 2.00000000e+00]
[5.70000000e+02 2.74000000e+02 5.67419313e-08 4.00000000e+00]
[5.6600000e+02 5.7600000e+02 1.5995183e-02 6.0000000e+00]
[4.00000000e+00 2.62000000e+02 7.76465778e-02 2.00000000e+00]
[2.1800000e+02 5.0300000e+02 8.7211259e-02 2.0000000e+00]
[2.06000000e+02 3.22000000e+02 8.86922706e-02 2.00000000e+00]
[21.         40.          0.09350565  2.        ]
[5.74000000e+02 1.30000000e+02 9.46658145e-02 4.00000000e+00]
[3.09000000e+02 3.94000000e+02 1.12224508e-01 2.00000000e+00]
[1.65000000e+02 2.91000000e+02 1.18331128e-01 2.00000000e+00]
[5.77000000e+02 1.64000000e+02 1.27776511e-01 5.00000000e+00]
[5.62000000e+02 4.80000000e+02 1.33817757e-01 1.00000000e+01]
[5.86000000e+02 1.21000000e+02 1.35532393e-01 6.00000000e+00]
[1.09000000e+02 5.71000000e+02 1.43404925e-01 4.00000000e+00]
[3.00000000e+00 2.21000000e+02 1.48691008e-01 2.00000000e+00]
[1.2400000e+02 3.0500000e+02 1.4955632e-01 2.0000000e+00]
[5.7800000e+02 2.9800000e+02 1.5047356e-01 7.0000000e+00]
[5.90000000e+02 5.57000000e+02 1.53193338e-01 4.00000000e+00]
[ 54.         148.           0.15697852   2.        ]
[5.540e+02 1.760e+02 1.574e-01 3.000e+00]
[1.28000000e+02 5.85000000e+02 1.58230341e-01 3.00000000e+00]
[4.36000000e+02 5.22000000e+02 1.62587302e-01 2.00000000e+00]
[2.29000000e+02 5.92000000e+02 1.66608513e-01 8.00000000e+00]
[3.39000000e+02 4.73000000e+02 1.69118312e-01 2.00000000e+00]
[3.20000000e+02 4.06000000e+02 1.69709512e-01 2.00000000e+00]
[2.10000000e+02 3.83000000e+02 1.70968334e-01 2.00000000e+00]
[9.00000000e+00 5.65000000e+02 1.75256852e-01 4.00000000e+00]
[2.30000000e+02 5.32000000e+02 1.79253896e-01 2.00000000e+00]
[2.19000000e+02 4.54000000e+02 1.79803073e-01 2.00000000e+00]
[1.43000000e+02 4.45000000e+02 1.80001928e-01 2.00000000e+00]
[4.9000000e+01 2.4600000e+02 1.8108457e-01 2.0000000e+00]
[3.0300000e+02 3.6900000e+02 1.8180906e-01 2.0000000e+00]
[5.83000000e+02 5.87000000e+02 1.82310878e-01 1.40000000e+01]
[3.00000000e+01 2.09000000e+02 1.85276753e-01 2.00000000e+00]
[4.02000000e+02 4.89000000e+02 1.87549653e-01 2.00000000e+00]
[3.48000000e+02 3.67000000e+02 1.96169944e-01 2.00000000e+00]
[5.88000000e+02 2.04000000e+02 1.98906219e-01 7.00000000e+00]
[ 62.         180.           0.20098178   2.        ]
[9.20000000e+01 2.69000000e+02 2.03990406e-01 2.00000000e+00]
[4.92000000e+02 5.23000000e+02 2.05679554e-01 2.00000000e+00]
[6.08000000e+02 1.54000000e+02 2.06150957e-01 1.50000000e+01]
[5.81000000e+02 2.25000000e+02 2.10840301e-01 3.00000000e+00]
[ 33.         122.           0.21900548   2.        ]
[2.47000000e+02 2.49000000e+02 2.22428302e-01 2.00000000e+00]
[6.30000000e+01 4.26000000e+02 2.23268164e-01 2.00000000e+00]
[3.97000000e+02 4.44000000e+02 2.24477733e-01 2.00000000e+00]
[3.27000000e+02 5.38000000e+02 2.27627898e-01 2.00000000e+00]
[ 87.         153.           0.22866246   2.        ]
[5.93000000e+02 5.44000000e+02 2.28863388e-01 1.00000000e+01]
[3.9600000e+02 4.1400000e+02 2.3104327e-01 2.0000000e+00]
[5.79000000e+02 5.98000000e+02 2.31715938e-01 1.00000000e+01]
[2.39000000e+02 3.28000000e+02 2.32148799e-01 2.00000000e+00]
[ 73.         200.           0.23291441   2.        ]
[65.         76.          0.23836196  2.        ]
[6.03000000e+02 4.77000000e+02 2.38903265e-01 3.00000000e+00]
[2.76000000e+02 3.45000000e+02 2.39024135e-01 2.00000000e+00]
[ 98.         155.           0.23975298   2.        ]
[1.70000000e+01 2.83000000e+02 2.40677947e-01 2.00000000e+00]
[4.15000000e+02 4.60000000e+02 2.45132734e-01 2.00000000e+00]
[6.16000000e+02 6.27000000e+02 2.47373488e-01 1.70000000e+01]
[4.28000000e+02 5.28000000e+02 2.50136612e-01 2.00000000e+00]
[5.96000000e+02 2.33000000e+02 2.53783725e-01 4.00000000e+00]
[4.10000000e+01 3.82000000e+02 2.55508854e-01 2.00000000e+00]
[2.07000000e+02 2.56000000e+02 2.55739465e-01 2.00000000e+00]
[6.12000000e+02 6.23000000e+02 2.57623938e-01 9.00000000e+00]
[3.66000000e+02 5.17000000e+02 2.57811161e-01 2.00000000e+00]
[1.4400000e+02 5.6100000e+02 2.6227702e-01 3.0000000e+00]
[ 20.         119.           0.26241497   2.        ]
[6.26000000e+02 3.34000000e+02 2.64045962e-01 1.10000000e+01]
[5.9400000e+02 1.5000000e+02 2.6456501e-01 3.0000000e+00]
[185.         195.           0.26467016   2.        ]
[3.46000000e+02 4.38000000e+02 2.68507585e-01 2.00000000e+00]
[4.18000000e+02 4.61000000e+02 2.68693299e-01 2.00000000e+00]
[6.18000000e+02 6.36000000e+02 2.71097072e-01 4.00000000e+00]
[2.9000000e+01 4.8600000e+02 2.7167803e-01 2.0000000e+00]
[6.24000000e+02 5.89000000e+02 2.72844226e-01 1.40000000e+01]
[2.97000000e+02 4.27000000e+02 2.74158236e-01 2.00000000e+00]
[1.60000000e+01 4.39000000e+02 2.77025331e-01 2.00000000e+00]
[6.32000000e+02 2.85000000e+02 2.83305992e-01 3.00000000e+00]
[ 19.        104.          0.2839697   2.       ]
[6.13000000e+02 1.12000000e+02 2.85765787e-01 3.00000000e+00]
[3.70000000e+01 6.04000000e+02 2.86131402e-01 3.00000000e+00]
[6.49000000e+02 5.12000000e+02 2.88492492e-01 5.00000000e+00]
[6.44000000e+02 7.00000000e+01 2.90460325e-01 1.20000000e+01]
[ 5.         34.          0.29121814  2.        ]
[3.93000000e+02 5.11000000e+02 2.93669718e-01 2.00000000e+00]
[3.81000000e+02 4.05000000e+02 2.95526253e-01 2.00000000e+00]
[6.02000000e+02 1.56000000e+02 2.95705331e-01 5.00000000e+00]
[2.90000000e+02 5.30000000e+02 2.96749256e-01 2.00000000e+00]
[6.37000000e+02 3.33000000e+02 2.97009886e-01 5.00000000e+00]
[6.38000000e+02 5.20000000e+01 2.97894471e-01 3.00000000e+00]
[186.         199.           0.29990306   2.        ]
[2.13000000e+02 3.86000000e+02 3.00697029e-01 2.00000000e+00]
[2.30000000e+01 5.95000000e+02 3.00792759e-01 4.00000000e+00]
[6.35000000e+02 4.48000000e+02 3.03303299e-01 1.80000000e+01]
[1.40000000e+01 4.33000000e+02 3.05118648e-01 2.00000000e+00]
[265.         275.           0.30937162   2.        ]
[1.15000000e+02 6.65000000e+02 3.12110376e-01 6.00000000e+00]
[ 27.         172.           0.31794745   2.        ]
[3.18000000e+02 5.09000000e+02 3.19358317e-01 2.00000000e+00]
[6.70000000e+02 1.94000000e+02 3.20071563e-01 1.90000000e+01]
[6.43000000e+02 3.80000000e+01 3.20302498e-01 3.00000000e+00]
[8.00000000e+01 4.09000000e+02 3.20751908e-01 2.00000000e+00]
[5.56000000e+02 3.58000000e+02 3.21195435e-01 3.00000000e+00]
[6.59000000e+02 6.55000000e+02 3.21971171e-01 1.40000000e+01]
[2.48000000e+02 5.16000000e+02 3.23194188e-01 2.00000000e+00]
[287.         324.           0.32672628   2.        ]
[6.60000000e+01 5.53000000e+02 3.30884475e-01 3.00000000e+00]
[5.67000000e+02 6.31000000e+02 3.34641585e-01 4.00000000e+00]
[5.75000000e+02 1.51000000e+02 3.37557389e-01 3.00000000e+00]
[1.57000000e+02 4.95000000e+02 3.37887598e-01 2.00000000e+00]
[6.54000000e+02 2.72000000e+02 3.39158863e-01 4.00000000e+00]
[6.69000000e+02 3.50000000e+02 3.39556031e-01 5.00000000e+00]
[6.51000000e+02 3.40000000e+02 3.40842363e-01 1.50000000e+01]
[5.90000000e+01 6.40000000e+02 3.42821761e-01 1.00000000e+01]
[3.13000000e+02 3.78000000e+02 3.44314589e-01 2.00000000e+00]
[227.         259.           0.34566181   2.        ]
[1.42000000e+02 5.19000000e+02 3.49140487e-01 2.00000000e+00]
[ 35.        160.          0.3499396   2.       ]
[1.32000000e+02 3.72000000e+02 3.51968385e-01 2.00000000e+00]
[6.14000000e+02 1.92000000e+02 3.52446867e-01 3.00000000e+00]
[3.5600000e+02 4.6700000e+02 3.5307517e-01 2.0000000e+00]
[6.60000000e+02 6.39000000e+02 3.54325413e-01 4.00000000e+00]
[6.92000000e+02 4.91000000e+02 3.56378394e-01 3.00000000e+00]
[6.58000000e+02 3.21000000e+02 3.56859804e-01 6.00000000e+00]
[6.76000000e+02 2.52000000e+02 3.57346255e-01 2.00000000e+01]
[2.60000000e+02 5.08000000e+02 3.61042347e-01 2.00000000e+00]
[4.20000000e+01 4.84000000e+02 3.61092816e-01 2.00000000e+00]
[6.800000e+02 4.690000e+02 3.615414e-01 1.500000e+01]
[ 58.         263.           0.36423263   2.        ]
[6.88000000e+02 6.57000000e+02 3.66017097e-01 8.00000000e+00]
[335.         338.           0.36722237   2.        ]
[1.00000000e+01 6.17000000e+02 3.68196501e-01 4.00000000e+00]
[6.73000000e+02 2.08000000e+02 3.68203223e-01 7.00000000e+00]
[6.77000000e+02 6.45000000e+02 3.69925519e-01 6.00000000e+00]
[6.94000000e+02 7.01000000e+02 3.71738153e-01 2.20000000e+01]
[7.00000000e+02 2.78000000e+02 3.73333129e-01 7.00000000e+00]
[6.5300000e+02 6.8700000e+02 3.7445751e-01 6.0000000e+00]
[2.50000000e+01 4.04000000e+02 3.74545897e-01 2.00000000e+00]
[6.79000000e+02 2.55000000e+02 3.75435211e-01 4.00000000e+00]
[6.98000000e+02 6.72000000e+02 3.81012565e-01 6.00000000e+00]
[6.89000000e+02 6.99000000e+02 3.82406062e-01 1.80000000e+01]
[2.32000000e+02 6.15000000e+02 3.83667935e-01 3.00000000e+00]
[2.37000000e+02 4.90000000e+02 3.83672311e-01 2.00000000e+00]
[118.         374.           0.38881556   2.        ]
[3.65000000e+02 4.43000000e+02 3.90934609e-01 2.00000000e+00]
[5.84000000e+02 3.60000000e+02 3.91586125e-01 3.00000000e+00]
[7.13000000e+02 7.06000000e+02 3.91838187e-01 1.40000000e+01]
[1.73000000e+02 4.87000000e+02 3.92391664e-01 2.00000000e+00]
[6.63000000e+02 6.67000000e+02 3.92477909e-01 7.00000000e+00]
[4.08000000e+02 4.50000000e+02 3.93550263e-01 2.00000000e+00]
[6.75000000e+02 5.13000000e+02 3.93844826e-01 3.00000000e+00]
[4.60000000e+01 6.20000000e+02 3.98807526e-01 3.00000000e+00]
[6.4800000e+02 5.9700000e+02 4.0040026e-01 4.0000000e+00]
[7.17000000e+02 7.10000000e+02 4.01138719e-01 2.40000000e+01]
[7.0200000e+02 4.6500000e+02 4.0116958e-01 3.0000000e+00]
[7.04000000e+02 7.11000000e+02 4.05158114e-01 3.70000000e+01]
[4.40000000e+01 4.52000000e+02 4.07503244e-01 2.00000000e+00]
[7.12000000e+02 3.57000000e+02 4.07522519e-01 8.00000000e+00]
[6.56000000e+02 7.09000000e+02 4.09535671e-01 1.00000000e+01]
[11.         15.          0.40996473  2.        ]
[193.         279.           0.41049863   2.        ]
[ 18.        105.          0.4130406   2.       ]
[7.23000000e+02 6.62000000e+02 4.13074953e-01 1.60000000e+01]
[1.00000000e+02 4.53000000e+02 4.15554745e-01 2.00000000e+00]
[7.50000000e+01 4.85000000e+02 4.17950548e-01 2.00000000e+00]
[6.91000000e+02 5.21000000e+02 4.18283349e-01 3.00000000e+00]
[146.         391.           0.41865465   2.        ]
[7.03000000e+02 4.88000000e+02 4.18956264e-01 3.00000000e+00]
[2.50000000e+02 4.42000000e+02 4.19854725e-01 2.00000000e+00]
[5.73000000e+02 6.61000000e+02 4.20799252e-01 4.00000000e+00]
[139.         241.           0.42168075   2.        ]
[7.34000000e+02 6.30000000e+02 4.22278722e-01 1.10000000e+01]
[5.52000000e+02 5.06000000e+02 4.23552759e-01 3.00000000e+00]
[ 82.         127.           0.42411755   2.        ]
[1.88000000e+02 6.22000000e+02 4.24244536e-01 3.00000000e+00]
[158.         410.           0.42479177   2.        ]
[2.02000000e+02 4.34000000e+02 4.25775281e-01 2.00000000e+00]
[138.         284.           0.42810114   2.        ]
[6.81000000e+02 4.12000000e+02 4.29435081e-01 3.00000000e+00]
[6.8500000e+02 3.9500000e+02 4.3116534e-01 4.0000000e+00]
[3.84000000e+02 7.29000000e+02 4.31633707e-01 5.00000000e+00]
[6.95000000e+02 2.44000000e+02 4.33062089e-01 3.00000000e+00]
[6.06000000e+02 7.40000000e+02 4.33957102e-01 4.00000000e+00]
[1.37000000e+02 6.86000000e+02 4.35074818e-01 3.00000000e+00]
[120.         163.           0.43662268   2.        ]
[6.84000000e+02 2.96000000e+02 4.36699566e-01 5.00000000e+00]
[ 88.         435.           0.43692477   2.        ]
[7.10000000e+01 4.62000000e+02 4.37781194e-01 2.00000000e+00]
[7.15000000e+02 6.11000000e+02 4.40624701e-01 6.00000000e+00]
[7.08000000e+02 1.62000000e+02 4.41332756e-01 5.00000000e+00]
[7.39000000e+02 7.62000000e+02 4.41422157e-01 2.10000000e+01]
[1.68000000e+02 7.31000000e+02 4.41775437e-01 4.00000000e+00]
[2.24000000e+02 5.37000000e+02 4.43086227e-01 2.00000000e+00]
[ 32.         254.           0.44470627   2.        ]
[2.22000000e+02 5.10000000e+02 4.44881209e-01 2.00000000e+00]
[ 83.         331.           0.44734444   2.        ]
[7.32000000e+02 1.83000000e+02 4.48184817e-01 3.80000000e+01]
[3.73000000e+02 4.79000000e+02 4.48731584e-01 2.00000000e+00]
[1.34000000e+02 5.39000000e+02 4.49994203e-01 2.00000000e+00]
[7.28000000e+02 6.29000000e+02 4.50970835e-01 5.00000000e+00]
[7.30000000e+02 3.87000000e+02 4.51495688e-01 2.50000000e+01]
[6.41000000e+02 3.71000000e+02 4.54087803e-01 3.00000000e+00]
[1.67000000e+02 7.53000000e+02 4.54399859e-01 3.00000000e+00]
[6.90000000e+02 1.74000000e+02 4.55554515e-01 1.10000000e+01]
[117.         280.           0.45771938   2.        ]
[57.        97.         0.4593133  2.       ]
[7.7300000e+02 7.1600000e+02 4.5941553e-01 4.4000000e+01]
[4.5000000e+01 7.5800000e+02 4.6038881e-01 4.0000000e+00]
[7.77000000e+02 6.82000000e+02 4.61189846e-01 2.70000000e+01]
[7.26000000e+02 4.63000000e+02 4.63075838e-01 3.00000000e+00]
[370.         459.           0.46343485   2.        ]
[7.45000000e+02 4.83000000e+02 4.64567269e-01 3.00000000e+00]
[7.66000000e+02 6.70000000e+01 4.65688608e-01 6.00000000e+00]
[7.50000000e+02 1.82000000e+02 4.66227234e-01 3.00000000e+00]
[7.80000000e+02 6.96000000e+02 4.67093696e-01 1.40000000e+01]
[7.67000000e+02 7.68000000e+02 4.69212485e-01 2.50000000e+01]
[5.10000000e+01 6.19000000e+02 4.69599226e-01 3.00000000e+00]
[7.47000000e+02 7.51000000e+02 4.71508648e-01 5.00000000e+00]
[7.14000000e+02 7.69000000e+02 4.72125597e-01 4.00000000e+00]
[2.80000000e+01 7.07000000e+02 4.73276679e-01 3.00000000e+00]
[6.93000000e+02 5.07000000e+02 4.74174864e-01 3.00000000e+00]
[7.25000000e+02 7.46000000e+02 4.75324504e-01 1.10000000e+01]
[1.61000000e+02 6.46000000e+02 4.76362925e-01 3.00000000e+00]
[7.8500000e+02 4.8000000e+01 4.7757954e-01 2.8000000e+01]
[7.48000000e+02 7.27000000e+02 4.78375747e-01 1.40000000e+01]
[7.60000000e+02 2.43000000e+02 4.78753419e-01 4.00000000e+00]
[1.0600000e+02 7.5200000e+02 4.7972262e-01 3.0000000e+00]
[1.02000000e+02 6.00000000e+02 4.80922843e-01 3.00000000e+00]
[7.9200000e+02 7.6500000e+02 4.8140296e-01 3.1000000e+01]
[3.60000000e+01 7.63000000e+02 4.81599322e-01 3.00000000e+00]
[5.91000000e+02 1.75000000e+02 4.82727011e-01 3.00000000e+00]
[7.20000000e+02 3.85000000e+02 4.83717765e-01 3.00000000e+00]
[7.75000000e+02 5.14000000e+02 4.86028581e-01 3.00000000e+00]
[6.09000000e+02 5.99000000e+02 4.86060053e-01 4.00000000e+00]
[4.55000000e+02 5.26000000e+02 4.86131936e-01 2.00000000e+00]
[7.76000000e+02 5.24000000e+02 4.86557281e-01 6.00000000e+00]
[8.00000000e+02 7.38000000e+02 4.87535655e-01 3.00000000e+01]
[203.        362.          0.4883262   2.       ]
[111.        349.          0.4896033   2.       ]
[ 55.         107.           0.48962851   2.        ]
[7.43000000e+02 7.86000000e+02 4.89872111e-01 5.00000000e+00]
[7.36000000e+02 5.04000000e+02 4.90361518e-01 3.00000000e+00]
[332.         451.           0.49083429   2.        ]
[4.78000000e+02 5.29000000e+02 4.90947721e-01 2.00000000e+00]
[7.83000000e+02 7.72000000e+02 4.91957332e-01 4.60000000e+01]
[6.64000000e+02 4.03000000e+02 4.92001064e-01 3.00000000e+00]
[2.60000000e+01 7.93000000e+02 4.92049859e-01 4.00000000e+00]
[ 39.        432.          0.4945477   2.       ]
[326.         420.           0.49652374   2.        ]
[8.01000000e+02 7.49000000e+02 4.97807001e-01 1.70000000e+01]
[238.         424.           0.49884117   2.        ]
[449.         482.           0.49884936   2.        ]
[6.28000000e+02 7.54000000e+02 4.99329505e-01 4.00000000e+00]
[8.17000000e+02 1.84000000e+02 4.99763484e-01 6.00000000e+00]
[294.         472.           0.50146221   2.        ]
[6.74000000e+02 4.40000000e+02 5.03222473e-01 3.00000000e+00]
[3.61000000e+02 5.27000000e+02 5.03648486e-01 2.00000000e+00]
[8.30000000e+02 7.57000000e+02 5.04694104e-01 1.10000000e+01]
[7.35000000e+02 7.79000000e+02 5.05121544e-01 1.30000000e+01]
[7.59000000e+02 7.41000000e+02 5.07001175e-01 6.00000000e+00]
[179.         417.           0.50708415   2.        ]
[31.         96.          0.50778427  2.        ]
[7.64000000e+02 6.97000000e+02 5.08658994e-01 4.00000000e+00]
[ 22.         471.           0.51178608   2.        ]
[8.0500000e+02 8.1200000e+02 5.1190397e-01 3.7000000e+01]
[8.21000000e+02 2.64000000e+02 5.14009417e-01 4.70000000e+01]
[7.90000000e+01 7.88000000e+02 5.16007652e-01 4.00000000e+00]
[1.3300000e+02 7.5500000e+02 5.1622857e-01 4.0000000e+00]
[8.42000000e+02 2.66000000e+02 5.17910204e-01 4.80000000e+01]
[8.19000000e+02 6.34000000e+02 5.18672581e-01 4.00000000e+00]
[7.44000000e+02 1.26000000e+02 5.19265473e-01 4.00000000e+00]
[ 53.         231.           0.51934928   2.        ]
[0.00000000e+00 5.80000000e+02 5.19634382e-01 3.00000000e+00]
[398.         399.           0.51964938   2.        ]
[390.         430.           0.52102373   2.        ]
[8.41000000e+02 7.70000000e+02 5.22517183e-01 3.90000000e+01]
[6.78000000e+02 1.41000000e+02 5.22815621e-01 3.00000000e+00]
[355.        441.          0.5230404   2.       ]
[6.71000000e+02 3.63000000e+02 5.23165476e-01 3.00000000e+00]
[ 60.         337.           0.52327411   2.        ]
[8.07000000e+02 3.52000000e+02 5.23626589e-01 4.00000000e+00]
[1.89000000e+02 5.35000000e+02 5.23653574e-01 2.00000000e+00]
[7.05000000e+02 1.98000000e+02 5.24559282e-01 3.00000000e+00]
[8.0900000e+02 8.0200000e+02 5.2552166e-01 7.0000000e+00]
[191.         258.           0.52915668   2.        ]
[8.16000000e+02 7.91000000e+02 5.32689732e-01 1.60000000e+01]
[343.         422.           0.53421775   2.        ]
[7.96000000e+02 1.16000000e+02 5.36041273e-01 4.00000000e+00]
[8.04000000e+02 8.52000000e+02 5.37840663e-01 4.20000000e+01]
[7.90000000e+02 3.47000000e+02 5.39311036e-01 4.00000000e+00]
[7.82000000e+02 2.26000000e+02 5.41378452e-01 3.00000000e+00]
[7.56000000e+02 2.99000000e+02 5.41660624e-01 5.00000000e+00]
[8.57000000e+02 3.89000000e+02 5.42287037e-01 5.00000000e+00]
[8.65000000e+02 8.36000000e+02 5.42468526e-01 4.80000000e+01]
[8.38000000e+02 8.70000000e+02 5.42759028e-01 5.00000000e+01]
[5.64000000e+02 2.23000000e+02 5.42902431e-01 4.00000000e+00]
[7.95000000e+02 8.26000000e+02 5.43464638e-01 2.10000000e+01]
[8.45000000e+02 8.66000000e+02 5.47375615e-01 5.20000000e+01]
[306.         446.           0.54955883   2.        ]
[8.29000000e+02 8.15000000e+02 5.51287399e-01 6.00000000e+00]
[7.37000000e+02 7.18000000e+02 5.52295459e-01 5.00000000e+00]
[6.90000000e+01 8.60000000e+02 5.53427694e-01 8.00000000e+00]
[3.53000000e+02 7.78000000e+02 5.57218654e-01 4.00000000e+00]
[6.07000000e+02 4.96000000e+02 5.57751378e-01 3.00000000e+00]
[8.22000000e+02 6.47000000e+02 5.58405061e-01 5.00000000e+00]
[  7.        159.          0.5594518   2.       ]
[8.25000000e+02 8.63000000e+02 5.59666058e-01 4.00000000e+00]
[7.70000000e+01 7.21000000e+02 5.60958092e-01 3.00000000e+00]
[2.17000000e+02 7.71000000e+02 5.61996275e-01 3.00000000e+00]
[8.32000000e+02 4.16000000e+02 5.63539126e-01 4.00000000e+00]
[8.64000000e+02 3.51000000e+02 5.65907012e-01 5.00000000e+00]
[8.69000000e+02 3.75000000e+02 5.66272701e-01 6.00000000e+00]
[7.98000000e+02 8.43000000e+02 5.66690749e-01 1.50000000e+01]
[8.13000000e+02 2.35000000e+02 5.71092763e-01 3.10000000e+01]
[4.70000000e+01 8.61000000e+02 5.71791111e-01 3.00000000e+00]
[3.44000000e+02 8.11000000e+02 5.73197584e-01 3.00000000e+00]
[8.49000000e+02 8.87000000e+02 5.73715329e-01 8.00000000e+00]
[6.42000000e+02 6.52000000e+02 5.73745872e-01 5.00000000e+00]
[7.94000000e+02 5.01000000e+02 5.75430177e-01 6.00000000e+00]
[1.97000000e+02 8.81000000e+02 5.75448093e-01 6.00000000e+00]
[8.06000000e+02 2.28000000e+02 5.79320735e-01 4.00000000e+00]
[8.90000000e+02 2.86000000e+02 5.79610781e-01 3.20000000e+01]
[7.99000000e+02 8.14000000e+02 5.79916971e-01 5.00000000e+00]
[273.         354.           0.58177671   2.        ]
[7.33000000e+02 4.01000000e+02 5.81830163e-01 3.00000000e+00]
[8.34000000e+02 7.19000000e+02 5.82270703e-01 1.30000000e+01]
[8.59000000e+02 8.37000000e+02 5.82732316e-01 5.00000000e+00]
[8.72000000e+02 8.71000000e+02 5.85363735e-01 5.40000000e+01]
[376.         494.           0.58576563   2.        ]
[131.         425.           0.58687911   2.        ]
[6.01000000e+02 8.54000000e+02 5.87940659e-01 4.00000000e+00]
[8.73000000e+02 8.94000000e+02 5.88128011e-01 2.60000000e+01]
[8.95000000e+02 4.64000000e+02 5.88880267e-01 7.00000000e+00]
[8.78000000e+02 7.81000000e+02 5.89839418e-01 1.00000000e+01]
[8.24000000e+02 8.28000000e+02 5.89967068e-01 4.00000000e+00]
[7.84000000e+02 8.27000000e+02 5.91186517e-01 6.00000000e+00]
[8.98000000e+02 8.89000000e+02 5.93995858e-01 4.70000000e+01]
[8.23000000e+02 8.20000000e+02 5.94254738e-01 6.00000000e+00]
[6.83000000e+02 8.76000000e+02 5.94923005e-01 9.00000000e+00]
[9.06000000e+02 3.10000000e+02 5.95273906e-01 3.00000000e+00]
[8.97000000e+02 7.74000000e+02 5.96306723e-01 6.00000000e+00]
[8.47000000e+02 4.98000000e+02 5.97783146e-01 5.00000000e+00]
[6.66000000e+02 8.77000000e+02 5.99421261e-01 8.00000000e+00]
[8.1000000e+02 8.9100000e+02 6.0244645e-01 7.0000000e+00]
[7.42000000e+02 8.46000000e+02 6.02986119e-01 7.00000000e+00]
[8.93000000e+02 8.96000000e+02 6.03410176e-01 1.40000000e+01]
[8.83000000e+02 9.05000000e+02 6.03834114e-01 6.00000000e+00]
[5.6000000e+01 6.6800000e+02 6.0437085e-01 3.0000000e+00]
[8.55000000e+02 8.39000000e+02 6.06036111e-01 7.00000000e+00]
[8.58000000e+02 4.57000000e+02 6.06913853e-01 3.00000000e+00]
[  2.         341.           0.60829807   2.        ]
[8.03000000e+02 9.02000000e+02 6.09475973e-01 1.60000000e+01]
[9.40000000e+01 6.25000000e+02 6.10420108e-01 3.00000000e+00]
[8.18000000e+02 8.56000000e+02 6.13193964e-01 5.00000000e+00]
[7.22000000e+02 5.31000000e+02 6.14013686e-01 4.00000000e+00]
[8.86000000e+02 7.97000000e+02 6.14789971e-01 7.00000000e+00]
[8.79000000e+02 5.20000000e+02 6.15215675e-01 5.00000000e+00]
[9.29000000e+02 8.51000000e+02 6.15746732e-01 5.00000000e+00]
[8.75000000e+02 4.58000000e+02 6.16811795e-01 3.00000000e+00]
[9.22000000e+02 9.11000000e+02 6.17176665e-01 1.80000000e+01]
[8.35000000e+02 2.53000000e+02 6.18579365e-01 1.40000000e+01]
[9.04000000e+02 3.88000000e+02 6.21463636e-01 5.50000000e+01]
[9.08000000e+02 9.28000000e+02 6.22221732e-01 4.20000000e+01]
[9.14000000e+02 1.10000000e+02 6.22364664e-01 7.00000000e+00]
[7.61000000e+02 6.05000000e+02 6.23983277e-01 4.00000000e+00]
[8.68000000e+02 9.37000000e+02 6.26156668e-01 1.90000000e+01]
[8.40000000e+02 1.49000000e+02 6.26660834e-01 3.00000000e+00]
[8.5300000e+02 8.8800000e+02 6.2916235e-01 9.0000000e+00]
[8.74000000e+02 2.11000000e+02 6.29997524e-01 5.30000000e+01]
[9.00000000e+02 8.31000000e+02 6.30932001e-01 4.00000000e+00]
[8.6700000e+02 9.2300000e+02 6.3338054e-01 9.0000000e+00]
[ 8.         85.          0.63479782  2.        ]
[7.89000000e+02 2.68000000e+02 6.34854469e-01 7.00000000e+00]
[212.         456.           0.63497005   2.        ]
[9.45000000e+02 5.05000000e+02 6.35236943e-01 5.40000000e+01]
[9.36000000e+02 8.99000000e+02 6.36810804e-01 2.30000000e+01]
[8.4800000e+02 4.4700000e+02 6.3761032e-01 3.0000000e+00]
[9.10000000e+02 9.07000000e+02 6.39259228e-01 1.40000000e+01]
[9.5100000e+02 8.8000000e+02 6.4073317e-01 5.7000000e+01]
[190.         293.           0.64321257   2.        ]
[8.82000000e+02 4.21000000e+02 6.44963681e-01 3.00000000e+00]
[9.55000000e+02 7.24000000e+02 6.48967014e-01 5.90000000e+01]
[9.20000000e+02 1.14000000e+02 6.51046856e-01 8.00000000e+00]
[9.13000000e+02 9.15000000e+02 6.51695471e-01 5.60000000e+01]
[9.52000000e+02 9.30000000e+02 6.51886249e-01 2.80000000e+01]
[9.49000000e+02 6.50000000e+02 6.52066767e-01 9.00000000e+00]
[9.420000e+02 9.210000e+02 6.527087e-01 2.600000e+01]
[9.24000000e+02 3.68000000e+02 6.53529333e-01 4.00000000e+00]
[633.        282.          0.6563752   3.       ]
[9.38000000e+02 9.09000000e+02 6.56893371e-01 6.20000000e+01]
[466.         500.           0.65951875   2.        ]
[9.60000000e+02 3.30000000e+02 6.60050957e-01 5.70000000e+01]
[476.         499.           0.66200692   2.        ]
[267.         419.           0.66244253   2.        ]
[9.47000000e+02 8.85000000e+02 6.65577915e-01 1.20000000e+01]
[9.01000000e+02 8.44000000e+02 6.69010259e-01 7.00000000e+00]
[9.25000000e+02 9.43000000e+02 6.69299542e-01 1.00000000e+01]
[9.39000000e+02 9.17000000e+02 6.70177763e-01 4.80000000e+01]
[9.2600000e+02 5.2500000e+02 6.7569442e-01 4.0000000e+00]
[9.66000000e+02 9.54000000e+02 6.75831064e-01 7.60000000e+01]
[9.68000000e+02 9.46000000e+02 6.78435431e-01 6.10000000e+01]
[9.76000000e+02 8.84000000e+02 6.78825398e-01 7.90000000e+01]
[9.61000000e+02 9.78000000e+02 6.79974321e-01 1.07000000e+02]
[9.57000000e+02 9.33000000e+02 6.81898013e-01 8.00000000e+00]
[9.58000000e+02 4.30000000e+01 6.83775791e-01 6.00000000e+01]
[9.40000000e+02 9.44000000e+02 6.84254609e-01 1.60000000e+01]
[9.32000000e+02 3.04000000e+02 6.84767101e-01 8.00000000e+00]
[9.03000000e+02 9.34000000e+02 6.85520755e-01 1.00000000e+01]
[9.64000000e+02 9.71000000e+02 6.86418455e-01 1.60000000e+01]
[9.65000000e+02 8.33000000e+02 6.90211987e-01 5.00000000e+00]
[1.30000000e+01 9.56000000e+02 6.90477963e-01 3.00000000e+00]
[9.1600000e+02 8.9200000e+02 6.9318323e-01 6.0000000e+00]
[9.8100000e+02 8.0800000e+02 6.9374209e-01 6.3000000e+01]
[9.73000000e+02 9.63000000e+02 6.95101728e-01 3.60000000e+01]
[9.7700000e+02 9.4800000e+02 6.9522706e-01 6.3000000e+01]
[9.74000000e+02 8.50000000e+02 6.98651839e-01 5.00000000e+01]
[9.7900000e+02 9.9100000e+02 6.9950242e-01 1.7000000e+02]
[215.         515.           0.70246397   2.        ]
[411.         431.           0.70351261   2.        ]
[9.80000000e+02 9.85000000e+02 7.05957664e-01 2.40000000e+01]
[1.20000000e+01 9.12000000e+02 7.07078484e-01 7.00000000e+00]
[9.70000000e+02 7.87000000e+02 7.11284919e-01 4.00000000e+00]
[9.92000000e+02 3.25000000e+02 7.12045336e-01 5.10000000e+01]
[9.41000000e+02 4.93000000e+02 7.12152374e-01 5.00000000e+00]
[2.42000000e+02 9.35000000e+02 7.13236307e-01 4.00000000e+00]
[9.18000000e+02 2.92000000e+02 7.13342204e-01 6.00000000e+00]
[9.82000000e+02 1.00000000e+03 7.13783397e-01 2.10000000e+01]
[9.72000000e+02 3.11000000e+02 7.22054542e-01 8.00000000e+00]
[9.2700000e+02 9.9900000e+02 7.2383507e-01 5.3000000e+01]
[9.19000000e+02 4.75000000e+02 7.28017813e-01 9.00000000e+00]
[9.93000000e+02 9.86000000e+02 7.28839567e-01 1.75000000e+02]
[257.         407.           0.73305955   2.        ]
[474.         536.           0.73887567   2.        ]
[ 99.         470.           0.74164373   2.        ]
[8.62000000e+02 1.77000000e+02 7.43819746e-01 1.70000000e+01]
[9.90000000e+02 9.95000000e+02 7.48055082e-01 3.80000000e+01]
[9.83000000e+02 9.59000000e+02 7.48749611e-01 1.60000000e+01]
[8.40000000e+01 1.01300000e+03 7.50912217e-01 1.70000000e+01]
[166.         312.           0.75129262   2.        ]
[5.82000000e+02 9.50000000e+02 7.56450355e-01 4.00000000e+00]
[9.89000000e+02 3.92000000e+02 7.59524434e-01 6.40000000e+01]
[1.01100000e+03 2.01000000e+02 7.59869109e-01 1.80000000e+01]
[9.94000000e+02 5.34000000e+02 7.60409596e-01 3.00000000e+00]
[9.84000000e+02 3.64000000e+02 7.62215204e-01 1.10000000e+01]
[1.01200000e+03 1.81000000e+02 7.68305101e-01 3.90000000e+01]
[1.00700000e+03 9.62000000e+02 7.70524174e-01 1.84000000e+02]
[2.81000000e+02 9.69000000e+02 7.72425488e-01 3.00000000e+00]
[9.96000000e+02 9.97000000e+02 7.74692252e-01 3.10000000e+01]
[9.53000000e+02 1.71000000e+02 7.81784387e-01 4.00000000e+00]
[1.02200000e+03 1.02100000e+03 7.82171392e-01 2.23000000e+02]
[1.01700000e+03 1.00600000e+03 7.82724975e-01 7.30000000e+01]
[1.02600000e+03 9.88000000e+02 7.87467754e-01 2.29000000e+02]
[1.01900000e+03 2.88000000e+02 7.88144539e-01 4.00000000e+00]
[1.87000000e+02 9.67000000e+02 7.91165648e-01 3.00000000e+00]
[1.02400000e+03 9.75000000e+02 7.92999732e-01 3.50000000e+01]
[1.02800000e+03 1.00400000e+03 7.98879823e-01 2.37000000e+02]
[1.0320000e+03 9.9800000e+02 8.0298391e-01 2.4100000e+02]
[1.03300000e+03 1.03100000e+03 8.05693706e-01 2.76000000e+02]
[1.00200e+03 1.02300e+03 8.06758e-01 9.00000e+00]
[1.01400000e+03 1.01500000e+03 8.14187049e-01 1.90000000e+01]
[1.03400000e+03 1.00300000e+03 8.20469822e-01 2.97000000e+02]
[1.00100000e+03 3.79000000e+02 8.22164244e-01 5.00000000e+00]
[1.00500000e+03 6.10000000e+02 8.22752453e-01 5.50000000e+01]
[1.02500000e+03 6.21000000e+02 8.30539741e-01 6.00000000e+00]
[1.03700000e+03 1.00900000e+03 8.32827497e-01 2.99000000e+02]
[1.04100000e+03 9.31000000e+02 8.35361494e-01 3.03000000e+02]
[1.00800000e+03 3.14000000e+02 8.36190436e-01 3.00000000e+00]
[1.04200000e+03 9.87000000e+02 8.40567628e-01 3.06000000e+02]
[1.04400000e+03 1.01000000e+03 8.48761751e-01 3.08000000e+02]
[1.03600000e+03 1.01000000e+02 8.54053067e-01 2.00000000e+01]
[342.       481.         0.857463   2.      ]
[1.04500000e+03 1.04000000e+03 8.67964706e-01 3.14000000e+02]
[ 89.         497.           0.86926393   2.        ]
[1.0480000e+03 1.0270000e+03 8.7271013e-01 3.8700000e+02]
[1.03500000e+03 2.34000000e+02 8.79165574e-01 1.00000000e+01]
[568.         147.           0.89792492   3.        ]
[1.05000000e+03 1.01800000e+03 8.98714776e-01 4.05000000e+02]
[1.04600000e+03 1.04300000e+03 9.07179419e-01 2.30000000e+01]
[377.         533.           0.92384157   2.        ]
[1.02000000e+03 1.04700000e+03 9.23958225e-01 1.30000000e+01]
[1.05300000e+03 1.05400000e+03 9.26846478e-01 4.28000000e+02]
[1.05100000e+03 3.19000000e+02 9.32908054e-01 1.10000000e+01]
[1.05600000e+03 1.02900000e+03 9.45554628e-01 1.70000000e+01]
[1.05200000e+03 3.23000000e+02 9.47947352e-01 4.00000000e+00]
[1.05700000e+03 1.05800000e+03 9.56705524e-01 4.39000000e+02]
[1.06100000e+03 2.89000000e+02 9.71252149e-01 4.40000000e+02]
[1.03000000e+03 1.03800000e+03 9.77137626e-01 8.00000000e+00]
[1.05900000e+03 1.69000000e+02 9.87537069e-01 1.80000000e+01]
[1.06200000e+03 1.01600000e+03 9.91642293e-01 4.44000000e+02]
[1.06400000e+03 2.77000000e+02 9.95526504e-01 1.90000000e+01]
[1.06500000e+03 1.08000000e+02 1.00494647e+00 4.45000000e+02]
[1.06000000e+03 3.16000000e+02 1.01352467e+00 5.00000000e+00]
[1.05500000e+03 4.29000000e+02 1.01589681e+00 3.00000000e+00]
[1.06700000e+03 1.06600000e+03 1.03228784e+00 4.64000000e+02]
[1070.         1049.            1.07209229  466.        ]
[1071.          86.           1.0885713  467.       ]
[145.         502.           1.10574575   2.        ]
[1072.         1063.            1.11323451  475.        ]
[1074.        1068.           1.1389497  480.       ]
[1075.         1073.            1.19117959  482.        ]
[1076.         1069.            1.19294031  485.        ]
[1077.         1039.            1.20601946  540.        ]
