[64. 68.  0.  2.]
[540.  93.   0.   3.]
[541. 123.   0.   4.]
[542. 214.   0.   5.]
[543. 261.   0.   6.]
[ 78. 125.   0.   2.]
[ 95. 152.   0.   2.]
[546. 240.   0.   3.]
[547. 301.   0.   4.]
[548. 308.   0.   5.]
[549. 220.   0.   6.]
[307. 550.   0.   7.]
[ 90. 518.   0.   2.]
[103. 196.   0.   2.]
[136. 336.   0.   2.]
[140. 271.   0.   2.]
[178. 245.   0.   2.]
[205. 251.   0.   2.]
[270. 555.   0.   3.]
[300. 302.   0.   2.]
[5.51000000e+02 2.95000000e+02 4.33857667e-09 8.00000000e+00]
[3.59000000e+02 4.13000000e+02 1.05367121e-08 2.00000000e+00]
[8.10000000e+01 5.60000000e+02 1.11678177e-08 9.00000000e+00]
[1.00000000e+00 2.16000000e+02 1.49011612e-08 2.00000000e+00]
[5.63000000e+02 1.13000000e+02 1.49011612e-08 3.00000000e+00]
[5.45000000e+02 3.15000000e+02 1.49011612e-08 3.00000000e+00]
[5.5800000e+02 1.7000000e+02 1.6313995e-08 4.0000000e+00]
[6.00000000e+00 1.29000000e+02 2.10734243e-08 2.00000000e+00]
[2.40000000e+01 4.23000000e+02 2.10734243e-08 2.00000000e+00]
[7.40000000e+01 9.10000000e+01 2.10734243e-08 2.00000000e+00]
[5.69000000e+02 3.17000000e+02 2.10734243e-08 3.00000000e+00]
[5.59000000e+02 4.68000000e+02 2.48352687e-08 3.00000000e+00]
[5.00000000e+01 1.35000000e+02 2.58095683e-08 2.00000000e+00]
[7.20000000e+01 4.37000000e+02 2.58095683e-08 2.00000000e+00]
[5.72000000e+02 3.29000000e+02 2.58095683e-08 3.00000000e+00]
[6.10000000e+01 2.36000000e+02 3.65002415e-08 2.00000000e+00]
[4.00000000e+02 5.66000000e+02 5.37269007e-08 5.00000000e+00]
[5.70000000e+02 2.74000000e+02 5.67419313e-08 4.00000000e+00]
[3.80000000e+02 5.76000000e+02 7.10900258e-03 6.00000000e+00]
[4.00000000e+00 2.62000000e+02 7.76465778e-02 2.00000000e+00]
[2.1800000e+02 5.0300000e+02 8.7211259e-02 2.0000000e+00]
[2.06000000e+02 3.22000000e+02 8.86922706e-02 2.00000000e+00]
[21.         40.          0.09350565  2.        ]
[5.74000000e+02 1.30000000e+02 9.46658145e-02 4.00000000e+00]
[3.09000000e+02 3.94000000e+02 1.12224508e-01 2.00000000e+00]
[1.65000000e+02 2.91000000e+02 1.18331128e-01 2.00000000e+00]
[5.77000000e+02 1.64000000e+02 1.27776511e-01 5.00000000e+00]
[5.62000000e+02 4.80000000e+02 1.33817757e-01 1.00000000e+01]
[5.86000000e+02 1.21000000e+02 1.35532393e-01 6.00000000e+00]
[5.71000000e+02 5.57000000e+02 1.43404925e-01 5.00000000e+00]
[3.00000000e+00 2.21000000e+02 1.48691008e-01 2.00000000e+00]
[1.2400000e+02 3.0500000e+02 1.4955632e-01 2.0000000e+00]
[2.98000000e+02 5.78000000e+02 1.51089562e-01 7.00000000e+00]
[ 54.         148.           0.15697852   2.        ]
[5.540e+02 1.760e+02 1.574e-01 3.000e+00]
[1.28000000e+02 5.85000000e+02 1.58230341e-01 3.00000000e+00]
[4.36000000e+02 5.22000000e+02 1.62587302e-01 2.00000000e+00]
[3.39000000e+02 4.73000000e+02 1.69118312e-01 2.00000000e+00]
[1.09000000e+02 5.89000000e+02 1.69475524e-01 6.00000000e+00]
[3.20000000e+02 4.06000000e+02 1.69709512e-01 2.00000000e+00]
[2.10000000e+02 3.83000000e+02 1.70968334e-01 2.00000000e+00]
[9.00000000e+00 5.65000000e+02 1.75256852e-01 4.00000000e+00]
[5.32000000e+02 4.77000000e+02 1.79253896e-01 2.00000000e+00]
[2.19000000e+02 4.54000000e+02 1.79803073e-01 2.00000000e+00]
[1.43000000e+02 4.45000000e+02 1.80001928e-01 2.00000000e+00]
[4.9000000e+01 2.4600000e+02 1.8108457e-01 2.0000000e+00]
[3.0300000e+02 3.6900000e+02 1.8180906e-01 2.0000000e+00]
[5.92000000e+02 5.79000000e+02 1.82198358e-01 9.00000000e+00]
[5.83000000e+02 5.87000000e+02 1.82310878e-01 1.40000000e+01]
[3.00000000e+01 2.09000000e+02 1.85276753e-01 2.00000000e+00]
[4.02000000e+02 4.89000000e+02 1.87549653e-01 2.00000000e+00]
[2.29000000e+02 6.07000000e+02 1.95313403e-01 1.00000000e+01]
[3.48000000e+02 3.67000000e+02 1.96169944e-01 2.00000000e+00]
[5.88000000e+02 2.04000000e+02 1.98906219e-01 7.00000000e+00]
[ 62.         180.           0.20098178   2.        ]
[9.20000000e+01 2.69000000e+02 2.03990406e-01 2.00000000e+00]
[4.92000000e+02 5.23000000e+02 2.05679554e-01 2.00000000e+00]
[6.08000000e+02 1.54000000e+02 2.06150957e-01 1.50000000e+01]
[2.30000000e+02 6.02000000e+02 2.06557304e-01 3.00000000e+00]
[5.81000000e+02 2.25000000e+02 2.10840301e-01 3.00000000e+00]
[1.22000000e+02 4.28000000e+02 2.19005482e-01 2.00000000e+00]
[2.47000000e+02 2.49000000e+02 2.22428302e-01 2.00000000e+00]
[6.30000000e+01 4.26000000e+02 2.23268164e-01 2.00000000e+00]
[3.97000000e+02 4.44000000e+02 2.24477733e-01 2.00000000e+00]
[3.27000000e+02 5.38000000e+02 2.27627898e-01 2.00000000e+00]
[5.90000000e+02 5.44000000e+02 2.28508954e-01 8.00000000e+00]
[1.53000000e+02 6.13000000e+02 2.28662463e-01 8.00000000e+00]
[3.9600000e+02 4.1400000e+02 2.3104327e-01 2.0000000e+00]
[3.28000000e+02 6.17000000e+02 2.32148799e-01 1.60000000e+01]
[ 73.         200.           0.23291441   2.        ]
[6.20000000e+02 5.28000000e+02 2.34042774e-01 3.00000000e+00]
[65.         76.          0.23836196  2.        ]
[3.45000000e+02 5.67000000e+02 2.39024135e-01 3.00000000e+00]
[ 98.         155.           0.23975298   2.        ]
[1.70000000e+01 2.83000000e+02 2.40677947e-01 2.00000000e+00]
[2.39000000e+02 6.28000000e+02 2.41824189e-01 1.70000000e+01]
[8.70000000e+01 6.26000000e+02 2.45032067e-01 9.00000000e+00]
[4.15000000e+02 4.60000000e+02 2.45132734e-01 2.00000000e+00]
[6.110000e+02 3.340000e+02 2.525208e-01 1.100000e+01]
[5.95000000e+02 2.33000000e+02 2.53783725e-01 4.00000000e+00]
[4.10000000e+01 6.16000000e+02 2.55508854e-01 3.00000000e+00]
[2.07000000e+02 6.38000000e+02 2.55739465e-01 1.20000000e+01]
[3.66000000e+02 5.17000000e+02 2.57811161e-01 2.00000000e+00]
[6.30000000e+02 2.78000000e+02 2.58207529e-01 4.00000000e+00]
[1.4400000e+02 5.6100000e+02 2.6227702e-01 3.0000000e+00]
[119.          38.           0.26241497   2.        ]
[5.9300000e+02 6.2500000e+02 2.6456501e-01 1.0000000e+01]
[185.         195.           0.26467016   2.        ]
[1.50000000e+02 6.46000000e+02 2.66087232e-01 1.10000000e+01]
[3.46000000e+02 4.38000000e+02 2.68507585e-01 2.00000000e+00]
[4.18000000e+02 4.61000000e+02 2.68693299e-01 2.00000000e+00]
[2.9000000e+01 4.8600000e+02 2.7167803e-01 2.0000000e+00]
[6.35000000e+02 4.48000000e+02 2.73183393e-01 1.80000000e+01]
[2.97000000e+02 4.27000000e+02 2.74158236e-01 2.00000000e+00]
[1.60000000e+01 4.39000000e+02 2.77025331e-01 2.00000000e+00]
[2.00000000e+01 6.45000000e+02 2.77283888e-01 3.00000000e+00]
[6.43000000e+02 5.12000000e+02 2.79101432e-01 5.00000000e+00]
[6.33000000e+02 2.85000000e+02 2.83305992e-01 3.00000000e+00]
[ 19.        104.          0.2839697   2.       ]
[6.14000000e+02 1.12000000e+02 2.85765787e-01 3.00000000e+00]
[6.03000000e+02 5.94000000e+02 2.86131402e-01 5.00000000e+00]
[3.30000000e+01 6.56000000e+02 2.88024469e-01 6.00000000e+00]
[ 5.         34.          0.29121814  2.        ]
[2.76000000e+02 6.32000000e+02 2.93574695e-01 4.00000000e+00]
[3.93000000e+02 5.11000000e+02 2.93669718e-01 2.00000000e+00]
[3.81000000e+02 4.05000000e+02 2.95526253e-01 2.00000000e+00]
[6.01000000e+02 1.56000000e+02 2.95705331e-01 5.00000000e+00]
[2.90000000e+02 5.30000000e+02 2.96749256e-01 2.00000000e+00]
[6.39000000e+02 6.59000000e+02 2.97009886e-01 7.00000000e+00]
[186.         199.           0.29990306   2.        ]
[2.13000000e+02 3.86000000e+02 3.00697029e-01 2.00000000e+00]
[1.40000000e+01 4.33000000e+02 3.05118648e-01 2.00000000e+00]
[2.65000000e+02 6.41000000e+02 3.09371622e-01 1.30000000e+01]
[3.7000000e+01 6.6000000e+02 3.1618805e-01 6.0000000e+00]
[ 27.         172.           0.31794745   2.        ]
[3.18000000e+02 5.09000000e+02 3.19358317e-01 2.00000000e+00]
[8.00000000e+01 4.09000000e+02 3.20751908e-01 2.00000000e+00]
[5.56000000e+02 6.57000000e+02 3.21195435e-01 5.00000000e+00]
[6.7700000e+02 3.5800000e+02 3.2238829e-01 6.0000000e+00]
[2.48000000e+02 5.16000000e+02 3.23194188e-01 2.00000000e+00]
[287.         324.           0.32672628   2.        ]
[6.62000000e+02 2.75000000e+02 3.28384552e-01 3.00000000e+00]
[5.98000000e+02 3.40000000e+02 3.29725681e-01 7.00000000e+00]
[6.60000000e+01 5.53000000e+02 3.30884475e-01 3.00000000e+00]
[2.3000000e+01 6.7300000e+02 3.3362914e-01 7.0000000e+00]
[1.15000000e+02 6.68000000e+02 3.36776955e-01 8.00000000e+00]
[5.75000000e+02 1.51000000e+02 3.37557389e-01 3.00000000e+00]
[1.57000000e+02 4.95000000e+02 3.37887598e-01 2.00000000e+00]
[6.84000000e+02 3.50000000e+02 3.39848708e-01 8.00000000e+00]
[2.7200000e+02 6.5400000e+02 3.4049011e-01 3.0000000e+00]
[6.36000000e+02 6.15000000e+02 3.40571821e-01 1.10000000e+01]
[6.55000000e+02 6.48000000e+02 3.41863005e-01 1.40000000e+01]
[6.90000000e+02 1.92000000e+02 3.42398751e-01 1.20000000e+01]
[3.13000000e+02 3.78000000e+02 3.44314589e-01 2.00000000e+00]
[2.2700000e+02 6.8200000e+02 3.4566181e-01 8.0000000e+00]
[1.42000000e+02 5.19000000e+02 3.49140487e-01 2.00000000e+00]
[3.50000000e+01 6.52000000e+02 3.49939598e-01 1.90000000e+01]
[6.58000000e+02 6.96000000e+02 3.50556225e-01 2.10000000e+01]
[1.32000000e+02 3.72000000e+02 3.51968385e-01 2.00000000e+00]
[2.59000000e+02 6.94000000e+02 3.52416004e-01 9.00000000e+00]
[6.61000000e+02 3.21000000e+02 3.52447751e-01 7.00000000e+00]
[3.5600000e+02 4.6700000e+02 3.5307517e-01 2.0000000e+00]
[3.33000000e+02 6.85000000e+02 3.60139188e-01 9.00000000e+00]
[2.60000000e+02 5.08000000e+02 3.61042347e-01 2.00000000e+00]
[4.20000000e+01 4.84000000e+02 3.61092816e-01 2.00000000e+00]
[6.81000000e+02 6.72000000e+02 3.61685613e-01 1.60000000e+01]
[ 58.         263.           0.36423263   2.        ]
[6.99000000e+02 4.91000000e+02 3.64356896e-01 1.00000000e+01]
[ 70.         183.           0.36710393   2.        ]
[335.         338.           0.36722237   2.        ]
[1.00000000e+01 6.19000000e+02 3.68196501e-01 4.00000000e+00]
[2.50000000e+01 4.04000000e+02 3.74545897e-01 2.00000000e+00]
[2.02000000e+02 6.89000000e+02 3.77126843e-01 4.00000000e+00]
[5.20000000e+01 6.40000000e+02 3.80741292e-01 4.00000000e+00]
[2.37000000e+02 4.90000000e+02 3.83672311e-01 2.00000000e+00]
[194.         252.           0.38636186   2.        ]
[7.13000000e+02 3.82000000e+02 3.86947328e-01 5.00000000e+00]
[118.         374.           0.38881556   2.        ]
[3.65000000e+02 4.43000000e+02 3.90934609e-01 2.00000000e+00]
[7.02000000e+02 7.12000000e+02 3.91558851e-01 1.30000000e+01]
[5.84000000e+02 3.60000000e+02 3.91586125e-01 3.00000000e+00]
[1.73000000e+02 4.87000000e+02 3.92391664e-01 2.00000000e+00]
[6.66000000e+02 6.88000000e+02 3.92477909e-01 1.30000000e+01]
[4.08000000e+02 4.50000000e+02 3.93550263e-01 2.00000000e+00]
[6.75000000e+02 5.13000000e+02 3.93844826e-01 3.00000000e+00]
[6.78000000e+02 2.55000000e+02 3.96884426e-01 7.00000000e+00]
[6.97000000e+02 7.08000000e+02 3.97892909e-01 2.30000000e+01]
[4.60000000e+01 6.22000000e+02 3.98807526e-01 3.00000000e+00]
[5.9600000e+02 7.0000000e+02 4.0040026e-01 9.0000000e+00]
[4.6500000e+02 6.6300000e+02 4.0116958e-01 5.0000000e+00]
[7.07000000e+02 3.87000000e+02 4.05668653e-01 1.10000000e+01]
[4.40000000e+01 4.52000000e+02 4.07503244e-01 2.00000000e+00]
[2.0800000e+02 7.1900000e+02 4.0932957e-01 1.4000000e+01]
[11.         15.          0.40996473  2.        ]
[193.         279.           0.41049863   2.        ]
[7.26000000e+02 1.60000000e+02 4.12295668e-01 2.40000000e+01]
[1.80000000e+01 6.91000000e+02 4.13040601e-01 1.50000000e+01]
[3.84000000e+02 6.50000000e+02 4.13355455e-01 3.00000000e+00]
[4.53000000e+02 6.05000000e+02 4.15554745e-01 3.00000000e+00]
[7.35000000e+02 8.30000000e+01 4.15606327e-01 2.50000000e+01]
[5.90000000e+01 6.92000000e+02 4.17246364e-01 1.30000000e+01]
[7.50000000e+01 4.85000000e+02 4.17950548e-01 2.00000000e+00]
[6.93000000e+02 5.21000000e+02 4.18283349e-01 3.00000000e+00]
[146.         391.           0.41865465   2.        ]
[7.04000000e+02 4.88000000e+02 4.18956264e-01 3.00000000e+00]
[2.50000000e+02 6.64000000e+02 4.19854725e-01 3.00000000e+00]
[7.3900000e+02 1.2700000e+02 4.2006528e-01 2.6000000e+01]
[2.41000000e+02 6.87000000e+02 4.21680751e-01 3.00000000e+00]
[1.00000000e+02 7.38000000e+02 4.23506931e-01 4.00000000e+00]
[5.52000000e+02 3.60000000e+01 4.23552759e-01 3.00000000e+00]
[6.24000000e+02 7.25000000e+02 4.24244536e-01 9.00000000e+00]
[158.         410.           0.42479177   2.        ]
[7.46000000e+02 8.20000000e+01 4.25511533e-01 2.70000000e+01]
[7.52000000e+02 7.05000000e+02 4.27032778e-01 4.30000000e+01]
[138.         284.           0.42810114   2.        ]
[7.53000000e+02 4.69000000e+02 4.28392392e-01 4.40000000e+01]
[7.22000000e+02 6.69000000e+02 4.28882247e-01 1.50000000e+01]
[6.79000000e+02 4.12000000e+02 4.29435081e-01 3.00000000e+00]
[6.8600000e+02 4.4200000e+02 4.3116534e-01 4.0000000e+00]
[5.73000000e+02 1.68000000e+02 4.32603521e-01 3.00000000e+00]
[6.98000000e+02 7.32000000e+02 4.33062089e-01 1.60000000e+01]
[7.0300000e+02 7.2900000e+02 4.3535048e-01 7.0000000e+00]
[120.         163.           0.43662268   2.        ]
[ 88.         435.           0.43692477   2.        ]
[7.10000000e+01 4.62000000e+02 4.37781194e-01 2.00000000e+00]
[1.8800000e+02 7.5000000e+02 4.3848669e-01 1.0000000e+01]
[4.63000000e+02 7.23000000e+02 4.40309573e-01 3.00000000e+00]
[7.10000000e+02 1.62000000e+02 4.41332756e-01 5.00000000e+00]
[5.37000000e+02 7.11000000e+02 4.43086227e-01 3.00000000e+00]
[2.96000000e+02 6.65000000e+02 4.43401679e-01 3.00000000e+00]
[6.70000000e+01 7.36000000e+02 4.44436436e-01 1.60000000e+01]
[3.20000000e+01 7.70000000e+02 4.44706269e-01 1.70000000e+01]
[2.22000000e+02 5.10000000e+02 4.44881209e-01 2.00000000e+00]
[1.37000000e+02 7.48000000e+02 4.47725122e-01 5.00000000e+00]
[3.73000000e+02 4.79000000e+02 4.48731584e-01 2.00000000e+00]
[1.34000000e+02 5.39000000e+02 4.49994203e-01 2.00000000e+00]
[6.31000000e+02 7.71000000e+02 4.50088728e-01 1.90000000e+01]
[7.58000000e+02 3.95000000e+02 4.52922704e-01 5.00000000e+00]
[1.67000000e+02 7.60000000e+02 4.54071747e-01 1.70000000e+01]
[6.42000000e+02 3.71000000e+02 4.54087803e-01 3.00000000e+00]
[5.06000000e+02 7.28000000e+02 4.54589221e-01 1.00000000e+01]
[7.68000000e+02 7.51000000e+02 4.55852513e-01 5.00000000e+00]
[6.1200000e+02 4.3400000e+02 4.5698542e-01 3.0000000e+00]
[1.17000000e+02 7.40000000e+02 4.57719378e-01 1.40000000e+01]
[57.        97.         0.4593133  2.       ]
[3.57000000e+02 7.80000000e+02 4.60123269e-01 1.10000000e+01]
[7.27000000e+02 7.76000000e+02 4.61345936e-01 2.20000000e+01]
[7.30000000e+02 7.45000000e+02 4.63325198e-01 1.40000000e+01]
[370.         459.           0.46343485   2.        ]
[7.66000000e+02 7.37000000e+02 4.67940108e-01 6.00000000e+00]
[2.24000000e+02 7.81000000e+02 4.68884455e-01 6.00000000e+00]
[5.10000000e+01 6.21000000e+02 4.69599226e-01 3.00000000e+00]
[7.61000000e+02 7.69000000e+02 4.72066746e-01 1.00000000e+01]
[2.80000000e+01 7.09000000e+02 4.73276679e-01 3.00000000e+00]
[4.83000000e+02 7.59000000e+02 4.73784551e-01 4.00000000e+00]
[7.15000000e+02 7.89000000e+02 4.73816745e-01 8.00000000e+00]
[6.95000000e+02 5.07000000e+02 4.74174864e-01 3.00000000e+00]
[7.47000000e+02 7.65000000e+02 4.75393706e-01 1.30000000e+01]
[6.47000000e+02 4.51000000e+02 4.76362925e-01 3.00000000e+00]
[1.39000000e+02 7.97000000e+02 4.80535036e-01 1.40000000e+01]
[1.02000000e+02 5.99000000e+02 4.80922843e-01 3.00000000e+00]
[5.91000000e+02 1.75000000e+02 4.82727011e-01 3.00000000e+00]
[7.17000000e+02 3.85000000e+02 4.83717765e-01 3.00000000e+00]
[7.87000000e+02 7.56000000e+02 4.83836599e-01 2.90000000e+01]
[7.4300000e+02 7.9500000e+02 4.8473816e-01 1.0000000e+01]
[7.75000000e+02 5.14000000e+02 4.86028581e-01 3.00000000e+00]
[6.09000000e+02 5.97000000e+02 4.86060053e-01 4.00000000e+00]
[4.55000000e+02 5.26000000e+02 4.86131936e-01 2.00000000e+00]
[203.        362.          0.4883262   2.       ]
[3.490000e+02 8.030000e+02 4.896033e-01 3.000000e+01]
[ 55.         107.           0.48962851   2.        ]
[4.80000000e+01 8.09000000e+02 4.89727027e-01 3.10000000e+01]
[7.33000000e+02 5.04000000e+02 4.90361518e-01 3.00000000e+00]
[4.78000000e+02 7.91000000e+02 4.90947721e-01 4.00000000e+00]
[6.67000000e+02 7.98000000e+02 4.92001064e-01 5.00000000e+00]
[7.85000000e+02 7.49000000e+02 4.93441988e-01 1.40000000e+01]
[ 39.        432.          0.4945477   2.       ]
[ 45.         244.           0.49524148   2.        ]
[4.20000000e+02 7.64000000e+02 4.96523744e-01 3.00000000e+00]
[238.         424.           0.49884117   2.        ]
[449.         482.           0.49884936   2.        ]
[7.54000000e+02 8.11000000e+02 4.99329505e-01 3.30000000e+01]
[7.92000000e+02 4.72000000e+02 5.00483887e-01 1.10000000e+01]
[2.80000000e+02 8.22000000e+02 5.02227105e-01 1.20000000e+01]
[7.86000000e+02 5.24000000e+02 5.02714041e-01 2.30000000e+01]
[6.74000000e+02 4.40000000e+02 5.03222473e-01 3.00000000e+00]
[7.73000000e+02 7.94000000e+02 5.03458311e-01 9.00000000e+00]
[3.61000000e+02 5.27000000e+02 5.03648486e-01 2.00000000e+00]
[5.29000000e+02 8.13000000e+02 5.04628945e-01 5.00000000e+00]
[8.15000000e+02 7.90000000e+02 5.06314734e-01 2.00000000e+01]
[6.18000000e+02 8.29000000e+02 5.06446952e-01 2.30000000e+01]
[4.17000000e+02 6.27000000e+02 5.07084154e-01 3.00000000e+00]
[7.41000000e+02 8.26000000e+02 5.07598023e-01 1.10000000e+01]
[9.60000000e+01 8.00000000e+02 5.07784271e-01 4.00000000e+00]
[4.71000000e+02 6.70000000e+02 5.11786079e-01 3.00000000e+00]
[8.04000000e+02 7.63000000e+02 5.15182742e-01 1.20000000e+01]
[191.         403.           0.51555044   2.        ]
[1.3300000e+02 7.5700000e+02 5.1622857e-01 4.0000000e+00]
[7.44000000e+02 1.26000000e+02 5.19265473e-01 4.00000000e+00]
[ 53.         231.           0.51934928   2.        ]
[5.80000000e+02 8.12000000e+02 5.19634382e-01 5.00000000e+00]
[398.         399.           0.51964938   2.        ]
[3.31000000e+02 8.35000000e+02 5.19680986e-01 1.30000000e+01]
[6.37000000e+02 7.78000000e+02 5.20198728e-01 1.90000000e+01]
[8.330000e+02 8.240000e+02 5.209183e-01 2.700000e+01]
[4.30000000e+02 8.31000000e+02 5.21023728e-01 4.00000000e+00]
[326.         343.           0.52254938   2.        ]
[6.76000000e+02 1.41000000e+02 5.22815621e-01 3.00000000e+00]
[355.        441.          0.5230404   2.       ]
[3.63000000e+02 7.01000000e+02 5.23165476e-01 3.00000000e+00]
[ 60.         337.           0.52327411   2.        ]
[3.52000000e+02 8.28000000e+02 5.23599215e-01 6.00000000e+00]
[1.89000000e+02 5.35000000e+02 5.23653574e-01 2.00000000e+00]
[7.06000000e+02 1.98000000e+02 5.24559282e-01 3.00000000e+00]
[7.55000000e+02 2.64000000e+02 5.24812512e-01 4.50000000e+01]
[8.3000000e+02 7.2400000e+02 5.2664561e-01 2.6000000e+01]
[1.82000000e+02 8.54000000e+02 5.26920409e-01 4.60000000e+01]
[6.71000000e+02 2.20000000e+01 5.30103239e-01 3.00000000e+00]
[8.01000000e+02 8.51000000e+02 5.31602295e-01 9.00000000e+00]
[6.29000000e+02 8.21000000e+02 5.35624635e-01 3.50000000e+01]
[7.93000000e+02 8.32000000e+02 5.36041273e-01 1.40000000e+01]
[7.77000000e+02 8.43000000e+02 5.36088422e-01 2.40000000e+01]
[2.58000000e+02 8.36000000e+02 5.36670017e-01 3.00000000e+00]
[254.         354.           0.53781494   2.        ]
[8.1400000e+02 6.4900000e+02 5.3862371e-01 7.0000000e+00]
[8.44000000e+02 1.97000000e+02 5.38690253e-01 2.80000000e+01]
[3.10000000e+01 8.65000000e+02 5.40936381e-01 2.90000000e+01]
[7.84000000e+02 2.26000000e+02 5.41378452e-01 3.00000000e+00]
[7.34000000e+02 2.32000000e+02 5.41926323e-01 3.00000000e+00]
[7.82000000e+02 8.66000000e+02 5.42574819e-01 3.20000000e+01]
[5.64000000e+02 8.23000000e+02 5.42902431e-01 1.50000000e+01]
[6.90000000e+01 6.83000000e+02 5.42993722e-01 4.00000000e+00]
[1.11000000e+02 8.59000000e+02 5.45694543e-01 3.60000000e+01]
[7.83000000e+02 1.74000000e+02 5.46413017e-01 1.50000000e+01]
[8.42000000e+02 8.56000000e+02 5.47405022e-01 5.90000000e+01]
[0.00000000e+00 8.60000000e+02 5.48559435e-01 1.50000000e+01]
[306.         458.           0.54955883   2.        ]
[116.         286.           0.55632025   2.        ]
[7.79000000e+02 7.96000000e+02 5.57218654e-01 6.00000000e+00]
[4.96000000e+02 8.74000000e+02 5.57751378e-01 6.00000000e+01]
[8.46000000e+02 8.18000000e+02 5.58110583e-01 5.00000000e+00]
[1.59000000e+02 8.75000000e+02 5.59451804e-01 1.60000000e+01]
[7.70000000e+01 7.18000000e+02 5.60958092e-01 3.00000000e+00]
[2.43000000e+02 7.99000000e+02 5.61681124e-01 1.50000000e+01]
[8.49000000e+02 4.22000000e+02 5.61854354e-01 4.00000000e+00]
[2.17000000e+02 7.72000000e+02 5.61996275e-01 3.00000000e+00]
[7.00000000e+00 8.81000000e+02 5.62216843e-01 1.70000000e+01]
[8.55000000e+02 3.41000000e+02 5.62392712e-01 2.70000000e+01]
[4.46000000e+02 8.67000000e+02 5.63503601e-01 4.00000000e+00]
[8.25000000e+02 4.16000000e+02 5.63539126e-01 4.00000000e+00]
[8.70000000e+02 3.32000000e+02 5.66258036e-01 1.60000000e+01]
[8.0800000e+02 8.6100000e+02 5.6782205e-01 2.6000000e+01]
[8.90000000e+02 2.99000000e+02 5.68443495e-01 1.70000000e+01]
[3.44000000e+02 8.07000000e+02 5.73197584e-01 3.00000000e+00]
[8.92000000e+02 8.69000000e+02 5.73627425e-01 4.90000000e+01]
[8.58000000e+02 3.89000000e+02 5.73716055e-01 1.00000000e+01]
[6.44000000e+02 6.53000000e+02 5.73745872e-01 5.00000000e+00]
[2.60000000e+01 8.80000000e+02 5.75334993e-01 6.00000000e+00]
[1.61000000e+02 8.64000000e+02 5.77929521e-01 8.00000000e+00]
[8.53000000e+02 8.45000000e+02 5.79548739e-01 7.00000000e+00]
[6.00000000e+02 8.40000000e+02 5.79681609e-01 7.00000000e+00]
[8.05000000e+02 8.83000000e+02 5.79748466e-01 1.80000000e+01]
[7.31000000e+02 8.37000000e+02 5.81830163e-01 6.00000000e+00]
[3.76000000e+02 8.38000000e+02 5.85765632e-01 5.00000000e+00]
[4.25000000e+02 8.94000000e+02 5.86879113e-01 5.00000000e+01]
[8.63000000e+02 2.94000000e+02 5.87777347e-01 3.00000000e+00]
[1.05000000e+02 8.62000000e+02 5.88628921e-01 4.00000000e+00]
[8.10000000e+02 8.73000000e+02 5.89748772e-01 1.70000000e+01]
[8.20000000e+02 3.51000000e+02 5.89967068e-01 3.00000000e+00]
[8.06000000e+02 6.51000000e+02 5.90411903e-01 6.00000000e+00]
[8.39000000e+02 4.01000000e+02 5.92009267e-01 3.00000000e+00]
[2.28000000e+02 7.74000000e+02 5.92285459e-01 3.00000000e+00]
[7.16000000e+02 8.68000000e+02 5.93872405e-01 8.00000000e+00]
[5.01000000e+02 9.04000000e+02 5.93953054e-01 5.10000000e+01]
[8.16000000e+02 9.08000000e+02 5.94792059e-01 5.00000000e+00]
[3.10000000e+02 9.13000000e+02 5.95761754e-01 5.20000000e+01]
[8.19000000e+02 8.78000000e+02 5.97970271e-01 8.00000000e+00]
[3.47000000e+02 8.79000000e+02 5.98667944e-01 6.10000000e+01]
[7.67000000e+02 9.01000000e+02 5.99820318e-01 2.30000000e+01]
[8.95000000e+02 8.47000000e+02 6.00591526e-01 1.30000000e+01]
[2.00000000e+00 8.87000000e+02 6.04741933e-01 2.80000000e+01]
[4.94000000e+02 9.03000000e+02 6.06543556e-01 6.00000000e+00]
[4.57000000e+02 9.16000000e+02 6.06913853e-01 9.00000000e+00]
[8.50000000e+01 8.52000000e+02 6.07842401e-01 3.00000000e+00]
[8.34000000e+02 8.91000000e+02 6.08077976e-01 2.90000000e+01]
[7.21000000e+02 2.56000000e+02 6.09666017e-01 3.00000000e+00]
[3.53000000e+02 9.22000000e+02 6.10877618e-01 1.00000000e+01]
[7.20000000e+02 5.31000000e+02 6.14013686e-01 4.00000000e+00]
[8.84000000e+02 9.15000000e+02 6.16525972e-01 5.60000000e+01]
[6.80000000e+02 3.30000000e+02 6.16927037e-01 3.00000000e+00]
[8.72000000e+02 8.71000000e+02 6.20152013e-01 4.00000000e+01]
[6.04000000e+02 9.19000000e+02 6.23983277e-01 1.50000000e+01]
[9.09000000e+02 7.62000000e+02 6.24330406e-01 8.00000000e+00]
[106.         325.           0.62495322   2.        ]
[7.90000000e+01 9.30000000e+02 6.25127201e-01 4.10000000e+01]
[1.8400000e+02 9.1700000e+02 6.2671288e-01 6.2000000e+01]
[2.53000000e+02 7.42000000e+02 6.28697861e-01 4.00000000e+00]
[4.21000000e+02 8.86000000e+02 6.30759565e-01 1.80000000e+01]
[1.90000000e+02 9.06000000e+02 6.34560156e-01 5.00000000e+00]
[8.57000000e+02 9.28000000e+02 6.34867921e-01 5.90000000e+01]
[212.         456.           0.63497005   2.        ]
[9.05000000e+02 2.73000000e+02 6.35429863e-01 4.00000000e+00]
[8.8900000e+02 3.0400000e+02 6.3591993e-01 5.0000000e+00]
[6.3400000e+02 9.0000000e+02 6.3649857e-01 9.0000000e+00]
[8.77000000e+02 8.98000000e+02 6.37533983e-01 1.00000000e+01]
[1.49000000e+02 9.24000000e+02 6.38308138e-01 3.00000000e+01]
[8.97000000e+02 9.26000000e+02 6.38541004e-01 1.60000000e+01]
[8.99000000e+02 3.90000000e+02 6.41322422e-01 8.00000000e+00]
[4.70000000e+01 9.32000000e+02 6.41683447e-01 9.00000000e+00]
[9.47000000e+02 1.79000000e+02 6.43489645e-01 9.00000000e+00]
[2.66000000e+02 9.35000000e+02 6.43695962e-01 6.30000000e+01]
[9.40000000e+01 9.49000000e+02 6.51973272e-01 1.00000000e+01]
[5.60000000e+01 9.37000000e+02 6.52712569e-01 1.90000000e+01]
[9.44000000e+02 9.14000000e+02 6.53109215e-01 1.50000000e+01]
[9.31000000e+02 9.12000000e+02 6.54385601e-01 2.30000000e+01]
[466.         500.           0.65951875   2.        ]
[131.         388.           0.66103361   2.        ]
[476.         499.           0.66200692   2.        ]
[2.67000000e+02 9.34000000e+02 6.62442532e-01 4.20000000e+01]
[2.8200000e+02 8.2700000e+02 6.6360635e-01 3.0000000e+00]
[2.11000000e+02 9.50000000e+02 6.63772509e-01 6.40000000e+01]
[9.48000000e+02 8.48000000e+02 6.65295536e-01 1.10000000e+01]
[9.18000000e+02 9.23000000e+02 6.67342435e-01 2.60000000e+01]
[8.85000000e+02 9.52000000e+02 6.67458068e-01 2.20000000e+01]
[8.17000000e+02 2.93000000e+02 6.67932345e-01 3.00000000e+00]
[9.61000000e+02 4.64000000e+02 6.69618195e-01 1.20000000e+01]
[9.45000000e+02 1.81000000e+02 6.72158146e-01 3.10000000e+01]
[8.96000000e+02 9.20000000e+02 6.72388586e-01 3.30000000e+01]
[8.50000000e+02 9.53000000e+02 6.73122265e-01 1.70000000e+01]
[5.05000000e+02 8.02000000e+02 6.73706431e-01 4.00000000e+00]
[9.6200000e+02 9.4300000e+02 6.7418991e-01 3.5000000e+01]
[2.68000000e+02 9.70000000e+02 6.74847661e-01 3.60000000e+01]
[9.10000000e+02 4.47000000e+02 6.82176674e-01 4.00000000e+00]
[9.63000000e+02 3.68000000e+02 6.82928766e-01 2.30000000e+01]
[9.67000000e+02 7.14000000e+02 6.84227599e-01 3.50000000e+01]
[9.42000000e+02 1.14000000e+02 6.86582826e-01 6.00000000e+00]
[9.58000000e+02 9.59000000e+02 6.86938368e-01 4.50000000e+01]
[9.7500000e+02 9.6500000e+02 6.8822392e-01 1.8000000e+01]
[9.76000000e+02 7.88000000e+02 6.91617067e-01 4.70000000e+01]
[4.9800000e+02 9.3900000e+02 6.9165875e-01 6.0000000e+01]
[4.75000000e+02 9.60000000e+02 6.93200912e-01 6.50000000e+01]
[9.02000000e+02 9.68000000e+02 6.94051323e-01 2.30000000e+01]
[2.35000000e+02 9.78000000e+02 6.94385644e-01 4.80000000e+01]
[9.4600000e+02 9.7300000e+02 6.9476022e-01 3.9000000e+01]
[110.         536.           0.69682396   2.        ]
[9.41000000e+02 9.38000000e+02 7.00489184e-01 9.00000000e+00]
[9.33000000e+02 9.11000000e+02 7.02035094e-01 5.00000000e+00]
[215.         515.           0.70246397   2.        ]
[4.11000000e+02 9.79000000e+02 7.03512611e-01 6.10000000e+01]
[9.54000000e+02 4.93000000e+02 7.09303862e-01 2.40000000e+01]
[9.89000000e+02 3.75000000e+02 7.12394208e-01 2.50000000e+01]
[9.83000000e+02 9.21000000e+02 7.13431369e-01 4.50000000e+01]
[9.56000000e+02 9.81000000e+02 7.14076215e-01 2.50000000e+01]
[9.69000000e+02 6.06000000e+02 7.16494611e-01 6.00000000e+00]
[9.77000000e+02 2.23000000e+02 7.16774264e-01 1.90000000e+01]
[2.92000000e+02 9.57000000e+02 7.18069357e-01 3.00000000e+00]
[9.91000000e+02 9.66000000e+02 7.23699889e-01 7.60000000e+01]
[4.07000000e+02 9.96000000e+02 7.28317291e-01 7.70000000e+01]
[9.82000000e+02 9.29000000e+02 7.28783726e-01 5.10000000e+01]
[9.64000000e+02 9.85000000e+02 7.29136264e-01 1.20000000e+01]
[8.76000000e+02 8.88000000e+02 7.34547497e-01 6.00000000e+00]
[9.86000000e+02 9.74000000e+02 7.41419919e-01 4.00000000e+01]
[4.70000000e+02 9.71000000e+02 7.41643733e-01 3.70000000e+01]
[9.97000000e+02 9.92000000e+02 7.45391519e-01 1.02000000e+02]
[9.9300000e+02 8.4100000e+02 7.4798423e-01 8.0000000e+00]
[9.07000000e+02 2.01000000e+02 7.49661964e-01 1.80000000e+01]
[8.40000000e+01 9.94000000e+02 7.50912217e-01 2.00000000e+01]
[1.66000000e+02 1.00600000e+03 7.51292616e-01 2.10000000e+01]
[9.99000000e+02 1.00300000e+03 7.51779465e-01 1.14000000e+02]
[9.3600000e+02 9.8800000e+02 7.5599346e-01 6.5000000e+01]
[145.         525.           0.75634079   2.        ]
[5.82000000e+02 9.40000000e+02 7.56450355e-01 4.00000000e+00]
[2.42000000e+02 1.00000000e+03 7.57991358e-01 7.00000000e+00]
[257.         520.           0.75969737   2.        ]
[8.0000000e+00 9.9800000e+02 7.5979957e-01 5.2000000e+01]
[1.00400e+03 3.92000e+02 7.60107e-01 9.00000e+00]
[9.87000000e+02 9.51000000e+02 7.60409596e-01 1.20000000e+01]
[8.82000000e+02 1.01400000e+03 7.64373199e-01 5.50000000e+01]
[9.9000000e+01 1.0020000e+03 7.7267734e-01 3.8000000e+01]
[9.84000000e+02 1.00800000e+03 7.75745529e-01 1.16000000e+02]
[9.2500000e+02 9.8000000e+02 7.7577151e-01 6.8000000e+01]
[1.00900000e+03 1.01800000e+03 7.76053733e-01 1.03000000e+02]
[1.00700000e+03 1.30000000e+01 7.83299495e-01 2.20000000e+01]
[3.12000000e+02 1.01700000e+03 7.83829315e-01 5.60000000e+01]
[1.01500000e+03 1.02000000e+03 7.83964428e-01 7.70000000e+01]
[4.30000000e+01 1.02400000e+03 7.91018384e-01 7.80000000e+01]
[1.87000000e+02 9.55000000e+02 7.91165648e-01 3.00000000e+00]
[9.72000000e+02 6.23000000e+02 7.93860987e-01 6.00000000e+00]
[9.95000000e+02 1.02700000e+03 8.06503849e-01 9.00000000e+00]
[1.71000000e+02 1.02100000e+03 8.07198435e-01 1.04000000e+02]
[1.00500000e+03 1.77000000e+02 8.14609445e-01 1.90000000e+01]
[1.01300000e+03 3.14000000e+02 8.16578329e-01 3.00000000e+00]
[1.20000000e+01 1.01900000e+03 8.17092411e-01 1.17000000e+02]
[1.01200000e+03 3.79000000e+02 8.24251886e-01 8.00000000e+00]
[1.02800000e+03 1.02900000e+03 8.24945347e-01 1.13000000e+02]
[1.03200000e+03 4.74000000e+02 8.26598661e-01 1.18000000e+02]
[4.31000000e+02 1.03400000e+03 8.36030671e-01 1.14000000e+02]
[1.01600000e+03 9.27000000e+02 8.36505262e-01 1.60000000e+01]
[ 89.       419.         0.837107   2.      ]
[5.34000000e+02 1.03700000e+03 8.41225748e-01 1.70000000e+01]
[1.02600000e+03 2.81000000e+02 8.41582344e-01 4.00000000e+00]
[1.02300000e+03 1.03500000e+03 8.52451042e-01 1.74000000e+02]
[342.       481.         0.857463   2.      ]
[2.88000000e+02 1.03900000e+03 8.58188405e-01 1.80000000e+01]
[1.00100000e+03 6.10000000e+02 8.68630401e-01 4.20000000e+01]
[1.01000000e+02 1.02200000e+03 8.71149789e-01 2.30000000e+01]
[1.02500000e+03 9.90000000e+02 8.79211981e-01 1.03000000e+02]
[1.03000000e+03 8.93000000e+02 8.81329419e-01 2.20000000e+01]
[3.11000000e+02 1.04100000e+03 8.85194578e-01 1.75000000e+02]
[5.68000000e+02 1.04200000e+03 8.97924918e-01 4.00000000e+00]
[1.01000000e+03 3.23000000e+02 9.13401254e-01 3.00000000e+00]
[1.69000000e+02 1.04500000e+03 9.16876608e-01 2.40000000e+01]
[1.0380000e+03 4.9700000e+02 9.2084749e-01 3.0000000e+00]
[377.         533.           0.92384157   2.        ]
[1.04900000e+03 1.47000000e+02 9.23898662e-01 5.00000000e+00]
[1.0360000e+03 1.0480000e+03 9.2508034e-01 2.8900000e+02]
[1.03100000e+03 1.05100000e+03 9.45069912e-01 2.70000000e+01]
[1.04700000e+03 1.05500000e+03 9.47681474e-01 3.11000000e+02]
[1.04600000e+03 1.04400000e+03 9.66551523e-01 1.45000000e+02]
[2.34000000e+02 1.05700000e+03 9.67998088e-01 3.12000000e+02]
[1.0430000e+03 1.0560000e+03 9.8265186e-01 4.5000000e+01]
[1.04000000e+03 1.05900000e+03 9.91828128e-01 3.16000000e+02]
[1.05000000e+03 1.03300000e+03 9.98544141e-01 1.10000000e+01]
[1.05300000e+03 1.05200000e+03 1.01589681e+00 5.00000000e+00]
[3.1600000e+02 1.0580000e+03 1.0268797e+00 1.4600000e+02]
[1.06000000e+03 2.77000000e+02 1.02746092e+00 4.60000000e+01]
[1.08000000e+02 1.06100000e+03 1.02859774e+00 3.17000000e+02]
[1.01100000e+03 1.06600000e+03 1.03893229e+00 3.21000000e+02]
[1.06700000e+03 1.06400000e+03 1.05402225e+00 4.67000000e+02]
[3.64000000e+02 1.06500000e+03 1.05698169e+00 4.70000000e+01]
[8.60000000e+01 1.06900000e+03 1.06520941e+00 4.80000000e+01]
[ 319.         1068.            1.07008448  468.        ]
[1062.         1071.            1.08842977  479.        ]
[ 502.         1072.            1.11200806  480.        ]
[1063.         429.           1.1242854    6.       ]
[ 289.         1073.            1.15843493  481.        ]
[1070.         1074.            1.20872816   54.        ]
[1054.         1076.            1.23013362   59.        ]
[1077.        1075.           1.2696598  540.       ]
