[50. 95.  0.  2.]
[540. 252.   0.   3.]
[541. 308.   0.   4.]
[542. 329.   0.   5.]
[ 33. 543.   0.   6.]
[544. 398.   0.   7.]
[545. 307.   0.   8.]
[546. 428.   0.   9.]
[61. 66.  0.  2.]
[548. 132.   0.   3.]
[549. 155.   0.   4.]
[550. 159.   0.   5.]
[551. 167.   0.   6.]
[552. 236.   0.   7.]
[553. 285.   0.   8.]
[554. 327.   0.   9.]
[555. 362.   0.  10.]
[556. 363.   0.  11.]
[557. 454.   0.  12.]
[558. 539.   0.  13.]
[ 69. 538.   0.   2.]
[ 91. 559.   0.  14.]
[ 74. 317.   0.   2.]
[ 78. 125.   0.   2.]
[ 81. 152.   0.   2.]
[ 86. 162.   0.   2.]
[565. 171.   0.   3.]
[566. 289.   0.   4.]
[567. 393.   0.   5.]
[568. 423.   0.   6.]
[569. 429.   0.   7.]
[570. 488.   0.   8.]
[ 90. 518.   0.   2.]
[301. 547.   0.  10.]
[135. 328.   0.   2.]
[140. 380.   0.   2.]
[200. 320.   0.   2.]
[210. 383.   0.   2.]
[218. 503.   0.   2.]
[309. 394.   0.   2.]
[378. 521.   0.   2.]
[5.74000000e+02 5.73000000e+02 4.73684211e-01 1.20000000e+01]
[5.62000000e+02 5.61000000e+02 4.81481481e-01 1.60000000e+01]
[  4. 262.   1.   2.]
[  9. 176.   1.   2.]
[571. 156.   1.   9.]
[ 15. 483.   1.   2.]
[292. 582.   1.  17.]
[ 27. 484.   1.   2.]
[ 30. 432.   1.   2.]
[370. 587.   1.  18.]
[230. 581.   1.  13.]
[ 53. 401.   1.   2.]
[ 59. 332.   1.   2.]
[564. 591.   1.  15.]
[560. 594.   1.  17.]
[ 70. 575.   1.   3.]
[563. 336.   1.   3.]
[ 89. 311.   1.   2.]
[ 99. 174.   1.   2.]
[103. 196.   1.   2.]
[109. 302.   1.   2.]
[111. 361.   1.   2.]
[126. 161.   1.   2.]
[186. 584.   1.   3.]
[190. 263.   1.   2.]
[577. 374.   1.   3.]
[220. 295.   1.   2.]
[277. 532.   1.   2.]
[335. 338.   1.   2.]
[580. 527.   1.   3.]
[585.         310.           1.04142136  10.        ]
[ 11.         611.           1.07531156  11.        ]
[596.         183.           1.16568542   4.        ]
[604.         199.           1.20806372   4.        ]
[612.          42.           1.25283165  12.        ]
[615.         589.           1.26524565  14.        ]
[588.         355.           1.27614237   3.        ]
[601.         221.           1.27614237   3.        ]
[605.         473.           1.27614237   3.        ]
[607.         239.           1.27614237   3.        ]
[616.         365.           1.29710986  15.        ]
[621.         590.           1.30442884  33.        ]
[617.         498.           1.31066017   4.        ]
[597.         136.           1.31066017   4.        ]
[620.         480.           1.31066017   4.        ]
[595.         178.           1.31562281  18.        ]
[626.        204.          1.3208118  19.       ]
[627.         272.           1.32548189  20.        ]
[623.          47.           1.33137085   5.        ]
[164.         614.           1.37426147   5.        ]
[  1.         216.           1.41421356   2.        ]
[631.         113.           1.41421356   3.        ]
[  6.         129.           1.41421356   2.        ]
[ 13.         314.           1.41421356   2.        ]
[ 14.         442.           1.41421356   2.        ]
[ 23.         511.           1.41421356   2.        ]
[ 37.         240.           1.41421356   2.        ]
[637.         243.           1.41421356   3.        ]
[ 52.         506.           1.41421356   2.        ]
[ 55.         133.           1.41421356   2.        ]
[ 68.         261.           1.41421356   2.        ]
[149.         576.           1.41421356   3.        ]
[642.         181.           1.41421356   4.        ]
[643.         267.           1.41421356   5.        ]
[644.         377.           1.41421356   6.        ]
[ 73.         241.           1.41421356   2.        ]
[646.         645.           1.41421356   8.        ]
[ 87.         117.           1.41421356   2.        ]
[134.         578.           1.41421356   3.        ]
[142.         519.           1.41421356   2.        ]
[147.         198.           1.41421356   2.        ]
[168.         280.           1.41421356   2.        ]
[170.         270.           1.41421356   2.        ]
[172.         339.           1.41421356   2.        ]
[654.         412.           1.41421356   3.        ]
[182.         628.           1.41421356  21.        ]
[193.         279.           1.41421356   2.        ]
[211.         528.           1.41421356   2.        ]
[219.         625.           1.41421356   5.        ]
[235.         659.           1.41421356   6.        ]
[255.         358.           1.41421356   2.        ]
[306.         535.           1.41421356   2.        ]
[313.         381.           1.41421356   2.        ]
[368.         411.           1.41421356   2.        ]
[647.         319.           1.41421356   9.        ]
[337.         403.           1.41421356   2.        ]
[343.         602.           1.41421356   3.        ]
[359.         413.           1.41421356   2.        ]
[664.         622.           1.41421356  35.        ]
[372.         499.           1.41421356   2.        ]
[396.         417.           1.41421356   2.        ]
[406.         430.           1.41421356   2.        ]
[419.         476.           1.41421356   2.        ]
[437.         504.           1.41421356   2.        ]
[443.         508.           1.41421356   2.        ]
[665.         459.           1.41421356  10.        ]
[676.         669.           1.48410717  45.        ]
[619.         670.           1.49367287   5.        ]
[610.         675.           1.49367287   5.        ]
[667.         673.           1.49897016   5.        ]
[600.         245.           1.52015931   3.        ]
[656.        658.          1.5217392  23.       ]
[636.         405.           1.60947571   3.        ]
[653.         468.           1.60947571   3.        ]
[592.         452.           1.62610506   3.        ]
[598.         674.           1.62610506   4.        ]
[679.         448.           1.63833777   6.        ]
[ 38.        618.          1.6525915   4.       ]
[108.         660.           1.67907793   7.        ]
[629.         516.           1.67907793   6.        ]
[677.        682.          1.6856442  68.       ]
[655.         248.           1.70710678   4.        ]
[ 3.         20.          1.73205081  2.        ]
[  7.         678.           1.73205081   6.        ]
[ 16.         439.           1.73205081   2.        ]
[ 17.         283.           1.73205081   2.        ]
[409.         686.           1.73205081   5.        ]
[638.         691.           1.73205081  71.        ]
[ 49.         246.           1.73205081   2.        ]
[260.         666.           1.73205081   3.        ]
[399.         700.           1.73205081   4.        ]
[ 60.         701.           1.73205081   5.        ]
[116.          88.           1.73205081   2.        ]
[ 71.         462.           1.73205081   2.        ]
[102.         175.           1.73205081   2.        ]
[104.         271.           1.73205081   2.        ]
[146.         326.           1.73205081   2.        ]
[151.         296.           1.73205081   2.        ]
[157.         350.           1.73205081   2.        ]
[180.         233.           1.73205081   2.        ]
[237.         690.           1.73205081   7.        ]
[247.         249.           1.73205081   2.        ]
[318.         639.           1.73205081   3.        ]
[341.         711.           1.73205081   8.        ]
[344.         502.           1.73205081   2.        ]
[346.         652.           1.73205081   3.        ]
[348.         367.           1.73205081   2.        ]
[353.         698.           1.73205081  72.        ]
[418.         461.           1.73205081   2.        ]
[438.         490.           1.73205081   2.        ]
[451.         472.           1.73205081   2.        ]
[496.         509.           1.73205081   2.        ]
[651.         714.           1.73205081  10.        ]
[635.          79.           1.73205081   3.        ]
[648.         153.           1.73205081   3.        ]
[122.         672.           1.73205081   3.        ]
[144.         668.           1.73205081   3.        ]
[662.         458.           1.73205081   3.        ]
[681.         603.           1.74606523   5.        ]
[624.         315.           1.78564065   5.        ]
[650.         201.           1.80473785   3.        ]
[ 63.         703.           1.82136721   3.        ]
[238.         608.           1.82136721   3.        ]
[687.         722.           1.84506589   8.        ]
[613.         340.           1.87138439   5.        ]
[713.         325.           1.89282032   4.        ]
[680.         718.           1.89317287  77.        ]
[689.         274.           1.89631803   8.        ]
[ 26.         697.           1.89777005   6.        ]
[694.         466.           1.89995404   7.        ]
[586.         96.          1.9106836   3.       ]
[740.         724.           1.93087246  10.        ]
[634.         723.           1.93120377  12.        ]
[734.         422.           1.94612007   9.        ]
[739.         141.           1.95353184   7.        ]
[716.         526.           1.95909442   4.        ]
[599.         729.           1.96260193   7.        ]
[244.         737.           1.97472471  78.        ]
[685.        187.          1.9920297   4.       ]
[749.         481.           1.99362376   5.        ]
[750.         494.           1.99468646   6.        ]
[751.         606.           1.99544554   9.        ]
[21. 40.  2.  2.]
[486. 731.   2.   4.]
[ 39. 234.   2.   2.]
[755. 268.   2.   3.]
[756. 364.   2.   4.]
[757. 497.   2.   5.]
[758. 728.   2.   8.]
[ 41. 382.   2.   2.]
[ 46. 741.   2.   4.]
[ 62. 202.   2.   2.]
[65. 76.  2.  2.]
[ 98. 514.   2.   2.]
[127. 223.   2.   2.]
[649. 154.   2.   4.]
[143. 445.   2.   2.]
[160. 709.   2.   3.]
[173. 487.   2.   2.]
[192. 203.   2.   2.]
[657. 738.   2.  10.]
[197. 449.   2.   2.]
[205. 688.   2.   5.]
[213. 744.   2.  10.]
[209. 774.   2.  11.]
[467. 752.   2.  10.]
[229. 400.   2.   2.]
[661. 282.   2.   3.]
[276. 345.   2.   2.]
[290. 530.   2.   2.]
[297. 427.   2.   2.]
[303. 369.   2.   2.]
[366. 517.   2.   2.]
[395. 482.   2.   2.]
[402. 489.   2.   2.]
[408. 450.   2.   2.]
[416. 507.   2.   2.]
[534. 759.   2.   9.]
[492. 523.   2.   2.]
[533.         788.           2.00757437  10.        ]
[748.        784.          2.0192169  80.       ]
[725.         227.           2.05901699   4.        ]
[640.         100.           2.06806225   3.        ]
[390.         671.           2.06806225   3.        ]
[706.         684.           2.06960142   5.        ]
[693.         251.           2.07868933   3.        ]
[715.         790.           2.07868933  12.        ]
[761.         707.           2.08598171   6.        ]
[692.         464.           2.08989795   5.        ]
[726.         435.           2.09442719   4.        ]
[683.        702.          2.1049191   8.       ]
[775.         231.           2.11299225  12.        ]
[791.         254.           2.11714529  81.        ]
[743.         410.           2.11875394  13.        ]
[778.         776.           2.12961713  13.        ]
[583.         184.           2.15737865   3.        ]
[593.         469.           2.15737865   3.        ]
[745.         797.           2.15843265  19.        ]
[793.         474.           2.16341913   4.        ]
[736.        513.          2.1654397   5.       ]
[351.         735.           2.17311652   6.        ]
[733.         376.           2.17311652   4.        ]
[732.         257.           2.17340841   4.        ]
[803.         805.           2.17384564  94.        ]
[804.         441.           2.17831718  14.        ]
[742.         814.           2.18905425 104.        ]
[ 83.         719.           2.21525044   3.        ]
[802.         465.           2.21705867  13.        ]
[773.         334.           2.22781059   6.        ]
[815.          72.           2.23023438  15.        ]
[ 22.         747.           2.23334203   8.        ]
[24.         45.          2.23606798  2.        ]
[48.         92.          2.23606798  2.        ]
[386.         817.           2.23606798   4.        ]
[ 58.         440.           2.23606798   2.        ]
[764.         495.           2.23606798   3.        ]
[115.         291.           2.23606798   2.        ]
[120.         493.           2.23606798   2.        ]
[130.         505.           2.23606798   2.        ]
[342.         816.           2.23606798 105.        ]
[321.         810.           2.23606798   6.        ]
[397.         444.           2.23606798   2.        ]
[415.         460.           2.23606798   2.        ]
[436.         522.           2.23606798   2.        ]
[800.         299.           2.24246289   5.        ]
[796.         269.           2.27381026   4.        ]
[809.         191.           2.27422309   5.        ]
[746.         720.           2.27911897   6.        ]
[798.         770.           2.29310241   8.        ]
[831.         479.           2.30720857   7.        ]
[808.         169.           2.31623216  20.        ]
[801.         286.           2.31696257   9.        ]
[ 80.         818.           2.34033008  14.        ]
[ 51.         811.           2.35899218   7.        ]
[824.         768.           2.35899218   7.        ]
[806.         819.           2.35920313   9.        ]
[787.         754.           2.36067287   6.        ]
[792.       121.         2.360689   5.      ]
[771.         841.           2.36325295  30.        ]
[837.         391.           2.37171475   6.        ]
[765.         194.           2.37262909   3.        ]
[799.         478.           2.37457479   6.        ]
[708.         525.           2.37834915   3.        ]
[820.         630.           2.38129432  20.        ]
[839.         179.           2.39046844   9.        ]
[813.         426.           2.39181126   5.        ]
[842.         663.           2.40083621  11.        ]
[769.         845.           2.40478621   9.        ]
[849.         812.           2.42336745  34.        ]
[854.          36.           2.43684729  21.        ]
[ 75.         838.           2.44948974   7.        ]
[ 57.         424.           2.44948974   2.        ]
[ 82.         347.           2.44948974   2.        ]
[572.         537.           2.44948974   3.        ]
[114.         388.           2.44948974   2.        ]
[124.         305.           2.44948974   2.        ]
[766.         250.           2.44948974   5.        ]
[137.         772.           2.44948974   3.        ]
[163.         232.           2.44948974   2.        ]
[185.         195.           2.44948974   2.        ]
[349.         456.           2.44948974   2.        ]
[356.         433.           2.44948974   2.        ]
[385.         475.           2.44948974   2.        ]
[848.         826.           2.46298484   8.        ]
[860.         455.           2.46851936  22.        ]
[760.         851.           2.48076397   5.        ]
[835.         431.           2.48844376   6.        ]
[852.         783.           2.50272279   8.        ]
[777.        300.          2.5091902   3.       ]
[844.         515.           2.51365766   8.        ]
[875.         316.           2.52581011  23.        ]
[868.         830.           2.52649479 108.        ]
[843.         447.           2.52686265  15.        ]
[855.         131.           2.52704511  10.        ]
[880.         379.           2.53943436   9.        ]
[862.         858.           2.55449675  11.        ]
[877.         222.           2.55496744   7.        ]
[857.         882.           2.55542718 119.        ]
[840.         786.           2.56167843   9.        ]
[827.         128.           2.58033079   3.        ]
[609.         491.           2.58033079   3.        ]
[885.         856.           2.60423442  14.        ]
[371.         847.           2.61727435   7.        ]
[884.         859.           2.61845886  44.        ]
[828.         867.           2.63137967   7.        ]
[850.         892.           2.63589125  20.        ]
[846.         795.           2.63594724  14.        ]
[821.         853.           2.63648258  11.        ]
[ 28.         471.           2.64575131   2.        ]
[ 35.         264.           2.64575131   2.        ]
[ 54.         148.           2.64575131   2.        ]
[206.         322.           2.64575131   2.        ]
[215.         407.           2.64575131   2.        ]
[242.         457.           2.64575131   2.        ]
[293.         330.           2.64575131   2.        ]
[579.         531.           2.64575131   3.        ]
[794.         414.           2.65993197   4.        ]
[893.         420.           2.66163796   8.        ]
[861.        524.          2.6629031   8.       ]
[909.         871.           2.68307302  10.        ]
[883.         872.           2.68658663  17.        ]
[763.         470.           2.68708572   3.        ]
[118.         889.           2.70756985  10.        ]
[878.         721.           2.70883234  10.        ]
[888.         425.           2.72919968 120.        ]
[894.         886.           2.73354768  55.        ]
[864.         331.           2.73431348   4.        ]
[881.        106.          2.7424657  24.       ]
[762.         710.           2.76383421   4.        ]
[869.         373.           2.76383421   3.        ]
[919.         208.           2.76506787   5.        ]
[699.         896.           2.76590089  22.        ]
[874.         829.           2.77260291  10.        ]
[887.         453.           2.78246144   8.        ]
[916.         905.           2.78819629  57.        ]
[911.         914.           2.79925409  27.        ]
[898.         266.           2.82107947  12.        ]
[ 12.         404.           2.82842712   2.        ]
[19.         25.          2.82842712  2.        ]
[29.         31.          2.82842712  2.        ]
[ 64.         641.           2.82842712   3.        ]
[931.          93.           2.82842712   4.        ]
[932.         123.           2.82842712   5.        ]
[933.         214.           2.82842712   6.        ]
[ 77.         485.           2.82842712   2.        ]
[ 84.         258.           2.82842712   2.        ]
[ 97.         226.           2.82842712   2.        ]
[207.         256.           2.82842712   2.        ]
[927.         463.           2.83484259  13.        ]
[915.         913.           2.83708242 130.        ]
[836.         119.           2.84470696   5.        ]
[940.         925.           2.85847894 187.        ]
[929.         876.           2.86746741   7.        ]
[918.        730.          2.8747557  29.       ]
[633.         67.          2.8819171   3.       ]
[920.         895.           2.88350561  10.        ]
[900.         265.           2.88561808   3.        ]
[825.         946.           2.90310931  12.        ]
[941.         897.           2.91146474  19.        ]
[921.         165.           2.91553274   6.        ]
[942.         904.           2.91903714 189.        ]
[951.         923.           2.93558059 199.        ]
[899.          43.           2.94280904   3.        ]
[695.         926.           2.94448085  29.        ]
[922.          85.           2.94521595  23.        ]
[952.         937.           2.96679486 201.        ]
[944.         908.           2.96967551  37.        ]
[935.        924.          2.9740851  10.       ]
[955.         912.           2.97644118  26.        ]
[ 32.         910.           2.98814012  11.        ]
[823.         387.           2.99115968   3.        ]
[ 44. 865.   3.   3.]
[228. 907.   3.   5.]
[375. 389.   3.   2.]
[956.         717.           3.00636655 203.        ]
[965.         217.           3.01781452 204.        ]
[930.         917.           3.04473397   6.        ]
[957.         352.           3.07197669  38.        ]
[966.         954.           3.08791056 233.        ]
[781.         789.           3.09718073   4.        ]
[704.         873.           3.09745163   4.        ]
[949.         177.           3.10616395  20.        ]
[822.         288.           3.10818511   3.        ]
[947.         961.           3.10862191   6.        ]
[696.         969.           3.10938656 235.        ]
[948.         906.           3.12671874  15.        ]
[959.         903.           3.14284057  28.        ]
[928.         939.           3.15491323  15.        ]
[112.         890.           3.16029503   4.        ]
[110.         273.           3.16227766   2.        ]
[500.         510.           3.16227766   2.        ]
[977.         281.           3.16785894  29.        ]
[945.         779.           3.18115814   5.        ]
[950.     333.       3.1832   7.    ]
[960.         107.           3.20773484  12.        ]
[901.        324.          3.2137267   3.       ]
[978.         278.           3.22893364  16.        ]
[975.         963.           3.23123858 240.        ]
[  2.         968.           3.24818596  39.        ]
[953.         985.           3.26411497  15.        ]
[943.         936.           3.28399567   9.        ]
[973.         780.           3.28648784   5.        ]
[987.         981.           3.29050348  18.        ]
[974.         392.           3.29515925   7.        ]
[312.         891.           3.29938467   4.        ]
[988.         982.           3.30754752 269.        ]
[253.         996.           3.31662479 270.        ]
[976.        970.          3.3418514  19.       ]
[712.        964.          3.3594578   4.       ]
[705.         189.           3.36578373   3.        ]
[989.         879.           3.36936229  42.        ]
[158.         990.           3.39917956  16.        ]
[224.         834.           3.39917956   3.        ]
[984.         979.           3.43023942  11.        ]
[972.         994.           3.45090708  27.        ]
[ 34.         998.           3.46410162  20.        ]
[  5.         275.           3.46410162   2.        ]
[101.         520.           3.46410162   2.        ]
[139.         188.           3.46410162   2.        ]
[967.         962.           3.47531692   9.        ]
[1001.           8.           3.5133383   43.       ]
[938.         284.           3.54853081   3.        ]
[992.         421.           3.54981791   6.        ]
[991.         782.           3.55133522  11.        ]
[971.         958.           3.58271676  14.        ]
[ 18.         287.           3.60555128   2.        ]
[212.         477.           3.60555128   2.        ]
[1013.          999.            3.63194511   10.        ]
[997.         501.           3.66179064 271.        ]
[1010.         298.           3.6671667   10.       ]
[870.         995.           3.69510995   6.        ]
[1014.         1019.            3.71232947  282.        ]
[1022.          832.            3.72274911  284.        ]
[993.         833.           3.73219543  20.        ]
[1011.         434.           3.7606124   44.       ]
[1015.          727.            3.78602871   17.        ]
[1002.         536.           3.7870218   17.       ]
[1023.         1005.            3.80351581  311.        ]
[1028.           94.            3.81882607  312.        ]
[1024.          529.            3.82028039   21.        ]
[1029.         1008.            3.84146106  314.        ]
[ 138.         1027.            3.84303618   18.        ]
[ 632.        1031.           3.8635598  317.       ]
[1025.         1006.            3.86748818   64.        ]
[323.         360.           3.87298335   2.        ]
[1009.         1012.            3.90646092    5.        ]
[ 866.         1003.            3.96816159    5.        ]
[ 807.         1017.            4.00913726    5.        ]
[  56.         1032.            4.01946329   19.        ]
[1033.          863.            4.02389283  319.        ]
[  0.         980.           4.03973153   3.        ]
[ 986.         1036.            4.10279274    8.        ]
[1034.         1020.            4.10918771   74.        ]
[ 10.         225.           4.12310563   2.        ]
[1000.          384.            4.22189672    4.        ]
[1040.          983.            4.22274299  324.        ]
[1018.          304.            4.32517012   11.        ]
[1043.         1037.            4.34053135   79.        ]
[1035.          357.            4.35579251    3.        ]
[1030.          166.            4.38289758   22.        ]
[1007.          150.            4.43345786    3.        ]
[1048.          767.            4.43544855   81.        ]
[1047.         1049.            4.44027146   14.        ]
[1050.         1046.            4.45776902  346.        ]
[1021.          259.            4.46044852    7.        ]
[785.         446.           4.50801678   3.        ]
[1051.         1042.            4.51963354   11.        ]
[1041.         1053.            4.55642141   17.        ]
[1044.          902.            4.71850738    4.        ]
[1057.          934.            4.74115574   17.        ]
[1058.         1039.            4.89185813   36.        ]
[1016.         294.           4.9663265    3.       ]
[1061.         1056.            5.00840101   39.        ]
[1052.          753.            5.07970029   83.        ]
[105.         145.           5.09901951   2.        ]
[1063.         1064.            5.13365601  122.        ]
[1066.        1054.           5.3831268  468.       ]
[1059.         1004.            5.40840812   15.        ]
[1067.         1065.            5.41280841  470.        ]
[1060.         1069.            5.57570246  487.        ]
[1062.          354.            5.57981216    4.        ]
[1070.         1068.            5.94365389  502.        ]
[1072.         1071.            6.33695314  506.        ]
[1073.         1026.            6.68279653  523.        ]
[1055.          512.            6.68903518    8.        ]
[1074.         1075.            6.71153413  531.        ]
[1076.         1038.            8.02789516  536.        ]
[1077.         1045.            8.24329934  540.        ]
