[50. 95.  0.  2.]
[540. 252.   0.   3.]
[541. 308.   0.   4.]
[542. 329.   0.   5.]
[ 33. 543.   0.   6.]
[544. 398.   0.   7.]
[545. 307.   0.   8.]
[546. 428.   0.   9.]
[61. 66.  0.  2.]
[548. 132.   0.   3.]
[549. 155.   0.   4.]
[550. 159.   0.   5.]
[551. 167.   0.   6.]
[552. 236.   0.   7.]
[553. 285.   0.   8.]
[554. 327.   0.   9.]
[555. 362.   0.  10.]
[556. 363.   0.  11.]
[557. 454.   0.  12.]
[558. 539.   0.  13.]
[ 69. 538.   0.   2.]
[ 91. 559.   0.  14.]
[ 74. 317.   0.   2.]
[ 78. 125.   0.   2.]
[ 81. 152.   0.   2.]
[ 86. 162.   0.   2.]
[565. 171.   0.   3.]
[566. 289.   0.   4.]
[567. 393.   0.   5.]
[568. 423.   0.   6.]
[569. 429.   0.   7.]
[570. 488.   0.   8.]
[ 90. 518.   0.   2.]
[301. 547.   0.  10.]
[135. 328.   0.   2.]
[140. 380.   0.   2.]
[200. 320.   0.   2.]
[210. 383.   0.   2.]
[218. 503.   0.   2.]
[309. 394.   0.   2.]
[378. 521.   0.   2.]
[5.74000000e+02 5.73000000e+02 4.73684211e-01 1.20000000e+01]
[5.62000000e+02 5.61000000e+02 4.81481481e-01 1.60000000e+01]
[  4. 262.   1.   2.]
[  9. 176.   1.   2.]
[571. 156.   1.   9.]
[ 15. 483.   1.   2.]
[292. 582.   1.  17.]
[ 27. 484.   1.   2.]
[ 30. 585.   1.  10.]
[370. 587.   1.  18.]
[230. 581.   1.  13.]
[ 53. 401.   1.   2.]
[ 59. 332.   1.   2.]
[564. 591.   1.  15.]
[560. 590.   1.  20.]
[ 70. 575.   1.   3.]
[563. 336.   1.   3.]
[ 89. 311.   1.   2.]
[ 99. 174.   1.   2.]
[103. 196.   1.   2.]
[109. 302.   1.   2.]
[111. 361.   1.   2.]
[126. 161.   1.   2.]
[186. 584.   1.   3.]
[190. 263.   1.   2.]
[577. 374.   1.   3.]
[295. 594.   1.  16.]
[277. 532.   1.   2.]
[335. 338.   1.   2.]
[580. 527.   1.   3.]
[596.         183.           1.16568542   4.        ]
[604.         199.           1.20806372   4.        ]
[589.         310.           1.21126187  11.        ]
[ 11.         613.           1.25234326  12.        ]
[595.        204.          1.2754816  21.       ]
[588.         355.           1.27614237   3.        ]
[601.         221.           1.27614237   3.        ]
[473.         614.           1.27614237  13.        ]
[616.         498.           1.31066017   4.        ]
[597.         136.           1.31066017   4.        ]
[619.         618.           1.33137085  17.        ]
[615.         178.           1.34222256  22.        ]
[622.          73.           1.34535261  23.        ]
[220.         607.           1.34683863  17.        ]
[623.         272.           1.36146503  24.        ]
[164.         612.           1.37426147   5.        ]
[624.         239.           1.38154693  18.        ]
[  1.         216.           1.41421356   2.        ]
[628.         113.           1.41421356   3.        ]
[  6.         129.           1.41421356   2.        ]
[ 13.         314.           1.41421356   2.        ]
[ 14.         442.           1.41421356   2.        ]
[ 42.         365.           1.41421356   2.        ]
[405.         625.           1.41421356  25.        ]
[ 23.         634.           1.41421356  26.        ]
[ 37.         240.           1.41421356   2.        ]
[636.         243.           1.41421356   3.        ]
[633.         504.           1.41421356   3.        ]
[638.         437.           1.41421356   4.        ]
[ 47.         621.           1.41421356  18.        ]
[ 52.         506.           1.41421356   2.        ]
[ 55.         133.           1.41421356   2.        ]
[ 68.         261.           1.41421356   2.        ]
[ 87.         117.           1.41421356   2.        ]
[134.         578.           1.41421356   3.        ]
[142.         519.           1.41421356   2.        ]
[147.         198.           1.41421356   2.        ]
[181.         576.           1.41421356   3.        ]
[149.         648.           1.41421356   4.        ]
[168.         280.           1.41421356   2.        ]
[170.         270.           1.41421356   2.        ]
[172.         339.           1.41421356   2.        ]
[652.         412.           1.41421356   3.        ]
[182.         627.           1.41421356  19.        ]
[193.         279.           1.41421356   2.        ]
[528.         654.           1.41421356  20.        ]
[219.         235.           1.41421356   2.        ]
[267.         377.           1.41421356   2.        ]
[649.         658.           1.41421356   6.        ]
[659.         241.           1.41421356   7.        ]
[660.         319.           1.41421356   8.        ]
[661.         368.           1.41421356   9.        ]
[255.         358.           1.41421356   2.        ]
[535.         662.           1.41421356  10.        ]
[381.         610.           1.41421356   4.        ]
[337.         403.           1.41421356   2.        ]
[341.         480.           1.41421356   2.        ]
[343.         602.           1.41421356   3.        ]
[359.         413.           1.41421356   2.        ]
[499.         605.           1.41421356   3.        ]
[396.         417.           1.41421356   2.        ]
[406.         430.           1.41421356   2.        ]
[459.         664.           1.41421356  11.        ]
[411.         673.           1.41421356  12.        ]
[476.         639.           1.41421356   5.        ]
[443.         508.           1.41421356   2.        ]
[211.         656.           1.45389494  21.        ]
[372.         670.           1.45659186   4.        ]
[668.         675.           1.49897016   8.        ]
[600.         245.           1.52015931   3.        ]
[679.         419.           1.52070262   9.        ]
[651.         468.           1.60947571   3.        ]
[657.         108.           1.60947571   3.        ]
[432.         637.           1.62610506   4.        ]
[674.         635.           1.62610506  38.        ]
[592.         685.           1.62610506  40.        ]
[ 38.        617.          1.6525915   4.       ]
[665.         676.           1.69055789   6.        ]
[653.         248.           1.70710678   4.        ]
[  3.         687.           1.73205081   5.        ]
[  7.         678.           1.73205081   5.        ]
[439.         684.           1.73205081   5.        ]
[ 17.         283.           1.73205081   2.        ]
[409.         681.           1.73205081  10.        ]
[ 49.         246.           1.73205081   2.        ]
[260.         666.           1.73205081   3.        ]
[399.         696.           1.73205081   4.        ]
[ 60.         697.           1.73205081   5.        ]
[116.          88.           1.73205081   2.        ]
[ 71.         462.           1.73205081   2.        ]
[102.         175.           1.73205081   2.        ]
[104.         271.           1.73205081   2.        ]
[146.         326.           1.73205081   2.        ]
[296.         680.           1.73205081   4.        ]
[350.         683.           1.73205081   4.        ]
[180.         233.           1.73205081   2.        ]
[516.         640.           1.73205081  19.        ]
[247.         249.           1.73205081   2.        ]
[306.         458.           1.73205081   2.        ]
[318.         641.           1.73205081   3.        ]
[344.         502.           1.73205081   2.        ]
[346.         650.           1.73205081   3.        ]
[348.         367.           1.73205081   2.        ]
[353.         686.           1.73205081  41.        ]
[418.         461.           1.73205081   2.        ]
[425.         511.           1.73205081   2.        ]
[438.         490.           1.73205081   2.        ]
[448.         688.           1.73205081   7.        ]
[451.         472.           1.73205081   2.        ]
[496.         509.           1.73205081   2.        ]
[631.         626.           1.73205081   7.        ]
[632.         691.           1.73205081   7.        ]
[644.         153.           1.73205081   3.        ]
[122.         672.           1.73205081   3.        ]
[144.         669.           1.73205081   3.        ]
[315.         620.           1.73205081   5.        ]
[647.         667.           1.73205081   4.        ]
[677.         408.           1.74840799  22.        ]
[237.         707.           1.77164045  20.        ]
[722.         79.          1.7841691   8.       ]
[704.         599.           1.78909493   6.        ]
[646.         201.           1.80473785   3.        ]
[ 63.         699.           1.82136721   3.        ]
[608.         692.           1.82136721   7.        ]
[611.         340.           1.87138439   5.        ]
[705.         714.           1.87217917  45.        ]
[603.        731.          1.8805368   8.       ]
[710.         728.           1.89282032  25.        ]
[598.         694.           1.90720375  12.        ]
[ 26.        739.          1.9106836  13.       ]
[586.        740.          1.9106836  15.       ]
[727.        410.          1.9106836   5.       ]
[738.         606.           1.95262574  28.        ]
[712.         526.           1.95909442   4.        ]
[718.         720.           1.96578179   9.        ]
[730.         57.          1.9846433   9.       ]
[741.          96.           1.99496582  16.        ]
[743.         663.           1.99554592  30.        ]
[21. 40.  2.  2.]
[486. 732.   2.   4.]
[ 39. 234.   2.   2.]
[751. 268.   2.   3.]
[752. 364.   2.   4.]
[753. 452.   2.   5.]
[754. 497.   2.   6.]
[755. 533.   2.   7.]
[756. 709.   2.   9.]
[ 41. 382.   2.   2.]
[ 46. 703.   2.   3.]
[ 62. 202.   2.   2.]
[ 65. 735.   2.   6.]
[ 98. 514.   2.   2.]
[127. 745.   2.  10.]
[645. 154.   2.   4.]
[143. 445.   2.   2.]
[157. 736.   2.  46.]
[160. 766.   2.  47.]
[173. 487.   2.   2.]
[187. 481.   2.   2.]
[769. 748.   2.  32.]
[192. 747.   2.  17.]
[655. 734.   2.   9.]
[197. 449.   2.   2.]
[250. 764.   2.   5.]
[205. 334.   2.   2.]
[209. 717.   2.   3.]
[213. 776.   2.   4.]
[223. 274.   2.   2.]
[226. 467.   2.   2.]
[229. 400.   2.   2.]
[244. 395.   2.   2.]
[482. 746.   2.  10.]
[276. 345.   2.   2.]
[282. 770.   2.  33.]
[290. 530.   2.   2.]
[297. 427.   2.   2.]
[303. 369.   2.   2.]
[517. 729.   2.  21.]
[402. 489.   2.   2.]
[416. 507.   2.   2.]
[534. 784.   2.  34.]
[492. 523.   2.   2.]
[690.          20.           2.03993246   6.        ]
[723.         227.           2.05901699   4.        ]
[642.         100.           2.06806225   3.        ]
[390.         767.           2.06806225  48.        ]
[702.         682.           2.06960142   5.        ]
[737.        151.          2.0753088   9.       ]
[711.         791.           2.07868933  36.        ]
[781.         796.           2.08932471  50.        ]
[689.         719.           2.08989795   6.        ]
[724.         431.           2.09442719   4.        ]
[698.        286.          2.1049191   6.       ]
[757.         799.           2.10855475  45.        ]
[671.         414.           2.14982991   3.        ]
[583.         775.           2.15737865   4.        ]
[593.         469.           2.15737865   3.        ]
[795.         474.           2.16341913   4.        ]
[351.         761.           2.17311652   7.        ]
[733.         809.           2.17340841  10.        ]
[721.         742.           2.18759173  12.        ]
[800.         782.           2.19128799  60.        ]
[771.         804.           2.20670046  62.        ]
[715.         386.           2.21525044   3.        ]
[814.         768.           2.22045482   5.        ]
[ 83.         815.           2.22491572   6.        ]
[ 45.         744.           2.23606798   5.        ]
[48.         92.          2.23606798  2.        ]
[440.         788.           2.23606798  22.        ]
[231.         763.           2.23606798  11.        ]
[495.         813.           2.23606798  63.        ]
[115.         291.           2.23606798   2.        ]
[120.         493.           2.23606798   2.        ]
[505.         816.           2.23606798   7.        ]
[342.         778.           2.23606798   3.        ]
[184.         793.           2.23606798   7.        ]
[224.         772.           2.23606798  10.        ]
[376.         444.           2.23606798   2.        ]
[494.         821.           2.23606798  64.        ]
[436.         522.           2.23606798   2.        ]
[479.         825.           2.23606798   4.        ]
[321.         513.           2.23606798   2.        ]
[466.         829.           2.23606798  65.        ]
[422.         820.           2.23606798  12.        ]
[415.         460.           2.23606798   2.        ]
[465.         834.           2.23606798  13.        ]
[441.         811.           2.23606798  13.        ]
[435.         827.           2.24122718  11.        ]
[802.         299.           2.24246289   5.        ]
[808.         257.           2.27422309   5.        ]
[801.         366.           2.30312572   7.        ]
[777.         836.           2.31495314  17.        ]
[759.         824.           2.31636161  10.        ]
[841.         464.           2.32142122   8.        ]
[812.         833.           2.33041215 125.        ]
[ 22.        798.          2.3338121  10.       ]
[837.         726.           2.34112737  18.        ]
[790.         750.           2.36067287   6.        ]
[794.       843.         2.360689  14.      ]
[840.         810.           2.36659043  15.        ]
[803.        716.          2.3758977   8.       ]
[845.         773.           2.38966016 127.        ]
[852.         762.           2.39363057 129.        ]
[853.         254.           2.39747974 130.        ]
[819.         823.           2.39959219  24.        ]
[826.         806.           2.40417261  11.        ]
[854.         831.           2.42657124 134.        ]
[842.        433.          2.4284868  18.       ]
[847.         316.           2.43300075  19.        ]
[828.         325.           2.43352103   3.        ]
[857.         470.           2.43594997 135.        ]
[861.          97.           2.43749263 136.        ]
[137.         862.           2.43901277 137.        ]
[ 58.        855.          2.4413781  25.       ]
[ 72.         859.           2.44363828  20.        ]
[313.         858.           2.44948974  19.        ]
[ 31.         426.           2.44948974   2.        ]
[ 36.         106.           2.44948974   2.        ]
[ 51.         850.           2.44948974  16.        ]
[ 75.         524.           2.44948974   2.        ]
[ 80.         450.           2.44948974   2.        ]
[ 82.         347.           2.44948974   2.        ]
[572.         537.           2.44948974   3.        ]
[114.         388.           2.44948974   2.        ]
[124.         305.           2.44948974   2.        ]
[169.         860.           2.44948974   4.        ]
[163.         864.           2.44948974  26.        ]
[195.         609.           2.44948974   3.        ]
[191.         391.           2.44948974   2.        ]
[232.         877.           2.44948974  27.        ]
[251.         269.           2.44948974   2.        ]
[349.         456.           2.44948974   2.        ]
[385.         475.           2.44948974   2.        ]
[856.         203.           2.47146268  12.        ]
[839.         222.           2.48079534   6.        ]
[141.         876.           2.50847298   5.        ]
[780.        300.          2.5091902   3.       ]
[869.         515.           2.52852032  17.        ]
[844.         478.           2.53507662   9.        ]
[779.         863.           2.55228475 139.        ]
[865.         868.           2.56704128  22.        ]
[194.        786.          2.5758022   3.       ]
[888.        379.          2.5777733  18.       ]
[822.         128.           2.58033079   3.        ]
[130.         849.           2.58033079  15.        ]
[891.         848.           2.58882343  28.        ]
[866.         871.           2.59522992  21.        ]
[897.         447.           2.59962308  22.        ]
[238.        880.          2.6154327  28.       ]
[455.         896.           2.64575131  29.        ]
[471.         879.           2.64575131   3.        ]
[ 35.         264.           2.64575131   2.        ]
[ 54.         148.           2.64575131   2.        ]
[179.         886.           2.64575131   6.        ]
[206.         322.           2.64575131   2.        ]
[215.         407.           2.64575131   2.        ]
[242.         457.           2.64575131   2.        ]
[330.         893.           2.64575131  19.        ]
[579.         531.           2.64575131   3.        ]
[371.         420.           2.64575131   2.        ]
[890.         424.           2.66820277 140.        ]
[870.         817.           2.68511228   7.        ]
[884.         797.           2.69669662  17.        ]
[293.         911.           2.70090577 141.        ]
[885.         838.           2.70471712  17.        ]
[832.         895.           2.72569253  17.        ]
[331.         908.           2.73431348  20.        ]
[904.         914.           2.73935282 147.        ]
[118.         916.           2.74478787  18.        ]
[898.         889.           2.75272825  31.        ]
[ 43.        901.          2.7553568   4.       ]
[867.          76.           2.76383421   3.        ]
[760.         706.           2.76383421   4.        ]
[923.         208.           2.76506787   5.        ]
[846.         266.           2.78195148  11.        ]
[925.         463.           2.80012219  12.        ]
[121.         920.           2.81077968  32.        ]
[ 12.         404.           2.82842712   2.        ]
[ 16.         927.           2.82842712  33.        ]
[ 25.         758.           2.82842712   3.        ]
[873.         917.           2.82842712  23.        ]
[ 64.         643.           2.82842712   3.        ]
[932.          93.           2.82842712   4.        ]
[933.         123.           2.82842712   5.        ]
[934.         214.           2.82842712   6.        ]
[ 77.         485.           2.82842712   2.        ]
[258.         882.           2.82842712   3.        ]
[177.         918.           2.82842712 148.        ]
[207.         256.           2.82842712   2.        ]
[913.         938.           2.85368866 165.        ]
[930.         937.           2.87294053   6.        ]
[630.        929.          2.8819171  35.       ]
[902.         818.           2.88561808   4.        ]
[906.         373.           2.88561808   3.        ]
[185.        835.          2.8930544   3.       ]
[924.         165.           2.91553274   6.        ]
[900.         774.           2.91813332  34.        ]
[878.         491.           2.92949891   4.        ]
[265.         943.           2.93971064   5.        ]
[892.         899.           2.96802255  31.        ]
[ 28.         921.           2.96983392   5.        ]
[915.         453.           2.97956585  18.        ]
[ 85.         931.           2.99115968  24.        ]
[919.         389.           2.99377163  19.        ]
[ 44. 947.   3.  35.]
[ 29.         922.           3.03393918   4.        ]
[941.         950.           3.04049886  37.        ]
[907.        713.          3.0456733   4.       ]
[695.         953.           3.05409255  26.        ]
[912.          32.           3.05450053   8.        ]
[940.         881.           3.05833502 167.        ]
[131.         961.           3.06642167 168.        ]
[958.         954.           3.08762855  23.        ]
[700.         883.           3.09745163   4.        ]
[217.         962.           3.12892561 169.        ]
[928.         926.           3.13454426  14.        ]
[960.         708.           3.14497901  10.        ]
[957.         963.           3.15581219  60.        ]
[942.        783.          3.1558594  37.       ]
[112.         894.           3.16029503   4.        ]
[288.         967.           3.16227766  11.        ]
[110.         273.           3.16227766   2.        ]
[324.         935.           3.16227766   7.        ]
[510.         966.           3.16227766  15.        ]
[959.         944.           3.16985601  29.        ]
[936.         952.           3.18148775  20.        ]
[946.     333.       3.1832   7.    ]
[975.         693.           3.18707208  31.        ]
[955.         910.           3.18721434  37.        ]
[978.         281.           3.18868751  32.        ]
[979.         874.           3.20111629  39.        ]
[980.         387.           3.20131974  33.        ]
[851.         965.           3.20563771 177.        ]
[974.         278.           3.22362549  16.        ]
[981.         352.           3.22484381  40.        ]
[500.         984.           3.23777115  17.        ]
[968.         983.           3.23933883 237.        ]
[872.         949.           3.24870605   7.        ]
[ 24.         785.           3.25221012   3.        ]
[805.         987.           3.30970021 240.        ]
[356.         787.           3.31662479   3.        ]
[119.         973.           3.31662479   8.        ]
[139.         253.           3.31662479   2.        ]
[228.         990.           3.31662479 241.        ]
[392.         994.           3.31662479 242.        ]
[  2.         985.           3.34824332  41.        ]
[986.         525.           3.36085643  18.        ]
[ 84.         991.           3.36349363   4.        ]
[701.         189.           3.36578373   3.        ]
[951.         107.           3.37818318   6.        ]
[158.         830.           3.39917956   3.        ]
[993.         188.           3.41494267   3.        ]
[995.         982.           3.42364685 275.        ]
[977.         970.           3.43023942  11.        ]
[948.         997.           3.44511174  22.        ]
[  5.         939.           3.46410162   3.        ]
[ 101.         1003.            3.46410162  276.        ]
[998.         397.           3.46952276   5.        ]
[1008.          501.            3.50705152    6.        ]
[ 792.         1009.            3.51232332    8.        ]
[989.         971.           3.54105117  14.        ]
[996.         887.           3.55610442  44.        ]
[964.         976.           3.58271676  24.        ]
[ 18.         287.           3.60555128   2.        ]
[ 477.         1012.            3.60555128   45.        ]
[1000.         1001.            3.61966422    9.        ]
[ 909.         1010.            3.62885262   11.        ]
[ 421.         1007.            3.64648311  277.        ]
[807.         212.           3.66880104   4.        ]
[1005.          945.            3.67443147   25.        ]
[   8.         1015.            3.67836266   46.        ]
[ 969.         1017.            3.69827249   48.        ]
[ 375.         1018.            3.70910567  278.        ]
[1020.          312.            3.72234581   26.        ]
[275.         992.           3.74165739   9.        ]
[ 138.         1016.            3.74165739   10.        ]
[1022.          629.            3.79395939   51.        ]
[  19.         1023.            3.79834961  279.        ]
[1013.          725.            3.80455344   27.        ]
[1002.          903.            3.83907453    5.        ]
[1006.         1025.            3.85184411   12.        ]
[  94.         1028.            3.87298335  280.        ]
[ 284.         1026.            3.87298335   11.        ]
[323.         360.           3.87298335   2.        ]
[956.         988.           3.92641016  11.        ]
[1035.        1027.           3.9761515   62.       ]
[1032.          520.            3.98510063  281.        ]
[1031.           34.            3.99350955   13.        ]
[ 298. 1036.    4.   63.]
[304. 434.   4.   2.]
[   0.         1037.            4.03973153  282.        ]
[1011.         1041.            4.08472424  296.        ]
[  67.         1030.            4.12310563    6.        ]
[ 10.         225.           4.12310563   2.        ]
[ 536.         1042.            4.19580248  297.        ]
[999.         384.           4.22189672   4.        ]
[1024.          972.            4.35051972   28.        ]
[1034.          789.            4.35579251    4.        ]
[ 166.         1047.            4.35889894   29.        ]
[1033.         1045.            4.38007679  308.        ]
[1049.          529.            4.39512751   30.        ]
[875.         765.           4.40200445   4.        ]
[ 357.         1039.            4.40653393   64.        ]
[1044.         1043.            4.44749193    8.        ]
[1050.         1040.            4.46390676  310.        ]
[1053.         1055.            4.60977071  374.        ]
[1048.        1056.           4.6984126  378.       ]
[1038.          150.            4.75778736   14.        ]
[1057.          105.            4.76333437  379.        ]
[1059.         1052.            4.76521303  383.        ]
[1060.          749.            4.76826824  385.        ]
[1061.           56.            4.77079283  386.        ]
[1062.          446.            4.77085753  387.        ]
[1054.          905.            4.86859827   10.        ]
[ 259.         1051.            4.89897949   31.        ]
[1021.         1019.            4.92694674   50.        ]
[1014.        1058.           4.9663265   16.       ]
[ 145.         1063.            5.05952023  388.        ]
[1064.         1004.            5.22021084   21.        ]
[1067.          294.            5.31190343   17.        ]
[1070.          354.            5.65627062   18.        ]
[1068.         1066.            5.69710191  438.        ]
[1072.         1029.            5.85662224  465.        ]
[1073.         1069.            5.91271253  486.        ]
[1074.          512.            5.94729721  487.        ]
[1071.         1075.            6.58706936  505.        ]
[1076.         1065.            6.92431995  536.        ]
[1077.         1046.            8.12209613  540.        ]
