[5.60000000e+01 5.70000000e+01 2.33601546e-06 2.00000000e+00]
[ 5.         21.         58.54229169  2.        ]
[14.         31.         63.01505554  2.        ]
[65.         76.         65.14204572  3.        ]
[30.         79.         70.50620442  4.        ]
[80.         78.         79.31408229  6.        ]
[69.         81.         85.23979563  7.        ]
[68.         82.         88.12792218  8.        ]
[27.         83.         90.04809422  9.        ]
[ 29.          44.         101.11552177   2.        ]
[ 84.         85.        104.2453806  11.       ]
[ 86.          60.         106.16562542  12.        ]
[ 87.          70.         107.05906987  13.        ]
[ 88.          43.         109.14219732  14.        ]
[ 89.          32.         121.23137437  15.        ]
[  1.          90.         121.83947095  16.        ]
[ 66.          91.         130.19118521  17.        ]
[ 77.          92.         135.96739846  19.        ]
[ 93.          53.         145.07397468  20.        ]
[ 94.          45.         146.69972393  21.        ]
[  3.          15.         153.10951541   2.        ]
[  8.          95.         153.59896935  22.        ]
[ 23.          97.         153.63175281  23.        ]
[ 28.          62.         154.44253452   2.        ]
[ 19.          98.         154.82844539  24.        ]
[100.         41.        159.3326626  25.       ]
[  2.         101.         159.52570195  26.        ]
[ 96.        102.        161.4764492  28.       ]
[103.          99.         170.84385624  30.        ]
[104.          67.         171.12639175  31.        ]
[ 55.          59.         171.55737323   2.        ]
[ 35.         58.        172.5947975   2.       ]
[ 25.         105.         177.35869611  32.        ]
[ 64.          73.         177.37778599   2.        ]
[108.          48.         181.36521428  33.        ]
[110.          54.         181.66704401  34.        ]
[ 24.         111.         182.00474992  35.        ]
[ 61.          72.         185.68907287   2.        ]
[ 10.         112.         187.93453051  36.        ]
[  7.         114.         189.14857179  37.        ]
[ 37.          42.         191.22692226   2.        ]
[ 22.         115.         191.38946691  38.        ]
[ 52.         109.         193.19230117   3.        ]
[ 16.          40.         196.91716183   2.        ]
[ 11.          13.         197.18403595   2.        ]
[117.         106.         198.60831889  40.        ]
[ 12.         121.         203.53947536  41.        ]
[122.        113.        204.6002223  43.       ]
[123.         116.         206.73056429  45.        ]
[124.         119.         207.29191428  47.        ]
[ 71.         125.         207.42774747  48.        ]
[ 17.          49.         209.04074225   2.        ]
[126.         107.         213.21565231  50.        ]
[128.         127.         213.42372085  52.        ]
[129.          47.         213.51679115  53.        ]
[  0.         130.         213.63249838  54.        ]
[ 34.         131.         219.46013524  55.        ]
[ 33.          39.         222.12851615   2.        ]
[132.         118.         223.83022542  58.        ]
[134.          50.         225.04395503  59.        ]
[  9.         135.         225.43175481  60.        ]
[136.         120.         236.38401058  62.        ]
[137.          26.         236.88480784  63.        ]
[ 63.         138.         239.00552319  64.        ]
[ 46.        139.        248.0080757  65.       ]
[  6.         140.         249.79495046  66.        ]
[141.          51.         252.68696742  67.        ]
[142.         133.         252.74229639  69.        ]
[143.          38.         252.99576624  70.        ]
[  4.         144.         253.03542086  71.        ]
[ 20.          74.         256.80880625   2.        ]
[145.        146.        274.0114624  73.       ]
[147.          36.         276.31247024  74.        ]
[148.          75.         285.64217133  75.        ]
[149.          18.         302.78930205  76.        ]
