[5.60000000e+01 5.70000000e+01 2.33601546e-06 2.00000000e+00]
[ 5.         21.         58.54229169  2.        ]
[14.         31.         63.01505554  2.        ]
[65.         76.         65.14204572  3.        ]
[30.         79.         70.50620442  4.        ]
[27.         80.         79.31408229  5.        ]
[69.         81.         85.23979563  6.        ]
[68.         82.         86.36897166  7.        ]
[ 29.          44.         101.11552177   2.        ]
[ 83.          78.         102.85483265   9.        ]
[ 85.          84.         104.61571124  11.        ]
[ 60.          86.         106.32936977  12.        ]
[ 87.          70.         108.76878209  13.        ]
[ 43.          88.         112.78545674  14.        ]
[ 89.          32.         124.04205822  15.        ]
[  1.          90.         124.47448706  16.        ]
[ 77.          66.         130.19118521   3.        ]
[ 91.          19.         137.56387822  17.        ]
[ 92.          45.         139.06670276   4.        ]
[ 93.          53.         144.53505496  18.        ]
[ 95.          2.        145.6646131  19.       ]
[ 96.          23.         149.85072404  20.        ]
[ 15.          97.         153.10951541  21.        ]
[ 28.          62.         154.44253452   2.        ]
[ 98.          41.         156.64766149  22.        ]
[  3.         100.         157.93874441  23.        ]
[ 94.           7.         160.21163287   5.        ]
[101.          67.         163.93556694  24.        ]
[103.         102.         170.17368987  29.        ]
[ 55.         104.         171.55737323  30.        ]
[ 35.         58.        172.5947975   2.       ]
[  8.         105.         173.11053392  31.        ]
[ 24.          25.         177.35869611   2.        ]
[ 64.          73.         177.37778599   2.        ]
[107.          99.         180.61919523  33.        ]
[ 48.        108.        181.6642429   3.       ]
[110.          54.         182.60035064  34.        ]
[112.          59.         182.94628073  35.        ]
[ 61.          72.         185.68907287   2.        ]
[111.         113.         186.44015706  38.        ]
[  0.          10.         187.93453051   2.        ]
[ 37.          42.         191.22692226   2.        ]
[ 52.         109.         193.19230117   3.        ]
[ 16.         115.         196.91716183  39.        ]
[ 11.          13.         197.18403595   2.        ]
[ 22.         119.         201.14157347  40.        ]
[121.         116.         202.58384765  42.        ]
[ 12.         122.         202.95408852  43.        ]
[123.         114.         206.22100267  45.        ]
[ 47.          71.         207.42774747   2.        ]
[ 49.         124.         209.04074225  46.        ]
[117.         126.         211.58804587  48.        ]
[106.         127.         215.27301916  50.        ]
[  9.          34.         219.46013524   2.        ]
[128.         125.         221.43417988  52.        ]
[ 17.        130.        221.6296768  53.       ]
[ 33.          39.         222.12851615   2.        ]
[131.         118.         228.86607358  56.        ]
[133.          40.         230.13319357  57.        ]
[134.         129.         233.56789292  59.        ]
[135.          63.         233.95583134  60.        ]
[120.         136.         237.09957173  62.        ]
[137.         132.         243.11736831  64.        ]
[138.          26.         246.20399048  65.        ]
[  6.         139.         249.79495046  66.        ]
[140.          51.         251.23601094  67.        ]
[141.         50.        251.3126775  68.       ]
[  4.         142.         251.48905588  69.        ]
[143.          46.         256.52078796  70.        ]
[ 20.          74.         256.80880625   2.        ]
[144.          38.         258.38091973  71.        ]
[146.          36.         273.03419267  72.        ]
[147.         145.         273.42089151  74.        ]
[148.          75.         284.33448467  75.        ]
[149.          18.         302.70970046  76.        ]
