[5.60000000e+01 5.70000000e+01 2.33601546e-06 2.00000000e+00]
[ 5.         21.         58.54229169  2.        ]
[14.         31.         63.01505554  2.        ]
[65.         76.         65.14204572  3.        ]
[30.         79.         70.50620442  4.        ]
[80.         78.         79.31408229  6.        ]
[69.         81.         85.23979563  7.        ]
[68.         82.         88.12792218  8.        ]
[27.         83.         90.04809422  9.        ]
[ 29.          84.         101.11552177  10.        ]
[ 85.          60.         107.34412036  11.        ]
[ 86.          43.         109.57109553  12.        ]
[ 87.          70.         111.89794003  13.        ]
[ 88.          44.         114.96051642  14.        ]
[ 89.          32.         122.94478875  15.        ]
[ 90.          53.         125.86436888  16.        ]
[ 91.          66.         127.37187213  17.        ]
[ 92.          77.         128.81013229  19.        ]
[  1.          93.         132.01385746  20.        ]
[ 94.          19.         141.02364312  21.        ]
[ 95.          54.         146.94385206  22.        ]
[ 96.          41.         147.77442337  23.        ]
[ 97.           2.         148.46514264  24.        ]
[ 15.          98.         153.10951541  25.        ]
[ 23.          99.         153.59896935  26.        ]
[ 28.          62.         154.44253452   2.        ]
[100.          67.         157.90349703  27.        ]
[102.         101.         159.08493576  29.        ]
[  8.         103.         161.30603398  30.        ]
[  3.         104.         166.73520188  31.        ]
[ 55.         105.         171.55737323  32.        ]
[ 58.        106.        172.5947975  33.       ]
[  7.          45.         173.18698533   2.        ]
[ 25.          48.         177.35869611   2.        ]
[ 73.         109.         177.37778599   3.        ]
[ 64.         110.         184.24715899   4.        ]
[ 61.          72.         185.68907287   2.        ]
[ 10.         108.         187.93453051   3.        ]
[107.          59.         190.61147793  34.        ]
[ 42.         114.         191.22692226  35.        ]
[  0.         113.         194.44618203   4.        ]
[ 37.         115.         195.95321999  36.        ]
[ 16.         117.         196.91716183  37.        ]
[116.         24.        197.1008215   5.       ]
[ 11.          13.         197.18403595   2.        ]
[111.        119.        199.8430205   9.       ]
[ 12.         112.         201.14157347   3.        ]
[ 22.         118.         202.90169872  38.        ]
[ 71.         123.         207.42774747  39.        ]
[ 49.         124.         209.04074225  40.        ]
[121.         125.         211.13534907  49.        ]
[122.        126.        212.5893049  52.       ]
[127.          63.         218.04153697  53.        ]
[128.          47.         218.29838498  54.        ]
[129.          35.         218.54049342  55.        ]
[130.          40.         218.72264975  56.        ]
[131.         120.         218.93735996  58.        ]
[ 34.         132.         219.46013524  59.        ]
[ 33.          39.         222.12851615   2.        ]
[133.          50.         223.35374371  60.        ]
[135.         26.        223.7628945  61.       ]
[136.          51.         223.96073687  62.        ]
[  9.         137.         224.53324095  63.        ]
[138.          38.         235.86969073  64.        ]
[139.          17.         236.20127513  65.        ]
[ 52.         140.         247.02889918  66.        ]
[  4.         141.         249.79495046  67.        ]
[142.         134.         252.39116027  69.        ]
[143.          46.         252.79715739  70.        ]
[144.           6.         252.83553972  71.        ]
[ 20.          74.         256.80880625   2.        ]
[145.         146.         272.74657223  73.        ]
[147.          36.         277.38390359  74.        ]
[148.         75.        283.9097524  75.       ]
[149.          18.         305.62741153  76.        ]
