[5.60000000e+01 5.70000000e+01 2.33601546e-06 2.00000000e+00]
[ 5.         21.         58.54229169  2.        ]
[14.         31.         63.01505554  2.        ]
[30.         65.         65.14204572  2.        ]
[79.         76.         74.36074815  4.        ]
[27.         80.         81.06071882  5.        ]
[68.         69.         85.23979563  2.        ]
[81.         82.         87.24681026  7.        ]
[ 78.          83.         100.99753944   9.        ]
[ 29.          44.         101.11552177   2.        ]
[ 84.          70.         103.68203706  10.        ]
[ 86.          60.         108.32112875  11.        ]
[ 87.          43.         111.01874042  12.        ]
[ 88.          85.         118.74702714  14.        ]
[  1.          89.         121.17254634  15.        ]
[ 90.          32.         126.46252714  16.        ]
[ 77.          66.         130.19118521   3.        ]
[ 91.          19.         137.26068218  17.        ]
[ 92.          45.         139.06670276   4.        ]
[ 93.           2.         139.39869693  18.        ]
[ 95.          53.         145.54891079  19.        ]
[ 96.          23.         149.16119494  20.        ]
[  3.          15.         153.10951541   2.        ]
[ 28.          62.         154.44253452   2.        ]
[ 97.           8.         155.58497626  21.        ]
[100.          54.         156.78175269  22.        ]
[101.          94.         158.20988234  26.        ]
[102.          41.         160.19463154  27.        ]
[ 98.         67.        161.4764492   3.       ]
[103.         104.         165.63103015  30.        ]
[105.           7.         170.92213286  31.        ]
[ 55.          59.         171.55737323   2.        ]
[106.          24.         172.08238294  32.        ]
[108.          25.         172.58023263  33.        ]
[ 35.         58.        172.5947975   2.       ]
[ 64.          73.         177.37778599   2.        ]
[109.          48.         177.94177253  34.        ]
[112.         107.         178.60854926  36.        ]
[113.          22.         179.95331754  37.        ]
[114.          16.         184.18876956  38.        ]
[115.          99.         184.91234228  40.        ]
[ 61.          72.         185.68907287   2.        ]
[116.         10.        187.5179642  41.       ]
[  0.         118.         188.96572141  42.        ]
[ 37.          42.         191.22692226   2.        ]
[ 52.         111.         193.19230117   3.        ]
[ 11.          13.         197.18403595   2.        ]
[119.          12.         198.86578091  43.        ]
[123.         120.         205.60926352  45.        ]
[124.         110.         206.37861289  47.        ]
[125.         117.         207.13161521  49.        ]
[ 47.          71.         207.42774747   2.        ]
[126.          49.         207.74166486  50.        ]
[128.          17.         209.72524432  51.        ]
[129.         127.         211.90712134  53.        ]
[130.          40.         218.06898689  54.        ]
[131.          34.         219.19112045  55.        ]
[132.         121.         221.86518526  58.        ]
[ 33.          39.         222.12851615   2.        ]
[133.          63.         223.12752547  59.        ]
[135.           9.         226.49821462  60.        ]
[136.           4.         228.65754827  61.        ]
[137.          51.         229.38551737  62.        ]
[138.         122.         231.14373061  64.        ]
[139.           6.         232.40629377  65.        ]
[140.          50.         233.02040989  66.        ]
[141.          26.         234.05738254  67.        ]
[142.         134.         238.93362054  69.        ]
[143.          46.         243.56383753  70.        ]
[144.          38.         244.74325513  71.        ]
[145.          74.         246.15315974  72.        ]
[146.          20.         254.80215233  73.        ]
[147.          36.         256.62918207  74.        ]
[148.          75.         262.85072041  75.        ]
[149.          18.         289.51916867  76.        ]
