[5.60000000e+01 5.70000000e+01 2.33601546e-06 2.00000000e+00]
[ 5.         21.         58.54229169  2.        ]
[14.         31.         63.01505554  2.        ]
[65.         76.         65.14204572  3.        ]
[30.         79.         70.50620442  4.        ]
[80.         78.         79.31408229  6.        ]
[69.         81.         85.23979563  7.        ]
[68.         82.         88.12792218  8.        ]
[27.         83.         90.04809422  9.        ]
[ 29.          44.         101.11552177   2.        ]
[ 84.         85.        104.2453806  11.       ]
[ 86.          60.         106.16562542  12.        ]
[ 87.          70.         107.05906987  13.        ]
[ 88.          43.         109.14219732  14.        ]
[ 89.          32.         121.23137437  15.        ]
[  1.          90.         121.83947095  16.        ]
[ 77.          66.         130.19118521   3.        ]
[ 91.          19.         137.31752546  17.        ]
[ 92.          45.         139.06670276   4.        ]
[ 93.          53.         143.05012736  18.        ]
[ 95.           2.         144.25783959  19.        ]
[ 96.          54.         149.53671172  20.        ]
[ 97.          94.         150.92780879  24.        ]
[  3.          15.         153.10951541   2.        ]
[ 23.          98.         153.59896935  25.        ]
[ 28.          62.         154.44253452   2.        ]
[  8.         100.         155.87099485  26.        ]
[ 99.         67.        161.4764492   3.       ]
[ 41.         102.         168.67660328  27.        ]
[103.         104.         169.04175531  30.        ]
[ 55.          59.         171.55737323   2.        ]
[ 35.         58.        172.5947975   2.       ]
[ 25.         105.         177.35869611  31.        ]
[ 64.          73.         177.37778599   2.        ]
[ 48.        108.        181.6642429  32.       ]
[101.         110.         185.05796011  34.        ]
[ 61.          72.         185.68907287   2.        ]
[  0.          10.         187.93453051   2.        ]
[  7.         112.         189.14857179   3.        ]
[ 42.         111.         191.22692226  35.        ]
[ 22.         106.         191.38946691   3.        ]
[ 37.        115.        192.6434063  36.       ]
[ 52.         109.         193.19230117   3.        ]
[113.         116.         196.75163508   5.        ]
[ 16.         114.         196.91716183   4.        ]
[ 13.         119.         197.18403595   6.        ]
[121.          24.         200.04017748   7.        ]
[ 12.         122.         203.06238984   8.        ]
[ 47.          71.         207.42774747   2.        ]
[ 49.         117.         209.04074225  37.        ]
[120.         125.         209.65988378  41.        ]
[123.       126.       213.374746  49.      ]
[127.         107.         215.85158382  51.        ]
[128.         124.         216.52106374  53.        ]
[129.          40.         217.01839229  54.        ]
[ 34.         130.         219.46013524  55.        ]
[ 33.          39.         222.12851615   2.        ]
[131.          50.         222.34123162  56.        ]
[133.          26.         222.79685812  57.        ]
[134.         118.         223.02500058  60.        ]
[135.          63.         224.23854313  61.        ]
[136.          51.         224.56432937  62.        ]
[  9.         137.         225.12725261  63.        ]
[138.          17.         236.15288547  64.        ]
[132.         139.         243.16191898  66.        ]
[ 11.         140.         243.52598364  67.        ]
[  4.           6.         249.79495046   2.        ]
[142.         141.         254.82650578  69.        ]
[ 20.          74.         256.80880625   2.        ]
[143.         144.         259.20362736  71.        ]
[145.          38.         259.74044727  72.        ]
[146.          46.         262.07909453  73.        ]
[147.          36.         276.23173346  74.        ]
[148.          75.         283.82240377  75.        ]
[149.          18.         305.47165884  76.        ]
