[5.60000000e+01 5.70000000e+01 2.33601546e-06 2.00000000e+00]
[ 5.         21.         58.54229169  2.        ]
[14.         31.         63.01505554  2.        ]
[30.         65.         65.14204572  2.        ]
[79.         76.         74.36074815  4.        ]
[27.         80.         81.06071882  5.        ]
[68.         69.         85.23979563  2.        ]
[81.         82.         87.24681026  7.        ]
[ 78.          83.         100.99753944   9.        ]
[ 29.          44.         101.11552177   2.        ]
[ 84.          70.         103.68203706  10.        ]
[ 86.          60.         108.32112875  11.        ]
[ 87.          43.         111.01874042  12.        ]
[ 88.          85.         118.74702714  14.        ]
[ 89.          32.         121.17254634  15.        ]
[  1.          90.         121.78431968  16.        ]
[ 77.          66.         130.19118521   3.        ]
[ 91.          19.         137.09428388  17.        ]
[ 92.          45.         139.06670276   4.        ]
[ 93.           2.         139.46615609  18.        ]
[ 95.          53.         145.57005641  19.        ]
[ 96.          23.         149.32087799  20.        ]
[  3.          15.         153.10951541   2.        ]
[ 28.          62.         154.44253452   2.        ]
[ 97.         94.        155.4886036  24.       ]
[100.          98.         157.24705567  26.        ]
[101.           8.         158.63754779  27.        ]
[102.          54.         160.51608804  28.        ]
[103.          41.         161.35295927  29.        ]
[104.          25.         170.28991644  30.        ]
[105.          24.         170.51794159  31.        ]
[ 55.          59.         171.55737323   2.        ]
[ 35.         58.        172.5947975   2.       ]
[106.           7.         172.90740912  32.        ]
[109.          67.         174.64299667  33.        ]
[ 64.          73.         177.37778599   2.        ]
[110.         107.         178.01605502  35.        ]
[112.          48.         179.22110902  36.        ]
[113.          22.         180.15638491  37.        ]
[114.          99.         184.25594548  39.        ]
[115.          16.         185.35537603  40.        ]
[ 61.          72.         185.68907287   2.        ]
[116.          37.         187.53574493  41.        ]
[ 10.         118.         187.93453051  42.        ]
[  0.         119.         188.86767282  43.        ]
[ 52.         111.         193.19230117   3.        ]
[ 11.          13.         197.18403595   2.        ]
[ 34.          42.         199.35728378   2.        ]
[ 12.          40.         203.06238984   2.        ]
[ 47.          71.         207.42774747   2.        ]
[ 17.          49.         209.04074225   2.        ]
[120.         124.         210.57623744  45.        ]
[127.         108.         211.62677083  47.        ]
[128.         117.         212.37762009  49.        ]
[129.         126.         214.42979799  51.        ]
[130.         125.         216.92772787  53.        ]
[  9.         123.         218.63103264   3.        ]
[ 33.          39.         222.12851615   2.        ]
[131.         121.         224.73735869  56.        ]
[134.          63.         226.17412725  57.        ]
[135.         132.         227.11933917  60.        ]
[136.         122.         231.46710236  62.        ]
[137.          51.         232.33237267  63.        ]
[138.           4.         233.03454886  64.        ]
[139.           6.         235.65993781  65.        ]
[140.          50.         236.17405554  66.        ]
[141.          26.         238.80145739  67.        ]
[142.         133.         242.05358126  69.        ]
[143.          46.         245.66280345  70.        ]
[144.         38.        247.9742666  71.       ]
[145.          74.         249.17148591  72.        ]
[146.          20.         257.57358149  73.        ]
[147.          36.         259.35571961  74.        ]
[148.          75.         265.76289846  75.        ]
[149.          18.         290.82045169  76.        ]
