[5.60000000e+01 5.70000000e+01 2.33601546e-06 2.00000000e+00]
[ 5.         21.         58.54229169  2.        ]
[31.         76.         63.01505554  3.        ]
[65.         78.         65.14204572  4.        ]
[30.         79.         72.60885788  5.        ]
[27.         80.         81.18845691  6.        ]
[69.         81.         85.23979563  7.        ]
[68.         82.         87.12388652  8.        ]
[ 29.          83.         101.11552177   9.        ]
[ 84.          60.         106.69526507  10.        ]
[ 70.         85.        107.5670757  11.       ]
[ 43.          86.         111.83810314  12.        ]
[ 87.         44.        114.1421199  13.       ]
[ 88.          32.         115.11884833  14.        ]
[ 14.          89.         115.69624622  15.        ]
[ 90.          66.         123.53379718  16.        ]
[ 91.          53.         125.28242999  17.        ]
[  1.          92.         126.73851299  18.        ]
[ 77.          93.         135.96739846  20.        ]
[ 94.          45.         150.24522955  21.        ]
[  3.          15.         153.10951541   2.        ]
[  8.          95.         153.59896935  22.        ]
[ 23.          97.         153.63175281  23.        ]
[ 62.          96.         154.44253452   3.        ]
[ 19.          98.         154.82844539  24.        ]
[100.          54.         158.60349675  25.        ]
[101.          41.         158.88978504  26.        ]
[102.          55.         159.09207766  27.        ]
[103.          25.         159.86510023  28.        ]
[ 28.          99.         160.01141785   4.        ]
[104.          48.         160.21511034  29.        ]
[  2.         106.         161.05773982  30.        ]
[ 58.        107.        172.5947975  31.       ]
[105.         108.         173.03448735  35.        ]
[ 73.         109.         177.37778599  36.        ]
[ 37.          67.         180.72148234   2.        ]
[ 64.         110.         184.24715899  37.        ]
[ 61.          72.         185.68907287   2.        ]
[  0.          10.         187.93453051   2.        ]
[  7.         113.         189.14857179   3.        ]
[111.         112.         190.18761039  39.        ]
[114.          24.         196.75163508   3.        ]
[ 16.         115.         196.91716183   4.        ]
[ 13.         117.         197.18403595   4.        ]
[ 59.          34.         197.56482003   2.        ]
[ 22.         119.         201.14157347   5.        ]
[116.         118.         202.94605555  43.        ]
[ 12.         121.         203.06238984   6.        ]
[122.         123.         203.61826224  49.        ]
[124.         120.         205.32533506  51.        ]
[125.          42.         205.48085701  52.        ]
[ 71.         126.         207.42774747  53.        ]
[ 49.         127.         209.04074225  54.        ]
[128.          47.         212.53772038  55.        ]
[129.          35.         212.87837446  56.        ]
[130.          40.         213.15667049  57.        ]
[131.          63.         213.46364396  58.        ]
[132.         52.        213.7763166  59.       ]
[133.          39.         214.17661143  60.        ]
[ 17.         134.         214.56551362  61.        ]
[ 33.         135.         234.64203888  62.        ]
[  9.         136.         236.02912124  63.        ]
[137.          26.         243.40911386  64.        ]
[138.          38.         243.60667946  65.        ]
[139.          50.         243.98649148  66.        ]
[140.          51.         244.26604755  67.        ]
[141.          46.         244.61136227  68.        ]
[142.         74.        245.0911118  69.       ]
[143.          11.         245.47539277  70.        ]
[  6.         144.         249.79495046  71.        ]
[145.          75.         254.03149245  72.        ]
[  4.         146.         254.51442859  73.        ]
[147.          36.         276.21420136  74.        ]
[148.          20.         278.08486204  75.        ]
[149.          18.         301.97147241  76.        ]
