[5.60000000e+01 5.70000000e+01 2.33601546e-06 2.00000000e+00]
[ 5.         21.         58.54229169  2.        ]
[14.         31.         63.01505554  2.        ]
[65.         76.         65.14204572  3.        ]
[30.         79.         70.50620442  4.        ]
[27.         80.         79.31408229  5.        ]
[68.         69.         85.23979563  2.        ]
[81.         82.         87.50800099  7.        ]
[ 78.          83.         101.05978879   9.        ]
[ 29.          44.         101.11552177   2.        ]
[ 84.        70.       103.655287  10.      ]
[ 86.          60.         108.39913716  11.        ]
[ 87.          43.         111.00777201  12.        ]
[ 88.          85.         118.90018015  14.        ]
[ 89.         32.        121.2865964  15.       ]
[  1.         90.        121.8912416  16.       ]
[ 77.          66.         130.19118521   3.        ]
[ 91.          19.         137.09694915  17.        ]
[ 92.          45.         139.06670276   4.        ]
[ 93.           2.         139.41859795  18.        ]
[ 95.          53.         145.60511962  19.        ]
[ 96.          23.         149.32118407  20.        ]
[  3.          15.         153.10951541   2.        ]
[ 28.          62.         154.44253452   2.        ]
[ 97.          94.         155.48108407  24.        ]
[100.          98.         157.25731194  26.        ]
[101.           8.         158.64707147  27.        ]
[102.          54.         160.51031686  28.        ]
[103.         41.        161.3770566  29.       ]
[104.          25.         170.30362596  30.        ]
[105.          24.         170.53120887  31.        ]
[ 55.          59.         171.55737323   2.        ]
[ 35.         58.        172.5947975   2.       ]
[106.         7.       172.915408  32.      ]
[109.         107.         174.64345813  34.        ]
[ 99.         110.         175.36442436  36.        ]
[111.          67.         175.54187547  37.        ]
[ 64.          73.         177.37778599   2.        ]
[112.         48.        180.8379246  38.       ]
[ 61.          72.         185.68907287   2.        ]
[114.         113.         187.53609389  40.        ]
[  0.          10.         187.93453051   2.        ]
[116.          37.         188.71194092  41.        ]
[118.          42.         189.46855534  42.        ]
[119.         108.         196.18313252  44.        ]
[ 16.         120.         196.91716183  45.        ]
[ 11.          13.         197.18403595   2.        ]
[ 12.          22.         201.14157347   2.        ]
[123.        121.        203.6394969  47.       ]
[124.        115.        207.0797425  49.       ]
[ 47.          71.         207.42774747   2.        ]
[117.        125.        207.5823593  51.       ]
[ 17.          49.         209.04074225   2.        ]
[127.         126.         217.45929553  53.        ]
[129.         128.         217.92250657  55.        ]
[130.          40.         218.34427335  56.        ]
[  9.          34.         219.46013524   2.        ]
[ 33.          39.         222.12851615   2.        ]
[131.          63.         224.66769869  57.        ]
[134.         132.         227.61385417  59.        ]
[135.         122.         231.53449994  61.        ]
[136.          51.         233.83790077  62.        ]
[137.          50.         234.64428586  63.        ]
[138.         133.         236.75117745  65.        ]
[139.          26.         237.56651782  66.        ]
[140.           6.         237.87026474  67.        ]
[141.           4.         238.06538031  68.        ]
[142.          52.         243.04686864  69.        ]
[143.          46.         245.39245495  70.        ]
[144.          38.         249.01507899  71.        ]
[145.          74.         249.85206891  72.        ]
[146.          20.         258.03250506  73.        ]
[147.          36.         260.57160212  74.        ]
[148.          75.         265.88180145  75.        ]
[149.          18.         292.01941694  76.        ]
