[5.60000000e+01 5.70000000e+01 2.33601546e-06 2.00000000e+00]
[ 5.         21.         58.54229169  2.        ]
[14.         31.         63.01505554  2.        ]
[65.         76.         65.14204572  3.        ]
[30.         79.         70.50620442  4.        ]
[27.         80.         79.31408229  5.        ]
[68.         69.         85.23979563  2.        ]
[81.         82.         87.50800099  7.        ]
[ 78.          83.         101.05978879   9.        ]
[ 29.          44.         101.11552177   2.        ]
[ 84.        70.       103.655287  10.      ]
[ 86.          60.         108.39913716  11.        ]
[ 87.          43.         111.00777201  12.        ]
[ 88.          85.         118.90018015  14.        ]
[ 89.         32.        121.2865964  15.       ]
[  1.         90.        121.8912416  16.       ]
[ 77.          66.         130.19118521   3.        ]
[ 91.          53.         137.09694915  17.        ]
[ 93.          19.         137.79775332  18.        ]
[ 92.          45.         139.06670276   4.        ]
[ 94.           2.         140.81744331  19.        ]
[ 96.          23.         149.32118407  20.        ]
[  3.          15.         153.10951541   2.        ]
[ 28.          62.         154.44253452   2.        ]
[ 97.          95.         155.48108407  24.        ]
[100.          98.         157.25731194  26.        ]
[101.          54.         158.64707147  27.        ]
[102.          41.         159.43354033  28.        ]
[103.          8.        160.0020256  29.       ]
[104.          25.         170.30362596  30.        ]
[105.          67.         170.53120887  31.        ]
[106.          55.         171.36918328  32.        ]
[107.          48.         172.31521767  33.        ]
[ 35.         58.        172.5947975   2.       ]
[108.          59.         172.88322378  34.        ]
[110.         99.        173.9076264  36.       ]
[111.          73.         175.62603658  37.        ]
[112.          24.         176.30558647  38.        ]
[113.           7.         178.21095094  39.        ]
[114.          22.         182.27337151  40.        ]
[ 52.          64.         184.24715899   2.        ]
[ 61.          72.         185.68907287   2.        ]
[115.          37.         185.97533479  41.        ]
[118.          42.         186.50827953  42.        ]
[119.          16.         186.92346668  43.        ]
[ 10.         120.         187.93453051  44.        ]
[  0.        121.        189.4176775  45.       ]
[ 11.          13.         197.18403595   2.        ]
[ 12.         122.         203.06238984  46.        ]
[ 47.          71.         207.42774747   2.        ]
[124.         117.         208.09998473  48.        ]
[ 17.          49.         209.04074225   2.        ]
[126.        40.       212.836009  49.      ]
[128.         109.         215.35711449  51.        ]
[129.         125.         216.48579118  53.        ]
[130.         127.         216.83026447  55.        ]
[131.         123.         218.56947839  57.        ]
[ 34.         132.         219.46013524  58.        ]
[  9.         133.         220.09156682  59.        ]
[ 33.          39.         222.12851615   2.        ]
[134.          26.         234.66283063  60.        ]
[136.         116.         238.41330525  62.        ]
[137.          50.         238.88475218  63.        ]
[ 63.         138.         239.00552319  64.        ]
[ 46.        139.        247.1622887  65.       ]
[  4.           6.         249.79495046   2.        ]
[141.         140.         254.68987463  67.        ]
[142.          51.         256.77587266  68.        ]
[ 20.          74.         256.80880625   2.        ]
[143.          38.         257.64069001  69.        ]
[145.         135.         262.21052825  71.        ]
[146.         144.         272.18094043  73.        ]
[147.          36.         277.19367643  74.        ]
[148.          75.         284.48229955  75.        ]
[149.          18.         304.26258594  76.        ]
