[5.60000000e+01 5.70000000e+01 2.33601546e-06 2.00000000e+00]
[ 5.         21.         58.54229169  2.        ]
[14.         31.         63.01505554  2.        ]
[30.         65.         65.14204572  2.        ]
[79.         76.         74.36074815  4.        ]
[27.         80.         81.06071882  5.        ]
[68.         69.         85.23979563  2.        ]
[81.         82.         87.24681026  7.        ]
[ 78.          83.         100.99753944   9.        ]
[ 29.          44.         101.11552177   2.        ]
[ 84.          70.         103.68203706  10.        ]
[ 86.          60.         108.32112875  11.        ]
[ 87.          43.         111.01874042  12.        ]
[ 88.          85.         118.74702714  14.        ]
[  1.          89.         121.17254634  15.        ]
[ 90.          32.         126.46252714  16.        ]
[ 77.          66.         130.19118521   3.        ]
[ 91.          19.         137.26068218  17.        ]
[ 92.          45.         139.06670276   4.        ]
[ 93.           2.         139.39869693  18.        ]
[ 95.          53.         145.54891079  19.        ]
[ 96.          23.         149.16119494  20.        ]
[  3.          15.         153.10951541   2.        ]
[ 28.          62.         154.44253452   2.        ]
[ 97.          94.         155.58497626  24.        ]
[100.           8.         157.28010218  25.        ]
[101.          54.         158.52021044  26.        ]
[102.          41.         160.14926515  27.        ]
[ 98.         67.        161.4764492   3.       ]
[103.         104.         165.57771271  30.        ]
[105.           7.         170.90862777  31.        ]
[ 55.          59.         171.55737323   2.        ]
[106.          24.         172.03220794  32.        ]
[108.          25.         172.53262573  33.        ]
[ 35.         58.        172.5947975   2.       ]
[ 64.          73.         177.37778599   2.        ]
[109.         107.         177.89989411  35.        ]
[112.          48.         179.11122707  36.        ]
[113.          22.         179.91474144  37.        ]
[114.          99.         184.15961336  39.        ]
[115.          16.         185.26374304  40.        ]
[ 61.          72.         185.68907287   2.        ]
[116.          10.         187.49006021  41.        ]
[  0.         118.         188.94237921  42.        ]
[ 37.          42.         191.22692226   2.        ]
[ 52.         111.         193.19230117   3.        ]
[ 11.          13.         197.18403595   2.        ]
[119.          12.         198.85098825  43.        ]
[123.         120.         205.59185926  45.        ]
[124.         110.         206.36430074  47.        ]
[125.         117.         207.11693473  49.        ]
[ 47.          71.         207.42774747   2.        ]
[126.          49.         207.72556134  50.        ]
[128.          17.         209.71308818  51.        ]
[129.         127.         211.89890138  53.        ]
[130.          40.         218.05753606  54.        ]
[131.          34.         219.18633319  55.        ]
[132.         121.         221.85500189  58.        ]
[ 33.          39.         222.12851615   2.        ]
[133.          63.         223.11971491  59.        ]
[135.          9.        226.4872473  60.       ]
[136.           4.         228.64469121  61.        ]
[137.          51.         229.37552558  62.        ]
[138.         122.         231.13542233  64.        ]
[139.           6.         232.39824618  65.        ]
[140.          50.         233.01852693  66.        ]
[141.          26.         234.04902219  67.        ]
[142.         134.         238.92641473  69.        ]
[143.          46.         243.55659173  70.        ]
[144.          38.         244.73275122  71.        ]
[145.          74.         246.14772625  72.        ]
[146.          20.         254.79882861  73.        ]
[147.          36.         256.62136833  74.        ]
[148.          75.         262.84487809  75.        ]
[149.          18.         289.52001169  76.        ]
