[5.60000000e+01 5.70000000e+01 2.33601546e-06 2.00000000e+00]
[ 5.         21.         58.54229169  2.        ]
[14.         31.         63.01505554  2.        ]
[65.         76.         65.14204572  3.        ]
[30.         79.         70.50620442  4.        ]
[27.         80.         79.31408229  5.        ]
[69.         81.         85.23979563  6.        ]
[68.         82.         86.36897166  7.        ]
[ 29.          44.         101.11552177   2.        ]
[ 83.          78.         102.85483265   9.        ]
[ 85.          84.         104.61571124  11.        ]
[ 60.          86.         106.32936977  12.        ]
[ 87.          70.         108.76878209  13.        ]
[ 43.          88.         112.78545674  14.        ]
[ 89.          32.         124.04205822  15.        ]
[  1.          90.         124.47448706  16.        ]
[ 77.          66.         130.19118521   3.        ]
[ 91.          19.         137.56387822  17.        ]
[ 92.          45.         139.06670276   4.        ]
[ 93.          53.         144.53505496  18.        ]
[ 95.          2.        145.6646131  19.       ]
[ 96.          23.         149.85072404  20.        ]
[ 15.          97.         153.10951541  21.        ]
[ 28.          62.         154.44253452   2.        ]
[ 98.          41.         156.64766149  22.        ]
[  3.         100.         157.93874441  23.        ]
[ 94.           7.         160.21163287   5.        ]
[101.          67.         163.93556694  24.        ]
[103.         102.         170.17368987  29.        ]
[ 55.         104.         171.55737323  30.        ]
[ 35.         58.        172.5947975   2.       ]
[  8.         105.         173.11053392  31.        ]
[ 24.          25.         177.35869611   2.        ]
[ 64.          73.         177.37778599   2.        ]
[107.          99.         180.61919523  33.        ]
[ 48.        108.        181.6642429   3.       ]
[110.          54.         182.60035064  34.        ]
[112.          59.         182.94628073  35.        ]
[ 61.          72.         185.68907287   2.        ]
[111.         113.         186.44015706  38.        ]
[  0.          10.         187.93453051   2.        ]
[ 37.          42.         191.22692226   2.        ]
[ 52.         109.         193.19230117   3.        ]
[ 16.          40.         196.91716183   2.        ]
[ 11.          13.         197.18403595   2.        ]
[115.         117.         198.91856877  40.        ]
[121.         116.         199.46523653  42.        ]
[122.          71.         199.62075126  43.        ]
[123.          49.         199.96712558  44.        ]
[124.          47.         200.42523218  45.        ]
[125.         106.         200.64943262  47.        ]
[ 22.         126.         201.14157347  48.        ]
[127.         114.         203.27473431  50.        ]
[128.         119.         203.31038395  52.        ]
[ 12.      129.      203.35296  53.     ]
[130.         120.         215.54056953  55.        ]
[131.         63.        216.8173877  56.       ]
[132.          34.         218.00426245  57.        ]
[  9.         133.         218.02936371  58.        ]
[ 33.          39.         222.12851615   2.        ]
[ 17.         118.         225.00969306   4.        ]
[134.        136.        234.9432609  62.       ]
[137.          26.         235.70913993  63.        ]
[138.          50.         239.98795677  64.        ]
[139.         135.         246.11801923  66.        ]
[140.          38.         246.47214687  67.        ]
[141.          51.         247.06906753  68.        ]
[  6.         142.         247.15704117  69.        ]
[  4.         143.         251.12952947  70.        ]
[144.         46.        253.9130977  71.       ]
[ 20.          74.         256.80880625   2.        ]
[145.         146.         272.24251802  73.        ]
[147.          36.         274.64962941  74.        ]
[148.          75.         282.48004064  75.        ]
[149.          18.         300.33658526  76.        ]
