[14. 15.  0.  2.]
[30. 31.  0.  2.]
[70. 71.  0.  2.]
[487.  72.   0.   3.]
[488.  73.   0.   4.]
[489.  74.   0.   5.]
[80. 81.  0.  2.]
[491.  82.   0.   3.]
[84. 85.  0.  2.]
[93. 94.  0.  2.]
[494.  95.   0.   3.]
[495.  96.   0.   4.]
[109. 114.   0.   2.]
[112. 117.   0.   2.]
[498. 120.   0.   3.]
[499. 125.   0.   4.]
[113. 116.   0.   2.]
[501. 127.   0.   3.]
[123. 124.   0.   2.]
[503. 128.   0.   3.]
[132. 133.   0.   2.]
[505. 135.   0.   3.]
[136. 137.   0.   2.]
[149. 150.   0.   2.]
[508. 151.   0.   3.]
[509. 153.   0.   4.]
[157. 215.   0.   2.]
[511. 216.   0.   3.]
[512. 218.   0.   4.]
[513. 219.   0.   5.]
[514. 222.   0.   6.]
[172. 174.   0.   2.]
[178. 180.   0.   2.]
[181. 493.   0.   3.]
[182. 184.   0.   2.]
[192. 197.   0.   2.]
[198. 199.   0.   2.]
[205. 211.   0.   2.]
[206. 207.   0.   2.]
[523. 208.   0.   3.]
[524. 209.   0.   4.]
[212. 221.   0.   2.]
[225. 227.   0.   2.]
[233. 235.   0.   2.]
[528. 236.   0.   3.]
[529. 239.   0.   4.]
[530. 240.   0.   5.]
[531. 243.   0.   6.]
[244. 510.   0.   5.]
[284. 303.   0.   2.]
[286. 298.   0.   2.]
[291. 297.   0.   2.]
[311. 325.   0.   2.]
[316. 318.   0.   2.]
[538. 321.   0.   3.]
[320. 539.   0.   4.]
[324. 540.   0.   5.]
[361. 363.   0.   2.]
[364. 496.   0.   5.]
[368. 370.   0.   2.]
[375. 376.   0.   2.]
[379. 385.   0.   2.]
[546. 386.   0.   3.]
[547. 388.   0.   4.]
[548. 399.   0.   5.]
[549. 411.   0.   6.]
[395. 396.   0.   2.]
[551. 401.   0.   3.]
[430. 431.   0.   2.]
[443. 444.   0.   2.]
[554. 445.   0.   3.]
[448. 453.   0.   2.]
[450. 452.   0.   2.]
[557. 459.   0.   3.]
[558. 467.   0.   4.]
[559. 556.   0.   6.]
[456. 458.   0.   2.]
[561. 464.   0.   3.]
[473. 474.   0.   2.]
[475. 476.   0.   2.]
[2.99000000e+02 3.01000000e+02 1.11022302e-16 2.00000000e+00]
[3.33000000e+02 3.41000000e+02 2.22044605e-16 2.00000000e+00]
[4.46000000e+02 4.47000000e+02 2.22044605e-16 2.00000000e+00]
[1.06000000e+02 1.07000000e+02 4.18346901e-03 2.00000000e+00]
[1.3900000e+02 1.4000000e+02 9.5018976e-03 2.0000000e+00]
[4.85000000e+02 1.60000000e+01 1.07088148e-02 3.00000000e+00]
[5.07000000e+02 1.38000000e+02 1.43732044e-02 3.00000000e+00]
[3.52000000e+02 5.21000000e+02 1.53141347e-02 3.00000000e+00]
[5.69000000e+02 1.41000000e+02 2.88756633e-02 3.00000000e+00]
[3.19000000e+02 5.41000000e+02 3.71693214e-02 6.00000000e+00]
[4.28000000e+02 4.33000000e+02 4.12592048e-02 2.00000000e+00]
[1.48000000e+02 5.04000000e+02 4.38600149e-02 4.00000000e+00]
[3.15000000e+02 5.62000000e+02 4.38665733e-02 4.00000000e+00]
[3.51000000e+02 3.55000000e+02 4.52559233e-02 2.00000000e+00]
[75.         76.          0.08516135  2.        ]
[5.6000000e+02 4.7000000e+02 9.2822603e-02 7.0000000e+00]
[41.         45.          0.09334328  2.        ]
[5.7300000e+02 1.4200000e+02 1.2671536e-01 4.0000000e+00]
[2.49000000e+02 5.18000000e+02 1.27204073e-01 4.00000000e+00]
[1.89000000e+02 5.20000000e+02 1.36379986e-01 3.00000000e+00]
[5.84000000e+02 5.26000000e+02 1.43171339e-01 5.00000000e+00]
[4.05000000e+02 5.75000000e+02 1.84814883e-01 3.00000000e+00]
[3.6200000e+02 5.3300000e+02 2.3669868e-01 6.0000000e+00]
[5.72000000e+02 1.91000000e+02 2.39711287e-01 4.00000000e+00]
[5.81000000e+02 4.30000000e+01 2.47554423e-01 3.00000000e+00]
[1.47000000e+02 5.76000000e+02 2.54450481e-01 5.00000000e+00]
[3.14000000e+02 5.77000000e+02 2.63360091e-01 5.00000000e+00]
[5.85000000e+02 1.90000000e+02 2.67809238e-01 6.00000000e+00]
[5.17000000e+02 2.30000000e+01 2.74409565e-01 3.00000000e+00]
[5.83000000e+02 5.82000000e+02 2.75267977e-01 8.00000000e+00]
[5.89000000e+02 5.15000000e+02 2.80065173e-01 9.00000000e+00]
[5.93000000e+02 1.60000000e+02 2.94218224e-01 4.00000000e+00]
[5.80000000e+02 5.55000000e+02 2.97885341e-01 1.00000000e+01]
[5.88000000e+02 2.14000000e+02 3.08640233e-01 5.00000000e+00]
[3.66000000e+02 5.91000000e+02 3.14984408e-01 6.00000000e+00]
[130.          66.           0.32243297   2.        ]
[40.         55.          0.32403476  2.        ]
[5.86000000e+02 4.36000000e+02 3.46554558e-01 4.00000000e+00]
[4.86000000e+02 3.20000000e+01 3.49145348e-01 3.00000000e+00]
[5.94000000e+02 5.06000000e+02 3.56282819e-01 1.10000000e+01]
[5.98000000e+02 5.25000000e+02 3.56403567e-01 9.00000000e+00]
[4.37000000e+02 5.97000000e+02 3.84952373e-01 1.10000000e+01]
[6.04000000e+02 1.79000000e+02 3.88470545e-01 1.20000000e+01]
[279.         334.           0.39052811   2.        ]
[8.80000000e+01 5.19000000e+02 3.91726966e-01 3.00000000e+00]
[6.07000000e+02 2.53000000e+02 3.92651642e-01 1.30000000e+01]
[4.06000000e+02 6.00000000e+02 3.98600738e-01 3.00000000e+00]
[5.87000000e+02 5.43000000e+02 4.01810841e-01 1.10000000e+01]
[1.59000000e+02 5.35000000e+02 4.03803678e-01 3.00000000e+00]
[4.080000e+02 4.150000e+02 4.096963e-01 2.000000e+00]
[5.95000000e+02 5.80000000e+01 4.10771644e-01 1.00000000e+01]
[ 3.         86.          0.41109992  2.        ]
[2.00000000e+02 5.74000000e+02 4.17400213e-01 7.00000000e+00]
[5.66000000e+02 2.50000000e+02 4.21002812e-01 3.00000000e+00]
[ 5.         69.          0.43122199  2.        ]
[6.05000000e+02 5.70000000e+01 4.33249184e-01 1.00000000e+01]
[3.42000000e+02 5.42000000e+02 4.37657444e-01 3.00000000e+00]
[1.00000000e+01 5.32000000e+02 4.38972019e-01 7.00000000e+00]
[6.20000000e+02 2.31000000e+02 4.42926717e-01 1.10000000e+01]
[4.81000000e+02 4.78000000e+02 4.43841175e-01 2.00000000e+00]
[6.08000000e+02 3.30000000e+02 4.44280873e-01 3.00000000e+00]
[2.50000000e+01 5.71000000e+02 4.44590957e-01 4.00000000e+00]
[6.06000000e+02 4.42000000e+02 4.46538521e-01 1.20000000e+01]
[1.8300000e+02 6.1300000e+02 4.5002081e-01 4.0000000e+00]
[261.         263.           0.45311911   2.        ]
[269.         328.           0.45345541   2.        ]
[4.20000000e+02 5.92000000e+02 4.54165164e-01 7.00000000e+00]
[6.19000000e+02 2.20000000e+01 4.58566263e-01 3.00000000e+00]
[6.23000000e+02 2.24000000e+02 4.60925078e-01 1.20000000e+01]
[9.10000000e+01 6.18000000e+02 4.62243736e-01 4.00000000e+00]
[5.96000000e+02 5.99000000e+02 4.62291572e-01 1.00000000e+01]
[326.         360.           0.46293726   2.        ]
[6.22000000e+02 2.73000000e+02 4.65486951e-01 8.00000000e+00]
[2.37000000e+02 4.97000000e+02 4.70002395e-01 3.00000000e+00]
[5.6000000e+01 5.9000000e+02 4.7061184e-01 6.0000000e+00]
[5.16000000e+02 2.03000000e+02 4.75856179e-01 3.00000000e+00]
[2.10000000e+01 6.03000000e+02 4.75862545e-01 4.00000000e+00]
[6.24000000e+02 3.37000000e+02 4.77481601e-01 3.00000000e+00]
[6.33000000e+02 1.61000000e+02 4.80027998e-01 1.30000000e+01]
[20.         38.          0.48153354  2.        ]
[5.36000000e+02 4.26000000e+02 4.89317462e-01 3.00000000e+00]
[4.80000000e+01 6.26000000e+02 4.90643155e-01 5.00000000e+00]
[6.35000000e+02 2.48000000e+02 4.92945889e-01 1.10000000e+01]
[418.         288.           0.49543583   2.        ]
[6.43000000e+02 9.90000000e+01 4.96498755e-01 1.40000000e+01]
[310.         490.           0.49905917   6.        ]
[1.90000000e+01 6.41000000e+02 5.00318197e-01 5.00000000e+00]
[6.17000000e+02 2.56000000e+02 5.01068762e-01 8.00000000e+00]
[4.14000000e+02 5.22000000e+02 5.06164035e-01 3.00000000e+00]
[ 49.         202.           0.50847254   2.        ]
[6.34000000e+02 5.65000000e+02 5.09515812e-01 6.00000000e+00]
[6.4900000e+02 6.1000000e+02 5.1034539e-01 2.7000000e+01]
[8.7000000e+01 6.2800000e+02 5.1808205e-01 5.0000000e+00]
[6.52000000e+02 5.02000000e+02 5.18226712e-01 1.10000000e+01]
[3.94000000e+02 5.64000000e+02 5.18447993e-01 3.00000000e+00]
[3.67000000e+02 6.55000000e+02 5.19851933e-01 7.00000000e+00]
[  4.         210.           0.52039579   2.        ]
[274.        429.          0.5208747   2.       ]
[307.         323.           0.52101288   2.        ]
[2.52000000e+02 6.32000000e+02 5.22253426e-01 4.00000000e+00]
[3.91000000e+02 5.52000000e+02 5.23941798e-01 4.00000000e+00]
[0.0000000e+00 6.5000000e+02 5.2526776e-01 7.0000000e+00]
[4.70000000e+01 6.09000000e+02 5.26671371e-01 4.00000000e+00]
[1.1800000e+02 6.2500000e+02 5.2877769e-01 4.0000000e+00]
[ 53.         500.           0.53133383   5.        ]
[121.           9.           0.53189389   2.        ]
[9.00000000e+01 5.67000000e+02 5.32630409e-01 3.00000000e+00]
[2.68000000e+02 6.21000000e+02 5.33442267e-01 4.00000000e+00]
[6.12000000e+02 6.61000000e+02 5.34900708e-01 1.30000000e+01]
[247.         479.           0.53744293   2.        ]
[4.40000000e+01 6.66000000e+02 5.39716723e-01 8.00000000e+00]
[24.        34.         0.5413131  2.       ]
[6.40000000e+02 6.45000000e+02 5.45633374e-01 6.00000000e+00]
[  8.         111.           0.54710419   2.        ]
[143.         163.           0.54876591   2.        ]
[6.01000000e+02 5.40000000e+01 5.49879583e-01 3.00000000e+00]
[6.67000000e+02 7.70000000e+01 5.50496979e-01 5.00000000e+00]
[9.70000000e+01 6.68000000e+02 5.53301597e-01 5.00000000e+00]
[6.16000000e+02 6.58000000e+02 5.55192496e-01 1.30000000e+01]
[2.92000000e+02 6.57000000e+02 5.57388648e-01 6.00000000e+00]
[6.15000000e+02 1.01000000e+02 5.59813145e-01 1.10000000e+01]
[6.38000000e+02 4.04000000e+02 5.60655002e-01 4.00000000e+00]
[6.30000000e+02 6.60000000e+02 5.62400218e-01 9.00000000e+00]
[6.77000000e+02 3.54000000e+02 5.65059487e-01 7.00000000e+00]
[6.31000000e+02 6.11000000e+02 5.65150011e-01 1.00000000e+01]
[6.85000000e+02 3.08000000e+02 5.65787149e-01 1.20000000e+01]
[290.         373.           0.56742657   2.        ]
[397.         416.           0.56995057   2.        ]
[251.        392.          0.5709484   2.       ]
[6.56000000e+02 3.53000000e+02 5.71562808e-01 2.80000000e+01]
[2.42000000e+02 6.73000000e+02 5.71724079e-01 1.40000000e+01]
[6.64000000e+02 6.50000000e+01 5.72059115e-01 5.00000000e+00]
[6.39000000e+02 1.55000000e+02 5.73356669e-01 7.00000000e+00]
[176.         550.           0.57446288   7.        ]
[6.78000000e+02 3.29000000e+02 5.74712735e-01 3.00000000e+00]
[104.        238.          0.5752063   2.       ]
[6.36000000e+02 6.71000000e+02 5.77279285e-01 5.00000000e+00]
[3.36000000e+02 6.81000000e+02 5.78191043e-01 6.00000000e+00]
[4.35000000e+02 6.27000000e+02 5.78570212e-01 1.30000000e+01]
[5.20000000e+01 6.53000000e+02 5.79473277e-01 4.00000000e+00]
[6.63000000e+02 3.72000000e+02 5.79724848e-01 3.00000000e+00]
[282.         389.           0.58057079   2.        ]
[259.         403.           0.58073111   2.        ]
[1.34000000e+02 6.83000000e+02 5.81802878e-01 1.40000000e+01]
[3.04000000e+02 7.02000000e+02 5.81927158e-01 7.00000000e+00]
[4.71000000e+02 6.75000000e+02 5.82160251e-01 9.00000000e+00]
[2.32000000e+02 6.46000000e+02 5.83549369e-01 6.00000000e+00]
[3.9300000e+02 6.3700000e+02 5.8356345e-01 9.0000000e+00]
[6.97000000e+02 6.00000000e+01 5.83709666e-01 8.00000000e+00]
[6.96000000e+02 3.98000000e+02 5.84547547e-01 6.00000000e+00]
[255.         264.           0.58731711   2.        ]
[545.         322.           0.58733566   3.        ]
[ 17.         158.           0.58767071   2.        ]
[2.01000000e+02 6.84000000e+02 5.87933646e-01 7.00000000e+00]
[1.68000000e+02 6.89000000e+02 5.89012551e-01 1.10000000e+01]
[2.8100000e+02 7.1000000e+02 5.9076307e-01 1.0000000e+01]
[5.68000000e+02 7.04000000e+02 5.91292862e-01 6.00000000e+00]
[6.70000000e+01 6.74000000e+02 5.92632758e-01 3.00000000e+00]
[6.70000000e+02 4.27000000e+02 5.92858419e-01 3.00000000e+00]
[3.50000000e+01 6.88000000e+02 5.92876529e-01 8.00000000e+00]
[4.68000000e+02 7.11000000e+02 5.96241609e-01 7.00000000e+00]
[2.26000000e+02 6.95000000e+02 6.00940063e-01 1.50000000e+01]
[4.77000000e+02 6.59000000e+02 6.01774578e-01 4.00000000e+00]
[6.62000000e+02 2.83000000e+02 6.02400333e-01 3.00000000e+00]
[6.87000000e+02 3.57000000e+02 6.02704475e-01 1.00000000e+01]
[1.56000000e+02 7.29000000e+02 6.03172647e-01 1.10000000e+01]
[6.470000e+02 4.840000e+02 6.040944e-01 1.200000e+01]
[7.13000000e+02 6.72000000e+02 6.04800425e-01 1.20000000e+01]
[7.22000000e+02 4.09000000e+02 6.06696385e-01 4.00000000e+00]
[527.         152.           0.60703035   3.        ]
[8.90000000e+01 6.48000000e+02 6.08663097e-01 3.00000000e+00]
[260.         407.           0.60914821   2.        ]
[339.        350.          0.6092923   2.       ]
[3.27000000e+02 7.36000000e+02 6.13935464e-01 3.00000000e+00]
[7.00000000e+02 3.30000000e+01 6.14303613e-01 3.00000000e+00]
[534.         309.           0.61632845   3.        ]
[1.70000000e+02 6.98000000e+02 6.16413222e-01 8.00000000e+00]
[5.90000000e+01 7.18000000e+02 6.16761323e-01 8.00000000e+00]
[7.07000000e+02 6.02000000e+02 6.17272092e-01 6.00000000e+00]
[1.31000000e+02 7.31000000e+02 6.17832294e-01 1.30000000e+01]
[245.         154.           0.61877022   2.        ]
[2.93000000e+02 7.23000000e+02 6.18941658e-01 4.00000000e+00]
[7.28000000e+02 3.35000000e+02 6.21291044e-01 4.00000000e+00]
[2.70000000e+02 7.42000000e+02 6.22737469e-01 9.00000000e+00]
[  7.         193.           0.62346067   2.        ]
[7.39000000e+02 4.83000000e+02 6.24184998e-01 4.00000000e+00]
[2.75000000e+02 6.94000000e+02 6.27514455e-01 2.90000000e+01]
[4.60000000e+02 7.38000000e+02 6.29318254e-01 4.00000000e+00]
[3.8200000e+02 7.0900000e+02 6.2979929e-01 8.0000000e+00]
[2.95000000e+02 6.79000000e+02 6.30739658e-01 3.00000000e+00]
[6.42000000e+02 3.58000000e+02 6.31508552e-01 4.00000000e+00]
[419.         455.           0.63182301   2.        ]
[7.52000000e+02 4.51000000e+02 6.31934981e-01 5.00000000e+00]
[5.00000000e+01 7.47000000e+02 6.33309108e-01 5.00000000e+00]
[287.         413.           0.63419229   2.        ]
[7.17000000e+02 4.60000000e+01 6.34413326e-01 3.00000000e+00]
[7.80000000e+01 7.26000000e+02 6.34586556e-01 1.60000000e+01]
[369.         421.           0.63578256   2.        ]
[7.06000000e+02 7.27000000e+02 6.36173274e-01 6.00000000e+00]
[3.31000000e+02 7.46000000e+02 6.37940332e-01 5.00000000e+00]
[7.43000000e+02 3.44000000e+02 6.38227152e-01 7.00000000e+00]
[439.         472.           0.63866754   2.        ]
[1.73000000e+02 7.35000000e+02 6.39074525e-01 4.00000000e+00]
[7.33000000e+02 1.19000000e+02 6.39694848e-01 5.00000000e+00]
[3.43000000e+02 7.51000000e+02 6.40061038e-01 3.00000000e+01]
[7.25000000e+02 1.29000000e+02 6.40138183e-01 8.00000000e+00]
[3.90000000e+02 7.12000000e+02 6.40164832e-01 1.00000000e+01]
[2.7200000e+02 7.0800000e+02 6.4136337e-01 1.5000000e+01]
[7.34000000e+02 6.65000000e+02 6.41931305e-01 7.00000000e+00]
[7.57000000e+02 7.24000000e+02 6.42828465e-01 1.30000000e+01]
[371.         441.           0.64689917   2.        ]
[2.76000000e+02 7.20000000e+02 6.47372399e-01 1.10000000e+01]
[5.79000000e+02 7.01000000e+02 6.47530649e-01 7.00000000e+00]
[1.87000000e+02 7.44000000e+02 6.47879142e-01 1.40000000e+01]
[4.10000000e+02 7.19000000e+02 6.50031746e-01 1.20000000e+01]
[412.         417.           0.65126152   2.        ]
[ 83.         492.           0.65440508   4.        ]
[2.94000000e+02 7.70000000e+02 6.54464964e-01 9.00000000e+00]
[7.60000000e+02 6.51000000e+02 6.54998811e-01 8.00000000e+00]
[7.16000000e+02 6.92000000e+02 6.55777969e-01 5.00000000e+00]
[9.80000000e+01 7.55000000e+02 6.56986215e-01 5.00000000e+00]
[6.7600000e+02 4.6600000e+02 6.5801567e-01 3.0000000e+00]
[3.78000000e+02 7.15000000e+02 6.58027531e-01 3.00000000e+00]
[ 42.         188.           0.65838685   2.        ]
[3.06000000e+02 7.76000000e+02 6.62407639e-01 1.20000000e+01]
[ 11.         213.           0.66362495   2.        ]
[2.85000000e+02 7.77000000e+02 6.63879065e-01 8.00000000e+00]
[3.84000000e+02 7.74000000e+02 6.63984533e-01 1.40000000e+01]
[2.77000000e+02 7.69000000e+02 6.67046958e-01 3.10000000e+01]
[654.         62.          0.6680299   3.       ]
[1.46000000e+02 7.72000000e+02 6.69194136e-01 1.60000000e+01]
[7.32000000e+02 7.95000000e+02 6.72420111e-01 2.80000000e+01]
[7.5400000e+02 1.4400000e+02 6.7345853e-01 4.0000000e+00]
[425.         570.           0.67534813   4.        ]
[7.21000000e+02 1.08000000e+02 6.75575575e-01 7.00000000e+00]
[346.         349.           0.67632679   2.        ]
[6.30000000e+01 7.92000000e+02 6.77129697e-01 1.50000000e+01]
[2.28000000e+02 7.86000000e+02 6.77642824e-01 4.00000000e+00]
[3.00000000e+02 7.78000000e+02 6.78604409e-01 1.50000000e+01]
[3.81000000e+02 7.73000000e+02 6.79109666e-01 8.00000000e+00]
[4.02000000e+02 7.66000000e+02 6.79353372e-01 3.00000000e+00]
[1.26000000e+02 7.63000000e+02 6.79478346e-01 7.00000000e+00]
[1.05000000e+02 7.79000000e+02 6.80091508e-01 1.30000000e+01]
[3.45000000e+02 6.99000000e+02 6.80181435e-01 4.00000000e+00]
[1.03000000e+02 7.41000000e+02 6.80330966e-01 9.00000000e+00]
[7.90000000e+01 7.30000000e+02 6.80676516e-01 1.20000000e+01]
[7.45000000e+02 4.24000000e+02 6.82041523e-01 3.00000000e+00]
[7.82000000e+02 4.32000000e+02 6.82366008e-01 1.00000000e+01]
[669.         122.           0.68354563   6.        ]
[6.00000000e+00 7.98000000e+02 6.83816181e-01 5.00000000e+00]
[1.95000000e+02 7.84000000e+02 6.84010809e-01 6.00000000e+00]
[7.64000000e+02 3.65000000e+02 6.84613707e-01 6.00000000e+00]
[2.17000000e+02 8.16000000e+02 6.86180597e-01 7.00000000e+00]
[3.3200000e+02 7.8700000e+02 6.8709637e-01 4.0000000e+00]
[5.63000000e+02 7.94000000e+02 6.87243716e-01 5.00000000e+00]
[7.83000000e+02 1.80000000e+01 6.87839941e-01 9.00000000e+00]
[2.41000000e+02 8.09000000e+02 6.87847148e-01 1.00000000e+01]
[1.30000000e+01 7.81000000e+02 6.87975821e-01 5.00000000e+00]
[2.62000000e+02 8.14000000e+02 6.88381764e-01 6.00000000e+00]
[8.20000000e+02 2.67000000e+02 6.88633629e-01 1.00000000e+01]
[7.89000000e+02 5.44000000e+02 6.89111504e-01 1.40000000e+01]
[7.59000000e+02 3.47000000e+02 6.89864609e-01 3.00000000e+00]
[7.85000000e+02 8.21000000e+02 6.96112396e-01 1.50000000e+01]
[7.49000000e+02 7.68000000e+02 6.96707247e-01 7.00000000e+00]
[3.7700000e+02 8.2500000e+02 6.9715425e-01 1.5000000e+01]
[1.00000000e+02 8.26000000e+02 6.98369152e-01 4.00000000e+00]
[7.67000000e+02 8.28000000e+02 7.02626333e-01 1.10000000e+01]
[2.30000000e+02 8.31000000e+02 7.02947069e-01 1.20000000e+01]
[3.12000000e+02 7.61000000e+02 7.05372026e-01 1.70000000e+01]
[4.65000000e+02 7.71000000e+02 7.05536578e-01 1.10000000e+01]
[6.10000000e+01 8.03000000e+02 7.07527319e-01 1.60000000e+01]
[1.77000000e+02 8.06000000e+02 7.08130707e-01 8.00000000e+00]
[4.38000000e+02 8.32000000e+02 7.08476356e-01 1.30000000e+01]
[2.78000000e+02 7.91000000e+02 7.08803015e-01 9.00000000e+00]
[1.62000000e+02 7.53000000e+02 7.10207625e-01 9.00000000e+00]
[1.10000000e+02 7.48000000e+02 7.10756977e-01 1.00000000e+01]
[8.07000000e+02 2.04000000e+02 7.11286181e-01 1.40000000e+01]
[8.30000000e+02 1.85000000e+02 7.11520714e-01 5.00000000e+00]
[2.70000000e+01 7.58000000e+02 7.11638535e-01 6.00000000e+00]
[8.1800000e+02 8.2300000e+02 7.1406857e-01 1.0000000e+01]
[9.20000000e+01 7.93000000e+02 7.15188813e-01 3.20000000e+01]
[4.57000000e+02 8.27000000e+02 7.15964404e-01 1.60000000e+01]
[374.        462.          0.7159645   2.       ]
[196.         553.           0.71678291   3.        ]
[1.94000000e+02 7.62000000e+02 7.17424164e-01 3.00000000e+00]
[266.         691.           0.71984817   3.        ]
[6.86000000e+02 8.02000000e+02 7.22085071e-01 8.00000000e+00]
[7.96000000e+02 8.46000000e+02 7.23303421e-01 4.40000000e+01]
[3.38000000e+02 8.12000000e+02 7.24076562e-01 1.10000000e+01]
[8.39000000e+02 6.14000000e+02 7.25401469e-01 1.10000000e+01]
[4.23000000e+02 8.49000000e+02 7.26815266e-01 4.00000000e+00]
[7.40000000e+02 8.52000000e+02 7.28295266e-01 4.70000000e+01]
[356.         690.           0.72935264  13.        ]
[164.         682.           0.73073797   6.        ]
[165.         644.           0.73442034   3.        ]
[3.90000000e+01 8.29000000e+02 7.35128984e-01 1.60000000e+01]
[223.         145.           0.73560379   2.        ]
[8.43000000e+02 8.00000000e+02 7.38851428e-01 8.00000000e+00]
[1.20000000e+01 8.40000000e+02 7.42033113e-01 1.10000000e+01]
[8.41000000e+02 6.80000000e+01 7.42261659e-01 1.50000000e+01]
[1.7500000e+02 8.6300000e+02 7.4636956e-01 1.2000000e+01]
[8.01000000e+02 8.62000000e+02 7.46697406e-01 2.30000000e+01]
[8.1100000e+02 8.3300000e+02 7.4713282e-01 2.0000000e+01]
[3.80000000e+02 7.99000000e+02 7.48794763e-01 8.00000000e+00]
[8.10000000e+02 1.02000000e+02 7.49572947e-01 1.30000000e+01]
[1.69000000e+02 8.65000000e+02 7.50103427e-01 1.30000000e+01]
[8.6400000e+02 4.8200000e+02 7.5054235e-01 1.6000000e+01]
[8.5400000e+02 2.5800000e+02 7.5193283e-01 1.2000000e+01]
[280.         703.           0.75365676  14.        ]
[8.05000000e+02 8.37000000e+02 7.56256697e-01 1.60000000e+01]
[8.13000000e+02 3.13000000e+02 7.56634452e-01 7.00000000e+00]
[8.50000000e+02 4.61000000e+02 7.56666366e-01 4.00000000e+00]
[2.65000000e+02 8.36000000e+02 7.58314378e-01 9.00000000e+00]
[8.60000000e+02 3.05000000e+02 7.61266575e-01 1.70000000e+01]
[8.19000000e+02 1.66000000e+02 7.63915519e-01 6.00000000e+00]
[2.46000000e+02 8.55000000e+02 7.63929665e-01 5.00000000e+00]
[4.22000000e+02 8.56000000e+02 7.64657932e-01 4.80000000e+01]
[3.40000000e+02 8.71000000e+02 7.64840265e-01 1.70000000e+01]
[4.54000000e+02 8.45000000e+02 7.73160148e-01 3.30000000e+01]
[8.35000000e+02 8.61000000e+02 7.73607052e-01 1.80000000e+01]
[3.17000000e+02 8.66000000e+02 7.74335662e-01 2.40000000e+01]
[463.         765.           0.77458551   8.        ]
[1.00000000e+00 8.84000000e+02 7.76138415e-01 1.90000000e+01]
[8.22000000e+02 1.86000000e+02 7.78364674e-01 6.00000000e+00]
[5.10000000e+01 8.76000000e+02 7.78367593e-01 5.00000000e+00]
[4.69000000e+02 8.44000000e+02 7.78842471e-01 1.10000000e+01]
[8.38000000e+02 7.97000000e+02 7.80389364e-01 1.30000000e+01]
[2.34000000e+02 8.81000000e+02 7.80697591e-01 4.90000000e+01]
[780.         400.           0.78105601   3.        ]
[7.880000e+02 8.700000e+02 7.887722e-01 1.500000e+01]
[8.04000000e+02 8.92000000e+02 7.89474224e-01 5.70000000e+01]
[3.02000000e+02 8.68000000e+02 7.91402437e-01 9.00000000e+00]
[8.91000000e+02 4.34000000e+02 7.91522189e-01 1.40000000e+01]
[8.93000000e+02 8.74000000e+02 7.96320099e-01 1.90000000e+01]
[7.90000000e+02 8.83000000e+02 7.97103199e-01 3.50000000e+01]
[737.         756.           0.79783104   4.        ]
[3.70000000e+01 8.85000000e+02 8.01276418e-01 2.50000000e+01]
[2.54000000e+02 8.57000000e+02 8.02318092e-01 1.40000000e+01]
[8.34000000e+02 8.58000000e+02 8.02360704e-01 1.70000000e+01]
[2.8900000e+02 9.0000000e+02 8.0352009e-01 5.0000000e+00]
[3.60000000e+01 9.02000000e+02 8.05113021e-01 1.50000000e+01]
[1.15000000e+02 8.96000000e+02 8.07030129e-01 1.00000000e+01]
[8.15000000e+02 8.78000000e+02 8.07389086e-01 2.30000000e+01]
[8.80000000e+02 7.05000000e+02 8.07557458e-01 8.00000000e+00]
[8.08000000e+02 8.94000000e+02 8.13296393e-01 1.90000000e+01]
[8.69000000e+02 2.20000000e+02 8.13852563e-01 1.40000000e+01]
[8.77000000e+02 8.42000000e+02 8.14044639e-01 1.40000000e+01]
[1.71000000e+02 8.53000000e+02 8.14594261e-01 1.20000000e+01]
[5.78000000e+02 9.07000000e+02 8.21502582e-01 2.50000000e+01]
[7.75000000e+02 9.03000000e+02 8.21735905e-01 1.90000000e+01]
[8.82000000e+02 8.75000000e+02 8.26604516e-01 2.40000000e+01]
[8.88000000e+02 9.15000000e+02 8.27021519e-01 3.00000000e+01]
[8.8900000e+02 9.1400000e+02 8.2789303e-01 2.4000000e+01]
[2.00000000e+00 8.72000000e+02 8.29294588e-01 1.30000000e+01]
[1.67000000e+02 8.95000000e+02 8.31830395e-01 5.80000000e+01]
[6.29000000e+02 9.11000000e+02 8.32532633e-01 1.60000000e+01]
[8.79000000e+02 9.19000000e+02 8.34951788e-01 6.40000000e+01]
[3.83000000e+02 8.90000000e+02 8.35411554e-01 1.20000000e+01]
[7.50000000e+02 9.09000000e+02 8.36030326e-01 2.30000000e+01]
[8.48000000e+02 9.05000000e+02 8.36405743e-01 1.80000000e+01]
[4.80000000e+02 9.24000000e+02 8.38841769e-01 1.90000000e+01]
[8.9700000e+02 9.1600000e+02 8.4270686e-01 4.4000000e+01]
[2.71000000e+02 9.26000000e+02 8.44695966e-01 4.50000000e+01]
[6.80000000e+02 9.23000000e+02 8.46907393e-01 2.60000000e+01]
[9.06000000e+02 9.01000000e+02 8.49359761e-01 3.50000000e+01]
[8.73000000e+02 9.13000000e+02 8.54835373e-01 3.90000000e+01]
[8.4700000e+02 9.1700000e+02 8.5709899e-01 2.6000000e+01]
[9.08000000e+02 9.21000000e+02 8.60402667e-01 7.20000000e+01]
[2.60000000e+01 8.99000000e+02 8.60450239e-01 3.60000000e+01]
[2.80000000e+01 8.87000000e+02 8.60964298e-01 2.00000000e+01]
[8.98000000e+02 9.28000000e+02 8.63828838e-01 4.50000000e+01]
[9.30000000e+02 9.18000000e+02 8.67354425e-01 5.20000000e+01]
[9.22000000e+02 9.32000000e+02 8.69862303e-01 8.40000000e+01]
[8.67000000e+02 9.04000000e+02 8.70903574e-01 2.50000000e+01]
[9.2000000e+02 9.2900000e+02 8.7328634e-01 5.1000000e+01]
[9.38000000e+02 9.35000000e+02 8.73354086e-01 7.00000000e+01]
[8.86000000e+02 9.37000000e+02 8.73386397e-01 9.20000000e+01]
[9.36000000e+02 8.51000000e+02 8.73409421e-01 6.00000000e+01]
[9.42000000e+02 9.12000000e+02 8.75104272e-01 7.20000000e+01]
[9.27000000e+02 9.41000000e+02 8.77770016e-01 1.37000000e+02]
[9.34000000e+02 9.10000000e+02 8.81846642e-01 3.40000000e+01]
[9.43000000e+02 9.39000000e+02 8.82735643e-01 1.23000000e+02]
[9.31000000e+02 8.24000000e+02 8.84077958e-01 3.60000000e+01]
[7.14000000e+02 9.47000000e+02 8.85022959e-01 4.20000000e+01]
[2.29000000e+02 9.46000000e+02 8.85364601e-01 1.24000000e+02]
[2.57000000e+02 9.49000000e+02 8.89355885e-01 1.25000000e+02]
[3.5900000e+02 9.5000000e+02 8.9113029e-01 1.2600000e+02]
[9.44000000e+02 9.45000000e+02 8.91527096e-01 1.71000000e+02]
[8.59000000e+02 9.52000000e+02 8.98957136e-01 1.74000000e+02]
[9.2500000e+02 9.5300000e+02 9.0100121e-01 1.9300000e+02]
[6.40000000e+01 9.40000000e+02 9.04871618e-01 7.10000000e+01]
[9.48000000e+02 9.54000000e+02 9.16563421e-01 2.35000000e+02]
[9.55000000e+02 9.51000000e+02 9.21052455e-01 1.97000000e+02]
[8.17000000e+02 9.56000000e+02 9.29593448e-01 2.42000000e+02]
[9.57000000e+02 9.58000000e+02 9.30809387e-01 4.39000000e+02]
[9.33000000e+02 9.59000000e+02 9.38344552e-01 4.75000000e+02]
[2.96000000e+02 9.60000000e+02 9.39661662e-01 4.76000000e+02]
[6.93000000e+02 9.61000000e+02 9.42622459e-01 4.78000000e+02]
[9.62000000e+02 2.90000000e+01 9.56452045e-01 4.79000000e+02]
[9.63000000e+02 3.48000000e+02 9.56461837e-01 4.80000000e+02]
[964.         387.           0.97992799 481.        ]
[965. 440.   1. 482.]
[966. 449.   1. 483.]
[967.         537.           1.00464561 485.        ]
