[14. 15.  0.  2.]
[30. 31.  0.  2.]
[70. 71.  0.  2.]
[487.  72.   0.   3.]
[488.  73.   0.   4.]
[489.  74.   0.   5.]
[80. 81.  0.  2.]
[491.  82.   0.   3.]
[84. 85.  0.  2.]
[93. 94.  0.  2.]
[494.  95.   0.   3.]
[495.  96.   0.   4.]
[109. 114.   0.   2.]
[112. 117.   0.   2.]
[498. 120.   0.   3.]
[499. 125.   0.   4.]
[113. 116.   0.   2.]
[501. 127.   0.   3.]
[123. 124.   0.   2.]
[503. 128.   0.   3.]
[132. 133.   0.   2.]
[505. 135.   0.   3.]
[136. 137.   0.   2.]
[149. 150.   0.   2.]
[508. 151.   0.   3.]
[509. 153.   0.   4.]
[157. 215.   0.   2.]
[511. 216.   0.   3.]
[512. 218.   0.   4.]
[513. 219.   0.   5.]
[514. 222.   0.   6.]
[172. 174.   0.   2.]
[178. 180.   0.   2.]
[179. 181.   0.   2.]
[182. 184.   0.   2.]
[192. 197.   0.   2.]
[198. 199.   0.   2.]
[205. 211.   0.   2.]
[206. 207.   0.   2.]
[523. 208.   0.   3.]
[524. 209.   0.   4.]
[212. 221.   0.   2.]
[225. 227.   0.   2.]
[233. 235.   0.   2.]
[528. 236.   0.   3.]
[529. 239.   0.   4.]
[530. 240.   0.   5.]
[531. 243.   0.   6.]
[242. 244.   0.   2.]
[284. 303.   0.   2.]
[286. 298.   0.   2.]
[291. 297.   0.   2.]
[311. 325.   0.   2.]
[316. 318.   0.   2.]
[538. 321.   0.   3.]
[320. 539.   0.   4.]
[319. 324.   0.   2.]
[361. 363.   0.   2.]
[362. 364.   0.   2.]
[368. 370.   0.   2.]
[375. 376.   0.   2.]
[379. 385.   0.   2.]
[546. 386.   0.   3.]
[547. 388.   0.   4.]
[548. 399.   0.   5.]
[549. 411.   0.   6.]
[395. 396.   0.   2.]
[551. 401.   0.   3.]
[430. 431.   0.   2.]
[443. 444.   0.   2.]
[554. 445.   0.   3.]
[448. 453.   0.   2.]
[450. 452.   0.   2.]
[557. 459.   0.   3.]
[558. 467.   0.   4.]
[559. 470.   0.   5.]
[456. 458.   0.   2.]
[561. 464.   0.   3.]
[473. 474.   0.   2.]
[475. 476.   0.   2.]
[2.99000000e+02 3.01000000e+02 1.11022302e-16 2.00000000e+00]
[3.33000000e+02 3.41000000e+02 2.22044605e-16 2.00000000e+00]
[4.46000000e+02 4.47000000e+02 2.22044605e-16 2.00000000e+00]
[1.06000000e+02 1.07000000e+02 4.18346901e-03 2.00000000e+00]
[1.3900000e+02 1.4000000e+02 9.5018976e-03 2.0000000e+00]
[4.85000000e+02 1.60000000e+01 1.07088148e-02 3.00000000e+00]
[5.07000000e+02 1.38000000e+02 1.43732044e-02 3.00000000e+00]
[3.52000000e+02 3.53000000e+02 1.53141347e-02 2.00000000e+00]
[5.69000000e+02 1.41000000e+02 2.88756633e-02 3.00000000e+00]
[4.37000000e+02 5.56000000e+02 3.73095839e-02 3.00000000e+00]
[4.28000000e+02 4.33000000e+02 4.12592048e-02 2.00000000e+00]
[1.47000000e+02 1.48000000e+02 4.38600149e-02 2.00000000e+00]
[3.14000000e+02 3.15000000e+02 4.38665733e-02 2.00000000e+00]
[3.51000000e+02 3.55000000e+02 4.52559233e-02 2.00000000e+00]
[5.41000000e+02 5.40000000e+02 8.36309731e-02 6.00000000e+00]
[75.         76.          0.08516135  2.        ]
[41.         45.          0.09334328  2.        ]
[1.91000000e+02 5.21000000e+02 1.16959044e-01 3.00000000e+00]
[5.7300000e+02 1.4200000e+02 1.2671536e-01 4.0000000e+00]
[2.49000000e+02 2.53000000e+02 1.27204073e-01 2.00000000e+00]
[1.89000000e+02 5.20000000e+02 1.36379986e-01 3.00000000e+00]
[5.85000000e+02 1.90000000e+02 1.43171339e-01 4.00000000e+00]
[4.05000000e+02 5.75000000e+02 1.84814883e-01 3.00000000e+00]
[5.81000000e+02 4.30000000e+01 2.47554423e-01 3.00000000e+00]
[3.13000000e+02 5.77000000e+02 2.52094624e-01 3.00000000e+00]
[5.17000000e+02 3.66000000e+02 2.74409565e-01 3.00000000e+00]
[5.88000000e+02 5.80000000e+01 2.80065173e-01 4.00000000e+00]
[1.30000000e+02 4.06000000e+02 3.22432972e-01 2.00000000e+00]
[40.         55.          0.32403476  2.        ]
[5.87000000e+02 4.36000000e+02 3.46554558e-01 4.00000000e+00]
[4.86000000e+02 3.20000000e+01 3.49145348e-01 3.00000000e+00]
[5.74000000e+02 5.60000000e+02 3.71024097e-01 8.00000000e+00]
[279.         334.           0.39052811   2.        ]
[8.80000000e+01 5.19000000e+02 3.91726966e-01 3.00000000e+00]
[2.30000000e+01 5.90000000e+02 3.93086172e-01 4.00000000e+00]
[5.96000000e+02 4.42000000e+02 3.95888385e-01 9.00000000e+00]
[5.18000000e+02 5.84000000e+02 3.98809371e-01 4.00000000e+00]
[159.         183.           0.40380368   2.        ]
[4.080000e+02 4.150000e+02 4.096963e-01 2.000000e+00]
[ 3.         86.          0.41109992  2.        ]
[146.         200.           0.41740021   2.        ]
[9.10000000e+01 5.04000000e+02 4.21002812e-01 4.00000000e+00]
[6.60000000e+01 5.92000000e+02 4.24535311e-01 3.00000000e+00]
[ 5.         69.          0.43122199  2.        ]
[5.76000000e+02 4.96000000e+02 4.31707277e-01 6.00000000e+00]
[268.         342.           0.43765744   2.        ]
[1.00000000e+01 5.32000000e+02 4.38972019e-01 7.00000000e+00]
[1.56000000e+02 5.66000000e+02 4.43192758e-01 3.00000000e+00]
[9.90000000e+01 4.81000000e+02 4.43841175e-01 2.00000000e+00]
[ 57.         214.           0.44423906   2.        ]
[2.24000000e+02 5.97000000e+02 4.44280873e-01 3.00000000e+00]
[25.         48.          0.44459096  2.        ]
[ 90.        250.          0.4503754   2.       ]
[261.         263.           0.45311911   2.        ]
[269.         328.           0.45345541   2.        ]
[5.10000000e+02 5.43000000e+02 4.54116128e-01 6.00000000e+00]
[4.93000000e+02 6.01000000e+02 4.57956414e-01 6.00000000e+00]
[6.08000000e+02 2.20000000e+01 4.58566263e-01 3.00000000e+00]
[2.01000000e+02 6.02000000e+02 4.61293577e-01 3.00000000e+00]
[326.         360.           0.46293726   2.        ]
[6.11000000e+02 2.73000000e+02 4.65486951e-01 8.00000000e+00]
[5.99000000e+02 5.82000000e+02 4.65916052e-01 7.00000000e+00]
[237.        404.          0.4700024   2.       ]
[160.        248.          0.4750805   2.       ]
[2.7200000e+02 5.6200000e+02 4.7541554e-01 4.0000000e+00]
[5.16000000e+02 2.03000000e+02 4.75856179e-01 3.00000000e+00]
[2.10000000e+01 5.95000000e+02 4.75862545e-01 4.00000000e+00]
[1.68000000e+02 5.86000000e+02 4.78024938e-01 5.00000000e+00]
[5.90000000e+01 6.23000000e+02 4.79375494e-01 4.00000000e+00]
[6.33000000e+02 5.35000000e+02 4.80709668e-01 6.00000000e+00]
[20.         38.          0.48153354  2.        ]
[5.60000000e+01 6.09000000e+02 4.87589539e-01 7.00000000e+00]
[5.36000000e+02 4.26000000e+02 4.89317462e-01 3.00000000e+00]
[ 89.         418.           0.49543583   2.        ]
[3.30000000e+01 6.07000000e+02 4.96355405e-01 4.00000000e+00]
[310.         490.           0.49905917   6.        ]
[1.90000000e+01 6.31000000e+02 5.00318197e-01 5.00000000e+00]
[5.02000000e+02 3.37000000e+02 5.00349728e-01 4.00000000e+00]
[3.58000e+02 5.42000e+02 5.01011e-01 3.00000e+00]
[5.25000000e+02 2.75000000e+02 5.03076935e-01 5.00000000e+00]
[161.         231.           0.50495954   2.        ]
[ 52.         414.           0.50616404   2.        ]
[ 49.         202.           0.50847254   2.        ]
[5.83000000e+02 6.21000000e+02 5.08474862e-01 1.00000000e+01]
[6.06000000e+02 6.12000000e+02 5.08941842e-01 7.00000000e+00]
[ 60.         256.           0.51692363   2.        ]
[394.         477.           0.51844799   2.        ]
[6.15000000e+02 3.30000000e+02 5.18787232e-01 4.00000000e+00]
[336.         367.           0.51985193   2.        ]
[  4.         210.           0.52039579   2.        ]
[274.        429.          0.5208747   2.       ]
[3.07000000e+02 5.65000000e+02 5.21012881e-01 3.00000000e+00]
[2.52000000e+02 6.22000000e+02 5.22253426e-01 4.00000000e+00]
[6.32000000e+02 5.26000000e+02 5.23104222e-01 7.00000000e+00]
[3.91000000e+02 5.52000000e+02 5.23941798e-01 4.00000000e+00]
[0.0000000e+00 6.4000000e+02 5.2526776e-01 7.0000000e+00]
[47.         77.          0.52667137  2.        ]
[1.1800000e+02 6.5200000e+02 5.2877769e-01 5.0000000e+00]
[5.91000000e+02 3.08000000e+02 5.30789541e-01 5.00000000e+00]
[ 53.         500.           0.53133383   5.        ]
[121.         427.           0.53189389   2.        ]
[247.         479.           0.53744293   2.        ]
[6.13000000e+02 4.78000000e+02 5.39525083e-01 3.00000000e+00]
[4.40000000e+01 6.60000000e+02 5.39716723e-01 8.00000000e+00]
[6.48000000e+02 6.44000000e+02 5.40718522e-01 1.50000000e+01]
[3.40000000e+01 6.16000000e+02 5.41313101e-01 3.00000000e+00]
[6.30000000e+02 3.54000000e+02 5.45633374e-01 4.00000000e+00]
[5.79000000e+02 6.29000000e+02 5.45960558e-01 1.00000000e+01]
[  8.         111.           0.54710419   2.        ]
[143.         163.           0.54876591   2.        ]
[5.93000000e+02 6.70000000e+02 5.49879583e-01 5.00000000e+00]
[3.57000000e+02 6.69000000e+02 5.50901712e-01 1.60000000e+01]
[ 97.        343.          0.5533016   2.       ]
[6.14000000e+02 5.72000000e+02 5.53627522e-01 4.00000000e+00]
[ 24.         409.           0.55393923   2.        ]
[6.04000000e+02 6.05000000e+02 5.55192496e-01 4.00000000e+00]
[6.37000000e+02 4.07000000e+02 5.55638965e-01 4.00000000e+00]
[289.         292.           0.55738865   2.        ]
[6.26000000e+02 6.28000000e+02 5.61405361e-01 9.00000000e+00]
[6.19000000e+02 6.49000000e+02 5.62400218e-01 9.00000000e+00]
[290.         373.           0.56742657   2.        ]
[6.72000000e+02 6.20000000e+02 5.69890084e-01 1.60000000e+01]
[397.         416.           0.56995057   2.        ]
[251.        392.          0.5709484   2.       ]
[6.57000000e+02 6.50000000e+01 5.72059115e-01 5.00000000e+00]
[5.15000000e+02 6.63000000e+02 5.72252759e-01 1.10000000e+01]
[5.9800000e+02 6.6100000e+02 5.7300056e-01 5.0000000e+00]
[176.         550.           0.57446288   7.        ]
[6.73000000e+02 3.29000000e+02 5.74712735e-01 3.00000000e+00]
[104.        238.          0.5752063   2.       ]
[6.24000000e+02 3.40000000e+02 5.77279285e-01 3.00000000e+00]
[6.17000000e+02 5.67000000e+02 5.77816315e-01 4.00000000e+00]
[6.10000000e+02 2.76000000e+02 5.79381545e-01 3.00000000e+00]
[2.82000000e+02 6.51000000e+02 5.80570786e-01 3.00000000e+00]
[259.         403.           0.58073111   2.        ]
[4.35000000e+02 6.00000000e+02 5.80840225e-01 1.00000000e+01]
[1.34000000e+02 6.80000000e+02 5.81802878e-01 5.00000000e+00]
[1.00000000e+00 6.83000000e+02 5.81927158e-01 1.00000000e+01]
[4.71000000e+02 6.68000000e+02 5.82160251e-01 9.00000000e+00]
[4.20000000e+02 6.58000000e+02 5.83172142e-01 8.00000000e+00]
[232.         571.           0.58354937   4.        ]
[390.         393.           0.58356345   2.        ]
[6.36000000e+02 4.22000000e+02 5.83612042e-01 8.00000000e+00]
[6.89000000e+02 3.98000000e+02 5.84547547e-01 6.00000000e+00]
[255.         264.           0.58731711   2.        ]
[195.         545.           0.58733566   3.        ]
[ 17.         158.           0.58767071   2.        ]
[2.8100000e+02 7.0300000e+02 5.9076307e-01 1.0000000e+01]
[568.         108.           0.59129286   3.        ]
[6.91000000e+02 3.04000000e+02 5.92624134e-01 6.00000000e+00]
[1.19000000e+02 6.94000000e+02 5.92632758e-01 3.00000000e+00]
[3.8900000e+02 6.9800000e+02 5.9265893e-01 4.0000000e+00]
[7.05000000e+02 4.68000000e+02 5.92859883e-01 5.00000000e+00]
[26.         35.          0.59287653  2.        ]
[5.22000000e+02 6.46000000e+02 5.98890382e-01 4.00000000e+00]
[6.86000000e+02 6.42000000e+02 6.00368566e-01 2.00000000e+01]
[2.26000000e+02 7.20000000e+02 6.00940063e-01 2.10000000e+01]
[1.30000000e+01 6.53000000e+02 6.01724359e-01 3.00000000e+00]
[6.55000000e+02 2.83000000e+02 6.02400333e-01 3.00000000e+00]
[6.4500000e+02 6.7800000e+02 6.0326097e-01 6.0000000e+00]
[ 54.        424.          0.6045941   2.       ]
[527.         381.           0.60703035   3.        ]
[6.71000000e+02 6.81000000e+02 6.07523479e-01 8.00000000e+00]
[2.60000000e+02 7.27000000e+02 6.09148209e-01 9.00000000e+00]
[339.        350.          0.6092923   2.       ]
[327.         460.           0.61393546   2.        ]
[6.67000000e+02 7.24000000e+02 6.14041194e-01 9.00000000e+00]
[534.         309.           0.61632845   3.        ]
[1.70000000e+02 6.92000000e+02 6.16413222e-01 8.00000000e+00]
[6.99000000e+02 3.44000000e+02 6.17272092e-01 3.00000000e+00]
[1.01000000e+02 6.90000000e+02 6.18241512e-01 1.20000000e+01]
[312.         564.           0.61877022   3.        ]
[2.93000000e+02 6.65000000e+02 6.18941658e-01 3.00000000e+00]
[6.70000000e+01 6.66000000e+02 6.19501664e-01 3.00000000e+00]
[6.76000000e+02 6.84000000e+02 6.19749963e-01 2.50000000e+01]
[7.23000000e+02 3.35000000e+02 6.21291044e-01 4.00000000e+00]
[2.70000000e+02 6.34000000e+02 6.22737469e-01 7.00000000e+00]
[7.00000000e+00 6.38000000e+02 6.23460665e-01 3.00000000e+00]
[154.         245.           0.62640874   2.        ]
[3.8200000e+02 7.1400000e+02 6.2979929e-01 7.0000000e+00]
[7.19000000e+02 7.04000000e+02 6.29971926e-01 1.20000000e+01]
[2.95000000e+02 6.74000000e+02 6.30739658e-01 3.00000000e+00]
[419.         455.           0.63182301   2.        ]
[1.26000000e+02 7.16000000e+02 6.32047666e-01 5.00000000e+00]
[6.25000000e+02 7.21000000e+02 6.32188723e-01 2.90000000e+01]
[5.00000000e+01 7.40000000e+02 6.33309108e-01 5.00000000e+00]
[100.         287.           0.63419229   2.        ]
[7.11000000e+02 2.67000000e+02 6.34413326e-01 3.00000000e+00]
[1.31000000e+02 7.02000000e+02 6.34966487e-01 1.10000000e+01]
[3.38000000e+02 7.01000000e+02 6.35633093e-01 6.00000000e+00]
[369.         421.           0.63578256   2.        ]
[3.65000000e+02 7.48000000e+02 6.37940332e-01 6.00000000e+00]
[7.30000000e+02 7.28000000e+02 6.38404641e-01 1.10000000e+01]
[472.         555.           0.63866754   4.        ]
[164.         173.           0.63907453   2.        ]
[7.17000000e+02 1.29000000e+02 6.39313191e-01 6.00000000e+00]
[7.80000000e+01 7.33000000e+02 6.41836659e-01 9.00000000e+00]
[639.         483.           0.64185822   5.        ]
[7.31000000e+02 6.43000000e+02 6.46249513e-01 1.20000000e+01]
[371.         441.           0.64689917   2.        ]
[497.         533.           0.64702062   4.        ]
[6.9700000e+02 2.8000000e+02 6.4710593e-01 4.0000000e+00]
[3.23000000e+02 6.56000000e+02 6.47115496e-01 4.00000000e+00]
[6.30000000e+01 7.57000000e+02 6.47155467e-01 1.20000000e+01]
[580.         285.           0.64753065   3.        ]
[1.87000000e+02 7.45000000e+02 6.47879142e-01 1.30000000e+01]
[6.54000000e+02 4.57000000e+02 6.49461924e-01 3.00000000e+00]
[ 68.         410.           0.65003175   2.        ]
[412.         417.           0.65126152   2.        ]
[7.70000000e+02 6.59000000e+02 6.51528804e-01 1.70000000e+01]
[7.07000000e+02 1.55000000e+02 6.52527151e-01 9.00000000e+00]
[246.         439.           0.65310503   2.        ]
[7.12000000e+02 5.44000000e+02 6.53661128e-01 1.20000000e+01]
[7.42000000e+02 4.00000000e+02 6.53951481e-01 4.00000000e+00]
[8.30000000e+01 7.22000000e+02 6.54405076e-01 4.00000000e+00]
[7.37000000e+02 3.31000000e+02 6.54666786e-01 4.00000000e+00]
[1.52000000e+02 7.26000000e+02 6.56108648e-01 4.00000000e+00]
[ 98.         434.           0.65698621   2.        ]
[7.60000000e+02 2.94000000e+02 6.57851194e-01 7.00000000e+00]
[4.69000000e+02 7.38000000e+02 6.58027531e-01 4.00000000e+00]
[ 42.         188.           0.65838685   2.        ]
[3.84000000e+02 7.08000000e+02 6.58445891e-01 7.00000000e+00]
[3.06000000e+02 7.63000000e+02 6.58951648e-01 1.30000000e+01]
[6.79000000e+02 4.66000000e+02 6.59771185e-01 3.00000000e+00]
[8.70000000e+01 7.41000000e+02 6.59796923e-01 8.00000000e+00]
[7.66000000e+02 6.50000000e+02 6.61648995e-01 6.00000000e+00]
[ 11.         213.           0.66362495   2.        ]
[4.6000e+01 7.5200e+02 6.6651e-01 4.0000e+00]
[277.         578.           0.66704696   3.        ]
[647.         62.          0.6680299   3.       ]
[332.         378.           0.66876392   2.        ]
[6.96000000e+02 6.95000000e+02 6.69468678e-01 7.00000000e+00]
[4.51000000e+02 7.68000000e+02 6.69839604e-01 1.30000000e+01]
[7.67000000e+02 7.79000000e+02 6.71333967e-01 8.00000000e+00]
[322.         662.           0.67339228   6.        ]
[2.7800000e+02 7.8700000e+02 6.7345853e-01 1.4000000e+01]
[7.5300000e+02 1.4400000e+02 6.7366606e-01 1.2000000e+01]
[2.17000000e+02 7.90000000e+02 6.74294144e-01 7.00000000e+00]
[6.10000000e+01 8.01000000e+02 6.75348126e-01 1.30000000e+01]
[346.         349.           0.67632679   2.        ]
[6.87000000e+02 7.99000000e+02 6.76405064e-01 8.00000000e+00]
[1.05000000e+02 7.96000000e+02 6.80091508e-01 8.00000000e+00]
[3.45000000e+02 6.93000000e+02 6.80181435e-01 4.00000000e+00]
[2.41000000e+02 7.77000000e+02 6.80330966e-01 1.30000000e+01]
[664.         589.           0.68354563   8.        ]
[  6.         570.           0.68381618   4.        ]
[5.06000000e+02 7.39000000e+02 6.85448374e-01 2.80000000e+01]
[5.63000000e+02 7.81000000e+02 6.87243716e-01 6.00000000e+00]
[ 36.         262.           0.68838176   2.        ]
[7.74000000e+02 3.00000000e+02 6.90555159e-01 1.80000000e+01]
[4.13000000e+02 7.98000000e+02 6.91480422e-01 9.00000000e+00]
[7.25000000e+02 6.75000000e+02 6.93086031e-01 7.00000000e+00]
[2.2800000e+02 8.0200000e+02 6.9523341e-01 8.0000000e+00]
[2.04000000e+02 8.06000000e+02 6.95251742e-01 9.00000000e+00]
[8.09000000e+02 1.22000000e+02 6.96674938e-01 9.00000000e+00]
[1.75000000e+02 7.80000000e+02 6.97086023e-01 5.00000000e+00]
[3.7700000e+02 8.0800000e+02 6.9715425e-01 1.4000000e+01]
[7.65000000e+02 7.54000000e+02 6.98450542e-01 1.00000000e+01]
[2.30000000e+02 7.78000000e+02 7.02947069e-01 5.00000000e+00]
[7.49000000e+02 1.65000000e+02 7.03881161e-01 3.00000000e+01]
[6.3500000e+02 7.7500000e+02 7.0520083e-01 1.1000000e+01]
[4.02000000e+02 7.88000000e+02 7.05429907e-01 4.00000000e+00]
[641.         177.           0.70593067   6.        ]
[103.         482.           0.70625719   2.        ]
[7.89000000e+02 1.69000000e+02 7.08423672e-01 9.00000000e+00]
[7.06000000e+02 7.71000000e+02 7.08513176e-01 5.00000000e+00]
[1.62000000e+02 7.44000000e+02 7.10207625e-01 8.00000000e+00]
[4.25000000e+02 8.03000000e+02 7.11725458e-01 1.40000000e+01]
[1.85000000e+02 7.51000000e+02 7.13247436e-01 3.00000000e+00]
[7.61000000e+02 7.36000000e+02 7.13262288e-01 1.20000000e+01]
[7.83000000e+02 7.15000000e+02 7.13691497e-01 1.00000000e+01]
[1.10000000e+02 8.19000000e+02 7.13763412e-01 1.00000000e+01]
[9.20000000e+01 8.11000000e+02 7.15188813e-01 2.90000000e+01]
[4.62000000e+02 7.56000000e+02 7.15964497e-01 7.00000000e+00]
[196.         553.           0.71678291   3.        ]
[7.55000000e+02 4.23000000e+02 7.17424164e-01 3.00000000e+00]
[9.00000000e+00 8.20000000e+02 7.17591101e-01 6.00000000e+00]
[8.31000000e+02 6.03000000e+02 7.19541917e-01 1.00000000e+01]
[2.66000000e+02 8.34000000e+02 7.19848166e-01 1.30000000e+01]
[7.34000000e+02 5.94000000e+02 7.22146591e-01 7.00000000e+00]
[4.63000000e+02 8.12000000e+02 7.22440372e-01 7.00000000e+00]
[1.94000000e+02 8.40000000e+02 7.22489367e-01 4.00000000e+00]
[7.50000000e+02 3.17000000e+02 7.23224988e-01 6.00000000e+00]
[8.18000000e+02 7.62000000e+02 7.23338525e-01 1.40000000e+01]
[7.97000000e+02 3.80000000e+02 7.23647459e-01 1.40000000e+01]
[8.00000000e+02 7.46000000e+02 7.24276882e-01 1.70000000e+01]
[484.        709.          0.7249966   3.       ]
[2.70000000e+01 8.47000000e+02 7.25220097e-01 7.00000000e+00]
[4.65000000e+02 8.24000000e+02 7.26587846e-01 3.10000000e+01]
[1.20000000e+01 8.29000000e+02 7.26977038e-01 1.00000000e+01]
[2.88000000e+02 8.14000000e+02 7.28683941e-01 1.90000000e+01]
[2.58000000e+02 8.42000000e+02 7.29324479e-01 1.10000000e+01]
[3.56000000e+02 7.35000000e+02 7.29352636e-01 1.30000000e+01]
[4.32000000e+02 8.35000000e+02 7.31990344e-01 1.10000000e+01]
[1.15000000e+02 8.49000000e+02 7.33684992e-01 1.50000000e+01]
[3.70000000e+01 8.52000000e+02 7.34254622e-01 8.00000000e+00]
[3.90000000e+01 8.51000000e+02 7.35128984e-01 4.00000000e+00]
[2.23000000e+02 8.33000000e+02 7.35603787e-01 4.00000000e+00]
[359.         438.           0.73614901   2.        ]
[18.         29.          0.73819626  2.        ]
[7.84000000e+02 8.23000000e+02 7.38229396e-01 9.00000000e+00]
[7.69000000e+02 8.30000000e+02 7.38888056e-01 8.00000000e+00]
[7.00000000e+02 7.58000000e+02 7.43035402e-01 1.40000000e+01]
[8.54000000e+02 8.36000000e+02 7.44185971e-01 2.00000000e+01]
[8.26000000e+02 6.27000000e+02 7.45014054e-01 6.00000000e+00]
[7.43000000e+02 8.21000000e+02 7.45746557e-01 1.60000000e+01]
[ 79.         102.           0.75030435   2.        ]
[6.8500000e+02 8.5500000e+02 7.5333405e-01 2.1000000e+01]
[8.15000000e+02 7.32000000e+02 7.53893929e-01 1.20000000e+01]
[8.65000000e+02 7.95000000e+02 7.56449419e-01 1.10000000e+01]
[3.74000000e+02 8.56000000e+02 7.57950816e-01 1.20000000e+01]
[265.         618.           0.75831438   3.        ]
[7.82000000e+02 8.50000000e+02 7.63780601e-01 1.90000000e+01]
[3.05000000e+02 8.70000000e+02 7.64441542e-01 1.70000000e+01]
[7.76000000e+02 8.66000000e+02 7.64927537e-01 1.00000000e+01]
[8.4300000e+02 4.6100000e+02 7.6873939e-01 1.4000000e+01]
[7.85000000e+02 8.69000000e+02 7.68916501e-01 8.00000000e+00]
[8.45000000e+02 8.68000000e+02 7.70791181e-01 2.70000000e+01]
[4.54000000e+02 8.37000000e+02 7.73160148e-01 3.00000000e+01]
[3.02000000e+02 8.59000000e+02 7.73554286e-01 1.60000000e+01]
[7.93000000e+02 8.73000000e+02 7.74280225e-01 1.50000000e+01]
[7.59000000e+02 8.72000000e+02 7.77035052e-01 2.30000000e+01]
[7.64000000e+02 8.53000000e+02 7.78367593e-01 3.30000000e+01]
[8.7700000e+02 8.2800000e+02 7.7981374e-01 2.1000000e+01]
[5.10000000e+01 8.76000000e+02 7.80868235e-01 4.00000000e+00]
[8.46000000e+02 3.83000000e+02 7.83216608e-01 5.00000000e+00]
[8.57000000e+02 8.22000000e+02 7.84525861e-01 2.30000000e+01]
[3.47000000e+02 8.86000000e+02 7.87530829e-01 2.40000000e+01]
[1.86000000e+02 8.27000000e+02 7.91825801e-01 7.00000000e+00]
[8.62000000e+02 8.92000000e+02 7.94645298e-01 2.80000000e+01]
[8.78000000e+02 8.16000000e+02 7.96605195e-01 2.40000000e+01]
[1.71000000e+02 8.91000000e+02 7.97103199e-01 2.40000000e+01]
[229.         729.           0.79783104   3.        ]
[8.60000000e+02 8.04000000e+02 8.02554151e-01 1.00000000e+01]
[8.61000000e+02 8.95000000e+02 8.06514011e-01 2.80000000e+01]
[2.71000000e+02 8.58000000e+02 8.07250724e-01 1.20000000e+01]
[8.10000000e+02 8.32000000e+02 8.08150213e-01 1.80000000e+01]
[6.82000000e+02 8.81000000e+02 8.09501812e-01 1.00000000e+01]
[710.         805.           0.81103068  11.        ]
[2.34000000e+02 8.99000000e+02 8.11201997e-01 2.90000000e+01]
[8.48000000e+02 8.07000000e+02 8.11217596e-01 1.80000000e+01]
[8.39000000e+02 2.54000000e+02 8.14098334e-01 4.00000000e+00]
[7.92000000e+02 8.96000000e+02 8.18878561e-01 2.80000000e+01]
[7.94000000e+02 8.67000000e+02 8.22111135e-01 1.70000000e+01]
[7.91000000e+02 8.83000000e+02 8.25460489e-01 3.20000000e+01]
[2.00000000e+00 8.74000000e+02 8.29294588e-01 1.20000000e+01]
[8.82000000e+02 8.90000000e+02 8.31149268e-01 3.20000000e+01]
[8.87000000e+02 6.77000000e+02 8.31441909e-01 3.50000000e+01]
[1.45000000e+02 8.94000000e+02 8.31909811e-01 2.90000000e+01]
[8.13000000e+02 8.44000000e+02 8.32796875e-01 9.00000000e+00]
[2.80000000e+01 9.12000000e+02 8.33978853e-01 3.60000000e+01]
[8.8400000e+02 9.1000000e+02 8.3408875e-01 2.8000000e+01]
[9.05000000e+02 8.88000000e+02 8.34220259e-01 3.90000000e+01]
[8.89000000e+02 8.80000000e+02 8.36429842e-01 1.80000000e+01]
[8.79000000e+02 9.00000000e+02 8.38194662e-01 2.20000000e+01]
[9.15000000e+02 2.20000000e+02 8.39470755e-01 3.70000000e+01]
[8.85000000e+02 8.25000000e+02 8.39601978e-01 2.60000000e+01]
[4.92000000e+02 9.21000000e+02 8.42067976e-01 2.90000000e+01]
[8.38000000e+02 9.07000000e+02 8.42370558e-01 3.50000000e+01]
[1.93000000e+02 9.17000000e+02 8.43108776e-01 4.00000000e+01]
[9.02000000e+02 8.17000000e+02 8.44141098e-01 1.80000000e+01]
[8.93000000e+02 9.22000000e+02 8.45819489e-01 3.60000000e+01]
[7.47000000e+02 9.19000000e+02 8.46950769e-01 2.40000000e+01]
[9.11000000e+02 9.04000000e+02 8.47257191e-01 6.10000000e+01]
[1.66000000e+02 9.28000000e+02 8.49402836e-01 6.20000000e+01]
[3.72000000e+02 9.24000000e+02 8.50809466e-01 4.10000000e+01]
[9.06000000e+02 9.30000000e+02 8.53138429e-01 4.50000000e+01]
[7.86000000e+02 9.23000000e+02 8.53558911e-01 4.20000000e+01]
[9.16000000e+02 9.32000000e+02 8.54296632e-01 7.00000000e+01]
[9.27000000e+02 9.09000000e+02 8.67257877e-01 5.60000000e+01]
[9.26000000e+02 9.01000000e+02 8.68268874e-01 5.40000000e+01]
[9.14000000e+02 9.29000000e+02 8.68461656e-01 7.10000000e+01]
[4.80000000e+02 9.34000000e+02 8.71683773e-01 5.70000000e+01]
[9.33000000e+02 9.25000000e+02 8.74480267e-01 8.80000000e+01]
[8.9800000e+02 9.1800000e+02 8.7614606e-01 2.8000000e+01]
[9.1300000e+02 9.3100000e+02 8.7846624e-01 7.4000000e+01]
[9.36000000e+02 9.35000000e+02 8.78964191e-01 1.25000000e+02]
[9.38000000e+02 9.40000000e+02 8.79712884e-01 1.62000000e+02]
[9.42000000e+02 9.37000000e+02 8.83161824e-01 2.19000000e+02]
[1.67000000e+02 9.20000000e+02 8.89512093e-01 3.80000000e+01]
[7.13000000e+02 9.43000000e+02 8.93557951e-01 2.22000000e+02]
[257.         875.           0.89366064  13.        ]
[8.71000000e+02 9.45000000e+02 8.98559527e-01 2.24000000e+02]
[9.39000000e+02 9.44000000e+02 8.99064417e-01 6.60000000e+01]
[9.03000000e+02 9.41000000e+02 9.04222795e-01 1.36000000e+02]
[ 64.         841.           0.90487162   7.        ]
[9.08000000e+02 9.48000000e+02 9.11272207e-01 8.30000000e+01]
[6.88000000e+02 9.49000000e+02 9.11343759e-01 1.38000000e+02]
[9.46000000e+02 8.97000000e+02 9.12413729e-01 1.60000000e+01]
[9.53000000e+02 7.73000000e+02 9.21731372e-01 1.80000000e+01]
[9.50000000e+02 9.54000000e+02 9.23501859e-01 2.50000000e+01]
[9.52000000e+02 9.47000000e+02 9.28271504e-01 3.62000000e+02]
[9.51000000e+02 9.56000000e+02 9.28335577e-01 4.45000000e+02]
[9.57000000e+02 7.18000000e+02 9.29987946e-01 4.47000000e+02]
[9.58000000e+02 8.63000000e+02 9.30087266e-01 4.49000000e+02]
[8.64000000e+02 9.59000000e+02 9.34945407e-01 4.51000000e+02]
[9.55000000e+02 9.60000000e+02 9.35635599e-01 4.76000000e+02]
[2.96000000e+02 9.61000000e+02 9.39661662e-01 4.77000000e+02]
[9.62000000e+02 7.72000000e+02 9.49509196e-01 4.79000000e+02]
[9.63000000e+02 5.37000000e+02 9.49596931e-01 4.81000000e+02]
[9.64000000e+02 3.48000000e+02 9.50085856e-01 4.82000000e+02]
[965. 440.   1. 483.]
[966. 449.   1. 484.]
[967.         387.           1.01549851 485.        ]
