[14. 15.  0.  2.]
[30. 31.  0.  2.]
[70. 71.  0.  2.]
[487.  72.   0.   3.]
[488.  73.   0.   4.]
[489.  74.   0.   5.]
[80. 81.  0.  2.]
[491.  82.   0.   3.]
[84. 85.  0.  2.]
[93. 94.  0.  2.]
[494.  95.   0.   3.]
[495.  96.   0.   4.]
[109. 114.   0.   2.]
[112. 117.   0.   2.]
[498. 120.   0.   3.]
[499. 125.   0.   4.]
[113. 116.   0.   2.]
[501. 127.   0.   3.]
[123. 124.   0.   2.]
[503. 128.   0.   3.]
[132. 133.   0.   2.]
[505. 135.   0.   3.]
[136. 137.   0.   2.]
[149. 150.   0.   2.]
[508. 151.   0.   3.]
[509. 153.   0.   4.]
[157. 215.   0.   2.]
[511. 216.   0.   3.]
[512. 218.   0.   4.]
[513. 219.   0.   5.]
[514. 222.   0.   6.]
[172. 174.   0.   2.]
[178. 180.   0.   2.]
[179. 181.   0.   2.]
[182. 184.   0.   2.]
[192. 197.   0.   2.]
[198. 199.   0.   2.]
[205. 211.   0.   2.]
[206. 207.   0.   2.]
[523. 208.   0.   3.]
[524. 209.   0.   4.]
[212. 221.   0.   2.]
[225. 227.   0.   2.]
[233. 235.   0.   2.]
[528. 236.   0.   3.]
[529. 239.   0.   4.]
[530. 240.   0.   5.]
[531. 243.   0.   6.]
[242. 244.   0.   2.]
[284. 303.   0.   2.]
[286. 298.   0.   2.]
[291. 297.   0.   2.]
[311. 325.   0.   2.]
[316. 318.   0.   2.]
[538. 321.   0.   3.]
[320. 539.   0.   4.]
[324. 540.   0.   5.]
[361. 363.   0.   2.]
[362. 364.   0.   2.]
[368. 370.   0.   2.]
[375. 376.   0.   2.]
[379. 385.   0.   2.]
[546. 386.   0.   3.]
[547. 388.   0.   4.]
[548. 399.   0.   5.]
[549. 411.   0.   6.]
[395. 396.   0.   2.]
[551. 401.   0.   3.]
[430. 431.   0.   2.]
[443. 444.   0.   2.]
[554. 445.   0.   3.]
[448. 453.   0.   2.]
[450. 452.   0.   2.]
[557. 459.   0.   3.]
[558. 467.   0.   4.]
[559. 470.   0.   5.]
[456. 458.   0.   2.]
[561. 464.   0.   3.]
[473. 474.   0.   2.]
[475. 476.   0.   2.]
[2.99000000e+02 3.01000000e+02 1.11022302e-16 2.00000000e+00]
[3.33000000e+02 3.41000000e+02 2.22044605e-16 2.00000000e+00]
[4.46000000e+02 4.47000000e+02 2.22044605e-16 2.00000000e+00]
[1.06000000e+02 1.07000000e+02 4.18346901e-03 2.00000000e+00]
[1.3900000e+02 1.4000000e+02 9.5018976e-03 2.0000000e+00]
[4.85000000e+02 1.60000000e+01 1.07088148e-02 3.00000000e+00]
[5.07000000e+02 1.38000000e+02 1.43732044e-02 3.00000000e+00]
[3.52000000e+02 3.53000000e+02 1.53141347e-02 2.00000000e+00]
[5.69000000e+02 1.41000000e+02 2.88756633e-02 3.00000000e+00]
[3.19000000e+02 5.41000000e+02 3.71693214e-02 6.00000000e+00]
[4.37000000e+02 5.56000000e+02 3.73095839e-02 3.00000000e+00]
[4.28000000e+02 4.33000000e+02 4.12592048e-02 2.00000000e+00]
[1.47000000e+02 1.48000000e+02 4.38600149e-02 2.00000000e+00]
[3.15000000e+02 5.62000000e+02 4.38665733e-02 4.00000000e+00]
[3.51000000e+02 3.55000000e+02 4.52559233e-02 2.00000000e+00]
[75.         76.          0.08516135  2.        ]
[41.         45.          0.09334328  2.        ]
[1.91000000e+02 5.21000000e+02 1.16959044e-01 3.00000000e+00]
[5.7300000e+02 1.4200000e+02 1.2671536e-01 4.0000000e+00]
[2.49000000e+02 5.83000000e+02 1.27204073e-01 5.00000000e+00]
[1.89000000e+02 5.20000000e+02 1.36379986e-01 3.00000000e+00]
[5.85000000e+02 5.26000000e+02 1.43171339e-01 5.00000000e+00]
[4.05000000e+02 5.76000000e+02 1.84814883e-01 3.00000000e+00]
[5.81000000e+02 4.30000000e+01 2.47554423e-01 3.00000000e+00]
[3.14000000e+02 5.78000000e+02 2.63360091e-01 5.00000000e+00]
[5.86000000e+02 1.90000000e+02 2.67809238e-01 6.00000000e+00]
[5.17000000e+02 2.30000000e+01 2.74409565e-01 3.00000000e+00]
[5.88000000e+02 5.15000000e+02 2.80065173e-01 9.00000000e+00]
[5.91000000e+02 1.60000000e+02 2.94218224e-01 4.00000000e+00]
[5.84000000e+02 5.18000000e+02 3.01030042e-01 7.00000000e+00]
[3.66000000e+02 5.89000000e+02 3.14984408e-01 6.00000000e+00]
[130.          66.           0.32243297   2.        ]
[40.         55.          0.32403476  2.        ]
[5.9400000e+02 5.0600000e+02 3.3253999e-01 1.0000000e+01]
[5.87000000e+02 4.36000000e+02 3.46554558e-01 4.00000000e+00]
[4.86000000e+02 3.20000000e+01 3.49145348e-01 3.00000000e+00]
[5.75000000e+02 5.60000000e+02 3.71024097e-01 8.00000000e+00]
[5.9800000e+02 4.9300000e+02 3.7268281e-01 1.2000000e+01]
[279.         334.           0.39052811   2.        ]
[8.80000000e+01 5.19000000e+02 3.91726966e-01 3.00000000e+00]
[6.02000000e+02 2.53000000e+02 3.93367991e-01 1.30000000e+01]
[6.01000000e+02 5.55000000e+02 3.95888385e-01 1.10000000e+01]
[4.06000000e+02 5.96000000e+02 3.98600738e-01 3.00000000e+00]
[1.59000000e+02 5.35000000e+02 4.03803678e-01 3.00000000e+00]
[4.080000e+02 4.150000e+02 4.096963e-01 2.000000e+00]
[5.92000000e+02 5.80000000e+01 4.10771644e-01 1.00000000e+01]
[ 3.         86.          0.41109992  2.        ]
[2.00000000e+02 5.74000000e+02 4.17400213e-01 7.00000000e+00]
[9.10000000e+01 5.04000000e+02 4.21002812e-01 4.00000000e+00]
[ 5.         69.          0.43122199  2.        ]
[5.77000000e+02 4.96000000e+02 4.31707277e-01 6.00000000e+00]
[3.42000000e+02 5.42000000e+02 4.37657444e-01 3.00000000e+00]
[1.00000000e+01 5.32000000e+02 4.38972019e-01 7.00000000e+00]
[5.66000000e+02 6.13000000e+02 4.43192758e-01 6.00000000e+00]
[4.81000000e+02 4.78000000e+02 4.43841175e-01 2.00000000e+00]
[2.14000000e+02 5.82000000e+02 4.44239063e-01 4.00000000e+00]
[6.03000000e+02 3.30000000e+02 4.44280873e-01 3.00000000e+00]
[2.50000000e+01 5.71000000e+02 4.44590957e-01 4.00000000e+00]
[1.8300000e+02 6.0800000e+02 4.5002081e-01 4.0000000e+00]
[9.00000000e+01 5.67000000e+02 4.50375396e-01 3.00000000e+00]
[261.         263.           0.45311911   2.        ]
[3.28000000e+02 6.18000000e+02 4.53455414e-01 7.00000000e+00]
[5.10000000e+02 5.80000000e+02 4.54116128e-01 6.00000000e+00]
[4.20000000e+02 5.90000000e+02 4.54165164e-01 7.00000000e+00]
[6.14000000e+02 2.20000000e+01 4.58566263e-01 3.00000000e+00]
[5.93000000e+02 5.95000000e+02 4.62291572e-01 1.00000000e+01]
[3.60000000e+02 6.24000000e+02 4.62937255e-01 4.00000000e+00]
[2.24000000e+02 5.25000000e+02 4.63800233e-01 5.00000000e+00]
[6.17000000e+02 2.73000000e+02 4.65486951e-01 8.00000000e+00]
[2.37000000e+02 4.97000000e+02 4.70002395e-01 3.00000000e+00]
[5.16000000e+02 2.03000000e+02 4.75856179e-01 3.00000000e+00]
[2.10000000e+01 6.00000000e+02 4.75862545e-01 4.00000000e+00]
[6.19000000e+02 3.37000000e+02 4.77481601e-01 3.00000000e+00]
[5.70000000e+01 6.32000000e+02 4.81095362e-01 6.00000000e+00]
[3.80000000e+01 6.15000000e+02 4.81533539e-01 7.00000000e+00]
[5.36000000e+02 4.26000000e+02 4.89317462e-01 3.00000000e+00]
[4.80000000e+01 6.22000000e+02 4.90643155e-01 5.00000000e+00]
[6.30000000e+02 2.48000000e+02 4.92945889e-01 1.10000000e+01]
[418.         288.           0.49543583   2.        ]
[310.         490.           0.49905917   6.        ]
[1.90000000e+01 6.36000000e+02 5.00318197e-01 5.00000000e+00]
[6.12000000e+02 5.33000000e+02 5.01068762e-01 9.00000000e+00]
[6.06000000e+02 4.42000000e+02 5.01261117e-01 1.20000000e+01]
[1.61000000e+02 6.37000000e+02 5.04959539e-01 4.00000000e+00]
[4.14000000e+02 6.38000000e+02 5.06164035e-01 7.00000000e+00]
[ 49.         202.           0.50847254   2.        ]
[2.56000000e+02 6.46000000e+02 5.16923635e-01 1.00000000e+01]
[8.7000000e+01 6.2300000e+02 5.1808205e-01 5.0000000e+00]
[3.94000000e+02 5.64000000e+02 5.18447993e-01 3.00000000e+00]
[3.67000000e+02 6.26000000e+02 5.19851933e-01 8.00000000e+00]
[2.10000000e+02 6.48000000e+02 5.20395786e-01 5.00000000e+00]
[274.        429.          0.5208747   2.       ]
[307.         323.           0.52101288   2.        ]
[2.52000000e+02 6.29000000e+02 5.22253426e-01 4.00000000e+00]
[3.91000000e+02 5.52000000e+02 5.23941798e-01 4.00000000e+00]
[0.0000000e+00 6.4400000e+02 5.2526776e-01 7.0000000e+00]
[4.70000000e+01 6.04000000e+02 5.26671371e-01 4.00000000e+00]
[1.1800000e+02 6.2100000e+02 5.2877769e-01 4.0000000e+00]
[5.43000000e+02 6.27000000e+02 5.30173347e-01 8.00000000e+00]
[ 53.         500.           0.53133383   5.        ]
[121.           9.           0.53189389   2.        ]
[3.4000000e+02 5.9900000e+02 5.3254986e-01 5.0000000e+00]
[2.68000000e+02 6.16000000e+02 5.33442267e-01 4.00000000e+00]
[5.60000000e+01 6.39000000e+02 5.36494896e-01 8.00000000e+00]
[247.         479.           0.53744293   2.        ]
[4.40000000e+01 6.60000000e+02 5.39716723e-01 8.00000000e+00]
[24.        34.         0.5413131  2.       ]
[2.69000000e+02 6.54000000e+02 5.44103464e-01 9.00000000e+00]
[5.02000000e+02 6.51000000e+02 5.44284611e-01 1.30000000e+01]
[6.35000000e+02 6.40000000e+02 5.45633374e-01 6.00000000e+00]
[  8.         111.           0.54710419   2.        ]
[143.         163.           0.54876591   2.        ]
[5.97000000e+02 5.40000000e+01 5.49879583e-01 3.00000000e+00]
[6.61000000e+02 7.70000000e+01 5.50496979e-01 5.00000000e+00]
[9.70000000e+01 6.62000000e+02 5.53301597e-01 5.00000000e+00]
[6.11000000e+02 1.34000000e+02 5.55192496e-01 3.00000000e+00]
[2.92000000e+02 6.52000000e+02 5.57388648e-01 6.00000000e+00]
[6.10000000e+02 1.01000000e+02 5.59813145e-01 1.10000000e+01]
[6.34000000e+02 4.04000000e+02 5.60655002e-01 4.00000000e+00]
[6.74000000e+02 3.54000000e+02 5.65059487e-01 7.00000000e+00]
[6.28000000e+02 6.07000000e+02 5.65150011e-01 1.00000000e+01]
[6.82000000e+02 3.08000000e+02 5.65787149e-01 1.20000000e+01]
[3.57000000e+02 6.05000000e+02 5.66292247e-01 1.40000000e+01]
[3.26000000e+02 6.31000000e+02 5.67088749e-01 5.00000000e+00]
[2.31000000e+02 6.20000000e+02 5.67198117e-01 5.00000000e+00]
[290.         373.           0.56742657   2.        ]
[397.         416.           0.56995057   2.        ]
[251.        392.          0.5709484   2.       ]
[6.73000000e+02 2.72000000e+02 5.71638824e-01 1.40000000e+01]
[6.58000000e+02 6.50000000e+01 5.72059115e-01 5.00000000e+00]
[176.         550.           0.57446288   7.        ]
[6.75000000e+02 3.29000000e+02 5.74712735e-01 3.00000000e+00]
[104.        238.          0.5752063   2.       ]
[3.36000000e+02 6.78000000e+02 5.78191043e-01 6.00000000e+00]
[6.57000000e+02 3.72000000e+02 5.79724848e-01 3.00000000e+00]
[282.         389.           0.58057079   2.        ]
[259.         403.           0.58073111   2.        ]
[3.04000000e+02 6.98000000e+02 5.81927158e-01 7.00000000e+00]
[4.71000000e+02 6.70000000e+02 5.82160251e-01 9.00000000e+00]
[2.32000000e+02 6.41000000e+02 5.83549369e-01 6.00000000e+00]
[3.9300000e+02 6.3300000e+02 5.8356345e-01 9.0000000e+00]
[6.94000000e+02 3.98000000e+02 5.84547547e-01 6.00000000e+00]
[255.         264.           0.58731711   2.        ]
[545.         322.           0.58733566   3.        ]
[ 17.         158.           0.58767071   2.        ]
[2.01000000e+02 6.81000000e+02 5.87933646e-01 7.00000000e+00]
[1.68000000e+02 6.85000000e+02 5.89012551e-01 1.10000000e+01]
[6.72000000e+02 5.65000000e+02 5.90466468e-01 1.10000000e+01]
[2.8100000e+02 7.0300000e+02 5.9076307e-01 1.0000000e+01]
[568.         108.           0.59129286   3.        ]
[6.70000000e+01 6.69000000e+02 5.92632758e-01 3.00000000e+00]
[6.65000000e+02 4.27000000e+02 5.92858419e-01 3.00000000e+00]
[3.50000000e+01 6.63000000e+02 5.92876529e-01 9.00000000e+00]
[4.00000000e+00 6.55000000e+02 5.95335154e-01 6.00000000e+00]
[1.56000000e+02 7.12000000e+02 5.96042694e-01 1.20000000e+01]
[4.68000000e+02 7.04000000e+02 5.96241609e-01 7.00000000e+00]
[5.22000000e+02 7.11000000e+02 5.98890382e-01 1.30000000e+01]
[2.26000000e+02 6.49000000e+02 6.00940063e-01 8.00000000e+00]
[2.75000000e+02 6.87000000e+02 6.01019519e-01 1.50000000e+01]
[4.77000000e+02 6.53000000e+02 6.01774578e-01 4.00000000e+00]
[6.56000000e+02 2.83000000e+02 6.02400333e-01 3.00000000e+00]
[6.420000e+02 6.890000e+02 6.040944e-01 1.600000e+01]
[7.15000000e+02 4.09000000e+02 6.06696385e-01 4.00000000e+00]
[527.         152.           0.60703035   3.        ]
[8.90000000e+01 6.43000000e+02 6.08663097e-01 3.00000000e+00]
[2.60000000e+02 6.84000000e+02 6.09148209e-01 8.00000000e+00]
[339.        350.          0.6092923   2.       ]
[327.         460.           0.61393546   2.        ]
[ 99.         188.           0.61418956   2.        ]
[6.97000000e+02 3.30000000e+01 6.14303613e-01 3.00000000e+00]
[534.         309.           0.61632845   3.        ]
[1.70000000e+02 6.95000000e+02 6.16413222e-01 8.00000000e+00]
[5.90000000e+01 7.10000000e+02 6.16761323e-01 8.00000000e+00]
[7.01000000e+02 3.44000000e+02 6.17272092e-01 3.00000000e+00]
[6.67000000e+02 6.93000000e+02 6.17347046e-01 1.80000000e+01]
[1.00000000e+00 7.26000000e+02 6.17832294e-01 1.70000000e+01]
[245.         154.           0.61877022   2.        ]
[2.93000000e+02 7.16000000e+02 6.18941658e-01 4.00000000e+00]
[7.25000000e+02 3.35000000e+02 6.21291044e-01 4.00000000e+00]
[2.70000000e+02 7.37000000e+02 6.22737469e-01 9.00000000e+00]
[  7.         193.           0.62346067   2.        ]
[7.34000000e+02 4.83000000e+02 6.24184998e-01 4.00000000e+00]
[36.         52.          0.62471086  2.        ]
[4.5700000e+02 7.1800000e+02 6.2979929e-01 7.0000000e+00]
[2.95000000e+02 6.76000000e+02 6.30739658e-01 3.00000000e+00]
[4.35000000e+02 6.47000000e+02 6.31363023e-01 1.30000000e+01]
[419.         455.           0.63182301   2.        ]
[5.00000000e+01 7.43000000e+02 6.33309108e-01 5.00000000e+00]
[287.         413.           0.63419229   2.        ]
[7.09000000e+02 4.60000000e+01 6.34413326e-01 3.00000000e+00]
[7.80000000e+01 7.22000000e+02 6.34586556e-01 9.00000000e+00]
[1.31000000e+02 7.40000000e+02 6.34966487e-01 1.80000000e+01]
[7.30000000e+02 4.07000000e+02 6.35495444e-01 9.00000000e+00]
[369.         421.           0.63578256   2.        ]
[7.00000000e+02 7.24000000e+02 6.36173274e-01 6.00000000e+00]
[7.21000000e+02 1.87000000e+02 6.37393417e-01 1.40000000e+01]
[3.31000000e+02 7.42000000e+02 6.37940332e-01 5.00000000e+00]
[7.60000000e+02 3.00000000e+02 6.38092465e-01 1.50000000e+01]
[7.32000000e+02 7.57000000e+02 6.38404641e-01 1.10000000e+01]
[439.         472.           0.63866754   2.        ]
[1.73000000e+02 7.29000000e+02 6.39074525e-01 4.00000000e+00]
[7.27000000e+02 1.19000000e+02 6.39694848e-01 5.00000000e+00]
[3.43000000e+02 6.79000000e+02 6.40061038e-01 6.00000000e+00]
[7.20000000e+02 1.29000000e+02 6.40138183e-01 8.00000000e+00]
[3.90000000e+02 7.05000000e+02 6.40164832e-01 1.00000000e+01]
[7.28000000e+02 6.59000000e+02 6.41931305e-01 7.00000000e+00]
[2.50000000e+02 6.88000000e+02 6.43752992e-01 6.00000000e+00]
[6.00000000e+01 6.80000000e+02 6.45235905e-01 4.00000000e+00]
[371.         441.           0.64689917   2.        ]
[6.30000000e+01 7.63000000e+02 6.47328675e-01 1.20000000e+01]
[2.76000000e+02 7.39000000e+02 6.47372399e-01 1.90000000e+01]
[6.68000000e+02 2.00000000e+01 6.48590801e-01 9.00000000e+00]
[6.80000000e+01 6.64000000e+02 6.50031746e-01 6.00000000e+00]
[412.         417.           0.65126152   2.        ]
[7.13000000e+02 5.44000000e+02 6.53661128e-01 1.20000000e+01]
[ 83.         492.           0.65440508   4.        ]
[2.94000000e+02 7.68000000e+02 6.54464964e-01 9.00000000e+00]
[7.54000000e+02 6.45000000e+02 6.54998811e-01 8.00000000e+00]
[1.95000000e+02 7.79000000e+02 6.55777969e-01 1.30000000e+01]
[4.22000000e+02 7.76000000e+02 6.56180642e-01 1.00000000e+01]
[1.1000000e+02 7.4400000e+02 6.5698558e-01 1.0000000e+01]
[ 98.         625.           0.65698621   3.        ]
[3.58000000e+02 7.85000000e+02 6.57277754e-01 1.10000000e+01]
[6.7100000e+02 4.6600000e+02 6.5801567e-01 3.0000000e+00]
[3.78000000e+02 7.07000000e+02 6.58027531e-01 3.00000000e+00]
[ 62.         650.           0.65869631   3.        ]
[7.7200000e+02 1.4600000e+02 6.6136278e-01 5.0000000e+00]
[306.         572.           0.66240764   3.        ]
[9.20000000e+01 7.23000000e+02 6.63408658e-01 1.60000000e+01]
[1.10000000e+01 7.17000000e+02 6.63624951e-01 1.00000000e+01]
[2.85000000e+02 7.48000000e+02 6.63879065e-01 8.00000000e+00]
[7.06000000e+02 3.84000000e+02 6.63984533e-01 7.00000000e+00]
[277.         579.           0.66704696   3.        ]
[4.51000000e+02 7.74000000e+02 6.69839604e-01 1.30000000e+01]
[2.7800000e+02 7.9500000e+02 6.7345853e-01 9.0000000e+00]
[6.10000000e+01 7.56000000e+02 6.75348126e-01 1.90000000e+01]
[346.         349.           0.67632679   2.        ]
[3.47000000e+02 7.02000000e+02 6.76405064e-01 8.00000000e+00]
[2.80000000e+02 7.75000000e+02 6.77642824e-01 2.00000000e+01]
[7.19000000e+02 7.71000000e+02 6.78416907e-01 1.80000000e+01]
[3.81000000e+02 7.70000000e+02 6.79109666e-01 8.00000000e+00]
[4.02000000e+02 7.64000000e+02 6.79353372e-01 3.00000000e+00]
[1.26000000e+02 7.59000000e+02 6.79478346e-01 7.00000000e+00]
[2.04000000e+02 7.67000000e+02 6.80091508e-01 7.00000000e+00]
[3.45000000e+02 6.96000000e+02 6.80181435e-01 4.00000000e+00]
[1.03000000e+02 7.36000000e+02 6.80330966e-01 9.00000000e+00]
[4.82000000e+02 8.10000000e+02 6.80626883e-01 1.00000000e+01]
[7.41000000e+02 4.24000000e+02 6.82041523e-01 3.00000000e+00]
[7.81000000e+02 4.32000000e+02 6.82366008e-01 1.00000000e+01]
[262.         332.           0.68381618   2.        ]
[1.55000000e+02 7.84000000e+02 6.84403184e-01 1.10000000e+01]
[7.08000000e+02 7.83000000e+02 6.84405636e-01 1.60000000e+01]
[7.61000000e+02 3.65000000e+02 6.84613707e-01 6.00000000e+00]
[570.           6.           0.68566559   4.        ]
[4.10000000e+02 7.62000000e+02 6.86982776e-01 1.60000000e+01]
[5.63000000e+02 7.91000000e+02 6.87243716e-01 7.00000000e+00]
[7.82000000e+02 1.80000000e+01 6.87839941e-01 9.00000000e+00]
[8.21000000e+02 2.67000000e+02 6.88633629e-01 1.00000000e+01]
[7.53000000e+02 6.91000000e+02 6.89864609e-01 4.00000000e+00]
[1.44000000e+02 8.00000000e+02 6.90103092e-01 2.00000000e+01]
[7.33000000e+02 7.87000000e+02 6.93916591e-01 1.30000000e+01]
[2.17000000e+02 8.03000000e+02 6.94836741e-01 2.10000000e+01]
[4.00000000e+02 8.18000000e+02 6.96707247e-01 5.00000000e+00]
[3.7700000e+02 8.1200000e+02 6.9715425e-01 4.0000000e+00]
[1.85000000e+02 8.23000000e+02 6.98369152e-01 5.00000000e+00]
[8.17000000e+02 8.26000000e+02 6.99226862e-01 2.70000000e+01]
[7.65000000e+02 7.66000000e+02 7.02626333e-01 9.00000000e+00]
[3.02000000e+02 8.19000000e+02 7.02947069e-01 1.70000000e+01]
[3.12000000e+02 7.55000000e+02 7.05372026e-01 1.00000000e+01]
[4.20000000e+01 8.25000000e+02 7.08113028e-01 1.40000000e+01]
[1.77000000e+02 8.07000000e+02 7.08130707e-01 8.00000000e+00]
[8.06000000e+02 7.88000000e+02 7.08476356e-01 6.00000000e+00]
[8.04000000e+02 6.90000000e+02 7.08752745e-01 2.00000000e+01]
[2.58000000e+02 8.02000000e+02 7.10207625e-01 9.00000000e+00]
[7.94000000e+02 7.90000000e+02 7.15128756e-01 1.30000000e+01]
[8.29000000e+02 7.35000000e+02 7.15907388e-01 8.00000000e+00]
[374.        462.          0.7159645   2.       ]
[196.         553.           0.71678291   3.        ]
[1.94000000e+02 7.92000000e+02 7.17424164e-01 4.00000000e+00]
[1.62000000e+02 8.38000000e+02 7.17982138e-01 1.00000000e+01]
[7.90000000e+01 8.37000000e+02 7.18037977e-01 2.10000000e+01]
[ 51.         230.           0.71984817   2.        ]
[1.30000000e+01 7.99000000e+02 7.20399664e-01 1.00000000e+01]
[683.          37.           0.72208507   5.        ]
[7.52000000e+02 3.17000000e+02 7.23224988e-01 6.00000000e+00]
[7.98000000e+02 3.80000000e+02 7.23628048e-01 1.40000000e+01]
[8.24000000e+02 1.45000000e+02 7.24038712e-01 2.10000000e+01]
[3.38000000e+02 8.13000000e+02 7.24076562e-01 1.10000000e+01]
[4.840000e+02 8.510000e+02 7.249966e-01 2.200000e+01]
[8.49000000e+02 8.01000000e+02 7.25220097e-01 8.00000000e+00]
[6.09000000e+02 7.50000000e+02 7.26212573e-01 1.50000000e+01]
[2.46000000e+02 8.34000000e+02 7.26815266e-01 1.50000000e+01]
[8.310000e+02 8.320000e+02 7.282394e-01 2.600000e+01]
[2.7000000e+01 8.5400000e+02 7.2849049e-01 9.0000000e+00]
[3.56000000e+02 7.97000000e+02 7.29352636e-01 4.00000000e+00]
[7.80000000e+02 1.86000000e+02 7.29814826e-01 5.00000000e+00]
[2.41000000e+02 8.11000000e+02 7.32000883e-01 1.10000000e+01]
[122.         699.           0.73204066   4.        ]
[8.48000000e+02 7.49000000e+02 7.33517992e-01 8.00000000e+00]
[8.50000000e+02 2.54000000e+02 7.33666875e-01 1.50000000e+01]
[7.45000000e+02 8.27000000e+02 7.34014159e-01 7.00000000e+00]
[7.73000000e+02 7.69000000e+02 7.34420337e-01 1.20000000e+01]
[3.05000000e+02 8.28000000e+02 7.35128984e-01 5.00000000e+00]
[223.         164.           0.73560379   2.        ]
[7.58000000e+02 8.33000000e+02 7.35805289e-01 1.20000000e+01]
[4.38000000e+02 8.36000000e+02 7.36149009e-01 7.00000000e+00]
[3.82000000e+02 8.56000000e+02 7.36924715e-01 1.60000000e+01]
[3.90000000e+01 8.67000000e+02 7.40716089e-01 6.00000000e+00]
[266.         537.           0.74106728   3.        ]
[8.16000000e+02 4.65000000e+02 7.42871402e-01 1.70000000e+01]
[8.40000000e+02 8.62000000e+02 7.43051412e-01 1.20000000e+01]
[1.05000000e+02 7.77000000e+02 7.44624303e-01 7.00000000e+00]
[1.15000000e+02 8.64000000e+02 7.45825474e-01 1.60000000e+01]
[1.20000000e+01 8.05000000e+02 7.47332216e-01 9.00000000e+00]
[1.02000000e+02 8.45000000e+02 7.49889909e-01 2.20000000e+01]
[4.69000000e+02 7.93000000e+02 7.50031503e-01 1.70000000e+01]
[8.09000000e+02 8.35000000e+02 7.50103427e-01 1.20000000e+01]
[4.23000000e+02 8.80000000e+02 7.52232843e-01 1.80000000e+01]
[8.6000000e+02 8.6100000e+02 7.5275725e-01 1.6000000e+01]
[4.34000000e+02 8.47000000e+02 7.54386449e-01 1.10000000e+01]
[1.0000000e+02 8.7500000e+02 7.5516471e-01 1.3000000e+01]
[2.13000000e+02 8.39000000e+02 7.57689397e-01 1.40000000e+01]
[2.65000000e+02 8.85000000e+02 7.57973531e-01 1.40000000e+01]
[1.75000000e+02 8.30000000e+02 7.58802716e-01 2.80000000e+01]
[8.63000000e+02 8.59000000e+02 7.66837354e-01 1.20000000e+01]
[1.69000000e+02 8.81000000e+02 7.68495081e-01 1.30000000e+01]
[1.65000000e+02 8.66000000e+02 7.70620559e-01 1.30000000e+01]
[8.57000000e+02 7.46000000e+02 7.71685158e-01 3.00000000e+01]
[8.20000000e+02 8.78000000e+02 7.73926944e-01 1.60000000e+01]
[7.47000000e+02 8.76000000e+02 7.76464302e-01 9.00000000e+00]
[7.78000000e+02 8.65000000e+02 7.81056012e-01 9.00000000e+00]
[8.9200000e+02 8.4600000e+02 7.8403784e-01 3.2000000e+01]
[8.93000000e+02 8.43000000e+02 7.84993888e-01 2.00000000e+01]
[8.96000000e+02 7.89000000e+02 7.88756306e-01 3.50000000e+01]
[4.80000000e+02 8.98000000e+02 7.91514739e-01 3.60000000e+01]
[4.6300000e+02 8.9700000e+02 7.9729163e-01 2.1000000e+01]
[2.29000000e+02 8.74000000e+02 7.97831042e-01 1.80000000e+01]
[6.66000000e+02 8.83000000e+02 7.99666158e-01 2.10000000e+01]
[8.99000000e+02 8.68000000e+02 8.00329783e-01 3.80000000e+01]
[4.25000000e+02 8.53000000e+02 8.03607816e-01 2.30000000e+01]
[2.89000000e+02 9.03000000e+02 8.04221925e-01 3.90000000e+01]
[8.71000000e+02 8.44000000e+02 8.04265119e-01 2.60000000e+01]
[1.71000000e+02 8.86000000e+02 8.05870899e-01 1.50000000e+01]
[2.34000000e+02 9.06000000e+02 8.06114797e-01 2.70000000e+01]
[751.         731.           0.80725072   4.        ]
[4.61000000e+02 8.69000000e+02 8.09208353e-01 1.30000000e+01]
[2.28000000e+02 8.88000000e+02 8.09280176e-01 2.90000000e+01]
[8.84000000e+02 8.91000000e+02 8.11167814e-01 2.40000000e+01]
[3.5900000e+02 8.7700000e+02 8.1372716e-01 1.7000000e+01]
[8.90000000e+02 8.79000000e+02 8.20259594e-01 3.50000000e+01]
[8.08000000e+02 9.00000000e+02 8.21019301e-01 2.80000000e+01]
[8.9500000e+02 8.8700000e+02 8.2121395e-01 2.3000000e+01]
[2.00000000e+00 8.82000000e+02 8.29294588e-01 1.90000000e+01]
[9.12000000e+02 6.86000000e+02 8.29907942e-01 3.60000000e+01]
[2.7100000e+02 9.1800000e+02 8.3124455e-01 3.7000000e+01]
[8.89000000e+02 9.11000000e+02 8.34846241e-01 4.10000000e+01]
[8.52000000e+02 8.55000000e+02 8.36528067e-01 2.60000000e+01]
[8.42000000e+02 9.05000000e+02 8.37345835e-01 4.20000000e+01]
[9.02000000e+02 9.19000000e+02 8.40914945e-01 5.80000000e+01]
[2.60000000e+01 9.07000000e+02 8.41017836e-01 1.60000000e+01]
[2.80000000e+01 9.14000000e+02 8.41570045e-01 3.60000000e+01]
[8.94000000e+02 9.15000000e+02 8.46114041e-01 3.70000000e+01]
[9.10000000e+02 9.20000000e+02 8.47229426e-01 5.40000000e+01]
[3.83000000e+02 9.08000000e+02 8.47887915e-01 2.80000000e+01]
[1.67000000e+02 9.27000000e+02 8.47929887e-01 5.50000000e+01]
[7.96000000e+02 9.28000000e+02 8.51352456e-01 3.50000000e+01]
[9.26000000e+02 9.23000000e+02 8.55254749e-01 9.50000000e+01]
[2.2000000e+02 9.2500000e+02 8.5529527e-01 3.7000000e+01]
[6.77000000e+02 9.16000000e+02 8.56518629e-01 2.60000000e+01]
[9.1300000e+02 9.0400000e+02 8.5714234e-01 4.0000000e+01]
[6.40000000e+01 9.17000000e+02 8.64638177e-01 2.00000000e+01]
[8.70000000e+02 9.34000000e+02 8.66564016e-01 4.70000000e+01]
[8.15000000e+02 9.22000000e+02 8.66808767e-01 5.30000000e+01]
[9.31000000e+02 7.86000000e+02 8.67614115e-01 9.80000000e+01]
[9.38000000e+02 9.37000000e+02 8.67634108e-01 1.51000000e+02]
[9.01000000e+02 9.21000000e+02 8.68734222e-01 4.40000000e+01]
[1.6600000e+02 9.3900000e+02 8.7335895e-01 1.5200000e+02]
[9.30000000e+02 8.22000000e+02 8.75250395e-01 4.50000000e+01]
[9.42000000e+02 8.73000000e+02 8.78826502e-01 4.80000000e+01]
[9.43000000e+02 8.41000000e+02 8.80828453e-01 5.00000000e+01]
[8.7200000e+02 9.4100000e+02 8.8124865e-01 1.5800000e+02]
[9.29000000e+02 9.32000000e+02 8.90736882e-01 9.20000000e+01]
[7.38000000e+02 9.09000000e+02 8.91232168e-01 7.00000000e+00]
[6.92000000e+02 9.36000000e+02 8.96617268e-01 4.90000000e+01]
[2.57000000e+02 9.40000000e+02 8.98895333e-01 4.50000000e+01]
[8.14000000e+02 9.48000000e+02 9.03263425e-01 5.10000000e+01]
[9.33000000e+02 9.45000000e+02 9.04038273e-01 1.84000000e+02]
[9.46000000e+02 9.51000000e+02 9.05914675e-01 2.76000000e+02]
[7.14000000e+02 9.52000000e+02 9.07804121e-01 2.79000000e+02]
[9.47000000e+02 9.50000000e+02 9.10597257e-01 5.80000000e+01]
[9.35000000e+02 9.53000000e+02 9.11085693e-01 2.99000000e+02]
[9.55000000e+02 9.44000000e+02 9.12813304e-01 3.49000000e+02]
[9.49000000e+02 9.56000000e+02 9.17434976e-01 3.94000000e+02]
[8.58000000e+02 9.57000000e+02 9.20355266e-01 4.03000000e+02]
[9.54000000e+02 9.24000000e+02 9.25851529e-01 7.40000000e+01]
[9.59000000e+02 9.58000000e+02 9.33783404e-01 4.77000000e+02]
[3.48000000e+02 9.60000000e+02 9.39661662e-01 4.78000000e+02]
[9.61000000e+02 2.90000000e+01 9.46201958e-01 4.79000000e+02]
[2.96000000e+02 9.62000000e+02 9.46212663e-01 4.80000000e+02]
[9.63000000e+02 4.54000000e+02 9.52675231e-01 4.81000000e+02]
[964.         313.           0.98570141 482.        ]
[965. 440.   1. 483.]
[966. 449.   1. 484.]
[967.         387.           1.02509576 485.        ]
