[14. 15.  0.  2.]
[30. 31.  0.  2.]
[70. 71.  0.  2.]
[487.  72.   0.   3.]
[488.  73.   0.   4.]
[489.  74.   0.   5.]
[80. 81.  0.  2.]
[491.  82.   0.   3.]
[84. 85.  0.  2.]
[93. 94.  0.  2.]
[494.  95.   0.   3.]
[495.  96.   0.   4.]
[109. 114.   0.   2.]
[112. 117.   0.   2.]
[498. 120.   0.   3.]
[499. 125.   0.   4.]
[113. 116.   0.   2.]
[501. 127.   0.   3.]
[123. 124.   0.   2.]
[503. 128.   0.   3.]
[132. 133.   0.   2.]
[505. 135.   0.   3.]
[136. 137.   0.   2.]
[149. 150.   0.   2.]
[508. 151.   0.   3.]
[509. 153.   0.   4.]
[157. 215.   0.   2.]
[511. 216.   0.   3.]
[512. 218.   0.   4.]
[513. 219.   0.   5.]
[514. 222.   0.   6.]
[172. 174.   0.   2.]
[178. 180.   0.   2.]
[179. 181.   0.   2.]
[182. 184.   0.   2.]
[192. 197.   0.   2.]
[198. 199.   0.   2.]
[205. 211.   0.   2.]
[206. 207.   0.   2.]
[523. 208.   0.   3.]
[524. 209.   0.   4.]
[212. 221.   0.   2.]
[225. 227.   0.   2.]
[233. 235.   0.   2.]
[528. 236.   0.   3.]
[529. 239.   0.   4.]
[530. 240.   0.   5.]
[531. 243.   0.   6.]
[242. 244.   0.   2.]
[284. 303.   0.   2.]
[286. 298.   0.   2.]
[291. 297.   0.   2.]
[311. 325.   0.   2.]
[316. 318.   0.   2.]
[538. 321.   0.   3.]
[320. 539.   0.   4.]
[319. 324.   0.   2.]
[361. 363.   0.   2.]
[362. 364.   0.   2.]
[368. 370.   0.   2.]
[375. 376.   0.   2.]
[379. 385.   0.   2.]
[546. 386.   0.   3.]
[547. 388.   0.   4.]
[548. 399.   0.   5.]
[549. 411.   0.   6.]
[395. 396.   0.   2.]
[551. 401.   0.   3.]
[430. 431.   0.   2.]
[443. 444.   0.   2.]
[554. 445.   0.   3.]
[448. 453.   0.   2.]
[450. 452.   0.   2.]
[557. 459.   0.   3.]
[558. 467.   0.   4.]
[559. 470.   0.   5.]
[456. 458.   0.   2.]
[561. 464.   0.   3.]
[473. 474.   0.   2.]
[475. 476.   0.   2.]
[2.99000000e+02 3.01000000e+02 1.11022302e-16 2.00000000e+00]
[3.33000000e+02 3.41000000e+02 2.22044605e-16 2.00000000e+00]
[4.46000000e+02 4.47000000e+02 2.22044605e-16 2.00000000e+00]
[1.06000000e+02 1.07000000e+02 4.18346901e-03 2.00000000e+00]
[1.3900000e+02 1.4000000e+02 9.5018976e-03 2.0000000e+00]
[4.85000000e+02 1.60000000e+01 1.07088148e-02 3.00000000e+00]
[5.07000000e+02 1.38000000e+02 1.43732044e-02 3.00000000e+00]
[3.52000000e+02 3.53000000e+02 1.53141347e-02 2.00000000e+00]
[5.69000000e+02 1.41000000e+02 2.88756633e-02 3.00000000e+00]
[4.37000000e+02 5.56000000e+02 3.73095839e-02 3.00000000e+00]
[4.28000000e+02 4.33000000e+02 4.12592048e-02 2.00000000e+00]
[1.47000000e+02 1.48000000e+02 4.38600149e-02 2.00000000e+00]
[3.14000000e+02 3.15000000e+02 4.38665733e-02 2.00000000e+00]
[3.51000000e+02 3.55000000e+02 4.52559233e-02 2.00000000e+00]
[5.41000000e+02 5.40000000e+02 8.36309731e-02 6.00000000e+00]
[75.         76.          0.08516135  2.        ]
[41.         45.          0.09334328  2.        ]
[1.91000000e+02 5.21000000e+02 1.16959044e-01 3.00000000e+00]
[5.7300000e+02 1.4200000e+02 1.2671536e-01 4.0000000e+00]
[2.49000000e+02 2.53000000e+02 1.27204073e-01 2.00000000e+00]
[1.89000000e+02 5.20000000e+02 1.36379986e-01 3.00000000e+00]
[5.85000000e+02 1.90000000e+02 1.43171339e-01 4.00000000e+00]
[4.05000000e+02 5.75000000e+02 1.84814883e-01 3.00000000e+00]
[5.81000000e+02 4.30000000e+01 2.47554423e-01 3.00000000e+00]
[3.13000000e+02 5.77000000e+02 2.52094624e-01 3.00000000e+00]
[5.17000000e+02 3.66000000e+02 2.74409565e-01 3.00000000e+00]
[5.88000000e+02 5.80000000e+01 2.80065173e-01 4.00000000e+00]
[1.30000000e+02 4.06000000e+02 3.22432972e-01 2.00000000e+00]
[40.         55.          0.32403476  2.        ]
[5.87000000e+02 4.36000000e+02 3.46554558e-01 4.00000000e+00]
[4.86000000e+02 3.20000000e+01 3.49145348e-01 3.00000000e+00]
[5.74000000e+02 5.60000000e+02 3.71024097e-01 8.00000000e+00]
[279.         334.           0.39052811   2.        ]
[8.80000000e+01 5.19000000e+02 3.91726966e-01 3.00000000e+00]
[2.30000000e+01 5.90000000e+02 3.93086172e-01 4.00000000e+00]
[5.96000000e+02 4.42000000e+02 3.95888385e-01 9.00000000e+00]
[5.18000000e+02 5.84000000e+02 3.98809371e-01 4.00000000e+00]
[159.         183.           0.40380368   2.        ]
[4.080000e+02 4.150000e+02 4.096963e-01 2.000000e+00]
[ 3.         86.          0.41109992  2.        ]
[146.         200.           0.41740021   2.        ]
[9.10000000e+01 5.66000000e+02 4.21002812e-01 3.00000000e+00]
[6.60000000e+01 5.92000000e+02 4.24535311e-01 3.00000000e+00]
[ 5.         69.          0.43122199  2.        ]
[5.60000000e+01 5.76000000e+02 4.31707277e-01 3.00000000e+00]
[268.         342.           0.43765744   2.        ]
[1.00000000e+01 5.32000000e+02 4.38972019e-01 7.00000000e+00]
[9.90000000e+01 4.81000000e+02 4.43841175e-01 2.00000000e+00]
[ 57.         214.           0.44423906   2.        ]
[2.24000000e+02 5.97000000e+02 4.44280873e-01 3.00000000e+00]
[25.         48.          0.44459096  2.        ]
[ 90.        250.          0.4503754   2.       ]
[261.         263.           0.45311911   2.        ]
[269.         328.           0.45345541   2.        ]
[5.10000000e+02 5.43000000e+02 4.54116128e-01 6.00000000e+00]
[4.93000000e+02 6.01000000e+02 4.57956414e-01 6.00000000e+00]
[6.08000000e+02 2.20000000e+01 4.58566263e-01 3.00000000e+00]
[2.01000000e+02 5.35000000e+02 4.61293577e-01 3.00000000e+00]
[326.         360.           0.46293726   2.        ]
[6.11000000e+02 2.73000000e+02 4.65486951e-01 8.00000000e+00]
[5.99000000e+02 1.60000000e+02 4.65916052e-01 5.00000000e+00]
[237.        404.          0.4700024   2.       ]
[6.25000000e+02 2.48000000e+02 4.71841126e-01 6.00000000e+00]
[2.7200000e+02 5.6200000e+02 4.7541554e-01 4.0000000e+00]
[5.16000000e+02 2.03000000e+02 4.75856179e-01 3.00000000e+00]
[2.10000000e+01 5.95000000e+02 4.75862545e-01 4.00000000e+00]
[1.68000000e+02 5.86000000e+02 4.78024938e-01 5.00000000e+00]
[20.         38.          0.48153354  2.        ]
[6.0600000e+02 5.6500000e+02 4.8424376e-01 5.0000000e+00]
[5.36000000e+02 4.26000000e+02 4.89317462e-01 3.00000000e+00]
[5.04000000e+02 3.67000000e+02 4.91491445e-01 4.00000000e+00]
[ 89.         418.           0.49543583   2.        ]
[3.30000000e+01 6.07000000e+02 4.96355405e-01 4.00000000e+00]
[  0.         310.           0.49905917   2.        ]
[1.90000000e+01 6.30000000e+02 5.00318197e-01 5.00000000e+00]
[5.02000000e+02 3.37000000e+02 5.00349728e-01 4.00000000e+00]
[3.58000e+02 5.42000e+02 5.01011e-01 3.00000e+00]
[5.25000000e+02 2.75000000e+02 5.03076935e-01 5.00000000e+00]
[161.         231.           0.50495954   2.        ]
[ 52.         414.           0.50616404   2.        ]
[ 49.         202.           0.50847254   2.        ]
[5.06000000e+02 5.83000000e+02 5.08474862e-01 7.00000000e+00]
[6.13000000e+02 5.82000000e+02 5.12567406e-01 5.00000000e+00]
[ 60.         256.           0.51692363   2.        ]
[394.         477.           0.51844799   2.        ]
[6.14000000e+02 3.30000000e+02 5.18787232e-01 4.00000000e+00]
[  4.         210.           0.52039579   2.        ]
[274.        429.          0.5208747   2.       ]
[307.         323.           0.52101288   2.        ]
[6.09000000e+02 4.96000000e+02 5.21445004e-01 7.00000000e+00]
[252.         398.           0.52225343   2.        ]
[6.31000000e+02 5.26000000e+02 5.23104222e-01 7.00000000e+00]
[3.91000000e+02 5.52000000e+02 5.23941798e-01 4.00000000e+00]
[47.         77.          0.52667137  2.        ]
[1.1800000e+02 6.5000000e+02 5.2877769e-01 5.0000000e+00]
[5.91000000e+02 3.08000000e+02 5.30789541e-01 5.00000000e+00]
[ 53.         500.           0.53133383   5.        ]
[6.02000000e+02 6.22000000e+02 5.31442836e-01 5.00000000e+00]
[121.         427.           0.53189389   2.        ]
[247.         479.           0.53744293   2.        ]
[6.12000000e+02 4.78000000e+02 5.39525083e-01 3.00000000e+00]
[ 44.         471.           0.53971672   2.        ]
[24.        34.         0.5413131  2.       ]
[6.33000000e+02 6.35000000e+02 5.45613563e-01 9.00000000e+00]
[6.29000000e+02 3.54000000e+02 5.45633374e-01 4.00000000e+00]
[2.26000000e+02 5.79000000e+02 5.45960558e-01 7.00000000e+00]
[  8.         111.           0.54710419   2.        ]
[143.         163.           0.54876591   2.        ]
[3.43000000e+02 6.42000000e+02 5.49879583e-01 6.00000000e+00]
[6.6800000e+02 3.5700000e+02 5.5285717e-01 1.0000000e+01]
[6.04000000e+02 1.34000000e+02 5.55192496e-01 3.00000000e+00]
[6.34000000e+02 4.07000000e+02 5.55638965e-01 4.00000000e+00]
[289.         292.           0.55738865   2.        ]
[6.18000000e+02 2.90000000e+02 5.62400218e-01 3.00000000e+00]
[6.47000000e+02 5.72000000e+02 5.68495499e-01 7.00000000e+00]
[6.50000000e+01 6.55000000e+02 5.69252389e-01 3.00000000e+00]
[397.         416.           0.56995057   2.        ]
[251.        392.          0.5709484   2.       ]
[6.4000000e+02 6.2800000e+02 5.7105424e-01 8.0000000e+00]
[515.         158.           0.57225276   7.        ]
[5.9800000e+02 3.0400000e+02 5.7300056e-01 4.0000000e+00]
[176.         461.           0.57446288   2.        ]
[6.71000000e+02 3.29000000e+02 5.74712735e-01 3.00000000e+00]
[104.        238.          0.5752063   2.       ]
[6.23000000e+02 3.40000000e+02 5.77279285e-01 3.00000000e+00]
[6.16000000e+02 5.67000000e+02 5.77816315e-01 4.00000000e+00]
[ 13.         336.           0.57819104   2.        ]
[6.10000000e+02 2.76000000e+02 5.79381545e-01 3.00000000e+00]
[6.53000000e+02 3.72000000e+02 5.79724848e-01 3.00000000e+00]
[282.         389.           0.58057079   2.        ]
[259.         403.           0.58073111   2.        ]
[4.35000000e+02 6.00000000e+02 5.80840225e-01 1.00000000e+01]
[6.66000000e+02 4.90000000e+02 5.81094414e-01 7.00000000e+00]
[5.90000000e+01 6.62000000e+02 5.81203047e-01 6.00000000e+00]
[6.20000000e+02 6.46000000e+02 5.81257315e-01 1.30000000e+01]
[4.6000000e+01 6.8400000e+02 5.8239985e-01 8.0000000e+00]
[6.37000000e+02 4.20000000e+02 5.83172142e-01 5.00000000e+00]
[232.         468.           0.58354937   2.        ]
[390.         393.           0.58356345   2.        ]
[288.        409.          0.5845228   2.       ]
[6.74000000e+02 1.56000000e+02 5.86776283e-01 1.10000000e+01]
[255.         264.           0.58731711   2.        ]
[195.         545.           0.58733566   3.        ]
[6.38000000e+02 6.97000000e+02 5.89250023e-01 9.00000000e+00]
[6.58000000e+02 6.85000000e+02 5.89838199e-01 6.00000000e+00]
[281.         306.           0.59076307   2.        ]
[568.         108.           0.59129286   3.        ]
[6.27000000e+02 4.84000000e+02 5.92150836e-01 7.00000000e+00]
[ 67.         119.           0.59263276   2.        ]
[26.         35.          0.59287653  2.        ]
[6.51000000e+02 6.19000000e+02 5.97271345e-01 8.00000000e+00]
[522.         300.           0.59889038   3.        ]
[6.52000000e+02 2.83000000e+02 6.02400333e-01 3.00000000e+00]
[6.4300000e+02 2.4100000e+02 6.0326097e-01 3.0000000e+00]
[ 54.        424.          0.6045941   2.       ]
[6.15000000e+02 5.71000000e+02 6.04911551e-01 5.00000000e+00]
[527.         381.           0.60703035   3.        ]
[6.69000000e+02 6.76000000e+02 6.07523479e-01 8.00000000e+00]
[ 63.         260.           0.60914821   2.        ]
[339.        350.          0.6092923   2.       ]
[6.54000000e+02 4.22000000e+02 6.09461166e-01 8.00000000e+00]
[6.05000000e+02 6.70000000e+02 6.12044721e-01 9.00000000e+00]
[327.         460.           0.61393546   2.        ]
[6.65000000e+02 6.41000000e+02 6.14041194e-01 6.00000000e+00]
[6.88000000e+02 7.01000000e+02 6.14303613e-01 7.00000000e+00]
[534.         309.           0.61632845   3.        ]
[103.         170.           0.61641322   2.        ]
[6.95000000e+02 3.44000000e+02 6.17272092e-01 3.00000000e+00]
[  1.         131.           0.61783229   2.        ]
[245.         312.           0.61877022   2.        ]
[293.         331.           0.61894166   2.        ]
[6.98000000e+02 8.70000000e+01 6.20356508e-01 7.00000000e+00]
[5.00000000e+01 7.17000000e+02 6.21291044e-01 4.00000000e+00]
[7.13000000e+02 6.64000000e+02 6.22265052e-01 4.00000000e+00]
[102.         270.           0.62273747   2.        ]
[7.00000000e+00 6.36000000e+02 6.23460665e-01 3.00000000e+00]
[7.29000000e+02 4.83000000e+02 6.26302586e-01 8.00000000e+00]
[382.         457.           0.62979929   2.        ]
[278.         295.           0.63073966   2.        ]
[7.08000000e+02 5.44000000e+02 6.30740472e-01 1.10000000e+01]
[7.26000000e+02 5.33000000e+02 6.31142763e-01 1.10000000e+01]
[6.44000000e+02 4.10000000e+02 6.31309554e-01 3.00000000e+00]
[419.         455.           0.63182301   2.        ]
[624.         165.           0.63218872   9.        ]
[1.8700000e+02 7.1600000e+02 6.3261344e-01 4.0000000e+00]
[6.21000000e+02 6.80000000e+02 6.33884982e-01 6.00000000e+00]
[100.         287.           0.63419229   2.        ]
[7.12000000e+02 6.10000000e+01 6.34756397e-01 8.00000000e+00]
[7.18000000e+02 7.10000000e+02 6.35104748e-01 5.00000000e+00]
[7.90000000e+01 7.05000000e+02 6.35329761e-01 1.20000000e+01]
[338.         555.           0.63563309   4.        ]
[369.         421.           0.63578256   2.        ]
[6.94000000e+02 6.49000000e+02 6.36173274e-01 4.00000000e+00]
[7.25000000e+02 1.55000000e+02 6.37511076e-01 9.00000000e+00]
[6.99000000e+02 9.20000000e+01 6.37647168e-01 1.40000000e+01]
[439.         472.           0.63866754   2.        ]
[164.         173.           0.63907453   2.        ]
[7.02000000e+02 2.94000000e+02 6.41742022e-01 3.00000000e+00]
[ 37.         335.           0.64572768   2.        ]
[371.         441.           0.64689917   2.        ]
[497.         626.           0.64702062   4.        ]
[6.9200000e+02 2.8000000e+02 6.4710593e-01 4.0000000e+00]
[580.         285.           0.64753065   3.        ]
[6.72000000e+02 1.44000000e+02 6.48025449e-01 3.00000000e+00]
[ 17.         267.           0.65075888   2.        ]
[412.         417.           0.65126152   2.        ]
[7.23000000e+02 7.27000000e+02 6.51679919e-01 4.00000000e+00]
[6.7500000e+02 6.4800000e+02 6.5247701e-01 5.0000000e+00]
[ 78.         564.           0.65271181   3.        ]
[6.86000000e+02 6.78000000e+02 6.53769137e-01 5.00000000e+00]
[7.40000000e+02 4.00000000e+02 6.53951481e-01 4.00000000e+00]
[ 83.         425.           0.65440508   2.        ]
[152.         563.           0.65610865   3.        ]
[7.36000000e+02 1.69000000e+02 6.56331981e-01 8.00000000e+00]
[ 98.         434.           0.65698621   2.        ]
[7.33000000e+02 7.52000000e+02 6.57679642e-01 1.00000000e+01]
[6.6700000e+02 4.6600000e+02 6.5801567e-01 3.0000000e+00]
[378.         469.           0.65802753   2.        ]
[9.7000000e+01 6.5900000e+02 6.5838429e-01 6.0000000e+00]
[4.20000000e+01 7.42000000e+02 6.58386854e-01 3.00000000e+00]
[384.         413.           0.65844589   2.        ]
[7.28000000e+02 6.83000000e+02 6.60021362e-01 1.40000000e+01]
[7.20000000e+02 1.29000000e+02 6.60232093e-01 6.00000000e+00]
[6.63000000e+02 7.35000000e+02 6.60946649e-01 4.00000000e+00]
[6.79000000e+02 6.73000000e+02 6.61565253e-01 1.30000000e+01]
[2.17000000e+02 7.66000000e+02 6.61648995e-01 5.00000000e+00]
[ 11.         213.           0.66362495   2.        ]
[7.84000000e+02 2.46000000e+02 6.65477952e-01 4.00000000e+00]
[7.57000000e+02 6.03000000e+02 6.65621945e-01 6.00000000e+00]
[277.         578.           0.66704696   3.        ]
[154.         377.           0.66727349   2.        ]
[7.48000000e+02 7.64000000e+02 6.67394302e-01 1.10000000e+01]
[645.         62.          0.6680299   3.       ]
[6.90000000e+02 1.05000000e+02 6.69468678e-01 5.00000000e+00]
[380.        451.          0.6698396   2.       ]
[660.         101.           0.67242304   6.        ]
[3.22000000e+02 6.81000000e+02 6.73392284e-01 3.00000000e+00]
[3.3200000e+02 7.8200000e+02 6.7487474e-01 3.0000000e+00]
[7.87000000e+02 7.62000000e+02 6.75469961e-01 9.00000000e+00]
[7.09000000e+02 3.47000000e+02 6.75859923e-01 7.00000000e+00]
[346.         349.           0.67632679   2.        ]
[7.53000000e+02 7.86000000e+02 6.76663839e-01 1.90000000e+01]
[4.02000000e+02 7.60000000e+02 6.79353372e-01 3.00000000e+00]
[7.71000000e+02 7.22000000e+02 6.79432166e-01 1.20000000e+01]
[126.         365.           0.67947835   2.        ]
[345.         482.           0.68018144   2.        ]
[7.74000000e+02 2.66000000e+02 6.81562795e-01 6.00000000e+00]
[9.00000000e+00 7.88000000e+02 6.82540098e-01 5.00000000e+00]
[1.22000000e+02 8.06000000e+02 6.83545629e-01 2.00000000e+01]
[  6.         262.           0.68381618   2.        ]
[ 12.         188.           0.68391069   2.        ]
[1.77000000e+02 7.93000000e+02 6.84043875e-01 7.00000000e+00]
[570.         257.           0.68566559   4.        ]
[6.91000000e+02 6.57000000e+02 6.86028929e-01 6.00000000e+00]
[7.72000000e+02 7.45000000e+02 6.88434476e-01 1.60000000e+01]
[7.69000000e+02 7.00000000e+02 6.89970265e-01 1.00000000e+01]
[7.90000000e+02 2.28000000e+02 6.91046881e-01 6.00000000e+00]
[8.04000000e+02 2.58000000e+02 6.97862924e-01 8.00000000e+00]
[7.73000000e+02 7.34000000e+02 6.99435976e-01 5.00000000e+00]
[7.89000000e+02 7.59000000e+02 6.99605788e-01 2.70000000e+01]
[7.49000000e+02 7.80000000e+02 6.99725071e-01 1.40000000e+01]
[7.46000000e+02 6.56000000e+02 7.01719156e-01 1.00000000e+01]
[230.         302.           0.70294707   2.        ]
[ 18.         632.           0.70520083   3.        ]
[687.         229.           0.70584631   4.        ]
[7.9800000e+02 6.8900000e+02 7.0591723e-01 8.0000000e+00]
[7.15000000e+02 7.67000000e+02 7.07291067e-01 1.10000000e+01]
[7.44000000e+02 1.94000000e+02 7.07325627e-01 1.20000000e+01]
[5.93000000e+02 7.19000000e+02 7.07419452e-01 4.00000000e+00]
[8.07000000e+02 4.38000000e+02 7.08476356e-01 4.00000000e+00]
[271.         703.           0.70851318   3.        ]
[7.77000000e+02 4.63000000e+02 7.10457198e-01 4.00000000e+00]
[8.11000000e+02 5.50000000e+02 7.11380471e-01 1.20000000e+01]
[1.10000000e+02 8.13000000e+02 7.13763412e-01 2.10000000e+01]
[7.51000000e+02 1.85000000e+02 7.15642797e-01 3.00000000e+00]
[374.        462.          0.7159645   2.       ]
[196.         553.           0.71678291   3.        ]
[1.1500000e+02 7.8500000e+02 7.1803468e-01 3.0000000e+00]
[7.83000000e+02 4.65000000e+02 7.18374281e-01 7.00000000e+00]
[7.63000000e+02 7.37000000e+02 7.18386478e-01 6.00000000e+00]
[7.61000000e+02 7.04000000e+02 7.20714231e-01 4.00000000e+00]
[7.32000000e+02 5.94000000e+02 7.22146591e-01 7.00000000e+00]
[721.         373.           0.72339014   4.        ]
[8.12000000e+02 1.75000000e+02 7.24045703e-01 6.00000000e+00]
[3.9000000e+01 7.9500000e+02 7.2684947e-01 3.0000000e+00]
[7.30000000e+02 6.93000000e+02 7.28295266e-01 6.00000000e+00]
[2.70000000e+01 8.44000000e+02 7.29230529e-01 7.00000000e+00]
[171.         356.           0.72935264   2.        ]
[8.03000000e+02 4.32000000e+02 7.29424762e-01 1.00000000e+01]
[8.22000000e+02 1.62000000e+02 7.29461218e-01 9.00000000e+00]
[8.19000000e+02 8.24000000e+02 7.32565542e-01 4.30000000e+01]
[8.36000000e+02 2.34000000e+02 7.32877074e-01 5.00000000e+00]
[7.68000000e+02 7.43000000e+02 7.33298929e-01 5.00000000e+00]
[6.6100000e+02 8.3800000e+02 7.3444701e-01 2.6000000e+01]
[223.         480.           0.73560379   2.        ]
[8.4900000e+02 3.0500000e+02 7.3640963e-01 4.0000000e+00]
[7.75000000e+02 6.77000000e+02 7.39697589e-01 6.00000000e+00]
[7.76000000e+02 7.56000000e+02 7.40352799e-01 4.00000000e+00]
[8.51000000e+02 3.17000000e+02 7.42300804e-01 8.00000000e+00]
[8.58000000e+02 5.89000000e+02 7.42758894e-01 2.90000000e+01]
[  2.         738.           0.74351675   5.        ]
[8.30000000e+02 2.54000000e+02 7.51718068e-01 9.00000000e+00]
[7.39000000e+02 7.54000000e+02 7.52485837e-01 1.40000000e+01]
[7.81000000e+02 7.06000000e+02 7.52720248e-01 5.00000000e+00]
[8.31000000e+02 7.14000000e+02 7.55816873e-01 1.30000000e+01]
[6.39000000e+02 8.16000000e+02 7.56462473e-01 1.20000000e+01]
[ 51.         265.           0.75831438   2.        ]
[8.08000000e+02 8.42000000e+02 7.59131438e-01 1.50000000e+01]
[8.61000000e+02 8.27000000e+02 7.61263331e-01 8.00000000e+00]
[8.56000000e+02 8.47000000e+02 7.64201127e-01 9.00000000e+00]
[8.1800000e+02 4.9200000e+02 7.6790051e-01 9.0000000e+00]
[755.         696.           0.76855827  14.        ]
[7.96000000e+02 2.20000000e+02 7.69521189e-01 1.20000000e+01]
[8.26000000e+02 8.25000000e+02 7.69708532e-01 2.40000000e+01]
[8.32000000e+02 7.07000000e+02 7.69842972e-01 1.50000000e+01]
[8.15000000e+02 7.78000000e+02 7.71752388e-01 1.00000000e+01]
[8.43000000e+02 8.01000000e+02 7.71863825e-01 1.00000000e+01]
[8.63000000e+02 8.05000000e+02 7.72777129e-01 1.00000000e+01]
[7.91000000e+02 4.54000000e+02 7.73160148e-01 3.00000000e+00]
[8.6500000e+02 8.6800000e+02 7.7379655e-01 1.0000000e+01]
[7.79000000e+02 7.58000000e+02 7.74857568e-01 1.10000000e+01]
[8.5500000e+02 4.2300000e+02 7.7669176e-01 4.4000000e+01]
[8.66000000e+02 2.04000000e+02 7.77432758e-01 1.00000000e+01]
[7.41000000e+02 8.10000000e+02 7.79858058e-01 1.00000000e+01]
[ 29.         770.           0.78105601   3.        ]
[8.86000000e+02 8.69000000e+02 7.81724999e-01 5.70000000e+01]
[8.00000000e+02 7.31000000e+02 7.82915415e-01 8.00000000e+00]
[8.72000000e+02 7.99000000e+02 7.87527101e-01 1.70000000e+01]
[7.50000000e+02 8.09000000e+02 7.87749263e-01 8.00000000e+00]
[8.7400000e+02 1.6600000e+02 7.8795336e-01 1.0000000e+01]
[8.93000000e+02 8.40000000e+02 7.88470534e-01 1.00000000e+01]
[8.90000000e+02 8.77000000e+02 7.88839503e-01 6.90000000e+01]
[6.80000000e+01 8.87000000e+02 7.88969708e-01 1.10000000e+01]
[7.65000000e+02 8.96000000e+02 7.89290396e-01 7.30000000e+01]
[167.        186.          0.7918258   2.       ]
[8.14000000e+02 8.02000000e+02 7.93677454e-01 5.00000000e+00]
[8.59000000e+02 8.78000000e+02 7.95504818e-01 2.60000000e+01]
[6.17000000e+02 8.35000000e+02 7.98532365e-01 5.00000000e+00]
[8.84000000e+02 8.45000000e+02 8.03288022e-01 1.40000000e+01]
[8.79000000e+02 8.37000000e+02 8.04267686e-01 2.70000000e+01]
[8.75000000e+02 8.62000000e+02 8.05989283e-01 1.30000000e+01]
[8.80000000e+02 8.67000000e+02 8.06033785e-01 2.40000000e+01]
[8.53000000e+02 8.54000000e+02 8.07617451e-01 1.90000000e+01]
[8.98000000e+02 8.99000000e+02 8.07879875e-01 7.50000000e+01]
[8.39000000e+02 8.50000000e+02 8.12939625e-01 9.00000000e+00]
[8.20000000e+02 8.70000000e+02 8.13728581e-01 2.20000000e+01]
[8.85000000e+02 8.57000000e+02 8.17623612e-01 1.60000000e+01]
[8.73000000e+02 9.03000000e+02 8.19200358e-01 2.20000000e+01]
[8.64000000e+02 8.97000000e+02 8.20750335e-01 4.00000000e+01]
[797.         193.           0.82211114   4.        ]
[3.60000000e+01 8.46000000e+02 8.24095997e-01 8.00000000e+00]
[828.         794.           0.82842696   6.        ]
[9.12000000e+02 8.34000000e+02 8.30761206e-01 2.60000000e+01]
[8.17000000e+02 8.94000000e+02 8.31009734e-01 1.40000000e+01]
[8.91000000e+02 9.08000000e+02 8.31999462e-01 8.30000000e+01]
[9.05000000e+02 9.11000000e+02 8.34946988e-01 2.90000000e+01]
[537.         383.           0.83541155   3.        ]
[724.        747.          0.8358522   4.       ]
[1.45000000e+02 8.41000000e+02 8.35988933e-01 4.00000000e+00]
[8.33000000e+02 9.17000000e+02 8.42680921e-01 3.00000000e+01]
[8.60000000e+02 9.09000000e+02 8.46341737e-01 1.30000000e+01]
[848.         821.           0.84882496  12.        ]
[8.83000000e+02 7.92000000e+02 8.50320709e-01 7.00000000e+00]
[8.23000000e+02 9.04000000e+02 8.51544884e-01 3.20000000e+01]
[9.20000000e+02 3.59000000e+02 8.52192434e-01 3.00000000e+01]
[9.06000000e+02 9.13000000e+02 8.52535792e-01 6.40000000e+01]
[8.71000000e+02 9.02000000e+02 8.53676014e-01 7.00000000e+00]
[9.07000000e+02 9.24000000e+02 8.58600202e-01 4.90000000e+01]
[8.92000000e+02 7.11000000e+02 8.60596909e-01 2.00000000e+01]
[9.29000000e+02 9.19000000e+02 8.60895824e-01 1.13000000e+02]
[9.10000000e+02 9.30000000e+02 8.63015518e-01 8.60000000e+01]
[9.23000000e+02 8.52000000e+02 8.66762384e-01 6.00000000e+00]
[8.88000000e+02 9.32000000e+02 8.68012201e-01 5.90000000e+01]
[9.16000000e+02 8.82000000e+02 8.68856791e-01 1.60000000e+01]
[8.81000000e+02 3.48000000e+02 8.70757405e-01 1.10000000e+01]
[2.80000000e+01 9.14000000e+02 8.80507665e-01 5.00000000e+00]
[9.37000000e+02 9.01000000e+02 8.80776082e-01 8.50000000e+01]
[9.34000000e+02 9.28000000e+02 8.81038131e-01 1.45000000e+02]
[8.76000000e+02 9.42000000e+02 8.85800924e-01 1.59000000e+02]
[9.35000000e+02 9.33000000e+02 8.87530238e-01 1.06000000e+02]
[8.29000000e+02 9.44000000e+02 8.88651937e-01 1.10000000e+02]
[9.1500000e+02 9.2100000e+02 8.8930965e-01 1.1000000e+01]
[9.25000000e+02 9.43000000e+02 8.89708109e-01 1.72000000e+02]
[9.2700000e+02 9.4000000e+02 8.9090664e-01 1.2000000e+01]
[9.39000000e+02 9.41000000e+02 8.94998358e-01 9.60000000e+01]
[9.18000000e+02 9.45000000e+02 8.95216331e-01 1.24000000e+02]
[9.00000000e+02 9.31000000e+02 8.96334146e-01 1.20000000e+01]
[ 64.         296.           0.90487162   2.        ]
[9.48000000e+02 9.36000000e+02 9.07321368e-01 1.80000000e+01]
[9.50000000e+02 9.47000000e+02 9.10299251e-01 2.96000000e+02]
[9.49000000e+02 9.54000000e+02 9.10575449e-01 3.92000000e+02]
[9.55000000e+02 9.53000000e+02 9.16038939e-01 4.10000000e+02]
[9.56000000e+02 9.26000000e+02 9.16909793e-01 4.22000000e+02]
[9.57000000e+02 9.38000000e+02 9.17720727e-01 4.38000000e+02]
[9.51000000e+02 9.58000000e+02 9.18289494e-01 4.50000000e+02]
[9.59000000e+02 9.46000000e+02 9.26715512e-01 4.61000000e+02]
[8.95000000e+02 9.60000000e+02 9.30186388e-01 4.71000000e+02]
[9.61000000e+02 6.82000000e+02 9.33694623e-01 4.73000000e+02]
[922.         387.           0.93841437   5.        ]
[9.62000000e+02 9.52000000e+02 9.52763372e-01 4.75000000e+02]
[9.64000000e+02 9.63000000e+02 9.63661559e-01 4.80000000e+02]
[965.       889.         0.967136 483.      ]
[966. 440.   1. 484.]
[967. 449.   1. 485.]
