[14. 15.  0.  2.]
[30. 31.  0.  2.]
[70. 71.  0.  2.]
[487.  72.   0.   3.]
[488.  73.   0.   4.]
[489.  74.   0.   5.]
[80. 81.  0.  2.]
[491.  82.   0.   3.]
[84. 85.  0.  2.]
[93. 94.  0.  2.]
[494.  95.   0.   3.]
[495.  96.   0.   4.]
[109. 114.   0.   2.]
[112. 117.   0.   2.]
[498. 120.   0.   3.]
[499. 125.   0.   4.]
[113. 116.   0.   2.]
[501. 127.   0.   3.]
[123. 124.   0.   2.]
[503. 128.   0.   3.]
[132. 133.   0.   2.]
[505. 135.   0.   3.]
[136. 137.   0.   2.]
[149. 150.   0.   2.]
[508. 151.   0.   3.]
[509. 153.   0.   4.]
[157. 215.   0.   2.]
[511. 216.   0.   3.]
[512. 218.   0.   4.]
[513. 219.   0.   5.]
[514. 222.   0.   6.]
[172. 174.   0.   2.]
[178. 180.   0.   2.]
[179. 181.   0.   2.]
[182. 184.   0.   2.]
[192. 197.   0.   2.]
[198. 199.   0.   2.]
[205. 211.   0.   2.]
[206. 207.   0.   2.]
[523. 208.   0.   3.]
[524. 209.   0.   4.]
[212. 221.   0.   2.]
[225. 227.   0.   2.]
[233. 235.   0.   2.]
[528. 236.   0.   3.]
[529. 239.   0.   4.]
[530. 240.   0.   5.]
[531. 243.   0.   6.]
[242. 244.   0.   2.]
[284. 303.   0.   2.]
[286. 298.   0.   2.]
[291. 297.   0.   2.]
[311. 325.   0.   2.]
[316. 318.   0.   2.]
[538. 321.   0.   3.]
[320. 539.   0.   4.]
[319. 324.   0.   2.]
[361. 363.   0.   2.]
[362. 364.   0.   2.]
[368. 370.   0.   2.]
[375. 376.   0.   2.]
[379. 385.   0.   2.]
[546. 386.   0.   3.]
[547. 388.   0.   4.]
[548. 399.   0.   5.]
[549. 411.   0.   6.]
[395. 396.   0.   2.]
[551. 401.   0.   3.]
[430. 431.   0.   2.]
[443. 444.   0.   2.]
[554. 445.   0.   3.]
[448. 453.   0.   2.]
[450. 452.   0.   2.]
[557. 459.   0.   3.]
[558. 467.   0.   4.]
[559. 470.   0.   5.]
[456. 458.   0.   2.]
[561. 464.   0.   3.]
[473. 474.   0.   2.]
[475. 476.   0.   2.]
[2.99000000e+02 3.01000000e+02 1.11022302e-16 2.00000000e+00]
[3.33000000e+02 3.41000000e+02 2.22044605e-16 2.00000000e+00]
[4.46000000e+02 4.47000000e+02 2.22044605e-16 2.00000000e+00]
[1.06000000e+02 1.07000000e+02 4.18346901e-03 2.00000000e+00]
[1.3900000e+02 1.4000000e+02 9.5018976e-03 2.0000000e+00]
[4.85000000e+02 1.60000000e+01 1.07088148e-02 3.00000000e+00]
[5.07000000e+02 1.38000000e+02 1.43732044e-02 3.00000000e+00]
[3.52000000e+02 3.53000000e+02 1.53141347e-02 2.00000000e+00]
[5.69000000e+02 1.41000000e+02 2.88756633e-02 3.00000000e+00]
[4.37000000e+02 5.56000000e+02 3.73095839e-02 3.00000000e+00]
[4.28000000e+02 4.33000000e+02 4.12592048e-02 2.00000000e+00]
[1.47000000e+02 1.48000000e+02 4.38600149e-02 2.00000000e+00]
[3.14000000e+02 3.15000000e+02 4.38665733e-02 2.00000000e+00]
[3.51000000e+02 3.55000000e+02 4.52559233e-02 2.00000000e+00]
[5.41000000e+02 5.40000000e+02 8.36309731e-02 6.00000000e+00]
[75.         76.          0.08516135  2.        ]
[41.         45.          0.09334328  2.        ]
[1.91000000e+02 5.21000000e+02 1.16959044e-01 3.00000000e+00]
[5.7300000e+02 1.4200000e+02 1.2671536e-01 4.0000000e+00]
[2.49000000e+02 2.53000000e+02 1.27204073e-01 2.00000000e+00]
[1.89000000e+02 5.20000000e+02 1.36379986e-01 3.00000000e+00]
[5.85000000e+02 1.90000000e+02 1.43171339e-01 4.00000000e+00]
[4.05000000e+02 5.75000000e+02 1.84814883e-01 3.00000000e+00]
[5.81000000e+02 4.30000000e+01 2.47554423e-01 3.00000000e+00]
[3.13000000e+02 5.77000000e+02 2.52094624e-01 3.00000000e+00]
[5.17000000e+02 3.66000000e+02 2.74409565e-01 3.00000000e+00]
[5.88000000e+02 5.80000000e+01 2.80065173e-01 4.00000000e+00]
[1.30000000e+02 4.06000000e+02 3.22432972e-01 2.00000000e+00]
[40.         55.          0.32403476  2.        ]
[5.87000000e+02 4.36000000e+02 3.46554558e-01 4.00000000e+00]
[4.86000000e+02 3.20000000e+01 3.49145348e-01 3.00000000e+00]
[5.74000000e+02 5.60000000e+02 3.71024097e-01 8.00000000e+00]
[279.         334.           0.39052811   2.        ]
[8.80000000e+01 5.19000000e+02 3.91726966e-01 3.00000000e+00]
[2.30000000e+01 5.90000000e+02 3.93086172e-01 4.00000000e+00]
[5.96000000e+02 4.42000000e+02 3.95888385e-01 9.00000000e+00]
[5.18000000e+02 5.84000000e+02 3.98809371e-01 4.00000000e+00]
[159.         183.           0.40380368   2.        ]
[4.080000e+02 4.150000e+02 4.096963e-01 2.000000e+00]
[ 3.         86.          0.41109992  2.        ]
[146.         200.           0.41740021   2.        ]
[9.10000000e+01 5.66000000e+02 4.21002812e-01 3.00000000e+00]
[6.60000000e+01 5.92000000e+02 4.24535311e-01 3.00000000e+00]
[ 5.         69.          0.43122199  2.        ]
[5.60000000e+01 5.76000000e+02 4.31707277e-01 3.00000000e+00]
[268.         342.           0.43765744   2.        ]
[1.00000000e+01 5.32000000e+02 4.38972019e-01 7.00000000e+00]
[9.90000000e+01 4.81000000e+02 4.43841175e-01 2.00000000e+00]
[ 57.         214.           0.44423906   2.        ]
[2.24000000e+02 5.97000000e+02 4.44280873e-01 3.00000000e+00]
[25.         48.          0.44459096  2.        ]
[ 90.        250.          0.4503754   2.       ]
[261.         263.           0.45311911   2.        ]
[269.         328.           0.45345541   2.        ]
[5.10000000e+02 5.43000000e+02 4.54116128e-01 6.00000000e+00]
[4.93000000e+02 6.01000000e+02 4.57956414e-01 6.00000000e+00]
[6.08000000e+02 2.20000000e+01 4.58566263e-01 3.00000000e+00]
[2.01000000e+02 5.35000000e+02 4.61293577e-01 3.00000000e+00]
[326.         360.           0.46293726   2.        ]
[6.11000000e+02 2.73000000e+02 4.65486951e-01 8.00000000e+00]
[5.99000000e+02 5.82000000e+02 4.65916052e-01 7.00000000e+00]
[237.        404.          0.4700024   2.       ]
[160.        248.          0.4750805   2.       ]
[2.7200000e+02 5.6200000e+02 4.7541554e-01 4.0000000e+00]
[5.16000000e+02 2.03000000e+02 4.75856179e-01 3.00000000e+00]
[2.10000000e+01 5.95000000e+02 4.75862545e-01 4.00000000e+00]
[1.68000000e+02 5.86000000e+02 4.78024938e-01 5.00000000e+00]
[20.         38.          0.48153354  2.        ]
[6.0600000e+02 5.6500000e+02 4.8424376e-01 5.0000000e+00]
[5.36000000e+02 4.26000000e+02 4.89317462e-01 3.00000000e+00]
[5.04000000e+02 3.67000000e+02 4.91491445e-01 4.00000000e+00]
[ 89.         418.           0.49543583   2.        ]
[3.30000000e+01 6.07000000e+02 4.96355405e-01 4.00000000e+00]
[  0.         310.           0.49905917   2.        ]
[1.90000000e+01 6.30000000e+02 5.00318197e-01 5.00000000e+00]
[5.02000000e+02 3.37000000e+02 5.00349728e-01 4.00000000e+00]
[3.58000e+02 5.42000e+02 5.01011e-01 3.00000e+00]
[5.25000000e+02 2.75000000e+02 5.03076935e-01 5.00000000e+00]
[161.         231.           0.50495954   2.        ]
[ 52.         414.           0.50616404   2.        ]
[ 49.         202.           0.50847254   2.        ]
[5.83000000e+02 6.20000000e+02 5.08474862e-01 1.00000000e+01]
[ 60.         256.           0.51692363   2.        ]
[394.         477.           0.51844799   2.        ]
[6.14000000e+02 3.30000000e+02 5.18787232e-01 4.00000000e+00]
[  4.         210.           0.52039579   2.        ]
[274.        429.          0.5208747   2.       ]
[307.         323.           0.52101288   2.        ]
[6.09000000e+02 4.96000000e+02 5.21445004e-01 7.00000000e+00]
[2.52000000e+02 6.21000000e+02 5.22253426e-01 4.00000000e+00]
[6.31000000e+02 5.26000000e+02 5.23104222e-01 7.00000000e+00]
[3.91000000e+02 5.52000000e+02 5.23941798e-01 4.00000000e+00]
[47.         77.          0.52667137  2.        ]
[1.1800000e+02 6.4900000e+02 5.2877769e-01 5.0000000e+00]
[5.91000000e+02 3.08000000e+02 5.30789541e-01 5.00000000e+00]
[ 53.         500.           0.53133383   5.        ]
[6.02000000e+02 6.22000000e+02 5.31442836e-01 5.00000000e+00]
[121.         427.           0.53189389   2.        ]
[247.         479.           0.53744293   2.        ]
[6.12000000e+02 4.78000000e+02 5.39525083e-01 3.00000000e+00]
[ 44.         471.           0.53971672   2.        ]
[5.06000000e+02 6.46000000e+02 5.40718522e-01 1.30000000e+01]
[24.        34.         0.5413131  2.       ]
[6.33000000e+02 6.35000000e+02 5.45613563e-01 9.00000000e+00]
[6.29000000e+02 3.54000000e+02 5.45633374e-01 4.00000000e+00]
[2.26000000e+02 5.79000000e+02 5.45960558e-01 7.00000000e+00]
[  8.         111.           0.54710419   2.        ]
[143.         163.           0.54876591   2.        ]
[3.43000000e+02 6.42000000e+02 5.49879583e-01 6.00000000e+00]
[6.6800000e+02 3.5700000e+02 5.5285717e-01 1.0000000e+01]
[6.13000000e+02 5.72000000e+02 5.53627522e-01 4.00000000e+00]
[6.04000000e+02 1.34000000e+02 5.55192496e-01 3.00000000e+00]
[6.34000000e+02 4.07000000e+02 5.55638965e-01 4.00000000e+00]
[289.         292.           0.55738865   2.        ]
[6.25000000e+02 6.27000000e+02 5.61405361e-01 9.00000000e+00]
[6.18000000e+02 6.74000000e+02 5.62400218e-01 1.20000000e+01]
[290.         373.           0.56742657   2.        ]
[397.         416.           0.56995057   2.        ]
[251.        392.          0.5709484   2.       ]
[6.4000000e+02 6.2800000e+02 5.7105424e-01 8.0000000e+00]
[6.54000000e+02 6.50000000e+01 5.72059115e-01 5.00000000e+00]
[5.15000000e+02 6.59000000e+02 5.72252759e-01 1.10000000e+01]
[5.9800000e+02 6.5700000e+02 5.7300056e-01 5.0000000e+00]
[176.         461.           0.57446288   2.        ]
[6.71000000e+02 3.29000000e+02 5.74712735e-01 3.00000000e+00]
[104.        238.          0.5752063   2.       ]
[6.23000000e+02 3.40000000e+02 5.77279285e-01 3.00000000e+00]
[6.16000000e+02 5.67000000e+02 5.77816315e-01 4.00000000e+00]
[ 13.         336.           0.57819104   2.        ]
[6.10000000e+02 2.76000000e+02 5.79381545e-01 3.00000000e+00]
[6.52000000e+02 3.72000000e+02 5.79724848e-01 3.00000000e+00]
[282.         389.           0.58057079   2.        ]
[259.         403.           0.58073111   2.        ]
[4.35000000e+02 6.00000000e+02 5.80840225e-01 1.00000000e+01]
[6.65000000e+02 4.90000000e+02 5.81094414e-01 7.00000000e+00]
[5.90000000e+01 6.61000000e+02 5.81203047e-01 6.00000000e+00]
[  1.         304.           0.58192716   2.        ]
[6.37000000e+02 4.20000000e+02 5.83172142e-01 5.00000000e+00]
[232.         468.           0.58354937   2.        ]
[390.         393.           0.58356345   2.        ]
[288.        409.          0.5845228   2.       ]
[6.85000000e+02 3.98000000e+02 5.84547547e-01 6.00000000e+00]
[1.56000000e+02 6.80000000e+02 5.87173243e-01 1.30000000e+01]
[255.         264.           0.58731711   2.        ]
[195.         545.           0.58733566   3.        ]
[ 17.         158.           0.58767071   2.        ]
[6.38000000e+02 6.99000000e+02 5.89250023e-01 9.00000000e+00]
[281.         306.           0.59076307   2.        ]
[568.         108.           0.59129286   3.        ]
[ 67.         119.           0.59263276   2.        ]
[26.         35.          0.59287653  2.        ]
[6.50000000e+02 6.19000000e+02 5.97271345e-01 8.00000000e+00]
[522.         300.           0.59889038   3.        ]
[6.51000000e+02 2.83000000e+02 6.02400333e-01 3.00000000e+00]
[6.4300000e+02 6.7500000e+02 6.0326097e-01 6.0000000e+00]
[ 54.        424.          0.6045941   2.       ]
[6.15000000e+02 5.71000000e+02 6.04911551e-01 5.00000000e+00]
[527.         381.           0.60703035   3.        ]
[6.69000000e+02 6.77000000e+02 6.07523479e-01 8.00000000e+00]
[ 63.         260.           0.60914821   2.        ]
[339.        350.          0.6092923   2.       ]
[6.53000000e+02 4.22000000e+02 6.09461166e-01 8.00000000e+00]
[6.05000000e+02 6.70000000e+02 6.12044721e-01 9.00000000e+00]
[327.         460.           0.61393546   2.        ]
[6.64000000e+02 6.41000000e+02 6.14041194e-01 6.00000000e+00]
[6.90000000e+02 7.02000000e+02 6.14303613e-01 7.00000000e+00]
[534.         309.           0.61632845   3.        ]
[103.         170.           0.61641322   2.        ]
[6.97000000e+02 3.44000000e+02 6.17272092e-01 3.00000000e+00]
[1.01000000e+02 6.86000000e+02 6.18241512e-01 1.20000000e+01]
[312.         564.           0.61877022   3.        ]
[293.         331.           0.61894166   2.        ]
[7.00000000e+02 8.70000000e+01 6.20356508e-01 7.00000000e+00]
[5.00000000e+01 7.18000000e+02 6.21291044e-01 4.00000000e+00]
[7.14000000e+02 6.63000000e+02 6.22265052e-01 4.00000000e+00]
[102.         270.           0.62273747   2.        ]
[7.00000000e+00 6.36000000e+02 6.23460665e-01 3.00000000e+00]
[7.30000000e+02 4.83000000e+02 6.26302586e-01 8.00000000e+00]
[154.         245.           0.62640874   2.        ]
[382.         457.           0.62979929   2.        ]
[278.         295.           0.63073966   2.        ]
[7.11000000e+02 5.44000000e+02 6.30740472e-01 1.10000000e+01]
[7.27000000e+02 5.33000000e+02 6.31142763e-01 1.10000000e+01]
[6.44000000e+02 4.10000000e+02 6.31309554e-01 3.00000000e+00]
[419.         455.           0.63182301   2.        ]
[6.24000000e+02 7.47000000e+02 6.32188723e-01 1.90000000e+01]
[7.1700000e+02 6.7900000e+02 6.3261344e-01 1.2000000e+01]
[100.         287.           0.63419229   2.        ]
[7.10000000e+02 2.67000000e+02 6.34413326e-01 3.00000000e+00]
[131.         144.           0.63496649   2.        ]
[338.         555.           0.63563309   4.        ]
[369.         421.           0.63578256   2.        ]
[6.96000000e+02 6.48000000e+02 6.36173274e-01 4.00000000e+00]
[7.26000000e+02 1.55000000e+02 6.37511076e-01 9.00000000e+00]
[439.         472.           0.63866754   2.        ]
[164.         173.           0.63907453   2.        ]
[7.03000000e+02 2.94000000e+02 6.41742022e-01 3.00000000e+00]
[7.80000000e+01 7.35000000e+02 6.41836659e-01 4.00000000e+00]
[ 37.         335.           0.64572768   2.        ]
[371.         441.           0.64689917   2.        ]
[497.         626.           0.64702062   4.        ]
[6.9400000e+02 6.8400000e+02 6.4710593e-01 1.1000000e+01]
[580.         285.           0.64753065   3.        ]
[412.         417.           0.65126152   2.        ]
[7.24000000e+02 7.28000000e+02 6.51679919e-01 4.00000000e+00]
[6.7600000e+02 6.4700000e+02 6.5247701e-01 5.0000000e+00]
[7.41000000e+02 4.00000000e+02 6.53951481e-01 4.00000000e+00]
[ 83.         425.           0.65440508   2.        ]
[1.87000000e+02 7.51000000e+02 6.55783458e-01 1.30000000e+01]
[152.         563.           0.65610865   3.        ]
[7.37000000e+02 1.69000000e+02 6.56331981e-01 8.00000000e+00]
[7.12000000e+02 7.46000000e+02 6.56375762e-01 1.30000000e+01]
[ 98.         434.           0.65698621   2.        ]
[6.6700000e+02 4.6600000e+02 6.5801567e-01 3.0000000e+00]
[378.         469.           0.65802753   2.        ]
[7.19000000e+02 2.41000000e+02 6.58205314e-01 7.00000000e+00]
[6.88000000e+02 2.66000000e+02 6.58238144e-01 3.00000000e+00]
[ 97.         658.           0.65838429   6.        ]
[4.20000000e+01 7.44000000e+02 6.58386854e-01 3.00000000e+00]
[3.84000000e+02 7.06000000e+02 6.58445891e-01 7.00000000e+00]
[7.21000000e+02 1.29000000e+02 6.60232093e-01 6.00000000e+00]
[6.62000000e+02 7.36000000e+02 6.60946649e-01 4.00000000e+00]
[6.8700000e+02 3.4700000e+02 6.6252652e-01 6.0000000e+00]
[ 11.         213.           0.66362495   2.        ]
[7.83000000e+02 2.46000000e+02 6.65477952e-01 4.00000000e+00]
[7.57000000e+02 6.03000000e+02 6.65621945e-01 6.00000000e+00]
[ 46.      462.        0.66651   2.     ]
[277.         578.           0.66704696   3.        ]
[645.         62.          0.6680299   3.       ]
[6.92000000e+02 1.05000000e+02 6.69468678e-01 5.00000000e+00]
[380.        451.          0.6698396   2.       ]
[ 92.         666.           0.67219222  14.        ]
[7.9000000e+01 7.0700000e+02 6.7337369e-01 1.4000000e+01]
[3.22000000e+02 6.82000000e+02 6.73392284e-01 3.00000000e+00]
[3.3200000e+02 7.7900000e+02 6.7487474e-01 3.0000000e+00]
[7.85000000e+02 7.61000000e+02 6.75469961e-01 9.00000000e+00]
[346.         349.           0.67632679   2.        ]
[2.28000000e+02 7.78000000e+02 6.77642824e-01 4.00000000e+00]
[6.10000000e+01 7.54000000e+02 6.78158338e-01 3.00000000e+00]
[4.02000000e+02 7.59000000e+02 6.79353372e-01 3.00000000e+00]
[7.69000000e+02 7.23000000e+02 6.79432166e-01 1.20000000e+01]
[1.26000000e+02 7.90000000e+02 6.79478346e-01 7.00000000e+00]
[345.         482.           0.68018144   2.        ]
[9.00000000e+00 7.86000000e+02 6.82540098e-01 5.00000000e+00]
[660.         122.           0.68354563   6.        ]
[  6.         570.           0.68381618   4.        ]
[ 12.         188.           0.68391069   2.        ]
[7.29000000e+02 7.66000000e+02 6.85429933e-01 1.70000000e+01]
[7.50000000e+02 1.65000000e+02 6.85515584e-01 2.00000000e+01]
[6.56000000e+02 7.16000000e+02 6.86028929e-01 1.20000000e+01]
[217.        280.          0.6861806   2.       ]
[7.80000000e+02 8.12000000e+02 6.86908952e-01 2.40000000e+01]
[ 36.         262.           0.68838176   2.        ]
[7.7000000e+02 6.7300000e+02 6.8908986e-01 1.1000000e+01]
[7.81000000e+02 5.50000000e+02 6.89724803e-01 9.00000000e+00]
[7.87000000e+02 2.58000000e+02 6.90861704e-01 7.00000000e+00]
[185.         413.           0.69148042   2.        ]
[7.20000000e+02 7.43000000e+02 6.93086031e-01 4.00000000e+00]
[3.7700000e+02 7.7600000e+02 6.9715425e-01 1.4000000e+01]
[6.55000000e+02 7.73000000e+02 7.01719156e-01 2.00000000e+01]
[7.48000000e+02 8.24000000e+02 7.02119173e-01 2.30000000e+01]
[230.         302.           0.70294707   2.        ]
[6.3200000e+02 7.5800000e+02 7.0520083e-01 1.1000000e+01]
[689.         229.           0.70584631   4.        ]
[7.9400000e+02 6.9100000e+02 7.0591723e-01 8.0000000e+00]
[6.39000000e+02 7.53000000e+02 7.05930672e-01 8.00000000e+00]
[1.77000000e+02 8.30000000e+02 7.08130707e-01 9.00000000e+00]
[8.04000000e+02 4.38000000e+02 7.08476356e-01 4.00000000e+00]
[271.         704.           0.70851318   3.        ]
[6.72000000e+02 7.45000000e+02 7.09007821e-01 4.00000000e+00]
[7.74000000e+02 7.22000000e+02 7.10457198e-01 6.00000000e+00]
[ 28.         110.           0.71376341   2.        ]
[1.96000000e+02 8.13000000e+02 7.16782907e-01 2.10000000e+01]
[1.94000000e+02 7.56000000e+02 7.17424164e-01 3.00000000e+00]
[7.82000000e+02 4.65000000e+02 7.18374281e-01 7.00000000e+00]
[7.63000000e+02 7.38000000e+02 7.18386478e-01 6.00000000e+00]
[7.91000000e+02 3.74000000e+02 7.18820734e-01 3.00000000e+00]
[7.60000000e+02 7.05000000e+02 7.20714231e-01 4.00000000e+00]
[162.         553.           0.72099679   3.        ]
[7.33000000e+02 5.94000000e+02 7.22146591e-01 7.00000000e+00]
[223.         365.           0.72277306   2.        ]
[8.08000000e+02 1.75000000e+02 7.24045703e-01 6.00000000e+00]
[693.         492.           0.72423968   5.        ]
[8.030000e+02 1.450000e+02 7.244415e-01 4.000000e+00]
[254.        484.          0.7249966   2.       ]
[8.16000000e+02 8.14000000e+02 7.25827668e-01 3.60000000e+01]
[7.31000000e+02 6.95000000e+02 7.28295266e-01 6.00000000e+00]
[8.40000000e+02 3.17000000e+02 7.29230529e-01 7.00000000e+00]
[171.         356.           0.72935264   2.        ]
[8.00000000e+02 4.32000000e+02 7.29424762e-01 1.00000000e+01]
[2.70000000e+01 8.52000000e+02 7.30225557e-01 8.00000000e+00]
[8.2100000e+02 8.5100000e+02 7.3141261e-01 8.0000000e+00]
[8.09000000e+02 5.89000000e+02 7.34052641e-01 9.00000000e+00]
[3.90000000e+01 8.22000000e+02 7.35128984e-01 5.00000000e+00]
[8.18000000e+02 8.50000000e+02 7.37901233e-01 4.70000000e+01]
[8.58000000e+02 3.05000000e+02 7.38003079e-01 6.00000000e+00]
[18.         29.          0.73819626  2.        ]
[7.15000000e+02 7.67000000e+02 7.38888056e-01 5.00000000e+00]
[8.10000000e+02 7.72000000e+02 7.39277202e-01 6.00000000e+00]
[7.71000000e+02 7.39000000e+02 7.39697589e-01 8.00000000e+00]
[7.75000000e+02 2.57000000e+02 7.39791401e-01 9.00000000e+00]
[8.35000000e+02 2.34000000e+02 7.39875991e-01 7.00000000e+00]
[8.190000e+02 6.810000e+02 7.425065e-01 1.100000e+01]
[7.77000000e+02 8.34000000e+02 7.42919465e-01 6.00000000e+00]
[8.05000000e+02 1.15000000e+02 7.44324463e-01 1.30000000e+01]
[8.38000000e+02 4.23000000e+02 7.45143602e-01 4.00000000e+00]
[8.64000000e+02 6.78000000e+02 7.46081018e-01 1.00000000e+01]
[8.11000000e+02 7.40000000e+02 7.52485837e-01 4.00000000e+00]
[8.7100000e+02 8.2600000e+02 7.5657362e-01 1.2000000e+01]
[ 51.         265.           0.75831438   2.        ]
[8.66000000e+02 4.63000000e+02 7.59675614e-01 8.00000000e+00]
[8.60000000e+02 7.52000000e+02 7.61137028e-01 8.00000000e+00]
[8.15000000e+02 8.02000000e+02 7.61960606e-01 6.00000000e+00]
[8.29000000e+02 8.25000000e+02 7.64019241e-01 3.10000000e+01]
[7.090000e+02 8.230000e+02 7.682419e-01 1.700000e+01]
[755.         698.           0.76855827  14.        ]
[8.55000000e+02 8.01000000e+02 7.69226912e-01 1.00000000e+01]
[8.39000000e+02 7.98000000e+02 7.71863825e-01 1.00000000e+01]
[7.88000000e+02 4.54000000e+02 7.73160148e-01 3.00000000e+00]
[8.72000000e+02 8.65000000e+02 7.74086497e-01 1.30000000e+01]
[2.04000000e+02 8.78000000e+02 7.74142013e-01 3.20000000e+01]
[7.08000000e+02 8.20000000e+02 7.74627043e-01 9.00000000e+00]
[7.95000000e+02 8.69000000e+02 7.75967773e-01 1.50000000e+01]
[8.06000000e+02 8.31000000e+02 7.77482038e-01 1.60000000e+01]
[8.68000000e+02 7.32000000e+02 7.78277504e-01 8.00000000e+00]
[7.42000000e+02 8.07000000e+02 7.79858058e-01 1.00000000e+01]
[8.37000000e+02 8.59000000e+02 7.81096144e-01 6.80000000e+01]
[8.47000000e+02 1.86000000e+02 7.81625319e-01 6.00000000e+00]
[8.75000000e+02 1.66000000e+02 7.83647555e-01 9.00000000e+00]
[7.9600000e+02 8.9100000e+02 7.8719882e-01 8.2000000e+01]
[7.62000000e+02 8.67000000e+02 7.87265132e-01 1.50000000e+01]
[765.        167.          0.7892904   5.       ]
[8.70000000e+02 3.83000000e+02 7.96549258e-01 5.00000000e+00]
[7.0100000e+02 8.4800000e+02 7.9694023e-01 6.0000000e+00]
[8.45000000e+02 4.80000000e+02 7.98615883e-01 3.00000000e+00]
[8.42000000e+02 8.85000000e+02 8.00664463e-01 3.60000000e+01]
[8.49000000e+02 3.59000000e+02 8.01280935e-01 3.00000000e+00]
[8.74000000e+02 6.17000000e+02 8.01844111e-01 4.00000000e+00]
[8.57000000e+02 6.80000000e+01 8.02781385e-01 1.00000000e+01]
[8.6300000e+02 8.9200000e+02 8.0329437e-01 1.2000000e+01]
[8.62000000e+02 7.89000000e+02 8.07478678e-01 9.00000000e+00]
[797.         220.           0.81079292  15.        ]
[8.73000000e+02 9.00000000e+02 8.12325348e-01 4.80000000e+01]
[7.34000000e+02 8.53000000e+02 8.13156577e-01 1.40000000e+01]
[8.86000000e+02 8.54000000e+02 8.17313532e-01 1.90000000e+01]
[793.         193.           0.82211114   4.        ]
[7.84000000e+02 8.87000000e+02 8.23704057e-01 2.20000000e+01]
[9.07000000e+02 8.90000000e+02 8.26863676e-01 5.80000000e+01]
[8.94000000e+02 8.93000000e+02 8.27519546e-01 9.10000000e+01]
[2.00000000e+00 9.09000000e+02 8.27969518e-01 2.00000000e+01]
[9.13000000e+02 8.89000000e+02 8.30934849e-01 9.90000000e+01]
[8.44000000e+02 8.33000000e+02 8.32796875e-01 1.00000000e+01]
[8.84000000e+02 8.36000000e+02 8.34311079e-01 1.50000000e+01]
[9.15000000e+02 8.96000000e+02 8.34823968e-01 1.04000000e+02]
[725.        749.          0.8358522   4.       ]
[8.82000000e+02 8.79000000e+02 8.37392988e-01 2.70000000e+01]
[8.28000000e+02 8.88000000e+02 8.38305573e-01 2.00000000e+01]
[7.92000000e+02 9.18000000e+02 8.39560759e-01 1.07000000e+02]
[9.14000000e+02 6.40000000e+01 8.40699738e-01 2.10000000e+01]
[8.56000000e+02 9.11000000e+02 8.42513301e-01 3.00000000e+01]
[8.97000000e+02 9.24000000e+02 8.44818969e-01 3.50000000e+01]
[8.9800000e+02 9.0100000e+02 8.4574999e-01 9.0000000e+00]
[9.02000000e+02 9.12000000e+02 8.46679868e-01 6.20000000e+01]
[8.32000000e+02 9.27000000e+02 8.46939416e-01 6.60000000e+01]
[8.83000000e+02 9.05000000e+02 8.49761027e-01 1.20000000e+01]
[9.04000000e+02 7.99000000e+02 8.50361363e-01 1.50000000e+01]
[8.46000000e+02 8.77000000e+02 8.51283102e-01 1.20000000e+01]
[8.170000e+02 9.080000e+02 8.590613e-01 1.600000e+01]
[9.16000000e+02 3.48000000e+02 8.61081491e-01 1.10000000e+01]
[9.21000000e+02 8.41000000e+02 8.62795246e-01 2.30000000e+01]
[8.27000000e+02 9.22000000e+02 8.63642439e-01 1.18000000e+02]
[9.0300000e+02 9.2500000e+02 8.6426822e-01 4.5000000e+01]
[9.23000000e+02 9.28000000e+02 8.67857084e-01 8.70000000e+01]
[9.26000000e+02 9.36000000e+02 8.68233818e-01 5.40000000e+01]
[8.76000000e+02 5.93000000e+02 8.68638062e-01 1.00000000e+01]
[9.17000000e+02 9.35000000e+02 8.74987579e-01 1.33000000e+02]
[9.34000000e+02 8.43000000e+02 8.83926742e-01 2.60000000e+01]
[8.99000000e+02 9.37000000e+02 8.87575152e-01 9.00000000e+01]
[8.81000000e+02 9.40000000e+02 8.89574167e-01 1.43000000e+02]
[9.20000000e+02 9.42000000e+02 8.90601518e-01 1.17000000e+02]
[8.95000000e+02 9.38000000e+02 8.90775574e-01 6.90000000e+01]
[8.80000000e+02 9.39000000e+02 8.96348481e-01 2.40000000e+01]
[9.45000000e+02 9.41000000e+02 8.98136806e-01 9.50000000e+01]
[9.44000000e+02 9.30000000e+02 8.99178034e-01 1.32000000e+02]
[7.64000000e+02 9.48000000e+02 8.99700916e-01 1.34000000e+02]
[9.10000000e+02 9.46000000e+02 9.01344293e-01 2.80000000e+01]
[9.47000000e+02 9.49000000e+02 9.02957624e-01 2.29000000e+02]
[9.19000000e+02 9.51000000e+02 9.04652417e-01 2.33000000e+02]
[9.32000000e+02 9.06000000e+02 9.06192731e-01 3.10000000e+01]
[8.61000000e+02 9.43000000e+02 9.10297697e-01 1.45000000e+02]
[9.50000000e+02 9.52000000e+02 9.11177605e-01 2.61000000e+02]
[9.29000000e+02 9.55000000e+02 9.11335714e-01 2.73000000e+02]
[9.53000000e+02 9.33000000e+02 9.13800295e-01 4.20000000e+01]
[713.         683.           0.91769687   5.        ]
[9.57000000e+02 9.56000000e+02 9.24927646e-01 3.15000000e+02]
[9.59000000e+02 9.54000000e+02 9.37660554e-01 4.60000000e+02]
[9.31000000e+02 9.60000000e+02 9.43859188e-01 4.72000000e+02]
[7.68000000e+02 9.61000000e+02 9.45754169e-01 4.74000000e+02]
[2.96000000e+02 9.62000000e+02 9.48917851e-01 4.75000000e+02]
[958.         963.           0.97130336 480.        ]
[537.         387.           0.98703083   3.        ]
[964.         965.           0.98789126 483.        ]
[966. 440.   1. 484.]
[967. 449.   1. 485.]
