[14. 15.  0.  2.]
[30. 31.  0.  2.]
[70. 71.  0.  2.]
[487.  72.   0.   3.]
[488.  73.   0.   4.]
[489.  74.   0.   5.]
[80. 81.  0.  2.]
[491.  82.   0.   3.]
[84. 85.  0.  2.]
[93. 94.  0.  2.]
[494.  95.   0.   3.]
[495.  96.   0.   4.]
[109. 114.   0.   2.]
[112. 117.   0.   2.]
[498. 120.   0.   3.]
[499. 125.   0.   4.]
[113. 116.   0.   2.]
[501. 127.   0.   3.]
[123. 124.   0.   2.]
[503. 128.   0.   3.]
[132. 133.   0.   2.]
[505. 135.   0.   3.]
[136. 137.   0.   2.]
[149. 150.   0.   2.]
[508. 151.   0.   3.]
[509. 153.   0.   4.]
[157. 215.   0.   2.]
[511. 216.   0.   3.]
[512. 218.   0.   4.]
[513. 219.   0.   5.]
[514. 222.   0.   6.]
[172. 174.   0.   2.]
[178. 180.   0.   2.]
[179. 181.   0.   2.]
[182. 184.   0.   2.]
[192. 197.   0.   2.]
[198. 199.   0.   2.]
[205. 211.   0.   2.]
[206. 207.   0.   2.]
[523. 208.   0.   3.]
[524. 209.   0.   4.]
[212. 221.   0.   2.]
[225. 227.   0.   2.]
[233. 235.   0.   2.]
[528. 236.   0.   3.]
[529. 239.   0.   4.]
[530. 240.   0.   5.]
[531. 243.   0.   6.]
[242. 244.   0.   2.]
[284. 303.   0.   2.]
[286. 298.   0.   2.]
[291. 297.   0.   2.]
[311. 325.   0.   2.]
[316. 318.   0.   2.]
[538. 321.   0.   3.]
[320. 539.   0.   4.]
[319. 324.   0.   2.]
[361. 363.   0.   2.]
[362. 364.   0.   2.]
[368. 370.   0.   2.]
[375. 376.   0.   2.]
[379. 385.   0.   2.]
[546. 386.   0.   3.]
[547. 388.   0.   4.]
[548. 399.   0.   5.]
[549. 411.   0.   6.]
[395. 396.   0.   2.]
[551. 401.   0.   3.]
[430. 431.   0.   2.]
[443. 444.   0.   2.]
[554. 445.   0.   3.]
[448. 453.   0.   2.]
[450. 452.   0.   2.]
[557. 459.   0.   3.]
[558. 467.   0.   4.]
[559. 470.   0.   5.]
[456. 458.   0.   2.]
[561. 464.   0.   3.]
[473. 474.   0.   2.]
[475. 476.   0.   2.]
[2.99000000e+02 3.01000000e+02 1.11022302e-16 2.00000000e+00]
[3.33000000e+02 3.41000000e+02 2.22044605e-16 2.00000000e+00]
[4.46000000e+02 4.47000000e+02 2.22044605e-16 2.00000000e+00]
[1.06000000e+02 1.07000000e+02 4.18346901e-03 2.00000000e+00]
[1.3900000e+02 1.4000000e+02 9.5018976e-03 2.0000000e+00]
[4.85000000e+02 1.60000000e+01 1.07088148e-02 3.00000000e+00]
[5.07000000e+02 1.38000000e+02 1.43732044e-02 3.00000000e+00]
[3.52000000e+02 3.53000000e+02 1.53141347e-02 2.00000000e+00]
[5.69000000e+02 1.41000000e+02 2.88756633e-02 3.00000000e+00]
[4.37000000e+02 5.56000000e+02 3.73095839e-02 3.00000000e+00]
[4.28000000e+02 4.33000000e+02 4.12592048e-02 2.00000000e+00]
[1.47000000e+02 1.48000000e+02 4.38600149e-02 2.00000000e+00]
[3.14000000e+02 3.15000000e+02 4.38665733e-02 2.00000000e+00]
[3.51000000e+02 3.55000000e+02 4.52559233e-02 2.00000000e+00]
[5.41000000e+02 5.40000000e+02 8.36309731e-02 6.00000000e+00]
[75.         76.          0.08516135  2.        ]
[41.         45.          0.09334328  2.        ]
[1.91000000e+02 5.21000000e+02 1.16959044e-01 3.00000000e+00]
[5.7300000e+02 1.4200000e+02 1.2671536e-01 4.0000000e+00]
[2.49000000e+02 2.53000000e+02 1.27204073e-01 2.00000000e+00]
[1.89000000e+02 5.20000000e+02 1.36379986e-01 3.00000000e+00]
[5.85000000e+02 1.90000000e+02 1.43171339e-01 4.00000000e+00]
[4.05000000e+02 5.75000000e+02 1.84814883e-01 3.00000000e+00]
[5.81000000e+02 4.30000000e+01 2.47554423e-01 3.00000000e+00]
[3.13000000e+02 5.77000000e+02 2.52094624e-01 3.00000000e+00]
[5.17000000e+02 2.30000000e+01 2.74409565e-01 3.00000000e+00]
[5.88000000e+02 5.80000000e+01 2.80065173e-01 4.00000000e+00]
[5.90000000e+02 1.60000000e+02 2.94218224e-01 4.00000000e+00]
[5.92000000e+02 3.66000000e+02 3.14984408e-01 5.00000000e+00]
[130.          66.           0.32243297   2.        ]
[40.         55.          0.32403476  2.        ]
[5.87000000e+02 4.36000000e+02 3.46554558e-01 4.00000000e+00]
[4.86000000e+02 3.20000000e+01 3.49145348e-01 3.00000000e+00]
[5.74000000e+02 5.60000000e+02 3.71024097e-01 8.00000000e+00]
[279.         334.           0.39052811   2.        ]
[8.80000000e+01 5.19000000e+02 3.91726966e-01 3.00000000e+00]
[5.98000000e+02 4.42000000e+02 3.95888385e-01 9.00000000e+00]
[4.06000000e+02 5.94000000e+02 3.98600738e-01 3.00000000e+00]
[5.18000000e+02 5.83000000e+02 3.98809371e-01 6.00000000e+00]
[1.59000000e+02 5.35000000e+02 4.03803678e-01 3.00000000e+00]
[4.080000e+02 4.150000e+02 4.096963e-01 2.000000e+00]
[ 3.         86.          0.41109992  2.        ]
[146.         200.           0.41740021   2.        ]
[9.10000000e+01 5.04000000e+02 4.21002812e-01 4.00000000e+00]
[ 5.         69.          0.43122199  2.        ]
[5.76000000e+02 4.96000000e+02 4.31707277e-01 6.00000000e+00]
[6.03000000e+02 5.06000000e+02 4.34511893e-01 9.00000000e+00]
[3.42000000e+02 5.42000000e+02 4.37657444e-01 3.00000000e+00]
[5.93000000e+02 2.48000000e+02 4.38395294e-01 6.00000000e+00]
[1.00000000e+01 5.32000000e+02 4.38972019e-01 7.00000000e+00]
[5.66000000e+02 6.08000000e+02 4.43192758e-01 6.00000000e+00]
[9.90000000e+01 4.81000000e+02 4.43841175e-01 2.00000000e+00]
[2.14000000e+02 5.82000000e+02 4.44239063e-01 4.00000000e+00]
[2.24000000e+02 5.99000000e+02 4.44280873e-01 3.00000000e+00]
[2.50000000e+01 5.71000000e+02 4.44590957e-01 4.00000000e+00]
[1.8300000e+02 6.0400000e+02 4.5002081e-01 4.0000000e+00]
[9.00000000e+01 5.67000000e+02 4.50375396e-01 3.00000000e+00]
[261.         263.           0.45311911   2.        ]
[3.28000000e+02 6.15000000e+02 4.53455414e-01 7.00000000e+00]
[5.10000000e+02 5.43000000e+02 4.54116128e-01 6.00000000e+00]
[6.02000000e+02 4.20000000e+02 4.54165164e-01 4.00000000e+00]
[6.11000000e+02 4.93000000e+02 4.56549394e-01 1.10000000e+01]
[6.09000000e+02 2.20000000e+01 4.58566263e-01 3.00000000e+00]
[326.         360.           0.46293726   2.        ]
[6.26000000e+02 5.84000000e+02 4.65023811e-01 1.30000000e+01]
[6.14000000e+02 2.73000000e+02 4.65486951e-01 8.00000000e+00]
[237.        404.          0.4700024   2.       ]
[2.7200000e+02 5.6200000e+02 4.7541554e-01 4.0000000e+00]
[5.16000000e+02 2.03000000e+02 4.75856179e-01 3.00000000e+00]
[2.10000000e+01 5.97000000e+02 4.75862545e-01 4.00000000e+00]
[5.86000000e+02 5.26000000e+02 4.78024938e-01 6.00000000e+00]
[6.17000000e+02 5.25000000e+02 4.81095362e-01 8.00000000e+00]
[20.         38.          0.48153354  2.        ]
[1.68000000e+02 6.35000000e+02 4.87125434e-01 7.00000000e+00]
[5.60000000e+01 6.10000000e+02 4.87589539e-01 7.00000000e+00]
[5.36000000e+02 4.26000000e+02 4.89317462e-01 3.00000000e+00]
[4.80000000e+01 6.19000000e+02 4.90643155e-01 5.00000000e+00]
[ 89.         418.           0.49543583   2.        ]
[310.         490.           0.49905917   6.        ]
[1.90000000e+01 6.34000000e+02 5.00318197e-01 5.00000000e+00]
[3.37000000e+02 6.12000000e+02 5.00349728e-01 4.00000000e+00]
[161.         231.           0.50495954   2.        ]
[5.20000000e+01 6.21000000e+02 5.06164035e-01 4.00000000e+00]
[ 49.         202.           0.50847254   2.        ]
[2.56000000e+02 6.45000000e+02 5.16923635e-01 5.00000000e+00]
[8.7000000e+01 6.2000000e+02 5.1808205e-01 5.0000000e+00]
[394.         477.           0.51844799   2.        ]
[6.18000000e+02 3.30000000e+02 5.18787232e-01 4.00000000e+00]
[3.67000000e+02 6.23000000e+02 5.19851933e-01 8.00000000e+00]
[4.00000000e+00 6.24000000e+02 5.20395786e-01 7.00000000e+00]
[274.        429.          0.5208747   2.       ]
[307.         323.           0.52101288   2.        ]
[2.52000000e+02 6.27000000e+02 5.22253426e-01 4.00000000e+00]
[3.91000000e+02 6.32000000e+02 5.23941798e-01 5.00000000e+00]
[5.70000000e+01 6.36000000e+02 5.24709155e-01 9.00000000e+00]
[0.0000000e+00 6.4300000e+02 5.2526776e-01 7.0000000e+00]
[4.70000000e+01 6.00000000e+02 5.26671371e-01 4.00000000e+00]
[1.1800000e+02 6.5200000e+02 5.2877769e-01 5.0000000e+00]
[5.91000000e+02 5.15000000e+02 5.30789541e-01 1.00000000e+01]
[ 53.         500.           0.53133383   5.        ]
[121.         427.           0.53189389   2.        ]
[247.         479.           0.53744293   2.        ]
[4.78000000e+02 6.49000000e+02 5.39525083e-01 6.00000000e+00]
[4.40000000e+01 6.60000000e+02 5.39716723e-01 8.00000000e+00]
[24.        34.         0.5413131  2.       ]
[2.69000000e+02 6.53000000e+02 5.44103464e-01 9.00000000e+00]
[6.33000000e+02 6.40000000e+02 5.45633374e-01 6.00000000e+00]
[5.79000000e+02 5.02000000e+02 5.45960558e-01 9.00000000e+00]
[  8.         111.           0.54710419   2.        ]
[143.         163.           0.54876591   2.        ]
[3.43000000e+02 6.59000000e+02 5.49879583e-01 1.00000000e+01]
[6.61000000e+02 7.70000000e+01 5.50496979e-01 5.00000000e+00]
[6.06000000e+02 6.07000000e+02 5.55192496e-01 4.00000000e+00]
[289.         292.           0.55738865   2.        ]
[6.54000000e+02 2.10000000e+02 5.58829765e-01 8.00000000e+00]
[6.63000000e+02 3.08000000e+02 5.61008385e-01 1.10000000e+01]
[6.71000000e+02 3.54000000e+02 5.65059487e-01 7.00000000e+00]
[3.57000000e+02 6.29000000e+02 5.66292247e-01 1.40000000e+01]
[290.         373.           0.56742657   2.        ]
[416.         564.           0.56995057   3.        ]
[251.        392.          0.5709484   2.       ]
[6.57000000e+02 6.50000000e+01 5.72059115e-01 5.00000000e+00]
[176.         550.           0.57446288   7.        ]
[6.73000000e+02 3.29000000e+02 5.74712735e-01 3.00000000e+00]
[2.38000000e+02 6.25000000e+02 5.75206298e-01 5.00000000e+00]
[6.13000000e+02 5.22000000e+02 5.75665266e-01 8.00000000e+00]
[6.28000000e+02 3.40000000e+02 5.77279285e-01 3.00000000e+00]
[1.30000000e+01 6.58000000e+02 5.78191043e-01 6.00000000e+00]
[6.56000000e+02 3.72000000e+02 5.79724848e-01 3.00000000e+00]
[2.82000000e+02 6.51000000e+02 5.80570786e-01 3.00000000e+00]
[259.         403.           0.58073111   2.        ]
[6.01000000e+02 5.55000000e+02 5.80840225e-01 1.20000000e+01]
[1.34000000e+02 6.77000000e+02 5.81802878e-01 5.00000000e+00]
[1.00000000e+00 6.90000000e+02 5.81927158e-01 9.00000000e+00]
[4.71000000e+02 6.68000000e+02 5.82160251e-01 9.00000000e+00]
[2.26000000e+02 6.72000000e+02 5.82769986e-01 1.00000000e+01]
[2.32000000e+02 6.41000000e+02 5.83549369e-01 6.00000000e+00]
[3.9300000e+02 6.3000000e+02 5.8356345e-01 9.0000000e+00]
[6.39000000e+02 4.22000000e+02 5.83612042e-01 8.00000000e+00]
[4.09000000e+02 6.69000000e+02 5.84522797e-01 3.00000000e+00]
[6.86000000e+02 3.98000000e+02 5.84547547e-01 6.00000000e+00]
[6.46000000e+02 2.41000000e+02 5.84577919e-01 3.00000000e+00]
[2.64000000e+02 6.76000000e+02 5.87317107e-01 6.00000000e+00]
[545.         322.           0.58733566   3.        ]
[ 17.         158.           0.58767071   2.        ]
[2.01000000e+02 6.50000000e+02 5.87933646e-01 6.00000000e+00]
[6.16000000e+02 6.67000000e+02 5.89075661e-01 8.00000000e+00]
[6.70000000e+02 5.65000000e+02 5.90466468e-01 1.10000000e+01]
[2.8100000e+02 6.9900000e+02 5.9076307e-01 1.0000000e+01]
[568.         108.           0.59129286   3.        ]
[268.         276.           0.59259411   2.        ]
[6.70000000e+01 6.66000000e+02 5.92632758e-01 3.00000000e+00]
[3.8900000e+02 6.9400000e+02 5.9265893e-01 4.0000000e+00]
[26.         35.          0.59287653  2.        ]
[1.56000000e+02 7.12000000e+02 5.96042694e-01 1.20000000e+01]
[4.68000000e+02 7.01000000e+02 5.96241609e-01 7.00000000e+00]
[6.47000000e+02 2.50000000e+02 5.99946514e-01 5.00000000e+00]
[5.90000000e+01 7.10000000e+02 6.02261989e-01 7.00000000e+00]
[6.55000000e+02 2.83000000e+02 6.02400333e-01 3.00000000e+00]
[1.04000000e+02 6.89000000e+02 6.03241718e-01 6.00000000e+00]
[ 54.        595.          0.6045941   3.       ]
[7.16000000e+02 1.19000000e+02 6.06696385e-01 4.00000000e+00]
[527.         533.           0.60703035   4.        ]
[2.60000000e+02 6.81000000e+02 6.09148209e-01 8.00000000e+00]
[339.        350.          0.6092923   2.       ]
[4.07000000e+02 7.28000000e+02 6.10731142e-01 9.00000000e+00]
[327.         460.           0.61393546   2.        ]
[3.0900000e+02 7.1100000e+02 6.1632845e-01 9.0000000e+00]
[1.70000000e+02 6.87000000e+02 6.16413222e-01 8.00000000e+00]
[7.06000000e+02 4.14000000e+02 6.17231399e-01 4.00000000e+00]
[6.95000000e+02 5.96000000e+02 6.17272092e-01 6.00000000e+00]
[245.         154.           0.61877022   2.        ]
[2.93000000e+02 6.65000000e+02 6.18941658e-01 3.00000000e+00]
[6.38000000e+02 6.78000000e+02 6.20796772e-01 9.00000000e+00]
[7.23000000e+02 3.35000000e+02 6.21291044e-01 4.00000000e+00]
[2.70000000e+02 7.22000000e+02 6.22737469e-01 8.00000000e+00]
[7.00000000e+00 6.42000000e+02 6.23460665e-01 3.00000000e+00]
[7.24000000e+02 3.30000000e+01 6.24692419e-01 7.00000000e+00]
[6.92000000e+02 7.34000000e+02 6.24931598e-01 1.00000000e+01]
[7.4200000e+02 4.8300000e+02 6.2833451e-01 8.0000000e+00]
[4.5700000e+02 6.7900000e+02 6.2979929e-01 9.0000000e+00]
[6.98000000e+02 1.31000000e+02 6.30665672e-01 1.00000000e+01]
[2.95000000e+02 6.74000000e+02 6.30739658e-01 3.00000000e+00]
[419.         455.           0.63182301   2.        ]
[7.17000000e+02 6.05000000e+02 6.32047666e-01 6.00000000e+00]
[4.35000000e+02 6.96000000e+02 6.33267536e-01 1.30000000e+01]
[5.00000000e+01 7.39000000e+02 6.33309108e-01 5.00000000e+00]
[287.         413.           0.63419229   2.        ]
[7.09000000e+02 4.60000000e+01 6.34413326e-01 3.00000000e+00]
[7.80000000e+01 6.84000000e+02 6.34586556e-01 4.00000000e+00]
[369.         421.           0.63578256   2.        ]
[3.31000000e+02 7.37000000e+02 6.37940332e-01 4.00000000e+00]
[7.35000000e+02 3.44000000e+02 6.38227152e-01 7.00000000e+00]
[7.31000000e+02 7.30000000e+02 6.38404641e-01 1.10000000e+01]
[439.         472.           0.63866754   2.        ]
[1.73000000e+02 7.04000000e+02 6.39074525e-01 4.00000000e+00]
[9.20000000e+01 6.82000000e+02 6.39896173e-01 1.50000000e+01]
[7.20000000e+02 1.29000000e+02 6.40138183e-01 8.00000000e+00]
[271.         390.           0.64016483   2.        ]
[7.15000000e+02 2.80000000e+02 6.42431723e-01 3.00000000e+00]
[6.00000000e+01 7.32000000e+02 6.45235905e-01 1.00000000e+01]
[6.30000000e+01 7.58000000e+02 6.46444545e-01 1.20000000e+01]
[6.80000000e+02 1.01000000e+02 6.46611084e-01 1.20000000e+01]
[3.7100000e+02 7.0200000e+02 6.4689917e-01 1.0000000e+01]
[4.97000000e+02 6.97000000e+02 6.47020615e-01 7.00000000e+00]
[580.         285.           0.64753065   3.        ]
[3.00000000e+02 7.38000000e+02 6.47879142e-01 1.00000000e+01]
[2.75000000e+02 7.61000000e+02 6.47909599e-01 1.60000000e+01]
[1.52000000e+02 7.00000000e+02 6.49408064e-01 1.10000000e+01]
[6.80000000e+01 6.64000000e+02 6.50031746e-01 6.00000000e+00]
[412.         417.           0.65126152   2.        ]
[7.03000000e+02 1.55000000e+02 6.52527151e-01 9.00000000e+00]
[7.13000000e+02 5.44000000e+02 6.53661128e-01 1.20000000e+01]
[7.41000000e+02 7.26000000e+02 6.53951481e-01 7.00000000e+00]
[ 83.         578.           0.65440508   3.        ]
[2.94000000e+02 7.62000000e+02 6.54464964e-01 9.00000000e+00]
[267.         644.           0.65499881   6.        ]
[1.95000000e+02 7.77000000e+02 6.55777969e-01 1.30000000e+01]
[3.5800000e+02 7.6500000e+02 6.5698558e-01 1.1000000e+01]
[4.34000000e+02 7.43000000e+02 6.56986215e-01 1.10000000e+01]
[378.         534.           0.65802753   3.        ]
[7.49000000e+02 3.97000000e+02 6.58127469e-01 7.00000000e+00]
[9.7000000e+01 6.7500000e+02 6.5838429e-01 1.1000000e+01]
[ 42.         188.           0.65838685   2.        ]
[3.36000000e+02 7.07000000e+02 6.59239842e-01 7.00000000e+00]
[306.         572.           0.66240764   3.        ]
[4.61000000e+02 7.33000000e+02 6.62455967e-01 9.00000000e+00]
[1.87000000e+02 7.72000000e+02 6.62746356e-01 1.70000000e+01]
[1.10000000e+01 7.70000000e+02 6.63624951e-01 4.00000000e+00]
[7.05000000e+02 3.84000000e+02 6.63984533e-01 7.00000000e+00]
[3.82000000e+02 7.45000000e+02 6.64806914e-01 1.00000000e+01]
[7.68000000e+02 1.65000000e+02 6.65136323e-01 1.10000000e+01]
[7.86000000e+02 3.45000000e+02 6.65765675e-01 8.00000000e+00]
[7.54000000e+02 7.36000000e+02 6.67139595e-01 6.00000000e+00]
[6.20000000e+01 7.95000000e+02 6.68029904e-01 1.10000000e+01]
[4.51000000e+02 7.66000000e+02 6.69839604e-01 1.30000000e+01]
[2.17000000e+02 7.56000000e+02 6.70259105e-01 5.00000000e+00]
[7.98000000e+02 7.27000000e+02 6.71720427e-01 1.00000000e+01]
[466.         631.           0.67226712   3.        ]
[2.7800000e+02 7.9200000e+02 6.7345853e-01 1.8000000e+01]
[7.96000000e+02 4.41000000e+02 6.73764754e-01 1.20000000e+01]
[6.10000000e+01 7.46000000e+02 6.75348126e-01 1.10000000e+01]
[346.         349.           0.67632679   2.        ]
[3.04000000e+02 7.89000000e+02 6.76722333e-01 8.00000000e+00]
[7.90000000e+01 7.19000000e+02 6.78416907e-01 1.30000000e+01]
[3.81000000e+02 7.44000000e+02 6.79109666e-01 9.00000000e+00]
[4.02000000e+02 7.59000000e+02 6.79353372e-01 3.00000000e+00]
[1.26000000e+02 7.97000000e+02 6.79478346e-01 9.00000000e+00]
[1.05000000e+02 7.21000000e+02 6.80091508e-01 6.00000000e+00]
[2.5500000e+02 7.6000000e+02 6.8206138e-01 5.0000000e+00]
[7.80000000e+02 4.32000000e+02 6.82366008e-01 1.00000000e+01]
[262.         332.           0.68381618   2.        ]
[7.08000000e+02 7.82000000e+02 6.84405636e-01 1.60000000e+01]
[570.           6.           0.68566559   4.        ]
[4.24000000e+02 7.25000000e+02 6.86120916e-01 4.00000000e+00]
[5.63000000e+02 7.90000000e+02 6.87243716e-01 5.00000000e+00]
[7.52000000e+02 3.47000000e+02 6.89864609e-01 3.00000000e+00]
[1.44000000e+02 8.06000000e+02 6.90103092e-01 1.20000000e+01]
[8.13000000e+02 4.10000000e+02 6.93107113e-01 7.00000000e+00]
[7.64000000e+02 7.50000000e+02 6.96387343e-01 1.60000000e+01]
[2.88000000e+02 7.71000000e+02 6.96550749e-01 1.10000000e+01]
[229.         688.           0.69715425   4.        ]
[1.10000000e+02 7.40000000e+02 6.97340514e-01 9.00000000e+00]
[1.00000000e+02 8.21000000e+02 6.98369152e-01 4.00000000e+00]
[2.30000000e+02 7.78000000e+02 7.02947069e-01 8.00000000e+00]
[6.3700000e+02 7.7600000e+02 7.0520083e-01 1.1000000e+01]
[3.12000000e+02 8.02000000e+02 7.05372026e-01 1.10000000e+01]
[8.26000000e+02 3.77000000e+02 7.05984006e-01 5.00000000e+00]
[4.8200000e+02 8.2300000e+02 7.0625719e-01 8.0000000e+00]
[1.77000000e+02 8.12000000e+02 7.08130707e-01 1.00000000e+01]
[4.38000000e+02 8.29000000e+02 7.08476356e-01 9.00000000e+00]
[7.53000000e+02 8.15000000e+02 7.09694553e-01 1.30000000e+01]
[2.58000000e+02 8.08000000e+02 7.10207625e-01 9.00000000e+00]
[8.28000000e+02 1.85000000e+02 7.11520714e-01 5.00000000e+00]
[9.80000000e+01 7.84000000e+02 7.15929965e-01 1.20000000e+01]
[374.        462.          0.7159645   2.       ]
[1.96000000e+02 7.73000000e+02 7.16782907e-01 1.20000000e+01]
[8.22000000e+02 1.45000000e+02 7.17021448e-01 1.30000000e+01]
[7.55000000e+02 4.25000000e+02 7.17424164e-01 3.00000000e+00]
[7.87000000e+02 6.62000000e+02 7.18690821e-01 1.60000000e+01]
[2.66000000e+02 7.91000000e+02 7.19848166e-01 1.00000000e+01]
[7.69000000e+02 8.03000000e+02 7.19933522e-01 1.00000000e+01]
[1.62000000e+02 8.42000000e+02 7.20996789e-01 1.40000000e+01]
[3.65000000e+02 8.01000000e+02 7.22773058e-01 6.00000000e+00]
[7.51000000e+02 3.17000000e+02 7.23224988e-01 6.00000000e+00]
[8.00000000e+02 3.80000000e+02 7.23782438e-01 1.40000000e+01]
[4.00000000e+02 8.18000000e+02 7.24719446e-01 5.00000000e+00]
[4.840000e+02 8.040000e+02 7.249966e-01 1.900000e+01]
[2.70000000e+01 8.49000000e+02 7.25220097e-01 7.00000000e+00]
[1.22000000e+02 8.27000000e+02 7.26022439e-01 1.00000000e+01]
[7.8500000e+02 4.6900000e+02 7.2664694e-01 4.0000000e+00]
[2.46000000e+02 7.99000000e+02 7.26815266e-01 1.20000000e+01]
[1.64000000e+02 8.44000000e+02 7.28293656e-01 1.70000000e+01]
[1.71000000e+02 7.93000000e+02 7.29352636e-01 5.00000000e+00]
[1.75000000e+02 8.48000000e+02 7.30791263e-01 7.00000000e+00]
[8.50000000e+02 2.54000000e+02 7.33810972e-01 1.50000000e+01]
[3.70000000e+01 8.53000000e+02 7.34254622e-01 8.00000000e+00]
[3.90000000e+01 8.19000000e+02 7.35128984e-01 5.00000000e+00]
[1.94000000e+02 8.20000000e+02 7.35218253e-01 6.00000000e+00]
[2.23000000e+02 8.25000000e+02 7.35603787e-01 1.20000000e+01]
[3.38000000e+02 8.24000000e+02 7.37599068e-01 1.70000000e+01]
[2.04000000e+02 8.10000000e+02 7.37936047e-01 1.00000000e+01]
[1.8000000e+01 7.8100000e+02 7.3819626e-01 7.0000000e+00]
[3.56000000e+02 7.67000000e+02 7.39777219e-01 1.30000000e+01]
[8.17000000e+02 4.65000000e+02 7.42871402e-01 1.70000000e+01]
[8.62000000e+02 8.14000000e+02 7.44763556e-01 1.00000000e+01]
[1.15000000e+02 8.60000000e+02 7.45960565e-01 1.60000000e+01]
[2.77000000e+02 8.57000000e+02 7.48026816e-01 1.80000000e+01]
[8.09000000e+02 6.83000000e+02 7.48367019e-01 1.50000000e+01]
[1.02000000e+02 8.73000000e+02 7.48934494e-01 1.60000000e+01]
[8.39000000e+02 5.52000000e+02 7.50411196e-01 1.50000000e+01]
[7.8800000e+02 8.5600000e+02 7.5248515e-01 1.4000000e+01]
[213.         12.          0.7576894   2.       ]
[2.65000000e+02 8.34000000e+02 7.58314378e-01 1.10000000e+01]
[8.3300000e+02 8.6600000e+02 7.5844212e-01 1.8000000e+01]
[8.54000000e+02 8.69000000e+02 7.59263569e-01 2.70000000e+01]
[1.030000e+02 8.790000e+02 7.620451e-01 1.900000e+01]
[3.05000000e+02 8.46000000e+02 7.64441542e-01 1.10000000e+01]
[8.63000000e+02 8.43000000e+02 7.67553905e-01 9.00000000e+00]
[1.69000000e+02 8.61000000e+02 7.68495081e-01 9.00000000e+00]
[8.59000000e+02 8.11000000e+02 7.69281024e-01 1.00000000e+01]
[4.23000000e+02 7.83000000e+02 7.69335036e-01 1.20000000e+01]
[8.83000000e+02 8.86000000e+02 7.78512377e-01 2.10000000e+01]
[5.10000000e+01 8.05000000e+02 7.78770229e-01 1.30000000e+01]
[ 36.         757.           0.77891769   8.        ]
[3.02000000e+02 8.35000000e+02 7.79761756e-01 1.00000000e+01]
[6.48000000e+02 8.87000000e+02 7.80201796e-01 2.30000000e+01]
[2.90000000e+01 8.47000000e+02 7.81056012e-01 1.50000000e+01]
[8.41000000e+02 6.93000000e+02 7.81547308e-01 1.50000000e+01]
[7.79000000e+02 8.72000000e+02 7.82628665e-01 2.10000000e+01]
[8.58000000e+02 8.68000000e+02 7.82921441e-01 1.80000000e+01]
[8.52000000e+02 8.93000000e+02 7.85781909e-01 3.40000000e+01]
[8.67000000e+02 8.92000000e+02 7.88698293e-01 2.20000000e+01]
[8.85000000e+02 8.76000000e+02 7.91821788e-01 2.40000000e+01]
[1.86000000e+02 8.75000000e+02 7.91825801e-01 1.60000000e+01]
[8.64000000e+02 2.00000000e+00 7.96685061e-01 1.30000000e+01]
[8.99000000e+02 8.96000000e+02 7.97019236e-01 5.00000000e+01]
[2.57000000e+02 8.84000000e+02 7.97265066e-01 1.00000000e+01]
[8.16000000e+02 8.89000000e+02 7.97663623e-01 1.00000000e+01]
[2.3400000e+02 8.9000000e+02 7.9966992e-01 1.1000000e+01]
[4.9200000e+02 8.9400000e+02 8.0129377e-01 2.4000000e+01]
[9.01000000e+02 8.81000000e+02 8.01576567e-01 6.90000000e+01]
[9.00000000e+02 6.22000000e+02 8.03929662e-01 1.50000000e+01]
[9.00000000e+00 8.98000000e+02 8.09309267e-01 2.50000000e+01]
[9.07000000e+02 8.31000000e+02 8.10353899e-01 2.60000000e+01]
[8.82000000e+02 8.65000000e+02 8.12748687e-01 2.80000000e+01]
[5.89000000e+02 8.80000000e+02 8.14908459e-01 3.00000000e+01]
[8.77000000e+02 9.11000000e+02 8.17099995e-01 3.20000000e+01]
[6.91000000e+02 9.05000000e+02 8.17487828e-01 2.70000000e+01]
[9.06000000e+02 7.47000000e+02 8.17926177e-01 7.20000000e+01]
[763.         774.           0.82672877   8.        ]
[8.9500000e+02 9.1200000e+02 8.3060517e-01 5.0000000e+01]
[8.45000000e+02 5.37000000e+02 8.34465781e-01 1.20000000e+01]
[7.29000000e+02 8.70000000e+02 8.35852199e-01 1.20000000e+01]
[1.66000000e+02 9.14000000e+02 8.38474568e-01 7.30000000e+01]
[8.91000000e+02 7.94000000e+02 8.38625252e-01 3.00000000e+01]
[8.07000000e+02 8.78000000e+02 8.38878948e-01 1.30000000e+01]
[2.20000000e+02 8.74000000e+02 8.41570045e-01 1.70000000e+01]
[748.         836.           0.84275061  15.        ]
[1.93000000e+02 9.20000000e+02 8.43108776e-01 3.10000000e+01]
[8.88000000e+02 9.21000000e+02 8.43523337e-01 2.60000000e+01]
[8.51000000e+02 9.13000000e+02 8.44778261e-01 3.20000000e+01]
[9.10000000e+02 9.18000000e+02 8.46376503e-01 4.00000000e+01]
[1.67000000e+02 9.19000000e+02 8.47929887e-01 7.40000000e+01]
[8.71000000e+02 7.14000000e+02 8.48835647e-01 1.90000000e+01]
[9.09000000e+02 9.04000000e+02 8.49392342e-01 3.70000000e+01]
[4.63000000e+02 9.26000000e+02 8.53010062e-01 3.30000000e+01]
[9.27000000e+02 9.16000000e+02 8.55149079e-01 9.00000000e+01]
[2.80000000e+01 9.25000000e+02 8.55234254e-01 2.70000000e+01]
[3.590000e+02 9.290000e+02 8.562713e-01 2.000000e+01]
[4.80000000e+02 9.30000000e+02 8.61151106e-01 3.80000000e+01]
[5.53000000e+02 9.17000000e+02 8.67651765e-01 1.40000000e+01]
[8.37000000e+02 9.32000000e+02 8.70074488e-01 9.90000000e+01]
[9.22000000e+02 9.28000000e+02 8.72837161e-01 9.10000000e+01]
[9.36000000e+02 9.37000000e+02 8.74788872e-01 1.13000000e+02]
[9.31000000e+02 8.30000000e+02 8.76206333e-01 4.40000000e+01]
[9.2300000e+02 9.3500000e+02 8.7630068e-01 5.3000000e+01]
[8.38000000e+02 9.24000000e+02 8.81271589e-01 3.60000000e+01]
[9.4000000e+02 9.0200000e+02 8.8537326e-01 5.4000000e+01]
[9.15000000e+02 9.43000000e+02 8.86132386e-01 6.20000000e+01]
[ 64.         855.           0.88635457   5.        ]
[9.38000000e+02 9.42000000e+02 8.87576776e-01 1.27000000e+02]
[9.46000000e+02 9.39000000e+02 8.95095671e-01 2.40000000e+02]
[2.28000000e+02 9.08000000e+02 8.98826317e-01 2.60000000e+01]
[9.33000000e+02 9.47000000e+02 9.04864192e-01 2.67000000e+02]
[8.40000000e+02 9.49000000e+02 9.05857739e-01 2.69000000e+02]
[9.3400000e+02 9.4100000e+02 9.0615991e-01 7.3000000e+01]
[9.44000000e+02 9.03000000e+02 9.07000708e-01 7.20000000e+01]
[9.52000000e+02 9.51000000e+02 9.09161963e-01 1.45000000e+02]
[9.45000000e+02 9.48000000e+02 9.09337058e-01 3.10000000e+01]
[9.54000000e+02 9.50000000e+02 9.18594512e-01 3.00000000e+02]
[9.55000000e+02 8.32000000e+02 9.27152661e-01 3.05000000e+02]
[7.7500000e+02 9.5600000e+02 9.2759956e-01 3.0700000e+02]
[9.53000000e+02 8.97000000e+02 9.28642058e-01 1.67000000e+02]
[9.58000000e+02 9.57000000e+02 9.34743431e-01 4.74000000e+02]
[2.96000000e+02 9.59000000e+02 9.39661662e-01 4.75000000e+02]
[6.85000000e+02 9.60000000e+02 9.42622459e-01 4.77000000e+02]
[9.61000000e+02 7.18000000e+02 9.56801171e-01 4.79000000e+02]
[9.62000000e+02 3.48000000e+02 9.56881274e-01 4.80000000e+02]
[963.        383.          0.9633613 481.       ]
[964.         454.           0.96860212 482.        ]
[965.         387.           0.97240986 483.        ]
[966. 440.   1. 484.]
[967. 449.   1. 485.]
