[50. 95.  0.  2.]
[540. 252.   0.   3.]
[541. 308.   0.   4.]
[542. 329.   0.   5.]
[ 33. 543.   0.   6.]
[544. 398.   0.   7.]
[545. 307.   0.   8.]
[546. 428.   0.   9.]
[61. 66.  0.  2.]
[548. 132.   0.   3.]
[549. 155.   0.   4.]
[550. 159.   0.   5.]
[551. 167.   0.   6.]
[552. 236.   0.   7.]
[553. 285.   0.   8.]
[554. 327.   0.   9.]
[555. 362.   0.  10.]
[556. 363.   0.  11.]
[557. 454.   0.  12.]
[558. 539.   0.  13.]
[538. 559.   0.  14.]
[74. 91.  0.  2.]
[561. 560.   0.  16.]
[ 78. 125.   0.   2.]
[152. 547.   0.  10.]
[ 86. 162.   0.   2.]
[565. 171.   0.   3.]
[566. 289.   0.   4.]
[567. 393.   0.   5.]
[568. 423.   0.   6.]
[569. 429.   0.   7.]
[570. 488.   0.   8.]
[ 90. 518.   0.   2.]
[135. 301.   0.   2.]
[573. 564.   0.  12.]
[140.  70.   0.   2.]
[200. 562.   0.  17.]
[210. 383.   0.   2.]
[218. 134.   0.   2.]
[394. 355.   0.   2.]
[378. 521.   0.   2.]
[5.75000000e+02 1.83000000e+02 3.33333333e-01 3.00000000e+00]
[5.78000000e+02 4.70000000e+01 4.71404521e-01 3.00000000e+00]
[5.74000000e+02 3.28000000e+02 5.53639608e-01 1.30000000e+01]
[581.         340.           0.60355339   4.        ]
[576.         571.           0.64055435  25.        ]
[579.          27.           0.74535599   3.        ]
[582.         176.           0.78656609   4.        ]
[585.        317.          0.8281081  26.       ]
[588.          73.           0.84981571  27.        ]
[589.         241.           0.86997278  28.        ]
[584.         380.           0.88284271   5.        ]
[590.        320.          0.8887397  29.       ]
[  4. 262.   1.   2.]
[  9. 314.   1.   2.]
[ 15. 483.   1.   2.]
[292. 592.   1.  30.]
[ 30. 595.   1.   3.]
[370. 596.   1.  31.]
[230. 583.   1.  14.]
[401. 598.   1.  32.]
[ 59. 332.   1.   2.]
[69. 81.  1.  2.]
[563. 336.   1.   3.]
[311. 156.   1.   2.]
[ 99. 174.   1.   2.]
[196. 126.   1.   2.]
[109. 302.   1.   2.]
[361. 600.   1.  33.]
[186. 594.   1.   3.]
[190. 263.   1.   2.]
[577. 608.   1.  35.]
[295. 599.   1.  15.]
[277. 532.   1.   2.]
[335. 338.   1.   2.]
[580. 527.   1.   3.]
[473. 610.   1.   3.]
[484. 616.   1.   4.]
[587.         315.           1.02925287   5.        ]
[602.         272.           1.13807119   3.        ]
[618.         503.           1.19104406   6.        ]
[619.         178.           1.20710678   4.        ]
[609.         199.           1.20806372   4.        ]
[586.         617.           1.22045482   7.        ]
[604.         310.           1.24401694   3.        ]
[103.         606.           1.24401694   3.        ]
[621.         204.           1.24852814   5.        ]
[597.          11.           1.25044202   4.        ]
[607.          38.           1.27614237   3.        ]
[136.         620.           1.31066017   7.        ]
[220.         612.           1.33863331  16.        ]
[627.         624.           1.34676378   7.        ]
[630.         239.           1.37764247  17.        ]
[628.           3.           1.39011948   4.        ]
[  1.         216.           1.41421356   2.        ]
[634.         113.           1.41421356   3.        ]
[  6.         129.           1.41421356   2.        ]
[ 14.         442.           1.41421356   2.        ]
[ 42.         365.           1.41421356   2.        ]
[405.         638.           1.41421356   3.        ]
[ 23.         639.           1.41421356   4.        ]
[ 37.         240.           1.41421356   2.        ]
[641.         243.           1.41421356   3.        ]
[506.         318.           1.41421356   2.        ]
[133.         100.           1.41421356   2.        ]
[ 68.         261.           1.41421356   2.        ]
[117.         626.           1.41421356   6.        ]
[142.         519.           1.41421356   2.        ]
[147.         198.           1.41421356   2.        ]
[149.         181.           1.41421356   2.        ]
[649.         267.           1.41421356   3.        ]
[650.         319.           1.41421356   4.        ]
[651.         368.           1.41421356   5.        ]
[652.         377.           1.41421356   6.        ]
[168.         280.           1.41421356   2.        ]
[170.         270.           1.41421356   2.        ]
[172.         339.           1.41421356   2.        ]
[656.         412.           1.41421356   3.        ]
[182.         632.           1.41421356  18.        ]
[279.         613.           1.41421356   3.        ]
[528.         658.           1.41421356  19.        ]
[235.         653.           1.41421356   7.        ]
[219.         661.           1.41421356   8.        ]
[358.          46.           1.41421356   2.        ]
[535.         611.           1.41421356  36.        ]
[381.         615.           1.41421356   4.        ]
[337.         403.           1.41421356   2.        ]
[341.         237.           1.41421356   2.        ]
[343.         419.           1.41421356   2.        ]
[476.         494.           1.41421356   2.        ]
[359.         413.           1.41421356   2.        ]
[499.         466.           1.41421356   2.        ]
[417.         662.           1.41421356   9.        ]
[406.         430.           1.41421356   2.        ]
[459.         664.           1.41421356  37.        ]
[504.         631.           1.41421356   8.        ]
[508.         209.           1.41421356   2.        ]
[164.        622.          1.4280233   5.       ]
[211.         660.           1.45291661  20.        ]
[674.         111.           1.45377866  38.        ]
[411.         679.           1.46091385  39.        ]
[675.          89.           1.46611123   9.        ]
[437.         681.           1.49270519  10.        ]
[633.         221.           1.51209559   5.        ]
[ 52.         678.           1.52015931  21.        ]
[667.         648.           1.52015931   4.        ]
[372.         680.           1.52015931  40.        ]
[676.         665.           1.52015931   6.        ]
[625.         605.           1.54134846   5.        ]
[480.         672.           1.59078981  10.        ]
[ 87.       646.         1.595504   7.      ]
[640.         686.           1.59831787  44.        ]
[655.         271.           1.60947571   3.        ]
[659.         685.           1.61280158   7.        ]
[688.         245.           1.62135382   6.        ]
[443.         687.           1.62529665   7.        ]
[684.         643.           1.67018791  23.        ]
[644.         637.           1.68816503   4.        ]
[669.         682.           1.68816503  12.        ]
[657.         366.           1.70710678   4.        ]
[623.         498.           1.71648071   8.        ]
[668.         698.           1.72249799  14.        ]
[ 79.         697.           1.73205081   5.        ]
[353.         691.           1.73205081  45.        ]
[439.         689.           1.73205081  11.        ]
[ 17.         283.           1.73205081   2.        ]
[409.         701.           1.73205081  15.        ]
[432.         642.           1.73205081   4.        ]
[ 49.         591.           1.73205081   6.        ]
[ 53.         703.           1.73205081  46.        ]
[260.         666.           1.73205081   3.        ]
[399.         710.           1.73205081   4.        ]
[711.         286.           1.73205081   5.        ]
[116.          88.           1.73205081   2.        ]
[ 71.         673.           1.73205081   3.        ]
[102.         175.           1.73205081   2.        ]
[326.         707.           1.73205081   5.        ]
[296.         694.           1.73205081   7.        ]
[157.         350.           1.73205081   2.        ]
[180.          62.           1.73205081   2.        ]
[247.         663.           1.73205081   3.        ]
[306.         706.           1.73205081  16.        ]
[344.         721.           1.73205081  17.        ]
[346.         654.           1.73205081   3.        ]
[348.         709.           1.73205081  47.        ]
[418.         461.           1.73205081   2.        ]
[511.         722.           1.73205081  18.        ]
[438.         723.           1.73205081   4.        ]
[448.         695.           1.73205081   8.        ]
[472.         699.           1.73205081   5.        ]
[496.         728.           1.73205081   9.        ]
[144.         670.           1.73205081   3.        ]
[692.         104.           1.76612378   4.        ]
[712.         726.           1.77670901  23.        ]
[690.         153.           1.80365745   8.        ]
[647.         693.           1.80473785   9.        ]
[700.       671.         1.819733  10.      ]
[ 63.         713.           1.82136721   3.        ]
[696.          41.           1.86231308  24.        ]
[730.         509.           1.87436897  10.        ]
[738.         108.           1.88580015  25.        ]
[740.          39.           1.89927198  26.        ]
[732.         334.           1.90279697   5.        ]
[741.         234.           1.91174591  27.        ]
[743.         268.           1.92332884  28.        ]
[716.          26.           1.93194941   6.        ]
[744.         325.           1.93411295  29.        ]
[629.         704.           1.96478217  18.        ]
[151.         717.           1.96950889   8.        ]
[719.         208.           1.97119712   3.        ]
[ 13.         677.           1.98474574   6.        ]
[742.         205.           1.99391243   6.        ]
[751.         683.           1.99478208  11.        ]
[  7. 702.   2.   6.]
[21. 40.  2.  2.]
[486. 572.   2.   3.]
[ 55. 718.   2.   3.]
[65. 76.  2.  2.]
[514. 482.   2.   2.]
[374. 746.   2.  30.]
[516. 736.   2.  11.]
[122. 435.   2.   2.]
[127. 223.   2.   2.]
[762. 274.   2.   3.]
[143. 445.   2.   2.]
[487. 244.   2.   2.]
[255. 282.   2.   2.]
[766. 759.   2.  32.]
[481. 724.   2.  48.]
[192. 734.   2.   9.]
[193. 735.   2.  10.]
[449. 758.   2.   3.]
[441. 750.   2.   7.]
[213. 386.   2.   2.]
[467. 768.   2.  49.]
[229. 300.   2.   2.]
[345. 763.   2.   4.]
[530. 769.   2.  10.]
[297. 770.   2.  11.]
[369. 767.   2.  33.]
[364. 452.   2.   2.]
[780. 497.   2.   3.]
[781. 745.   2.   9.]
[396. 414.   2.   2.]
[402. 739.   2.  11.]
[408. 725.   2.   3.]
[416. 755.   2.   4.]
[534. 782.   2.  10.]
[523. 760.   2.  12.]
[733.         787.           2.01193423  33.        ]
[765.         395.           2.07868933   3.        ]
[775.         772.           2.07868933   9.        ]
[727.         490.           2.11365504   5.        ]
[748.         161.           2.11510252   9.        ]
[790.         771.           2.11803399   6.        ]
[729.        464.          2.1332124   6.       ]
[749.         202.           2.13983567   4.        ]
[593.         184.           2.15737865   3.        ]
[601.         469.           2.15737865   3.        ]
[789.         533.           2.16563067  34.        ]
[737.         426.           2.17311652   4.        ]
[187.         774.           2.17313461  50.        ]
[799.        502.          2.1793484  35.       ]
[802.         376.           2.19737837  36.        ]
[803.         458.           2.21443374  37.        ]
[468.         747.           2.21595283  19.        ]
[753.         785.           2.21685944   9.        ]
[794.         197.           2.21903383   7.        ]
[248.        795.          2.2232397   7.       ]
[804.          96.           2.23059146  38.        ]
[251.         797.           2.23606798   4.        ]
[ 45.         720.           2.23606798   4.        ]
[ 48.         708.           2.23606798   7.        ]
[440.         788.           2.23606798  13.        ]
[ 60.         809.           2.23606798  39.        ]
[ 80.         231.           2.23606798   2.        ]
[160.         807.           2.23606798   8.        ]
[ 83.         816.           2.23606798   9.        ]
[495.         801.           2.23606798  51.        ]
[115.         291.           2.23606798   2.        ]
[120.         493.           2.23606798   2.        ]
[505.         146.           2.23606798   2.        ]
[342.         818.           2.23606798  52.        ]
[173.         817.           2.23606798  10.        ]
[474.         756.           2.23606798   4.        ]
[201.         371.           2.23606798   2.        ]
[436.         522.           2.23606798   2.        ]
[479.         822.           2.23606798  53.        ]
[513.         823.           2.23606798  11.        ]
[351.         800.           2.23606798   5.        ]
[422.         773.           2.23606798   3.        ]
[397.         815.           2.23606798   3.        ]
[460.         793.           2.23606798  10.        ]
[796.         819.           2.27755396   6.        ]
[792.         526.           2.30705882   6.        ]
[830.         433.           2.33792558   4.        ]
[517.         778.           2.34540834  12.        ]
[835.         356.           2.36023841   5.        ]
[761.         224.           2.37262909   3.        ]
[227.         777.           2.37262909  11.        ]
[829.         379.           2.37404548   6.        ]
[806.          75.           2.38602462  10.        ]
[824.          57.           2.41703975   5.        ]
[714.         838.           2.42487113   6.        ]
[837.         447.           2.43826986   6.        ]
[313.         814.           2.44948974  40.        ]
[ 36.         106.           2.44948974   2.        ]
[410.         836.           2.44948974  13.        ]
[ 51.         812.           2.44948974   8.        ]
[ 82.         347.           2.44948974   2.        ]
[ 98.         844.           2.44948974   7.        ]
[388.         820.           2.44948974   3.        ]
[305.         851.           2.44948974   4.        ]
[390.         827.           2.44948974  54.        ]
[141.         169.           2.44948974   2.        ]
[154.         813.           2.44948974  14.        ]
[163.         842.           2.44948974   6.        ]
[165.         833.           2.44948974   7.        ]
[195.         614.           2.44948974   3.        ]
[191.         856.           2.44948974   7.        ]
[299.         843.           2.44948974   7.        ]
[238.         854.           2.44948974   3.        ]
[254.         853.           2.44948974  55.        ]
[349.         841.           2.44948974  11.        ]
[475.         731.           2.44948974   4.        ]
[507.         786.           2.44948974   5.        ]
[808.         834.           2.46634572  13.        ]
[828.         821.           2.47157011  13.        ]
[857.         333.           2.48409113   8.        ]
[825.         865.           2.51491027   7.        ]
[867.         779.           2.52638796  46.        ]
[840.         848.           2.53428003  14.        ]
[465.         866.           2.53879045  14.        ]
[321.         870.           2.54480454  47.        ]
[847.         846.           2.55579258  15.        ]
[859.         391.           2.56668806   8.        ]
[871.         757.           2.57399758  16.        ]
[869.         874.           2.57413413  22.        ]
[868.         112.           2.57659487   9.        ]
[845.         118.           2.58258114  41.        ]
[121.         862.           2.58843462  56.        ]
[810.        752.          2.5982412  15.       ]
[776.         194.           2.60223964   5.        ]
[791.         805.           2.60631425  28.        ]
[ 16.         850.           2.60949159   8.        ]
[863.        855.          2.6234413  25.       ]
[876.         331.           2.62581103  17.        ]
[831.         872.           2.62713147  17.        ]
[886.         515.           2.63706748  18.        ]
[455.         877.           2.64575131  23.        ]
[269.         881.           2.64575131  16.        ]
[ 28.         471.           2.64575131   2.        ]
[ 35.         264.           2.64575131   2.        ]
[ 44.         537.           2.64575131   2.        ]
[ 54.         148.           2.64575131   2.        ]
[ 72.         889.           2.64575131  24.        ]
[ 97.         137.           2.64575131   2.        ]
[179.         839.           2.64575131  12.        ]
[131.         897.           2.64575131  13.        ]
[203.         898.           2.64575131  14.        ]
[206.         322.           2.64575131   2.        ]
[215.         875.           2.64575131   9.        ]
[431.         860.           2.64575131   8.        ]
[242.         880.           2.64575131  57.        ]
[456.         885.           2.64575131  26.        ]
[293.         861.           2.64575131   4.        ]
[531.         901.           2.64575131  10.        ]
[330.         905.           2.64575131   5.        ]
[878.         128.           2.65059786  10.        ]
[811.         899.           2.69250194  18.        ]
[415.         832.           2.69689915  11.        ]
[873.        826.          2.6991385  49.       ]
[130.         911.           2.71059032  50.        ]
[902.         485.           2.71627702   9.        ]
[890.         250.           2.71988791  17.        ]
[914.         119.           2.76123312  18.        ]
[424.         907.           2.76753519   6.        ]
[896.         916.           2.76753519   8.        ]
[895.        883.          2.7684456  52.       ]
[908.         253.           2.77327078  11.        ]
[915.         892.           2.77379979  20.        ]
[913.          77.           2.77631179  10.        ]
[903.        879.          2.8021294  98.       ]
[ 20.         920.           2.81379315  21.        ]
[917.         888.           2.81474676  26.        ]
[ 12.         404.           2.82842712   2.        ]
[ 19.         882.           2.82842712   6.        ]
[ 22.         925.           2.82842712   3.        ]
[ 31.         887.           2.82842712  18.        ]
[524.         904.           2.82842712  27.        ]
[ 64.         645.           2.82842712   3.        ]
[930.          93.           2.82842712   4.        ]
[931.         123.           2.82842712   5.        ]
[932.         214.           2.82842712   6.        ]
[258.         922.           2.82842712  99.        ]
[256.         923.           2.82842712  22.        ]
[450.         884.           2.82842712   9.        ]
[936.         934.           2.84067109 108.        ]
[921.        453.          2.8516972  11.       ]
[ 58.        929.          2.8693758  28.       ]
[938.         470.           2.87757891  12.        ]
[636.        918.          2.8819171  54.       ]
[928.         478.           2.88374295  19.        ]
[940.         444.           2.88699591  13.        ]
[912.         389.           2.89038133  51.        ]
[185.        910.          2.8930544  12.       ]
[919.         265.           2.89571827  12.        ]
[784.         489.           2.91536224  12.        ]
[222.         943.           2.91768369  14.        ]
[858.         945.           2.92949891  15.        ]
[891.          43.           2.94280904   3.        ]
[ 29.         942.           2.94280904  20.        ]
[864.         948.           2.94692323  18.        ]
[373.         906.           2.99425969  11.        ]
[ 25.         937.           2.99644085 109.        ]
[257. 924.   3.  27.]
[177. 451.   3.   2.]
[226. 705.   3.   3.]
[463. 927.   3.   4.]
[367. 954.   3. 110.]
[427. 959.   3. 111.]
[953.         939.           3.00755883  39.        ]
[955.         425.           3.03238671  28.        ]
[946.         849.           3.03377193  14.        ]
[457.         961.           3.04031862  40.        ]
[962.         407.           3.04727343  29.        ]
[944.        232.          3.0506729  52.       ]
[966.         375.           3.05847344  53.        ]
[965.        281.          3.0611677  30.       ]
[968.         387.           3.07872846  31.        ]
[958.         278.           3.10380879   5.        ]
[909.          24.           3.13271937  19.        ]
[893.         114.           3.15470054   3.        ]
[ 32.         969.           3.15598859  32.        ]
[217.         964.           3.16227766  41.        ]
[273.          85.           3.16227766   2.        ]
[290.         960.           3.16227766 112.        ]
[392.         967.           3.16227766  54.        ]
[510.         970.           3.16227766   6.        ]
[971.         977.           3.16273247  73.        ]
[852.         972.           3.18885047   7.        ]
[603.         316.           3.20086444   4.        ]
[324.        935.          3.2137267  23.       ]
[382.         947.           3.24543683  13.        ]
[ 84.         974.           3.26517575  42.        ]
[957.         984.           3.29481367  45.        ]
[963.         973.           3.30796813  46.        ]
[525.         949.           3.31662479  16.        ]
[462.         951.           3.31662479  21.        ]
[979.         985.           3.32787201 118.        ]
[980.        352.          3.3344089   8.       ]
[981.         400.           3.34354066   5.        ]
[978.        987.          3.3464814  22.       ]
[715.         384.           3.36578373   3.        ]
[492.         976.           3.38289029 113.        ]
[950.          56.           3.38391447   4.        ]
[101.         926.           3.41293362   7.        ]
[995.         107.           3.45546305   5.        ]
[228.         989.           3.46410162 119.        ]
[  2.         991.           3.46410162   6.        ]
[  5.         275.           3.46410162   2.        ]
[  8.         999.           3.46410162   7.        ]
[139.         982.           3.46410162  24.        ]
[309.         956.           3.46410162   3.        ]
[ 420.         1001.            3.46410162    8.        ]
[992.         266.           3.47290412  23.        ]
[ 500.         1005.            3.48957408   24.        ]
[983.         994.           3.51571916 126.        ]
[ 34.         941.           3.55662021  55.        ]
[ 303.         1007.            3.58206363  127.        ]
[783.         998.           3.58989584 121.        ]
[975.          92.           3.59889709   3.        ]
[   0.         1011.            3.60555128    4.        ]
[ 635.         1009.            3.60555128  130.        ]
[ 287.         1000.            3.60555128    3.        ]
[ 360.         1003.            3.60555128    4.        ]
[477.         990.           3.60555128   9.        ]
[ 501.         1013.            3.60555128  131.        ]
[ 288.         1012.            3.60555128    5.        ]
[ 952.         1010.            3.66560489  139.        ]
[ 798.         1016.            3.66880104   12.        ]
[1002.          894.            3.70138302   26.        ]
[997.         158.           3.72236803   6.        ]
[ 284.         1021.            3.74165739   27.        ]
[ 189.         1015.            3.74165739    5.        ]
[ 996.         1017.            3.74735255  138.        ]
[ 207.         1023.            3.75019762   28.        ]
[1022.          138.            3.76202974    7.        ]
[  94.         1025.            3.87298335  139.        ]
[ 434.         1008.            3.87298335   56.        ]
[246.         986.           3.87298335  47.        ]
[ 249.         1028.            3.87298335  140.        ]
[ 312.         1006.            3.87298335   25.        ]
[ 421.         1031.            3.87298335  141.        ]
[ 536.         1033.            3.95718045  142.        ]
[1032.          491.            3.96563442   26.        ]
[ 298. 1030.    4.   48.]
[1035.          166.            4.00020276   27.        ]
[1037.          259.            4.01301334   28.        ]
[1024.         1018.            4.02288652   10.        ]
[1039.          323.            4.04132691   11.        ]
[1038.          520.            4.05709917   29.        ]
[ 357.         1036.            4.07722767   49.        ]
[1029.         1026.            4.09793248   84.        ]
[10.         67.          4.12310563  2.        ]
[1041.       1040.          4.127343   40.      ]
[1020.         1004.            4.12842442   20.        ]
[1044.          900.            4.16295065    4.        ]
[1014.         1043.            4.18960968   87.        ]
[1046.          764.            4.35572987   22.        ]
[ 225.         1047.            4.35889894    5.        ]
[1034.         1027.            4.36011046  149.        ]
[ 304.         1051.            4.37331593  150.        ]
[1049.         1052.            4.49025481  172.        ]
[ 188.         1050.            4.49613679    6.        ]
[1042.         754.           4.5048434   51.       ]
[ 150.         1048.            4.51693711   88.        ]
[1055.          512.            4.54710453   52.        ]
[1045.         1057.            4.57540983   92.        ]
[  18.         1056.            4.69041576   89.        ]
[ 988.         1019.            4.71066534  160.        ]
[ 110.         1058.            4.86237049   93.        ]
[ 124.         1060.            4.87556706  161.        ]
[ 933.         1059.            4.89897949   95.        ]
[ 145.         1062.            5.09901951  162.        ]
[1063.         1054.            5.21665616  101.        ]
[1061.         1064.            5.27689782  255.        ]
[ 446.         1066.            5.29150262  256.        ]
[1065.          294.            5.37512499  102.        ]
[1068.         1067.            5.38949907  358.        ]
[1053.          105.            5.55754839  173.        ]
[ 276.         1069.            5.55811912  359.        ]
[1070.         1071.            5.93945292  532.        ]
[1072.          212.            6.62801759  533.        ]
[1073.          233.            6.87631518  534.        ]
[1074.          529.            6.98297385  535.        ]
[1075.          385.            7.61556045  536.        ]
[1076.          354.            8.12394246  537.        ]
[1077.          993.            8.77797196  540.        ]
