[50. 95.  0.  2.]
[540. 252.   0.   3.]
[541. 308.   0.   4.]
[542. 329.   0.   5.]
[ 33. 543.   0.   6.]
[544. 398.   0.   7.]
[545. 307.   0.   8.]
[546. 428.   0.   9.]
[61. 66.  0.  2.]
[548. 132.   0.   3.]
[549. 155.   0.   4.]
[550. 159.   0.   5.]
[551. 167.   0.   6.]
[552. 236.   0.   7.]
[553. 285.   0.   8.]
[554. 327.   0.   9.]
[555. 362.   0.  10.]
[556. 363.   0.  11.]
[557. 454.   0.  12.]
[558. 539.   0.  13.]
[ 69. 538.   0.   2.]
[ 91. 559.   0.  14.]
[ 74. 317.   0.   2.]
[ 78. 125.   0.   2.]
[ 81. 152.   0.   2.]
[ 86. 162.   0.   2.]
[565. 171.   0.   3.]
[566. 289.   0.   4.]
[567. 393.   0.   5.]
[568. 423.   0.   6.]
[569. 429.   0.   7.]
[570. 488.   0.   8.]
[ 90. 518.   0.   2.]
[301. 547.   0.  10.]
[135. 328.   0.   2.]
[140. 380.   0.   2.]
[200. 320.   0.   2.]
[210. 383.   0.   2.]
[218. 503.   0.   2.]
[309. 394.   0.   2.]
[378. 521.   0.   2.]
[5.74000000e+02 5.73000000e+02 4.73684211e-01 1.20000000e+01]
[5.62000000e+02 5.61000000e+02 4.81481481e-01 1.60000000e+01]
[  4. 262.   1.   2.]
[  9. 176.   1.   2.]
[571. 156.   1.   9.]
[ 15. 483.   1.   2.]
[292. 582.   1.  17.]
[ 27. 484.   1.   2.]
[ 30. 432.   1.   2.]
[370. 587.   1.  18.]
[230. 581.   1.  13.]
[ 53. 401.   1.   2.]
[ 59. 332.   1.   2.]
[564. 591.   1.  15.]
[560. 594.   1.  17.]
[ 70. 575.   1.   3.]
[563. 336.   1.   3.]
[ 89. 311.   1.   2.]
[ 99. 174.   1.   2.]
[103. 196.   1.   2.]
[109. 302.   1.   2.]
[111. 361.   1.   2.]
[126. 161.   1.   2.]
[186. 584.   1.   3.]
[190. 263.   1.   2.]
[577. 374.   1.   3.]
[220. 295.   1.   2.]
[277. 532.   1.   2.]
[335. 338.   1.   2.]
[580. 527.   1.   3.]
[585.         310.           1.04142136  10.        ]
[ 11.         611.           1.07531156  11.        ]
[596.         183.           1.16568542   4.        ]
[604.         199.           1.20806372   4.        ]
[612.          42.           1.25283165  12.        ]
[615.         589.           1.26524565  14.        ]
[588.         355.           1.27614237   3.        ]
[601.         221.           1.27614237   3.        ]
[473.         616.           1.27614237  15.        ]
[607.         239.           1.27614237   3.        ]
[617.         498.           1.31066017   4.        ]
[597.         136.           1.31066017   4.        ]
[620.         480.           1.31066017   4.        ]
[595.         178.           1.31562281  18.        ]
[624.        204.          1.3208118  19.       ]
[625.         272.           1.32548189  20.        ]
[621.          47.           1.33137085   5.        ]
[ 37.         590.           1.33874939  19.        ]
[365.         619.           1.35768074  16.        ]
[164.         614.           1.37426147   5.        ]
[628.         240.           1.37750126  20.        ]
[631.         243.           1.37924947  21.        ]
[629.         598.           1.38685897  18.        ]
[633.         504.           1.41078358  19.        ]
[634.         437.           1.41095508  20.        ]
[  1.         216.           1.41421356   2.        ]
[636.         113.           1.41421356   3.        ]
[  6.         129.           1.41421356   2.        ]
[ 13.         314.           1.41421356   2.        ]
[ 14.         442.           1.41421356   2.        ]
[ 23.         511.           1.41421356   2.        ]
[ 52.         506.           1.41421356   2.        ]
[ 55.         133.           1.41421356   2.        ]
[ 68.         261.           1.41421356   2.        ]
[149.         576.           1.41421356   3.        ]
[645.         181.           1.41421356   4.        ]
[646.         267.           1.41421356   5.        ]
[647.         377.           1.41421356   6.        ]
[ 73.         241.           1.41421356   2.        ]
[649.         648.           1.41421356   8.        ]
[ 87.         117.           1.41421356   2.        ]
[134.         578.           1.41421356   3.        ]
[142.         519.           1.41421356   2.        ]
[147.         198.           1.41421356   2.        ]
[168.         280.           1.41421356   2.        ]
[170.         270.           1.41421356   2.        ]
[172.         339.           1.41421356   2.        ]
[657.         412.           1.41421356   3.        ]
[182.         626.           1.41421356  21.        ]
[193.         279.           1.41421356   2.        ]
[211.         528.           1.41421356   2.        ]
[219.         623.           1.41421356   5.        ]
[235.         662.           1.41421356   6.        ]
[255.         358.           1.41421356   2.        ]
[306.         535.           1.41421356   2.        ]
[313.         381.           1.41421356   2.        ]
[368.         411.           1.41421356   2.        ]
[650.         319.           1.41421356   9.        ]
[337.         403.           1.41421356   2.        ]
[343.         602.           1.41421356   3.        ]
[359.         413.           1.41421356   2.        ]
[667.         632.           1.41421356  23.        ]
[372.         499.           1.41421356   2.        ]
[396.         417.           1.41421356   2.        ]
[406.         430.           1.41421356   2.        ]
[419.         476.           1.41421356   2.        ]
[443.         508.           1.41421356   2.        ]
[668.         459.           1.41421356  10.        ]
[610.         677.           1.49367287   5.        ]
[678.        672.          1.4941935  33.       ]
[670.         676.           1.49897016   5.        ]
[600.         245.           1.52015931   3.        ]
[605.         673.           1.52015931   4.        ]
[659.        661.          1.5217392  23.       ]
[641.         405.           1.60947571   3.        ]
[656.         468.           1.60947571   3.        ]
[592.         680.           1.62610506  35.        ]
[679.         448.           1.63833777   6.        ]
[ 38.        618.          1.6525915   4.       ]
[108.         635.           1.67907793  21.        ]
[627.         516.           1.67907793   6.        ]
[658.         248.           1.70710678   4.        ]
[ 3.         20.          1.73205081  2.        ]
[  7.         683.           1.73205081   5.        ]
[ 16.         439.           1.73205081   2.        ]
[ 17.         283.           1.73205081   2.        ]
[409.         690.           1.73205081  22.        ]
[ 49.         246.           1.73205081   2.        ]
[260.         669.           1.73205081   3.        ]
[399.         699.           1.73205081   4.        ]
[ 60.         700.           1.73205081   5.        ]
[116.          88.           1.73205081   2.        ]
[ 71.         462.           1.73205081   2.        ]
[102.         175.           1.73205081   2.        ]
[104.         271.           1.73205081   2.        ]
[146.         326.           1.73205081   2.        ]
[151.         296.           1.73205081   2.        ]
[157.         350.           1.73205081   2.        ]
[180.         233.           1.73205081   2.        ]
[237.         691.           1.73205081   7.        ]
[247.         249.           1.73205081   2.        ]
[318.         642.           1.73205081   3.        ]
[341.         710.           1.73205081   8.        ]
[344.         502.           1.73205081   2.        ]
[346.         655.           1.73205081   3.        ]
[348.         367.           1.73205081   2.        ]
[353.         687.           1.73205081  36.        ]
[418.         461.           1.73205081   2.        ]
[438.         490.           1.73205081   2.        ]
[451.         472.           1.73205081   2.        ]
[496.         509.           1.73205081   2.        ]
[654.         713.           1.73205081  10.        ]
[640.          79.           1.73205081   3.        ]
[651.         153.           1.73205081   3.        ]
[122.         675.           1.73205081   3.        ]
[144.         671.           1.73205081   3.        ]
[665.         458.           1.73205081   3.        ]
[682.         603.           1.74606523   5.        ]
[663.         274.           1.77535573   7.        ]
[622.         315.           1.78564065   5.        ]
[653.         201.           1.80473785   3.        ]
[684.         408.           1.81637101  24.        ]
[ 63.         702.           1.82136721   3.        ]
[238.         608.           1.82136721   3.        ]
[688.         721.           1.84506589   8.        ]
[732.         717.           1.87077582  60.        ]
[613.         340.           1.87138439   5.        ]
[712.         325.           1.89282032   4.        ]
[681.         697.           1.89317287  27.        ]
[694.         736.           1.90737559  65.        ]
[586.        706.          1.9106836   4.       ]
[639.         722.           1.93120377  12.        ]
[735.         422.           1.94612007   9.        ]
[715.         526.           1.95909442   4.        ]
[599.         728.           1.96260193   7.        ]
[708.         729.           1.97640665   9.        ]
[ 26.         739.           1.99291529  28.        ]
[741.          96.           1.99291529   5.        ]
[740.         664.           1.99452592  67.        ]
[21. 40.  2.  2.]
[486. 731.   2.   4.]
[ 39. 234.   2.   2.]
[752. 268.   2.   3.]
[753. 364.   2.   4.]
[754. 452.   2.   5.]
[755. 497.   2.   6.]
[756. 727.   2.   9.]
[ 41. 382.   2.   2.]
[ 46. 748.   2.   6.]
[ 62. 202.   2.   2.]
[ 65. 737.   2.   6.]
[ 98. 514.   2.   2.]
[127. 223.   2.   2.]
[652. 154.   2.   4.]
[143. 445.   2.   2.]
[487. 244.   2.   2.]
[187. 481.   2.   2.]
[767. 749.   2.  69.]
[192. 203.   2.   2.]
[660. 734.   2.   5.]
[197. 449.   2.   2.]
[205. 689.   2.   5.]
[213. 743.   2.  10.]
[209. 773.   2.  11.]
[226. 467.   2.   2.]
[229. 400.   2.   2.]
[276. 345.   2.   2.]
[282. 768.   2.  70.]
[290. 530.   2.   2.]
[297. 427.   2.   2.]
[303. 369.   2.   2.]
[366. 517.   2.   2.]
[395. 482.   2.   2.]
[402. 489.   2.   2.]
[416. 507.   2.   2.]
[534. 757.   2.  10.]
[492. 523.   2.   2.]
[533.         786.           2.00698885  11.        ]
[778.        494.          2.0124188  71.       ]
[747.         141.           2.05765608  29.        ]
[723.          57.           2.05901699   4.        ]
[724.         227.           2.05901699   4.        ]
[606.         789.           2.06445605  74.        ]
[100.         791.           2.06806225   5.        ]
[643.         794.           2.06806225   7.        ]
[390.         674.           2.06806225   3.        ]
[705.         686.           2.06960142   5.        ]
[693.         251.           2.07868933   3.        ]
[160.         766.           2.07868933   3.        ]
[714.         790.           2.07868933  31.        ]
[692.         464.           2.08989795   5.        ]
[725.         435.           2.09442719   4.        ]
[800.        788.          2.1026266  42.       ]
[685.        793.          2.1049191  77.       ]
[701.        286.          2.1049191   6.       ]
[774.         231.           2.11299225  12.        ]
[742.         630.           2.11875394  17.        ]
[583.         184.           2.15737865   3.        ]
[593.         469.           2.15737865   3.        ]
[738.        513.          2.1654397   5.       ]
[351.         761.           2.17311652   7.        ]
[733.         257.           2.17340841   4.        ]
[795.         474.           2.18579033   8.        ]
[783.         746.           2.20459225  11.        ]
[807.         441.           2.21232876  18.        ]
[ 83.         799.           2.21525044   4.        ]
[806.         719.           2.21705867  14.        ]
[772.         334.           2.22781059   6.        ]
[ 22.         745.           2.23334203   8.        ]
[24.         45.          2.23606798  2.        ]
[48.         92.          2.23606798  2.        ]
[386.         814.           2.23606798  12.        ]
[ 58.         440.           2.23606798   2.        ]
[762.         495.           2.23606798   3.        ]
[115.         291.           2.23606798   2.        ]
[120.         493.           2.23606798   2.        ]
[505.         792.           2.23606798   5.        ]
[342.         804.           2.23606798  78.        ]
[254.         828.           2.23606798  79.        ]
[321.         810.           2.23606798   6.        ]
[349.         466.           2.23606798   2.        ]
[376.         829.           2.23606798  80.        ]
[397.         444.           2.23606798   2.        ]
[415.         460.           2.23606798   2.        ]
[465.         817.           2.23606798  15.        ]
[436.         522.           2.23606798   2.        ]
[802.         299.           2.24246289   5.        ]
[759.         769.           2.24945024   8.        ]
[815.          72.           2.25339413  19.        ]
[798.         269.           2.27381026   4.        ]
[816.         822.           2.28737914  16.        ]
[813.        191.          2.3030428   9.       ]
[830.         479.           2.30720857   7.        ]
[169.         803.           2.30825624  43.        ]
[838.         173.           2.31224444   9.        ]
[839.         410.           2.34022792  20.        ]
[808.         818.           2.35920313   9.        ]
[785.         751.           2.36067287   6.        ]
[744.         845.           2.36668526  13.        ]
[763.         194.           2.37262909   3.        ]
[801.         478.           2.37457479   6.        ]
[707.         525.           2.37834915   3.        ]
[770.         224.           2.39088669   6.        ]
[812.         426.           2.39181126   5.        ]
[811.         842.           2.40868309  16.        ]
[ 80.         835.           2.41535011  16.        ]
[841.         718.           2.41535244  18.        ]
[844.         832.           2.42767427 123.        ]
[846.          36.           2.43350513  21.        ]
[ 51.         857.           2.44948974  19.        ]
[ 75.         524.           2.44948974   2.        ]
[ 82.         347.           2.44948974   2.        ]
[572.         537.           2.44948974   3.        ]
[114.         388.           2.44948974   2.        ]
[121.         666.           2.44948974   3.        ]
[124.         305.           2.44948974   2.        ]
[764.         250.           2.44948974   5.        ]
[137.         771.           2.44948974   3.        ]
[163.         232.           2.44948974   2.        ]
[185.         195.           2.44948974   2.        ]
[356.         433.           2.44948974   2.        ]
[385.         475.           2.44948974   2.        ]
[860.         424.           2.45981449  20.        ]
[859.         455.           2.46569017  22.        ]
[179.         849.           2.47216788  14.        ]
[758.         850.           2.48076397   5.        ]
[855.         379.           2.48760166  17.        ]
[837.         431.           2.48844376   6.        ]
[868.         873.           2.49855513  23.        ]
[851.         782.           2.50272279   8.        ]
[776.        300.          2.5091902   3.       ]
[827.         875.           2.51458963  19.        ]
[831.         456.           2.51491027   3.        ]
[874.         316.           2.52264873  23.        ]
[878.         222.           2.55496744   7.        ]
[824.         879.           2.57285764  26.        ]
[825.         128.           2.58033079   3.        ]
[609.         491.           2.58033079   3.        ]
[856.         871.           2.58094869  18.        ]
[854.         877.           2.59759062  22.        ]
[889.         880.           2.60313828  26.        ]
[858.        882.          2.6160846 142.       ]
[848.         853.           2.61727435  12.        ]
[861.         883.           2.62620664   5.        ]
[826.         867.           2.63137967   7.        ]
[847.         797.           2.63594724  14.        ]
[819.         852.           2.63648258  11.        ]
[ 28.         471.           2.64575131   2.        ]
[31.         76.          2.64575131  2.        ]
[ 35.         264.           2.64575131   2.        ]
[391.         890.           2.64575131  23.        ]
[ 54.         148.           2.64575131   2.        ]
[206.         322.           2.64575131   2.        ]
[215.         407.           2.64575131   2.        ]
[242.         892.           2.64575131 143.        ]
[293.         886.           2.64575131  27.        ]
[579.         531.           2.64575131   3.        ]
[330.         515.           2.64575131   2.        ]
[371.         884.           2.64575131  24.        ]
[447.         450.           2.64575131   2.        ]
[796.         905.           2.65993197 146.        ]
[805.         865.           2.66193536   9.        ]
[ 97.         775.           2.70211466   3.        ]
[843.         876.           2.71212187  12.        ]
[891.         910.           2.71568742  28.        ]
[912.         118.           2.71970124  10.        ]
[911.         457.           2.72953972 147.        ]
[863.         331.           2.73431348   4.        ]
[906.         470.           2.76360566  28.        ]
[760.         709.           2.76383421   4.        ]
[869.         373.           2.76383421   3.        ]
[920.         208.           2.76506787   5.        ]
[915.         720.           2.76868972  30.        ]
[885.         453.           2.78246144   8.        ]
[106.         909.           2.78392778  25.        ]
[897.         266.           2.82107947  12.        ]
[ 12.         404.           2.82842712   2.        ]
[19.         25.          2.82842712  2.        ]
[ 64.         644.           2.82842712   3.        ]
[929.          93.           2.82842712   4.        ]
[930.         123.           2.82842712   5.        ]
[931.         214.           2.82842712   6.        ]
[ 77.         485.           2.82842712   2.        ]
[ 84.         258.           2.82842712   2.        ]
[130.         389.           2.82842712   2.        ]
[131.         177.           2.82842712   2.        ]
[207.         256.           2.82842712   2.        ]
[919.         917.           2.83083183 175.        ]
[926.         463.           2.83484259  13.        ]
[840.         119.           2.84470696   5.        ]
[916.         425.           2.86183778  11.        ]
[921.         901.           2.88134124  26.        ]
[638.         67.          2.8819171   3.       ]
[893.         925.           2.88222079  37.        ]
[900.         265.           2.88561808   3.        ]
[908.         938.           2.88561808 177.        ]
[ 32.         894.           2.90636557   6.        ]
[940.         896.           2.91146474  19.        ]
[922.         165.           2.91553274   6.        ]
[823.         895.           2.93111459   9.        ]
[898.          43.           2.94280904   3.        ]
[913.         520.           2.95276684   4.        ]
[933.        924.          2.9740851  10.       ]
[780.         914.           2.98343715  14.        ]
[918.         944.           2.98385195  41.        ]
[695.         923.           2.98642611  32.        ]
[ 29.         955.           2.99115968  42.        ]
[821.         387.           2.99115968   3.        ]
[698.          85.           2.99115968   3.        ]
[942.         904.           2.99739426  28.        ]
[ 44. 864.   3.   3.]
[935. 945.   3.   5.]
[946.         392.           3.04569424 178.        ]
[703.         872.           3.09745163   4.        ]
[963.         960.           3.09910401 206.        ]
[950.         907.           3.10096146  12.        ]
[820.         288.           3.10818511   3.        ]
[954.         787.           3.12780519  16.        ]
[965.         952.           3.13994003 210.        ]
[696.         969.           3.14121893 212.        ]
[956.         968.           3.14823527  48.        ]
[637.         941.           3.15232242  14.        ]
[716.         971.           3.15470054  50.        ]
[927.         939.           3.15491323  15.        ]
[112.         887.           3.16029503   4.        ]
[217.         970.           3.16227766 213.        ]
[110.         273.           3.16227766   2.        ]
[500.         510.           3.16227766   2.        ]
[943.         777.           3.18115814   5.        ]
[949.     333.       3.1832   7.    ]
[951.        947.          3.1855653   9.       ]
[962.         375.           3.18729901   6.        ]
[902.        324.          3.2137267   3.       ]
[958.         959.           3.21466022   6.        ]
[974.         278.           3.22893364  16.        ]
[976.         973.           3.24626323 263.        ]
[957.         961.           3.28552169  45.        ]
[967.         779.           3.28648784   5.        ]
[985.         978.           3.29050348  18.        ]
[312.         888.           3.29938467   4.        ]
[981.         107.           3.30807738  10.        ]
[936.         986.           3.31662479 265.        ]
[139.         253.           3.31662479   2.        ]
[934.        992.          3.3366611 267.       ]
[982.         228.           3.33992252   7.        ]
[987.         899.           3.35748529  47.        ]
[704.         189.           3.36578373   3.        ]
[  0.         984.           3.39740622   7.        ]
[995.         862.           3.39775185   9.        ]
[158.         836.           3.39917956   3.        ]
[352.         996.           3.40430123  48.        ]
[993.         188.           3.41494267   3.        ]
[881.         730.           3.41541007   8.        ]
[980.         975.           3.43023942  11.        ]
[988.         711.           3.43123493   7.        ]
[972.         781.           3.44894799  16.        ]
[   2.         1003.            3.46410162    9.        ]
[ 34.         948.           3.46410162  20.        ]
[  5.         275.           3.46410162   2.        ]
[   8.         1007.            3.46410162   10.        ]
[420.         477.           3.46410162   2.        ]
[966.         994.           3.50005578 279.        ]
[937.         284.           3.54853081   3.        ]
[1005.          421.            3.56105738    8.        ]
[991.          56.           3.56678695  11.        ]
[1012.           94.            3.58145904  280.        ]
[964.         953.           3.58271676  14.        ]
[ 18.         287.           3.60555128   2.        ]
[ 101.         1016.            3.60555128  281.        ]
[281.         360.           3.60555128   2.        ]
[414.         501.           3.60555128   2.        ]
[1009.         1008.            3.65285625   22.        ]
[1010.         1011.            3.65615705   12.        ]
[928.         999.           3.66508819  11.        ]
[809.         212.           3.66880104   4.        ]
[1015.          138.            3.67318358   12.        ]
[870.         990.           3.69510995   6.        ]
[ 866.         1000.            3.71225712    5.        ]
[989.         834.           3.73219543  20.        ]
[1019.         1021.            3.78427632  283.        ]
[1017.          726.            3.78602871   17.        ]
[ 298.         1001.            3.81455124   49.        ]
[1029.          529.            3.82028039   21.        ]
[1026.          536.            3.82344318   13.        ]
[1030.          833.            3.85011436  285.        ]
[1006.         1035.            3.86780421  301.        ]
[1036.        1024.           3.8777439  312.       ]
[ 998.         1020.            3.92923988    9.        ]
[1002.         1013.            3.94498945    6.        ]
[304. 434.   4.   2.]
[1038.         1032.            4.04997928   58.        ]
[ 10.         225.           4.12310563   2.        ]
[ 983.         1022.            4.17506367   25.        ]
[1014.          323.            4.19607013    9.        ]
[997.         384.           4.22189672   4.        ]
[1037.         1040.            4.30956009  314.        ]
[1041.          977.            4.37725211   60.        ]
[1033.         1046.            4.38289758  335.        ]
[1034.         1028.            4.40827106   18.        ]
[1043.         1039.            4.41399152   31.        ]
[1027.          259.            4.46044852    7.        ]
[ 357.         1047.            4.47213595   61.        ]
[784.         446.           4.50801678   3.        ]
[932.         150.           4.51693711   7.        ]
[1052.         1049.            4.53100073   79.        ]
[1044.         1055.            4.57946584   88.        ]
[1023.          765.            4.68599268   14.        ]
[1042.          903.            4.71850738    4.        ]
[ 979.         1050.            4.77983256   36.        ]
[1056.         1053.            4.86829723   91.        ]
[1018.         294.           4.9663265    3.       ]
[1060.        145.          5.022472   92.      ]
[1054.          354.            5.04695237    8.        ]
[1062.         105.           5.0883339   93.       ]
[1059.         1058.            5.15684018   40.        ]
[1057.         1025.            5.16035656   18.        ]
[1048.         1064.            5.19500141  428.        ]
[1065.         1004.            5.26852229   51.        ]
[1067.          166.            5.45916885  429.        ]
[1069.         1068.            5.59874282  480.        ]
[1070.        1051.           5.6223008  487.       ]
[ 750.         1071.            5.62476337  489.        ]
[1061.         1063.            5.82429827   11.        ]
[1072.          512.            5.92955774  490.        ]
[1074.         1031.            6.05807628  507.        ]
[1066.         1075.            6.18833858  525.        ]
[1076.         1073.            7.50277326  536.        ]
[1077.         1045.            8.00510269  540.        ]
