[50. 95.  0.  2.]
[540. 252.   0.   3.]
[541. 308.   0.   4.]
[542. 329.   0.   5.]
[ 33. 543.   0.   6.]
[544. 398.   0.   7.]
[545. 307.   0.   8.]
[546. 428.   0.   9.]
[61. 66.  0.  2.]
[548. 132.   0.   3.]
[549. 155.   0.   4.]
[550. 159.   0.   5.]
[551. 167.   0.   6.]
[552. 236.   0.   7.]
[553. 285.   0.   8.]
[554. 327.   0.   9.]
[555. 362.   0.  10.]
[556. 363.   0.  11.]
[557. 454.   0.  12.]
[558. 539.   0.  13.]
[ 69. 538.   0.   2.]
[ 91. 559.   0.  14.]
[ 74. 317.   0.   2.]
[ 78. 125.   0.   2.]
[ 81. 152.   0.   2.]
[ 86. 162.   0.   2.]
[565. 171.   0.   3.]
[566. 289.   0.   4.]
[567. 393.   0.   5.]
[568. 423.   0.   6.]
[569. 429.   0.   7.]
[570. 488.   0.   8.]
[ 90. 518.   0.   2.]
[301. 547.   0.  10.]
[135. 328.   0.   2.]
[140. 380.   0.   2.]
[200. 320.   0.   2.]
[210. 383.   0.   2.]
[218. 503.   0.   2.]
[309. 394.   0.   2.]
[378. 521.   0.   2.]
[5.74000000e+02 5.73000000e+02 4.73684211e-01 1.20000000e+01]
[5.62000000e+02 5.61000000e+02 4.81481481e-01 1.60000000e+01]
[  4. 262.   1.   2.]
[ 9. 13.  1.  2.]
[ 11. 571.   1.   9.]
[ 15. 483.   1.   2.]
[ 23. 292.   1.   2.]
[ 27. 484.   1.   2.]
[ 30. 432.   1.   2.]
[ 37. 370.   1.   2.]
[ 52. 230.   1.   2.]
[ 53. 401.   1.   2.]
[ 59. 332.   1.   2.]
[560. 564.   1.   4.]
[ 70. 575.   1.   3.]
[563. 336.   1.   3.]
[ 89. 311.   1.   2.]
[ 99. 174.   1.   2.]
[103. 196.   1.   2.]
[109. 302.   1.   2.]
[111. 361.   1.   2.]
[126. 161.   1.   2.]
[156. 344.   1.   2.]
[164. 186.   1.   2.]
[190. 263.   1.   2.]
[577. 374.   1.   3.]
[220. 295.   1.   2.]
[277. 532.   1.   2.]
[335. 338.   1.   2.]
[580. 527.   1.   3.]
[582.         204.           1.09307021  17.        ]
[584.         176.           1.13807119   3.        ]
[594.         178.           1.13807119   5.        ]
[595.         183.           1.16568542   4.        ]
[613.         272.           1.18409492   6.        ]
[612.         314.           1.20710678   4.        ]
[585.          42.           1.21928953  10.        ]
[617.        310.          1.2370099  11.       ]
[618.         365.           1.25177687  12.        ]
[619.       437.         1.264272  13.      ]
[620.         473.           1.27498211  14.        ]
[587.         405.           1.27614237   3.        ]
[588.          47.           1.27614237   3.        ]
[590.         240.           1.27614237   3.        ]
[591.         506.           1.27614237   3.        ]
[600.         221.           1.27614237   3.        ]
[604.         199.           1.27614237   3.        ]
[607.         239.           1.27614237   3.        ]
[621.         504.           1.28426421  15.        ]
[623.         355.           1.31066017   4.        ]
[624.         243.           1.31066017   4.        ]
[596.         136.           1.31066017   4.        ]
[628.         480.           1.31066017   4.        ]
[581.         182.           1.32502882  13.        ]
[630.         498.           1.33137085   5.        ]
[634.         211.           1.33139916  14.        ]
[636.         528.           1.33692012  15.        ]
[615.         603.           1.33821259   8.        ]
[ 73.         611.           1.34397155  18.        ]
[639.         149.           1.38009601  19.        ]
[640.         181.           1.38180189  20.        ]
[641.        576.          1.3833453  22.       ]
[642.         241.           1.38591766  23.        ]
[643.         267.           1.38709665  24.        ]
[644.         319.           1.38818133  25.        ]
[645.         368.           1.38918257  26.        ]
[646.         377.           1.39010964  27.        ]
[647.        411.          1.3909705  28.       ]
[648.         459.           1.39177198  29.        ]
[649.         535.           1.39252004  30.        ]
[586.        589.          1.3927966   4.       ]
[  1.         113.           1.41421356   2.        ]
[652.         216.           1.41421356   3.        ]
[  6.         129.           1.41421356   2.        ]
[ 14.         442.           1.41421356   2.        ]
[ 55.         133.           1.41421356   2.        ]
[ 68.         261.           1.41421356   2.        ]
[ 87.         117.           1.41421356   2.        ]
[134.         578.           1.41421356   3.        ]
[142.         519.           1.41421356   2.        ]
[147.         198.           1.41421356   2.        ]
[168.         280.           1.41421356   2.        ]
[170.         270.           1.41421356   2.        ]
[172.         339.           1.41421356   2.        ]
[664.         412.           1.41421356   3.        ]
[193.         279.           1.41421356   2.        ]
[219.         235.           1.41421356   2.        ]
[255.         358.           1.41421356   2.        ]
[313.         381.           1.41421356   2.        ]
[337.         403.           1.41421356   2.        ]
[343.         419.           1.41421356   2.        ]
[671.         476.           1.41421356   3.        ]
[359.         413.           1.41421356   2.        ]
[372.         499.           1.41421356   2.        ]
[396.         417.           1.41421356   2.        ]
[406.         430.           1.41421356   2.        ]
[443.         508.           1.41421356   2.        ]
[622.        637.          1.4871688  18.       ]
[610.         677.           1.49367287   5.        ]
[599.         245.           1.52015931   3.        ]
[605.         674.           1.52015931   4.        ]
[629.         597.           1.52317486  17.        ]
[682.         625.           1.58228825  20.        ]
[638.        650.          1.6007251  38.       ]
[616.         661.           1.60491591   6.        ]
[663.         468.           1.60947571   3.        ]
[667.         439.           1.60947571   3.        ]
[655.         601.           1.62610506   4.        ]
[592.         452.           1.62610506   3.        ]
[679.         448.           1.63833777   6.        ]
[ 38.        626.          1.6525915   4.       ]
[631.         244.           1.66848336   5.        ]
[635.         108.           1.67907793   6.        ]
[683.         651.           1.68299996  24.        ]
[665.         248.           1.70710678   4.        ]
[692.         254.           1.72373613   6.        ]
[678.         684.           1.73082937  56.        ]
[ 3.         20.          1.73205081  2.        ]
[ 7.         79.          1.73205081  2.        ]
[ 17.         283.           1.73205081   2.        ]
[ 26.         409.           1.73205081   2.        ]
[ 49.         246.           1.73205081   2.        ]
[ 60.         260.           1.73205081   2.        ]
[ 63.         116.           1.73205081   2.        ]
[ 71.         462.           1.73205081   2.        ]
[ 88.         331.           1.73205081   2.        ]
[102.         175.           1.73205081   2.        ]
[104.         271.           1.73205081   2.        ]
[146.         326.           1.73205081   2.        ]
[151.         296.           1.73205081   2.        ]
[157.         350.           1.73205081   2.        ]
[180.         233.           1.73205081   2.        ]
[237.         341.           1.73205081   2.        ]
[247.         249.           1.73205081   2.        ]
[306.         458.           1.73205081   2.        ]
[318.         509.           1.73205081   2.        ]
[346.         438.           1.73205081   2.        ]
[348.         367.           1.73205081   2.        ]
[353.         466.           1.73205081   2.        ]
[418.         461.           1.73205081   2.        ]
[425.         511.           1.73205081   2.        ]
[451.         472.           1.73205081   2.        ]
[658.         153.           1.73205081   3.        ]
[122.         676.           1.73205081   3.        ]
[144.         673.           1.73205081   3.        ]
[680.         602.           1.74606523   5.        ]
[694.          39.           1.75095277  25.        ]
[727.         234.           1.76053151  26.        ]
[728.         268.           1.76940071  27.        ]
[729.        672.          1.7776364  30.       ]
[632.         315.           1.78564065   5.        ]
[693.         516.           1.78913676   7.        ]
[730.         364.           1.79785127  31.        ]
[687.         633.           1.79857611   7.        ]
[733.         497.           1.80416842  32.        ]
[660.         201.           1.80473785   3.        ]
[735.         533.           1.81010271  33.        ]
[737.         534.           1.81568792  34.        ]
[703.         399.           1.82136721   3.        ]
[238.         608.           1.82136721   3.        ]
[719.         467.           1.82136721   3.        ]
[209.         690.           1.84506589   7.        ]
[662.         681.           1.86325439   6.        ]
[739.        670.          1.8660254   5.       ]
[614.         340.           1.87138439   5.        ]
[688.         395.           1.87536835   5.        ]
[697.         689.           1.88013391  59.        ]
[747.         668.           1.88572603  61.        ]
[734.         274.           1.89018421   8.        ]
[746.         482.           1.89614029   6.        ]
[748.         187.           1.90328891  62.        ]
[751.         282.           1.90482401  63.        ]
[752.         481.           1.90631113  64.        ]
[738.         715.           1.90739459  36.        ]
[753.        494.          1.9077525  65.       ]
[701.        141.          1.9106836   3.       ]
[713.        410.          1.9106836   3.       ]
[755.         696.           1.91538139  71.        ]
[742.         231.           1.92849195   8.        ]
[758.         606.           1.94629582  74.        ]
[598.         726.           1.96260193   7.        ]
[717.         526.           1.97119712   3.        ]
[754.         760.           1.97251509 110.        ]
[685.          72.           1.97863224   7.        ]
[21. 40.  2.  2.]
[ 29. 486.   2.   2.]
[ 41. 382.   2.   2.]
[45. 46.  2.  2.]
[ 62. 202.   2.   2.]
[65. 76.  2.  2.]
[ 98. 514.   2.   2.]
[127. 223.   2.   2.]
[659. 154.   2.   4.]
[143. 445.   2.   2.]
[160. 487.   2.   2.]
[192. 203.   2.   2.]
[666. 224.   2.   3.]
[197. 449.   2.   2.]
[205. 250.   2.   2.]
[213. 386.   2.   2.]
[229. 400.   2.   2.]
[276. 345.   2.   2.]
[290. 530.   2.   2.]
[297. 427.   2.   2.]
[303. 369.   2.   2.]
[366. 517.   2.   2.]
[402. 489.   2.   2.]
[408. 450.   2.   2.]
[416. 507.   2.   2.]
[422. 496.   2.   2.]
[492. 523.   2.   2.]
[698.         691.           2.02037973   6.        ]
[764.         441.           2.03748942   8.        ]
[699.         743.           2.03857683   8.        ]
[723.         227.           2.05901699   4.        ]
[711.         749.           2.06802054  10.        ]
[656.         100.           2.06806225   3.        ]
[390.         675.           2.06806225   3.        ]
[708.         686.           2.06960142   5.        ]
[704.         257.           2.07868933   3.        ]
[716.         502.           2.07868933   3.        ]
[695.         464.           2.08989795   5.        ]
[732.         757.           2.09386285  10.        ]
[724.         435.           2.09442719   4.        ]
[794.         750.           2.10523853  14.        ]
[325.         741.           2.11803399   4.        ]
[763.         806.           2.12421497 114.        ]
[807.         756.           2.13851712 117.        ]
[759.        465.          2.1487376   9.       ]
[744.         286.           2.15175799   6.        ]
[583.         184.           2.15737865   3.        ]
[593.         469.           2.15737865   3.        ]
[ 96.         709.           2.15737865   3.        ]
[797.         474.           2.16341913   4.        ]
[793.         627.           2.16519775  11.        ]
[740.         376.           2.17311652   4.        ]
[736.         789.           2.18728739   5.        ]
[ 80.        809.          2.2072973  10.       ]
[ 83.         720.           2.21525044   3.        ]
[808.         169.           2.21840002 118.        ]
[ 22.         761.           2.23334203   8.        ]
[48.         92.          2.23606798  2.        ]
[ 58.         440.           2.23606798   2.        ]
[771.         495.           2.23606798   3.        ]
[115.         291.           2.23606798   2.        ]
[120.         493.           2.23606798   2.        ]
[130.         505.           2.23606798   2.        ]
[321.         436.           2.23606798   2.        ]
[342.         479.           2.23606798   2.        ]
[351.         379.           2.23606798   2.        ]
[356.         790.           2.23606798   3.        ]
[397.         444.           2.23606798   2.        ]
[415.         460.           2.23606798   2.        ]
[804.         299.           2.24246289   5.        ]
[805.         57.          2.2473793  15.       ]
[803.         773.           2.25869266  14.        ]
[792.         251.           2.26272263   7.        ]
[745.         775.           2.27364986   7.        ]
[814.         191.           2.27422309   5.        ]
[779.         334.           2.27614237   3.        ]
[835.         820.           2.27709055 133.        ]
[813.         179.           2.29298045   4.        ]
[ 51.         706.           2.30720857   3.        ]
[819.        173.          2.3150492   4.       ]
[762.        490.          2.3191954   4.       ]
[795.         776.           2.33336262   6.        ]
[837.         269.           2.34090724   8.        ]
[800.         830.           2.34993743   5.        ]
[817.         371.           2.35312036   6.        ]
[796.         798.           2.35604803  13.        ]
[815.         455.           2.35800864  12.        ]
[831.         433.           2.36412104   4.        ]
[839.         391.           2.37171475   6.        ]
[ 24.         768.           2.37262909   3.        ]
[772.         194.           2.37262909   3.        ]
[802.         478.           2.37457479   6.        ]
[710.         525.           2.37834915   3.        ]
[841.         801.           2.38443466 136.        ]
[836.        826.          2.3855754  16.       ]
[843.        838.          2.3896426  10.       ]
[858.         349.           2.39819044 137.        ]
[861.         850.           2.41490446 150.        ]
[851.          36.           2.42720945  13.        ]
[828.         513.           2.43352103   3.        ]
[811.         264.           2.43751321   4.        ]
[846.         121.           2.44228818   7.        ]
[862.         829.           2.44890253 152.        ]
[ 31.         426.           2.44948974   2.        ]
[ 75.         524.           2.44948974   2.        ]
[ 82.         347.           2.44948974   2.        ]
[572.         537.           2.44948974   3.        ]
[114.         388.           2.44948974   2.        ]
[124.         305.           2.44948974   2.        ]
[137.         778.           2.44948974   3.        ]
[163.         232.           2.44948974   2.        ]
[185.         195.           2.44948974   2.        ]
[385.         475.           2.44948974   2.        ]
[863.         316.           2.45586786  14.        ]
[818.         447.           2.47795715  11.        ]
[767.         855.           2.48076397   5.        ]
[810.         721.           2.48531656   8.        ]
[867.         874.           2.48697167 155.        ]
[834.         431.           2.48844376   6.        ]
[882.         824.           2.49853486 158.        ]
[856.         786.           2.50272279   8.        ]
[780.        424.          2.5091902   3.       ]
[781.        300.          2.5091902   3.       ]
[844.         886.           2.52905328   7.        ]
[842.         131.           2.53061119   5.        ]
[879.         669.           2.53493357  13.        ]
[884.        788.          2.5379994 160.       ]
[799.         840.           2.53862925   8.        ]
[860.         848.           2.54091977  15.        ]
[883.         222.           2.55496744   7.        ]
[865.          35.           2.56724668   5.        ]
[891.         293.           2.56903916 161.        ]
[889.         330.           2.58024718   6.        ]
[825.         128.           2.58033079   3.        ]
[609.         491.           2.58033079   3.        ]
[893.         515.           2.58462601  16.        ]
[766.         871.           2.58974223   5.        ]
[849.         420.           2.59352835   7.        ]
[890.        852.          2.6013153  17.       ]
[896.         816.           2.60214893 165.        ]
[904.         242.           2.61843297 166.        ]
[859.         823.           2.62974035  18.        ]
[853.         407.           2.63589125   7.        ]
[821.         857.           2.63648258  11.        ]
[905.         888.           2.64395167 173.        ]
[ 28.         471.           2.64575131   2.        ]
[ 54.         148.           2.64575131   2.        ]
[206.         322.           2.64575131   2.        ]
[258.         456.           2.64575131   2.        ]
[579.         531.           2.64575131   3.        ]
[909.         897.           2.65119672 179.        ]
[906.         875.           2.65326102  20.        ]
[895.         827.           2.65797612   7.        ]
[878.         902.           2.67896641  21.        ]
[915.         866.           2.68391696 186.        ]
[770.         470.           2.68708572   3.        ]
[ 16.         903.           2.69392781  18.        ]
[885.         722.           2.70883234  10.        ]
[919.          97.           2.73098238 187.        ]
[702.         907.           2.73371306   9.        ]
[769.         208.           2.76383421   3.        ]
[925.         712.           2.77052225   5.        ]
[923.         845.           2.77538554 191.        ]
[894.         453.           2.78246144   8.        ]
[881.         118.           2.78923304   9.        ]
[927.        916.          2.7926513 211.       ]
[901.          44.           2.80763668   6.        ]
[822.         900.           2.81240157  18.        ]
[908.         463.           2.82107947  12.        ]
[922.         791.           2.82605439  12.        ]
[ 12.         404.           2.82842712   2.        ]
[19.         25.          2.82842712  2.        ]
[ 32.         869.           2.82842712   3.        ]
[ 64.         657.           2.82842712   3.        ]
[938.          93.           2.82842712   4.        ]
[939.         123.           2.82842712   5.        ]
[940.         214.           2.82842712   6.        ]
[ 77.         485.           2.82842712   2.        ]
[207.         256.           2.82842712   2.        ]
[215.         373.           2.82842712   2.        ]
[918.         106.           2.83140034  22.        ]
[933.         266.           2.83513217  13.        ]
[930.         217.           2.83765749 212.        ]
[847.         177.           2.85134874   9.        ]
[777.         784.           2.85416535   5.        ]
[936.         880.           2.86746741   7.        ]
[947.         913.           2.87408798 214.        ]
[951.         718.           2.87794897 216.        ]
[654.         67.          2.8819171   3.       ]
[952.         457.           2.88402568 217.        ]
[954.         226.           2.88988896 218.        ]
[932.         387.           2.90926595  19.        ]
[864.         389.           2.91421356   4.        ]
[926.         165.           2.91527258   6.        ]
[924.          85.           2.92040079  10.        ]
[921.         934.           2.93435732  30.        ]
[870.         265.           2.93971064   3.        ]
[910.          43.           2.94280904   3.        ]
[945.         731.           2.95097817  27.        ]
[955.         700.           2.96226541 220.        ]
[948.         119.           2.96708339  10.        ]
[942.        928.          2.9740851  10.       ]
[964.          84.           2.98863614 221.        ]
[967.         929.           2.99248159 230.        ]
[892.         887.           2.99514111  11.        ]
[956.        920.          3.0314414  22.       ]
[854.         288.           3.05013344   4.        ]
[970.         959.           3.05332839  32.        ]
[968.         944.           3.05929811 232.        ]
[963.         352.           3.06250503  28.        ]
[917.         957.           3.07343626  11.        ]
[973.         937.           3.08572988 235.        ]
[705.         877.           3.09745163   4.        ]
[976.         960.           3.10951212 265.        ]
[935.         946.           3.15491323  15.        ]
[112.         898.           3.16029503   4.        ]
[110.         273.           3.16227766   2.        ]
[500.         510.           3.16227766   2.        ]
[978.         949.           3.16443973 270.        ]
[ 34.         969.           3.17471191  12.        ]
[953.         782.           3.18115814   5.        ]
[983.         392.           3.18863532 271.        ]
[958.         333.           3.19603365   7.        ]
[986.         228.           3.19687431 272.        ]
[975.         375.           3.20292042  12.        ]
[911.        324.          3.2137267   3.       ]
[  2.         974.           3.22075757  29.        ]
[971.         783.           3.22344505   6.        ]
[989.         988.           3.22472705 284.        ]
[979.         278.           3.22893364  16.        ]
[  0.         972.           3.26312664  33.        ]
[994.         982.           3.29050348  18.        ]
[312.         899.           3.29938467   4.        ]
[139.         253.           3.31662479   2.        ]
[931.         868.           3.34131011   8.        ]
[707.         189.           3.36578373   3.        ]
[993.         950.           3.36792282 291.        ]
[992.        714.          3.3769964   8.       ]
[962.         107.           3.38391447   4.        ]
[998.         188.           3.41494267   3.        ]
[987.         980.           3.43450205  11.        ]
[  5.         275.           3.46410162   2.        ]
[101.         520.           3.46410162   2.        ]
[991.           8.           3.46466788  30.        ]
[1001.          785.            3.46741113  293.        ]
[ 965.        1009.           3.5123199  303.       ]
[1002.        421.          3.514441    9.      ]
[943.         284.           3.54853081   3.        ]
[1003.           56.            3.55603056    5.        ]
[977.         725.           3.58271676   7.        ]
[ 18.         287.           3.60555128   2.        ]
[212.         477.           3.60555128   2.        ]
[281.         360.           3.60555128   2.        ]
[414.         501.           3.60555128   2.        ]
[999.         872.           3.61396407  10.        ]
[1006.          984.            3.62080808   14.        ]
[138.        914.          3.6395778   4.       ]
[873.        158.          3.6491388   3.       ]
[876.         997.           3.69510995   6.        ]
[1019.          298.            3.70350439   11.        ]
[1014.          966.            3.73196546   17.        ]
[996.         833.           3.73219543  20.        ]
[1008.          434.            3.74847748   31.        ]
[1010.          94.           3.7739157  304.       ]
[1022.          522.            3.80179788    4.        ]
[1026.          529.            3.82028039   21.        ]
[ 995.         1017.            3.84665577   35.        ]
[1031.         1028.            3.88863317  339.        ]
[1013.         1021.            3.89193902    9.        ]
[ 832.         1018.            3.89981709    4.        ]
[1004.         1012.            3.94498945    6.        ]
[1032.          961.            3.96627676  342.        ]
[1033.          536.            3.97838312   10.        ]
[1007.        1034.           3.9848558    6.       ]
[ 812.         1016.            4.00913726    5.        ]
[1027.         1024.            4.04002835   42.        ]
[653.         985.           4.04902153   8.        ]
[1036.         1038.            4.11975457  348.        ]
[ 10.         225.           4.12310563   2.        ]
[1011.          323.            4.17374941   10.        ]
[ 990.         1035.            4.17506367    9.        ]
[1000.          384.            4.22189672    4.        ]
[1042.         1044.            4.22475245  358.        ]
[1040.          774.            4.25419703   44.        ]
[1047.          357.            4.29778314  359.        ]
[1030.          166.            4.38289758   22.        ]
[1049.          981.            4.44147677  361.        ]
[1048.          304.            4.44782222   45.        ]
[1051.         1037.            4.45015846  371.        ]
[1050.         1023.            4.45776902   28.        ]
[1053.          446.            4.48354528  372.        ]
[941.         150.           4.51693711   7.        ]
[1029.          787.            4.56774121    6.        ]
[1055.        1041.           4.5801206  380.       ]
[1058.         1057.            4.60155032  386.        ]
[1052.         1020.            4.67244733   59.        ]
[1043.          912.            4.71850738    4.        ]
[1059.          145.            4.72804152  387.        ]
[1045.         1056.            4.74360967   16.        ]
[1062.          105.            4.76046687  388.        ]
[1064.         1060.            4.82022291  447.        ]
[1065.          765.            4.89188453  449.        ]
[259.         294.           4.89897949   2.        ]
[1066.        1005.           5.1164923  460.       ]
[1015.          354.            5.15453135    3.        ]
[1068.          512.            5.24526622  461.        ]
[1061.         1063.            5.41388727   20.        ]
[1054.        1067.           5.5662853   30.       ]
[1070.         1072.            5.78205225  491.        ]
[1073.         1071.            5.85301839  511.        ]
[1074.       1025.          5.984249  528.      ]
[1075.         1069.            6.47735882  531.        ]
[1076.        1046.           7.4239035  535.       ]
[1077.         1039.            7.76857048  540.        ]
