[  1. 216.   0.   2.]
[540. 269.   0.   3.]
[  6. 129.   0.   2.]
[ 50. 135.   0.   2.]
[543. 329.   0.   3.]
[64. 68.  0.  2.]
[545.  93.   0.   3.]
[546. 123.   0.   4.]
[547. 214.   0.   5.]
[548. 261.   0.   6.]
[ 72. 437.   0.   2.]
[74. 91.  0.  2.]
[551. 317.   0.   3.]
[ 95. 152.   0.   2.]
[553. 240.   0.   3.]
[554. 301.   0.   4.]
[555. 308.   0.   5.]
[556. 220.   0.   6.]
[307. 557.   0.   7.]
[ 90. 518.   0.   2.]
[136. 336.   0.   2.]
[178. 245.   0.   2.]
[270. 271.   0.   2.]
[5.58000000e+02 5.44000000e+02 2.77891309e-09 1.00000000e+01]
[5.62000000e+02 1.40000000e+02 3.51223738e-09 3.00000000e+00]
[7.80000000e+01 1.25000000e+02 1.49011612e-08 2.00000000e+00]
[1.96000000e+02 6.60000000e+01 1.49011612e-08 2.00000000e+00]
[6.10000000e+01 2.36000000e+02 2.58095683e-08 2.00000000e+00]
[3.00000000e+02 3.02000000e+02 2.58095683e-08 2.00000000e+00]
[5.65000000e+02 3.15000000e+02 2.58095683e-08 3.00000000e+00]
[3.59000000e+02 4.13000000e+02 2.98023224e-08 2.00000000e+00]
[5.68000000e+02 2.05000000e+02 3.57913921e-08 3.00000000e+00]
[2.95000000e+02 5.63000000e+02 4.08085106e-08 1.10000000e+01]
[5.52000000e+02 2.74000000e+02 6.66400187e-08 4.00000000e+00]
[5.72000000e+02 1.30000000e+02 1.00024945e-02 1.20000000e+01]
[5.74000000e+02 2.19000000e+02 1.90610137e-02 1.30000000e+01]
[5.64000000e+02 1.70000000e+02 1.96431519e-02 4.00000000e+00]
[5.75000000e+02 5.76000000e+02 2.63175322e-02 1.70000000e+01]
[5.71000000e+02 4.68000000e+02 4.78996347e-02 4.00000000e+00]
[8.10000000e+01 5.77000000e+02 5.20580445e-02 1.80000000e+01]
[3.09000000e+02 9.60000000e+01 6.09340216e-02 2.00000000e+00]
[6.30000000e+01 4.26000000e+02 6.82892709e-02 2.00000000e+00]
[4.92000000e+02 5.23000000e+02 7.17697189e-02 2.00000000e+00]
[3.46000000e+02 4.38000000e+02 7.36893813e-02 2.00000000e+00]
[21.         40.          0.07668819  2.        ]
[2.48000000e+02 8.00000000e+01 7.68726219e-02 2.00000000e+00]
[1.24000000e+02 3.05000000e+02 7.75295169e-02 2.00000000e+00]
[3.00000000e+01 2.09000000e+02 7.81536849e-02 2.00000000e+00]
[3.80000000e+02 4.00000000e+02 7.85725969e-02 2.00000000e+00]
[4.36000000e+02 5.22000000e+02 7.86214305e-02 2.00000000e+00]
[4.90000000e+01 2.46000000e+02 7.86906561e-02 2.00000000e+00]
[3.67000000e+02 2.44000000e+02 8.24867171e-02 2.00000000e+00]
[65.        76.         0.0844121  2.       ]
[2.90000000e+02 5.30000000e+02 8.46468815e-02 2.00000000e+00]
[5.20000000e+01 3.82000000e+02 8.49145287e-02 2.00000000e+00]
[3.66000000e+02 5.17000000e+02 8.57723241e-02 2.00000000e+00]
[4.44000000e+02 5.85000000e+02 8.67148723e-02 3.00000000e+00]
[3.39000000e+02 4.73000000e+02 8.72103252e-02 2.00000000e+00]
[2.13000000e+02 3.86000000e+02 8.85794796e-02 2.00000000e+00]
[5.6600000e+02 3.5000000e+02 9.2076165e-02 3.0000000e+00]
[5.41000000e+02 1.92000000e+02 9.24294564e-02 4.00000000e+00]
[3.03000000e+02 3.69000000e+02 9.50100737e-02 2.00000000e+00]
[2.18000000e+02 2.92000000e+02 9.56437237e-02 2.00000000e+00]
[2.70000000e+01 1.72000000e+02 9.57629452e-02 2.00000000e+00]
[1.44000000e+02 5.70000000e+02 9.81598065e-02 3.00000000e+00]
[1.65000000e+02 1.80000000e+02 1.00526231e-01 2.00000000e+00]
[2.9700000e+02 5.9300000e+02 1.0119787e-01 3.0000000e+00]
[3.96000000e+02 5.81000000e+02 1.02398712e-01 3.00000000e+00]
[1.85000000e+02 1.95000000e+02 1.03609484e-01 2.00000000e+00]
[1.43000000e+02 4.45000000e+02 1.04646094e-01 2.00000000e+00]
[2.62000000e+02 5.88000000e+02 1.04795446e-01 3.00000000e+00]
[1.7000000e+01 2.8300000e+02 1.0531416e-01 2.0000000e+00]
[5.73000000e+02 2.04000000e+02 1.06265271e-01 5.00000000e+00]
[2.47000000e+02 2.49000000e+02 1.08305504e-01 2.00000000e+00]
[5.94000000e+02 1.93000000e+02 1.08417915e-01 3.00000000e+00]
[6.05000000e+02 2.91000000e+02 1.08642805e-01 3.00000000e+00]
[6.20000000e+01 6.15000000e+02 1.08659767e-01 4.00000000e+00]
[1.60000000e+01 4.39000000e+02 1.12518109e-01 2.00000000e+00]
[2.21000000e+02 6.10000000e+02 1.12991632e-01 4.00000000e+00]
[1.55000000e+02 9.80000000e+01 1.17562608e-01 2.00000000e+00]
[4.15000000e+02 4.60000000e+02 1.19160629e-01 2.00000000e+00]
[4.61000000e+02 5.89000000e+02 1.19567279e-01 3.00000000e+00]
[2.90000000e+01 5.97000000e+02 1.19934212e-01 3.00000000e+00]
[4.02000000e+02 4.89000000e+02 1.20082622e-01 2.00000000e+00]
[4.00000000e+00 6.18000000e+02 1.22466061e-01 5.00000000e+00]
[6.12000000e+02 1.64000000e+02 1.23104335e-01 6.00000000e+00]
[3.20000000e+02 4.06000000e+02 1.32079952e-01 2.00000000e+00]
[5.80000000e+02 1.02000000e+02 1.36062547e-01 3.00000000e+00]
[6.16000000e+02 1.12000000e+02 1.37521242e-01 5.00000000e+00]
[4.05000000e+02 5.79000000e+02 1.37771339e-01 1.90000000e+01]
[4.33000000e+02 6.25000000e+02 1.37805148e-01 7.00000000e+00]
[1.9000000e+01 2.2900000e+02 1.3788168e-01 2.0000000e+00]
[5.99000000e+02 3.40000000e+01 1.38387493e-01 4.00000000e+00]
[3.56000000e+02 4.67000000e+02 1.46061689e-01 2.00000000e+00]
[5.91000000e+02 4.08000000e+02 1.46132389e-01 3.00000000e+00]
[6.00000000e+02 9.20000000e+01 1.54443346e-01 5.00000000e+00]
[ 54.         148.           0.15457617   2.        ]
[5.09000000e+02 6.23000000e+02 1.54951103e-01 3.00000000e+00]
[3.45000000e+02 5.42000000e+02 1.56193263e-01 3.00000000e+00]
[3.33000000e+02 6.28000000e+02 1.57303307e-01 6.00000000e+00]
[1.42000000e+02 6.04000000e+02 1.58532803e-01 4.00000000e+00]
[1.28000000e+02 6.39000000e+02 1.58855018e-01 7.00000000e+00]
[2.070000e+02 2.560000e+02 1.596461e-01 2.000000e+00]
[3.97000000e+02 5.96000000e+02 1.60505213e-01 4.00000000e+00]
[6.19000000e+02 2.72000000e+02 1.62903731e-01 3.00000000e+00]
[5.11000000e+02 5.69000000e+02 1.63940456e-01 4.00000000e+00]
[3.34000000e+02 6.24000000e+02 1.67414048e-01 6.00000000e+00]
[6.14000000e+02 4.10000000e+02 1.70618255e-01 4.00000000e+00]
[2.08000000e+02 6.41000000e+02 1.72600666e-01 8.00000000e+00]
[2.37000000e+02 4.90000000e+02 1.72939404e-01 2.00000000e+00]
[5.60000000e+02 6.46000000e+02 1.73503045e-01 8.00000000e+00]
[2.00000000e+01 6.42000000e+02 1.73852353e-01 3.00000000e+00]
[1.83000000e+02 3.47000000e+02 1.76835119e-01 2.00000000e+00]
[3.61000000e+02 5.27000000e+02 1.77114442e-01 2.00000000e+00]
[6.2700000e+02 4.4200000e+02 1.7717175e-01 4.0000000e+00]
[1.56000000e+02 6.45000000e+02 1.79811142e-01 5.00000000e+00]
[3.48000000e+02 6.34000000e+02 1.80251529e-01 4.00000000e+00]
[6.02000000e+02 5.03000000e+02 1.81465536e-01 3.00000000e+00]
[3.22000000e+02 6.51000000e+02 1.81657198e-01 4.00000000e+00]
[6.31000000e+02 1.04000000e+02 1.85279368e-01 3.00000000e+00]
[1.03000000e+02 6.32000000e+02 1.86947962e-01 5.00000000e+00]
[4.18000000e+02 6.21000000e+02 1.88576898e-01 4.00000000e+00]
[6.48000000e+02 1.15000000e+02 1.88734078e-01 9.00000000e+00]
[2.98000000e+02 6.59000000e+02 1.90549236e-01 4.00000000e+00]
[160.         173.           0.19072631   2.        ]
[2.51000000e+02 6.50000000e+02 1.92809158e-01 9.00000000e+00]
[6.62000000e+02 2.02000000e+02 1.93291837e-01 1.00000000e+01]
[7.00000000e+01 6.52000000e+02 1.95126812e-01 3.00000000e+00]
[6.38000000e+02 6.70000000e+01 1.96323156e-01 4.00000000e+00]
[3.81000000e+02 6.29000000e+02 1.96407242e-01 2.00000000e+01]
[6.06000000e+02 4.27000000e+02 1.96835479e-01 4.00000000e+00]
[6.35000000e+02 1.53000000e+02 1.97449852e-01 6.00000000e+00]
[5.25000000e+02 1.01000000e+02 2.01303678e-01 2.00000000e+00]
[1.76000000e+02 6.65000000e+02 2.02096832e-01 1.00000000e+01]
[6.54000000e+02 3.94000000e+02 2.03276623e-01 5.00000000e+00]
[2.64000000e+02 6.63000000e+02 2.03293078e-01 5.00000000e+00]
[6.66000000e+02 3.50000000e+01 2.06596892e-01 1.10000000e+01]
[2.39000000e+02 3.28000000e+02 2.08485245e-01 2.00000000e+00]
[6.6800000e+02 1.5000000e+02 2.0905141e-01 5.0000000e+00]
[6.07000000e+02 4.14000000e+02 2.11078575e-01 4.00000000e+00]
[6.47000000e+02 8.80000000e+01 2.14384743e-01 5.00000000e+00]
[9.00000000e+00 6.55000000e+02 2.15441226e-01 6.00000000e+00]
[4.09000000e+02 6.43000000e+02 2.15800248e-01 5.00000000e+00]
[6.72000000e+02 4.21000000e+02 2.16295187e-01 3.00000000e+00]
[6.76000000e+02 8.20000000e+01 2.17228422e-01 1.20000000e+01]
[5.80000000e+01 2.38000000e+02 2.17232346e-01 2.00000000e+00]
[5.15000000e+02 5.98000000e+02 2.18173895e-01 3.00000000e+00]
[2.22000000e+02 2.99000000e+02 2.18628732e-01 2.00000000e+00]
[1.21000000e+02 6.30000000e+02 2.19378779e-01 8.00000000e+00]
[6.7500000e+02 2.7500000e+02 2.2086809e-01 6.0000000e+00]
[5.61000000e+02 2.85000000e+02 2.20956839e-01 3.00000000e+00]
[6.83000000e+02 3.12000000e+02 2.22485268e-01 4.00000000e+00]
[3.18000000e+02 6.37000000e+02 2.22836656e-01 4.00000000e+00]
[1.5400000e+02 6.8900000e+02 2.2295426e-01 7.0000000e+00]
[5.82000000e+02 5.95000000e+02 2.23829214e-01 4.00000000e+00]
[1.22000000e+02 4.17000000e+02 2.23919495e-01 2.00000000e+00]
[6.22000000e+02 5.87000000e+02 2.24373277e-01 5.00000000e+00]
[4.710000e+02 4.810000e+02 2.262619e-01 2.000000e+00]
[8.50000000e+01 6.93000000e+02 2.26647035e-01 8.00000000e+00]
[6.84000000e+02 6.44000000e+02 2.27769771e-01 1.50000000e+01]
[6.94000000e+02 3.71000000e+02 2.28139604e-01 5.00000000e+00]
[5.78000000e+02 6.73000000e+02 2.29079603e-01 1.40000000e+01]
[6.78000000e+02 6.36000000e+02 2.29364401e-01 7.00000000e+00]
[7.00000000e+02 2.24000000e+02 2.30093678e-01 6.00000000e+00]
[1.97000000e+02 4.79000000e+02 2.32232028e-01 2.00000000e+00]
[ 51.         100.           0.23282999   2.        ]
[7.03000000e+02 3.10000000e+01 2.32986136e-01 7.00000000e+00]
[6.67000000e+02 1.82000000e+02 2.33142675e-01 4.00000000e+00]
[2.5500000e+02 7.0400000e+02 2.3547233e-01 3.0000000e+00]
[6.6400000e+02 6.9800000e+02 2.3564346e-01 1.0000000e+01]
[5.2100000e+02 6.3300000e+02 2.3565011e-01 3.0000000e+00]
[4.80000000e+02 6.69000000e+02 2.36512098e-01 2.10000000e+01]
[ 97.         226.           0.23728512   2.        ]
[3.58000000e+02 6.56000000e+02 2.37426318e-01 5.00000000e+00]
[4.48000000e+02 7.11000000e+02 2.37694631e-01 2.20000000e+01]
[2.28000000e+02 3.57000000e+02 2.38677166e-01 2.00000000e+00]
[3.26000000e+02 5.29000000e+02 2.39519546e-01 2.00000000e+00]
[6.82000000e+02 1.58000000e+02 2.40264826e-01 6.00000000e+00]
[6.71000000e+02 1.17000000e+02 2.41315549e-01 7.00000000e+00]
[1.80000000e+01 2.94000000e+02 2.41594959e-01 2.00000000e+00]
[2.10000000e+02 3.83000000e+02 2.41606515e-01 2.00000000e+00]
[2.65000000e+02 7.09000000e+02 2.41690793e-01 1.10000000e+01]
[2.32000000e+02 7.06000000e+02 2.42026436e-01 8.00000000e+00]
[3.35000000e+02 3.38000000e+02 2.42384232e-01 2.00000000e+00]
[6.91000000e+02 7.12000000e+02 2.42505217e-01 6.00000000e+00]
[3.65000000e+02 4.43000000e+02 2.45332179e-01 2.00000000e+00]
[4.60000000e+01 7.07000000e+02 2.45451746e-01 5.00000000e+00]
[2.5900000e+02 7.2600000e+02 2.4548481e-01 6.0000000e+00]
[6.80000000e+02 7.22000000e+02 2.46118039e-01 1.30000000e+01]
[6.81000000e+02 1.99000000e+02 2.46702461e-01 7.00000000e+00]
[7.17000000e+02 4.76000000e+02 2.47238913e-01 7.00000000e+00]
[3.40000000e+02 5.00000000e+00 2.47580258e-01 2.00000000e+00]
[7.0500000e+02 7.0800000e+02 2.4781334e-01 5.0000000e+00]
[3.20000000e+01 7.21000000e+02 2.48336591e-01 1.20000000e+01]
[6.77000000e+02 7.14000000e+02 2.48375441e-01 2.40000000e+01]
[6.58000000e+02 7.31000000e+02 2.49406559e-01 6.00000000e+00]
[6.99000000e+02 2.33000000e+02 2.50497407e-01 1.60000000e+01]
[2.76000000e+02 7.02000000e+02 2.50534719e-01 8.00000000e+00]
[6.17000000e+02 2.30000000e+01 2.50839938e-01 3.00000000e+00]
[3.73000000e+02 9.40000000e+01 2.51311148e-01 2.00000000e+00]
[7.10000000e+01 4.62000000e+02 2.51338993e-01 2.00000000e+00]
[7.32000000e+02 7.16000000e+02 2.51783325e-01 7.00000000e+00]
[4.66000000e+02 6.53000000e+02 2.51851651e-01 3.00000000e+00]
[4.46000000e+02 7.24000000e+02 2.54333409e-01 7.00000000e+00]
[5.70000000e+01 6.86000000e+02 2.54979162e-01 4.00000000e+00]
[3.44000000e+02 4.84000000e+02 2.55122979e-01 2.00000000e+00]
[2.17000000e+02 7.43000000e+02 2.55301157e-01 8.00000000e+00]
[6.88000000e+02 1.74000000e+02 2.55642128e-01 9.00000000e+00]
[7.30000000e+02 5.16000000e+02 2.55681573e-01 8.00000000e+00]
[3.80000000e+01 7.01000000e+02 2.55898934e-01 1.50000000e+01]
[7.20000000e+02 3.74000000e+02 2.56212503e-01 3.00000000e+00]
[5.49000000e+02 7.49000000e+02 2.56217603e-01 2.10000000e+01]
[110.         168.           0.25828495   2.        ]
[6.40000000e+02 7.48000000e+02 2.58475098e-01 1.20000000e+01]
[3.84000000e+02 6.97000000e+02 2.58787168e-01 3.00000000e+00]
[3.90000000e+02 7.15000000e+02 2.59421332e-01 3.00000000e+00]
[7.34000000e+02 2.66000000e+02 2.59682843e-01 2.50000000e+01]
[2.11000000e+02 7.13000000e+02 2.60977387e-01 6.00000000e+00]
[3.4300000e+02 7.4500000e+02 2.6123039e-01 3.0000000e+00]
[3.27000000e+02 7.27000000e+02 2.61690104e-01 7.00000000e+00]
[7.56000000e+02 1.27000000e+02 2.62160471e-01 2.60000000e+01]
[4.69000000e+02 7.60000000e+02 2.63059051e-01 2.70000000e+01]
[139.         253.           0.26386305   2.        ]
[7.41000000e+02 3.53000000e+02 2.64015591e-01 8.00000000e+00]
[3.31000000e+02 0.00000000e+00 2.64433607e-01 2.00000000e+00]
[6.92000000e+02 3.91000000e+02 2.64719848e-01 5.00000000e+00]
[1.09000000e+02 7.51000000e+02 2.66958267e-01 2.20000000e+01]
[6.85000000e+02 1.06000000e+02 2.67233267e-01 3.00000000e+00]
[5.60000000e+01 7.54000000e+02 2.67607529e-01 4.00000000e+00]
[6.96000000e+02 4.86000000e+02 2.68348347e-01 6.00000000e+00]
[7.63000000e+02 5.20000000e+02 2.70613797e-01 9.00000000e+00]
[5.92000000e+02 5.01000000e+02 2.70750254e-01 3.00000000e+00]
[7.33000000e+02 7.59000000e+02 2.71070034e-01 1.90000000e+01]
[7.39000000e+02 7.44000000e+02 2.71998954e-01 6.00000000e+00]
[7.29000000e+02 4.35000000e+02 2.75018251e-01 8.00000000e+00]
[3.24000000e+02 7.66000000e+02 2.75817071e-01 2.30000000e+01]
[7.70000000e+02 4.85000000e+02 2.76108326e-01 1.00000000e+01]
[4.49000000e+02 5.84000000e+02 2.76732071e-01 3.00000000e+00]
[3.89000000e+02 6.11000000e+02 2.77492198e-01 3.00000000e+00]
[7.76000000e+02 7.73000000e+02 2.77527026e-01 1.60000000e+01]
[227.         119.           0.27799182   2.        ]
[6.20000000e+02 7.57000000e+02 2.78079006e-01 8.00000000e+00]
[1.1600000e+02 3.3700000e+02 2.7865996e-01 2.0000000e+00]
[7.18000000e+02 7.47000000e+02 2.78868817e-01 1.60000000e+01]
[4.40000000e+01 6.08000000e+02 2.79512644e-01 3.00000000e+00]
[3.30000000e+01 6.95000000e+02 2.80264386e-01 3.00000000e+00]
[4.57000000e+02 7.46000000e+02 2.80305856e-01 9.00000000e+00]
[7.7200000e+02 4.8700000e+02 2.8081866e-01 2.0000000e+01]
[252.         194.           0.28095781   2.        ]
[7.42000000e+02 4.94000000e+02 2.81053321e-01 4.00000000e+00]
[2.06000000e+02 7.35000000e+02 2.81343365e-01 7.00000000e+00]
[2.60000000e+01 7.79000000e+02 2.81859275e-01 1.70000000e+01]
[3.52000000e+02 7.89000000e+02 2.82463923e-01 5.00000000e+00]
[6.8700000e+02 7.8600000e+02 2.8257232e-01 1.1000000e+01]
[2.50000000e+01 4.04000000e+02 2.83007112e-01 2.00000000e+00]
[7.55000000e+02 7.71000000e+02 2.84350051e-01 6.00000000e+00]
[4.63000000e+02 7.87000000e+02 2.84508818e-01 2.10000000e+01]
[4.24000000e+02 7.91000000e+02 2.84726201e-01 1.80000000e+01]
[5.38000000e+02 3.49000000e+02 2.84846829e-01 2.00000000e+00]
[2.80000000e+01 6.61000000e+02 2.85279372e-01 5.00000000e+00]
[7.52000000e+02 7.97000000e+02 2.85999024e-01 2.00000000e+01]
[8.30000000e+01 7.23000000e+02 2.87094002e-01 3.00000000e+00]
[2.67000000e+02 7.92000000e+02 2.87458902e-01 6.00000000e+00]
[7.65000000e+02 3.76000000e+02 2.90041034e-01 6.00000000e+00]
[2.6000000e+02 5.0800000e+02 2.9174276e-01 2.0000000e+00]
[4.22000000e+02 7.95000000e+02 2.93258115e-01 7.00000000e+00]
[1.86000000e+02 7.36000000e+02 2.93620379e-01 1.70000000e+01]
[1.89000000e+02 7.62000000e+02 2.94117441e-01 3.00000000e+00]
[6.03000000e+02 4.32000000e+02 2.94886262e-01 3.00000000e+00]
[5.86000000e+02 4.12000000e+02 2.96072168e-01 3.00000000e+00]
[105.         190.           0.29755332   2.        ]
[5.35000000e+02 6.70000000e+02 2.97590382e-01 5.00000000e+00]
[6.74000000e+02 8.08000000e+02 2.98048391e-01 8.00000000e+00]
[1.84000000e+02 7.99000000e+02 2.98760764e-01 6.00000000e+00]
[7.81000000e+02 7.64000000e+02 2.98967611e-01 1.00000000e+01]
[1.61000000e+02 7.74000000e+02 3.01303348e-01 9.00000000e+00]
[7.50000000e+01 8.13000000e+02 3.01757312e-01 7.00000000e+00]
[7.82000000e+02 1.46000000e+02 3.01790037e-01 3.00000000e+00]
[4.9500000e+02 8.0600000e+02 3.0215286e-01 1.8000000e+01]
[4.78000000e+02 7.53000000e+02 3.03179087e-01 1.30000000e+01]
[3.00000000e+00 7.80000000e+02 3.05420443e-01 3.00000000e+00]
[7.68000000e+02 7.77000000e+02 3.05499108e-01 7.00000000e+00]
[1.63000000e+02 8.12000000e+02 3.05960946e-01 9.00000000e+00]
[3.30000000e+02 8.14000000e+02 3.06777026e-01 1.10000000e+01]
[14.         22.          0.30716328  2.        ]
[7.28000000e+02 8.22000000e+02 3.08685749e-01 2.20000000e+01]
[7.78000000e+02 8.02000000e+02 3.08978386e-01 9.00000000e+00]
[3.63000000e+02 7.10000000e+02 3.09156747e-01 4.00000000e+00]
[7.58000000e+02 8.03000000e+02 3.10097796e-01 9.00000000e+00]
[5.30000000e+01 4.56000000e+02 3.11629999e-01 2.00000000e+00]
[8.16000000e+02 2.03000000e+02 3.11769892e-01 8.00000000e+00]
[1.20000000e+01 8.00000000e+02 3.12013522e-01 2.10000000e+01]
[2.88000000e+02 8.19000000e+02 3.12121113e-01 1.40000000e+01]
[8.20000000e+02 7.96000000e+02 3.12770995e-01 2.40000000e+01]
[3.21000000e+02 8.26000000e+02 3.13237021e-01 1.00000000e+01]
[2.31000000e+02 5.13000000e+02 3.13457459e-01 2.00000000e+00]
[2.93000000e+02 8.30000000e+02 3.13581694e-01 9.00000000e+00]
[7.67000000e+02 8.31000000e+02 3.14430191e-01 2.40000000e+01]
[6.01000000e+02 4.50000000e+02 3.14804699e-01 3.00000000e+00]
[2.15000000e+02 8.21000000e+02 3.14974337e-01 8.00000000e+00]
[8.01000000e+02 3.70000000e+01 3.15066745e-01 4.00000000e+00]
[7.84000000e+02 8.11000000e+02 3.15515555e-01 8.00000000e+00]
[4.54000000e+02 7.61000000e+02 3.15785444e-01 2.80000000e+01]
[5.90000000e+01 7.83000000e+02 3.16440315e-01 1.70000000e+01]
[ 87.        280.          0.3174697   2.       ]
[1.32000000e+02 8.18000000e+02 3.19186237e-01 1.90000000e+01]
[8.2300000e+02 7.3800000e+02 3.1925859e-01 1.4000000e+01]
[8.90000000e+01 8.36000000e+02 3.20562638e-01 1.00000000e+01]
[7.98000000e+02 7.37000000e+02 3.20903319e-01 1.00000000e+01]
[5.24000000e+02 8.05000000e+02 3.23416933e-01 8.00000000e+00]
[1.41000000e+02 8.25000000e+02 3.23423063e-01 2.30000000e+01]
[3.92000000e+02 8.17000000e+02 3.23562839e-01 4.00000000e+00]
[1.59000000e+02 8.34000000e+02 3.23930763e-01 1.10000000e+01]
[5.28000000e+02 8.52000000e+02 3.24558281e-01 1.20000000e+01]
[2.00000000e+02 8.42000000e+02 3.24949078e-01 2.90000000e+01]
[7.93000000e+02 3.78000000e+02 3.24967908e-01 1.20000000e+01]
[8.41000000e+02 4.99000000e+02 3.25064743e-01 9.00000000e+00]
[250.         284.           0.32621921   2.        ]
[4.93000000e+02 8.32000000e+02 3.26505166e-01 1.50000000e+01]
[2.9600000e+02 8.4600000e+02 3.2663205e-01 1.5000000e+01]
[2.73000000e+02 8.10000000e+02 3.27490489e-01 3.00000000e+00]
[7.85000000e+02 3.62000000e+02 3.27988886e-01 4.00000000e+00]
[7.90000000e+01 8.40000000e+02 3.30236411e-01 5.00000000e+00]
[6.13000000e+02 6.90000000e+01 3.30579544e-01 3.00000000e+00]
[8.55000000e+02 1.87000000e+02 3.32506974e-01 1.30000000e+01]
[8.07000000e+02 8.48000000e+02 3.32984044e-01 1.30000000e+01]
[8.15000000e+02 8.04000000e+02 3.33152227e-01 1.10000000e+01]
[8.28000000e+02 4.97000000e+02 3.33723483e-01 1.00000000e+01]
[7.90000000e+02 2.25000000e+02 3.34066638e-01 8.00000000e+00]
[8.65000000e+02 8.45000000e+02 3.36316798e-01 3.20000000e+01]
[137.          43.           0.33644027   2.        ]
[8.66000000e+02 3.93000000e+02 3.37499714e-01 1.20000000e+01]
[4.96000000e+02 8.57000000e+02 3.38607355e-01 3.00000000e+00]
[4.65000000e+02 8.60000000e+02 3.38856475e-01 4.00000000e+00]
[8.64000000e+02 4.01000000e+02 3.39276771e-01 1.40000000e+01]
[8.50000000e+02 5.37000000e+02 3.40534831e-01 2.40000000e+01]
[1.51000000e+02 8.53000000e+02 3.41113121e-01 1.30000000e+01]
[4.82000000e+02 8.74000000e+02 3.41369459e-01 1.50000000e+01]
[8.39000000e+02 8.67000000e+02 3.41403396e-01 1.80000000e+01]
[5.00000000e+02 8.76000000e+02 3.41530944e-01 1.40000000e+01]
[1.11000000e+02 8.69000000e+02 3.42187762e-01 3.30000000e+01]
[8.63000000e+02 2.58000000e+02 3.42250186e-01 4.00000000e+00]
[8.58000000e+02 5.34000000e+02 3.42845332e-01 1.60000000e+01]
[3.42000000e+02 8.77000000e+02 3.42881078e-01 1.60000000e+01]
[8.70000000e+02 6.57000000e+02 3.44087051e-01 5.00000000e+00]
[2.42000000e+02 4.30000000e+02 3.44442255e-01 2.00000000e+00]
[3.87000000e+02 8.33000000e+02 3.44451339e-01 2.50000000e+01]
[8.37000000e+02 8.49000000e+02 3.44712787e-01 3.20000000e+01]
[4.80000000e+01 8.68000000e+02 3.45195461e-01 9.00000000e+00]
[4.51000000e+02 8.38000000e+02 3.45208224e-01 4.00000000e+00]
[8.35000000e+02 8.78000000e+02 3.46334476e-01 2.00000000e+01]
[5.83000000e+02 8.82000000e+02 3.46810197e-01 1.80000000e+01]
[3.60000000e+01 5.59000000e+02 3.47158391e-01 3.00000000e+00]
[8.87000000e+02 5.26000000e+02 3.49347453e-01 3.30000000e+01]
[8.5600000e+02 8.9100000e+02 3.4966991e-01 2.7000000e+01]
[3.98000000e+02 8.81000000e+02 3.50434435e-01 5.00000000e+00]
[2.41000000e+02 8.80000000e+02 3.50663601e-01 3.40000000e+01]
[7.40000000e+02 3.72000000e+02 3.50950506e-01 3.00000000e+00]
[8.75000000e+02 4.40000000e+02 3.51985349e-01 2.50000000e+01]
[4.72000000e+02 8.44000000e+02 3.52902225e-01 3.00000000e+00]
[4.20000000e+02 8.62000000e+02 3.54202808e-01 6.00000000e+00]
[4.0300000e+02 8.7300000e+02 3.5500052e-01 5.0000000e+00]
[6.90000000e+02 8.96000000e+02 3.55163493e-01 3.70000000e+01]
[8.98000000e+02 4.41000000e+02 3.55273384e-01 2.60000000e+01]
[8.54000000e+02 8.86000000e+02 3.56111123e-01 5.40000000e+01]
[2.5400000e+02 8.5900000e+02 3.5626243e-01 1.6000000e+01]
[4.83000000e+02 8.71000000e+02 3.56462168e-01 1.30000000e+01]
[1.50000000e+01 7.50000000e+02 3.57800982e-01 4.00000000e+00]
[2.87000000e+02 7.75000000e+02 3.58486836e-01 2.40000000e+01]
[2.3000000e+02 5.1200000e+02 3.5867836e-01 2.0000000e+00]
[9.03000000e+02 8.51000000e+02 3.58943794e-01 3.00000000e+01]
[7.19000000e+02 9.04000000e+02 3.60493596e-01 5.60000000e+01]
[8.47000000e+02 8.93000000e+02 3.60598678e-01 4.30000000e+01]
[5.90000000e+02 8.99000000e+02 3.60682176e-01 5.00000000e+00]
[3.85000000e+02 9.00000000e+02 3.62549025e-01 7.00000000e+00]
[1.45000000e+02 8.85000000e+02 3.64636341e-01 3.00000000e+00]
[9.09000000e+02 3.23000000e+02 3.64706014e-01 3.00000000e+00]
[4.75000000e+02 9.10000000e+02 3.67045306e-01 3.10000000e+01]
[5.10000000e+02 9.12000000e+02 3.67140492e-01 4.40000000e+01]
[1.33000000e+02 6.49000000e+02 3.67842736e-01 3.00000000e+00]
[9.16000000e+02 2.81000000e+02 3.69544673e-01 4.00000000e+00]
[3.7500000e+02 9.1400000e+02 3.7027145e-01 8.0000000e+00]
[1.38000000e+02 9.11000000e+02 3.70317788e-01 5.70000000e+01]
[8.90000000e+02 8.94000000e+02 3.70587577e-01 4.70000000e+01]
[8.88000000e+02 9.22000000e+02 3.72833942e-01 6.60000000e+01]
[3.6000000e+02 9.1700000e+02 3.7542592e-01 3.2000000e+01]
[4.64000000e+02 7.69000000e+02 3.75498037e-01 7.00000000e+00]
[4.28000000e+02 9.05000000e+02 3.76405612e-01 1.70000000e+01]
[1.49000000e+02 8.95000000e+02 3.76696886e-01 6.00000000e+00]
[3.70000000e+02 8.61000000e+02 3.77543436e-01 5.00000000e+00]
[9.20000000e+02 9.23000000e+02 3.78448757e-01 5.10000000e+01]
[4.91000000e+02 9.06000000e+02 3.81250404e-01 1.40000000e+01]
[2.79000000e+02 9.26000000e+02 3.81907916e-01 8.00000000e+00]
[3.64000000e+02 9.19000000e+02 3.82077049e-01 4.00000000e+00]
[4.59000000e+02 9.29000000e+02 3.82208131e-01 6.00000000e+00]
[1.67000000e+02 8.24000000e+02 3.82396982e-01 3.00000000e+00]
[5.05000000e+02 9.02000000e+02 3.83951169e-01 3.80000000e+01]
[6.26000000e+02 8.84000000e+02 3.84162456e-01 7.00000000e+00]
[4.25000000e+02 5.50000000e+02 3.84698837e-01 3.00000000e+00]
[3.04000000e+02 9.38000000e+02 3.85387404e-01 4.00000000e+00]
[8.72000000e+02 9.31000000e+02 3.88654139e-01 1.70000000e+01]
[9.01000000e+02 8.89000000e+02 3.88997646e-01 9.00000000e+00]
[9.90000000e+01 9.35000000e+02 3.89005848e-01 4.00000000e+00]
[3.25000000e+02 9.33000000e+02 3.91375253e-01 5.00000000e+00]
[4.50000000e+01 9.39000000e+02 3.91397485e-01 5.00000000e+00]
[5.14000000e+02 9.37000000e+02 3.92691089e-01 8.00000000e+00]
[8.83000000e+02 1.81000000e+02 3.93141587e-01 1.70000000e+01]
[9.46000000e+02 9.18000000e+02 3.94682549e-01 6.10000000e+01]
[257.          84.           0.39568377   2.        ]
[9.25000000e+02 2.00000000e+00 3.95765045e-01 3.30000000e+01]
[6.7900000e+02 9.4100000e+02 3.9638131e-01 1.3000000e+01]
[5.39000000e+02 4.11000000e+02 3.96596596e-01 2.00000000e+00]
[7.94000000e+02 9.47000000e+02 3.96835214e-01 6.30000000e+01]
[1.88000000e+02 9.36000000e+02 3.96933739e-01 3.90000000e+01]
[4.53000000e+02 9.45000000e+02 3.97139521e-01 9.00000000e+00]
[9.13000000e+02 9.54000000e+02 3.97176573e-01 1.40000000e+01]
[4.98000000e+02 8.92000000e+02 3.99512882e-01 4.00000000e+00]
[9.28000000e+02 9.27000000e+02 3.99525048e-01 2.30000000e+01]
[9.57000e+02 9.40000e+02 3.99971e-01 4.00000e+01]
[9.49000000e+02 5.19000000e+02 4.00729702e-01 3.40000000e+01]
[1.57000000e+02 9.55000000e+02 4.01922566e-01 1.50000000e+01]
[1.18000000e+02 9.21000000e+02 4.03485135e-01 9.00000000e+00]
[8.79000000e+02 3.06000000e+02 4.03571737e-01 1.50000000e+01]
[9.59000000e+02 4.07000000e+02 4.04045423e-01 3.50000000e+01]
[3.99000000e+02 9.56000000e+02 4.04121454e-01 5.00000000e+00]
[5.32000000e+02 9.30000000e+02 4.04553149e-01 5.20000000e+01]
[8.00000000e+00 9.53000000e+02 4.05932637e-01 4.00000000e+01]
[4.31000000e+02 8.27000000e+02 4.06268126e-01 5.00000000e+00]
[5.50000000e+01 9.64000000e+02 4.06916374e-01 6.00000000e+00]
[9.62000000e+02 9.52000000e+02 4.09356182e-01 7.80000000e+01]
[8.290000e+02 9.580000e+02 4.094459e-01 4.200000e+01]
[8.43000000e+02 9.42000000e+02 4.11760551e-01 2.10000000e+01]
[5.31000000e+02 9.50000000e+02 4.15594455e-01 1.40000000e+01]
[9.7100000e+02 3.3200000e+02 4.1603194e-01 2.2000000e+01]
[2.78000000e+02 9.69000000e+02 4.18153966e-01 7.90000000e+01]
[3.13000000e+02 9.70000000e+02 4.18379687e-01 4.30000000e+01]
[2.34000000e+02 9.65000000e+02 4.18793911e-01 5.30000000e+01]
[7.3000000e+01 8.9700000e+02 4.1908138e-01 4.0000000e+00]
[8.09000000e+02 6.09000000e+02 4.19333774e-01 5.00000000e+00]
[4.1000000e+01 9.6300000e+02 4.2051978e-01 3.6000000e+01]
[9.34000000e+02 9.51000000e+02 4.24246971e-01 8.00000000e+00]
[9.80000000e+02 9.77000000e+02 4.24917638e-01 1.20000000e+01]
[4.52000000e+02 9.79000000e+02 4.26269974e-01 3.70000000e+01]
[4.16000000e+02 4.55000000e+02 4.26997081e-01 2.00000000e+00]
[9.66000000e+02 9.60000000e+02 4.28308032e-01 5.50000000e+01]
[3.51000000e+02 9.72000000e+02 4.30429801e-01 1.50000000e+01]
[9.44000000e+02 4.34000000e+02 4.30651648e-01 6.00000000e+00]
[9.48000000e+02 4.74000000e+02 4.31319956e-01 3.00000000e+00]
[1.98000000e+02 9.83000000e+02 4.31602323e-01 3.00000000e+00]
[9.07000000e+02 9.61000000e+02 4.32367358e-01 1.30000000e+01]
[1.14000000e+02 9.32000000e+02 4.32933789e-01 9.00000000e+00]
[9.08000000e+02 9.24000000e+02 4.33820591e-01 9.00000000e+01]
[1.10000000e+01 9.89000000e+02 4.34065075e-01 1.40000000e+01]
[5.36000000e+02 9.82000000e+02 4.35623722e-01 3.80000000e+01]
[3.88000000e+02 9.85000000e+02 4.37480853e-01 1.60000000e+01]
[1.07000000e+02 9.94000000e+02 4.38349459e-01 1.70000000e+01]
[9.84000000e+02 6.60000000e+02 4.41773754e-01 6.00000000e+01]
[2.86000000e+02 9.91000000e+02 4.43028571e-01 9.10000000e+01]
[9.74000000e+02 9.67000000e+02 4.44042656e-01 8.40000000e+01]
[9.87000000e+02 9.43000000e+02 4.46711477e-01 8.00000000e+00]
[9.15000000e+02 9.98000000e+02 4.47042402e-01 8.70000000e+01]
[9.73000000e+02 9.75000000e+02 4.48578649e-01 6.50000000e+01]
[2.68000000e+02 1.00100000e+03 4.51598293e-01 6.60000000e+01]
[1.77000000e+02 9.68000000e+02 4.52095668e-01 7.00000000e+00]
[5.67000000e+02 9.81000000e+02 4.52710094e-01 1.40000000e+01]
[1.20000000e+02 9.90000000e+02 4.55794406e-01 1.00000000e+01]
[131.         60.          0.4558708   2.       ]
[4.70000000e+02 1.00200000e+03 4.59445841e-01 6.70000000e+01]
[7.0000000e+00 1.0000000e+03 4.5950689e-01 8.8000000e+01]
[4.88000000e+02 1.00600000e+03 4.62041749e-01 3.00000000e+00]
[2.23000000e+02 9.96000000e+02 4.64692316e-01 6.10000000e+01]
[3.54000000e+02 9.97000000e+02 4.69998681e-01 9.20000000e+01]
[9.88000000e+02 5.07000000e+02 4.70501543e-01 4.00000000e+00]
[2.35000000e+02 1.00800000e+03 4.71431696e-01 8.90000000e+01]
[1.69000000e+02 9.99000000e+02 4.72234849e-01 9.00000000e+00]
[3.90000000e+01 9.78000000e+02 4.74799961e-01 6.00000000e+00]
[1.01200000e+03 2.63000000e+02 4.77887446e-01 5.00000000e+00]
[9.76000000e+02 3.79000000e+02 4.85798817e-01 5.40000000e+01]
[1.01700000e+03 1.26000000e+02 4.86638332e-01 5.50000000e+01]
[4.7000000e+01 9.9500000e+02 4.8783961e-01 1.8000000e+01]
[1.01800000e+03 1.75000000e+02 4.89117909e-01 5.60000000e+01]
[5.02000000e+02 1.00700000e+03 4.89709903e-01 6.80000000e+01]
[1.01100000e+03 1.01300000e+03 4.90479712e-01 1.81000000e+02]
[1.02000000e+03 1.00300000e+03 4.91685377e-01 6.30000000e+01]
[5.06000000e+02 1.02100000e+03 4.92281735e-01 6.90000000e+01]
[1.34000000e+02 1.01000000e+03 4.93583967e-01 6.20000000e+01]
[3.95000000e+02 1.02500000e+03 4.95759008e-01 6.30000000e+01]
[1.02300000e+03 9.93000000e+02 4.96200369e-01 1.01000000e+02]
[3.10000000e+02 1.02400000e+03 5.01208089e-01 7.00000000e+01]
[9.92000000e+02 1.01500000e+03 5.01970089e-01 2.00000000e+01]
[1.02600000e+03 1.02200000e+03 5.10288574e-01 2.44000000e+02]
[1.00900000e+03 1.02900000e+03 5.22736362e-01 2.30000000e+01]
[2.8200000e+02 1.0300000e+03 5.2357464e-01 2.4500000e+02]
[1.01900000e+03 1.00500000e+03 5.24667679e-01 2.80000000e+01]
[1.0140000e+03 1.0330000e+03 5.2475131e-01 3.7000000e+01]
[1.01600000e+03 1.02700000e+03 5.26328233e-01 1.06000000e+02]
[1.00400000e+03 1.03200000e+03 5.26444307e-01 2.59000000e+02]
[3.77000000e+02 1.03600000e+03 5.27900112e-01 2.60000000e+02]
[3.5500000e+02 1.0340000e+03 5.3338811e-01 3.8000000e+01]
[4.23000000e+02 9.86000000e+02 5.47725103e-01 7.00000000e+00]
[1.0310000e+03 1.0390000e+03 5.5488673e-01 3.0000000e+01]
[7.88000000e+02 8.60000000e+01 5.57023514e-01 3.00000000e+00]
[1.03500000e+03 4.77000000e+02 5.68348977e-01 1.07000000e+02]
[1.91000000e+02 1.03800000e+03 5.69463062e-01 3.90000000e+01]
[3.68000000e+02 1.03700000e+03 5.71888431e-01 2.61000000e+02]
[1.0400000e+03 2.4300000e+02 5.8469918e-01 3.1000000e+01]
[1.62000000e+02 1.04500000e+03 5.84774013e-01 3.20000000e+01]
[1.00000000e+01 1.04600000e+03 5.87649976e-01 3.30000000e+01]
[1.08000000e+02 1.04200000e+03 5.88838869e-01 1.08000000e+02]
[7.25000000e+02 1.04300000e+03 5.90732694e-01 4.10000000e+01]
[1.04800000e+03 4.19000000e+02 6.01288923e-01 1.09000000e+02]
[1.05000000e+03 1.04400000e+03 6.02844326e-01 3.70000000e+02]
[1.04100000e+03 1.04900000e+03 6.10251927e-01 4.40000000e+01]
[3.16000000e+02 1.05200000e+03 6.12164874e-01 4.50000000e+01]
[1.13000000e+02 1.02800000e+03 6.13783983e-01 7.10000000e+01]
[5.04000000e+02 1.05400000e+03 6.14396863e-01 7.20000000e+01]
[1.71000000e+02 1.05500000e+03 6.37062811e-01 7.30000000e+01]
[7.70000000e+01 1.05600000e+03 6.49185048e-01 7.40000000e+01]
[4.58000000e+02 1.05300000e+03 6.55418198e-01 4.60000000e+01]
[4.20000000e+01 1.05100000e+03 6.56488994e-01 3.71000000e+02]
[5.33000000e+02 1.05900000e+03 6.77798207e-01 3.72000000e+02]
[1.66000000e+02 1.05800000e+03 6.87481473e-01 4.70000000e+01]
[1.79000000e+02 1.06000000e+03 6.89624129e-01 3.73000000e+02]
[1.06200000e+03 1.06100000e+03 7.09268848e-01 4.20000000e+02]
[1.0470000e+03 1.0570000e+03 7.1263138e-01 1.0700000e+02]
[1.47000000e+02 1.06300000e+03 7.14638284e-01 4.21000000e+02]
[2.1200000e+02 1.0640000e+03 7.1882994e-01 1.0800000e+02]
[2.7700000e+02 1.0650000e+03 7.2762772e-01 4.2200000e+02]
[1.30000000e+01 1.06700000e+03 7.42076282e-01 4.23000000e+02]
[3.19000000e+02 1.06600000e+03 7.67531506e-01 1.09000000e+02]
[3.14000000e+02 1.06800000e+03 7.71079657e-01 4.24000000e+02]
[1.07000000e+03 3.41000000e+02 7.79952293e-01 4.25000000e+02]
[2.89000000e+02 1.07100000e+03 7.80023237e-01 4.26000000e+02]
[1.06900000e+03 1.07200000e+03 7.98837816e-01 5.35000000e+02]
[1.07300000e+03 3.11000000e+02 8.42815948e-01 5.36000000e+02]
[1.07400000e+03 4.47000000e+02 8.42944584e-01 5.37000000e+02]
[2.4000000e+01 1.0750000e+03 1.0134188e+00 5.3800000e+02]
[1.07600000e+03 2.01000000e+02 1.04479126e+00 5.39000000e+02]
[1077.          429.            1.13329253  540.        ]
