[  1. 216.   0.   2.]
[540. 113.   0.   3.]
[  6. 129.   0.   2.]
[ 50. 135.   0.   2.]
[543. 329.   0.   3.]
[64. 68.  0.  2.]
[545.  93.   0.   3.]
[546. 123.   0.   4.]
[547. 214.   0.   5.]
[548. 261.   0.   6.]
[ 72. 437.   0.   2.]
[74. 91.  0.  2.]
[551. 317.   0.   3.]
[ 95. 152.   0.   2.]
[553. 240.   0.   3.]
[554. 301.   0.   4.]
[555. 308.   0.   5.]
[556. 220.   0.   6.]
[307. 557.   0.   7.]
[ 90. 518.   0.   2.]
[136. 336.   0.   2.]
[178. 245.   0.   2.]
[270. 271.   0.   2.]
[5.58000000e+02 5.44000000e+02 2.77891309e-09 1.00000000e+01]
[5.62000000e+02 4.00000000e+02 3.51223738e-09 3.00000000e+00]
[7.80000000e+01 1.25000000e+02 1.49011612e-08 2.00000000e+00]
[1.03000000e+02 1.96000000e+02 1.49011612e-08 2.00000000e+00]
[1.40000000e+02 3.80000000e+02 2.10734243e-08 2.00000000e+00]
[6.10000000e+01 2.36000000e+02 2.58095683e-08 2.00000000e+00]
[3.00000000e+02 3.02000000e+02 2.58095683e-08 2.00000000e+00]
[5.65000000e+02 3.15000000e+02 2.58095683e-08 3.00000000e+00]
[3.59000000e+02 4.13000000e+02 2.98023224e-08 2.00000000e+00]
[5.69000000e+02 4.68000000e+02 3.57913921e-08 3.00000000e+00]
[8.10000000e+01 2.95000000e+02 4.08085106e-08 2.00000000e+00]
[5.52000000e+02 2.74000000e+02 6.66400187e-08 4.00000000e+00]
[5.73000000e+02 5.63000000e+02 2.10052023e-02 1.20000000e+01]
[3.09000000e+02 3.94000000e+02 6.09340216e-02 2.00000000e+00]
[6.30000000e+01 4.26000000e+02 6.82892709e-02 2.00000000e+00]
[4.92000000e+02 5.23000000e+02 7.17697189e-02 2.00000000e+00]
[3.46000000e+02 4.38000000e+02 7.36893813e-02 2.00000000e+00]
[21.         40.          0.07668819  2.        ]
[2.48000000e+02 5.16000000e+02 7.68726219e-02 2.00000000e+00]
[1.24000000e+02 3.05000000e+02 7.75295169e-02 2.00000000e+00]
[3.00000000e+01 2.09000000e+02 7.81536849e-02 2.00000000e+00]
[5.67000000e+02 5.64000000e+02 7.85725969e-02 5.00000000e+00]
[4.36000000e+02 5.22000000e+02 7.86214305e-02 2.00000000e+00]
[4.90000000e+01 2.46000000e+02 7.86906561e-02 2.00000000e+00]
[3.48000000e+02 3.67000000e+02 8.24867171e-02 2.00000000e+00]
[8.00000000e+01 4.09000000e+02 8.38816605e-02 2.00000000e+00]
[65.        76.         0.0844121  2.       ]
[2.90000000e+02 5.30000000e+02 8.46468815e-02 2.00000000e+00]
[41.         52.          0.08491453  2.        ]
[3.66000000e+02 5.17000000e+02 8.57723241e-02 2.00000000e+00]
[3.97000000e+02 4.44000000e+02 8.67148723e-02 2.00000000e+00]
[3.39000000e+02 4.73000000e+02 8.72103252e-02 2.00000000e+00]
[2.13000000e+02 3.86000000e+02 8.85794796e-02 2.00000000e+00]
[3.03000000e+02 3.69000000e+02 9.50100737e-02 2.00000000e+00]
[2.18000000e+02 5.03000000e+02 9.56437237e-02 2.00000000e+00]
[2.70000000e+01 1.72000000e+02 9.57629452e-02 2.00000000e+00]
[2.05000000e+02 2.51000000e+02 9.68223711e-02 2.00000000e+00]
[1.44000000e+02 5.71000000e+02 9.81598065e-02 3.00000000e+00]
[1.65000000e+02 1.80000000e+02 1.00526231e-01 2.00000000e+00]
[2.9700000e+02 4.2700000e+02 1.0119787e-01 2.0000000e+00]
[3.96000000e+02 4.14000000e+02 1.02398712e-01 2.00000000e+00]
[1.85000000e+02 1.95000000e+02 1.03609484e-01 2.00000000e+00]
[1.43000000e+02 4.45000000e+02 1.04646094e-01 2.00000000e+00]
[4.00000000e+00 2.62000000e+02 1.04795446e-01 2.00000000e+00]
[1.7000000e+01 2.8300000e+02 1.0531416e-01 2.0000000e+00]
[5.74000000e+02 2.04000000e+02 1.06265271e-01 5.00000000e+00]
[5.84000000e+02 1.70000000e+02 1.06724531e-01 6.00000000e+00]
[2.47000000e+02 2.49000000e+02 1.08305504e-01 2.00000000e+00]
[6.01000000e+02 2.91000000e+02 1.08642805e-01 3.00000000e+00]
[6.20000000e+01 1.12000000e+02 1.08659767e-01 2.00000000e+00]
[1.60000000e+01 4.39000000e+02 1.12518109e-01 2.00000000e+00]
[1.55000000e+02 2.72000000e+02 1.17562608e-01 2.00000000e+00]
[4.15000000e+02 4.60000000e+02 1.19160629e-01 2.00000000e+00]
[4.18000000e+02 4.61000000e+02 1.19567279e-01 2.00000000e+00]
[2.90000000e+01 4.86000000e+02 1.19934212e-01 2.00000000e+00]
[4.02000000e+02 4.89000000e+02 1.20082622e-01 2.00000000e+00]
[6.08000000e+02 1.64000000e+02 1.23104335e-01 6.00000000e+00]
[5.75000000e+02 6.09000000e+02 1.23205214e-01 1.80000000e+01]
[6.1100000e+02 2.0800000e+02 1.2597397e-01 4.0000000e+00]
[6.06000000e+02 2.21000000e+02 1.28591081e-01 3.00000000e+00]
[3.20000000e+02 4.06000000e+02 1.32079952e-01 2.00000000e+00]
[3.81000000e+02 4.05000000e+02 1.37771339e-01 2.00000000e+00]
[1.40000000e+01 4.33000000e+02 1.37805148e-01 2.00000000e+00]
[1.9000000e+01 2.2900000e+02 1.3788168e-01 2.0000000e+00]
[6.20000000e+02 2.19000000e+02 1.41134067e-01 1.90000000e+01]
[6.270000e+02 1.300000e+02 1.439299e-01 2.000000e+01]
[3.56000000e+02 4.67000000e+02 1.46061689e-01 2.00000000e+00]
[6.21000000e+02 2.33000000e+02 1.51592635e-01 5.00000000e+00]
[ 54.         148.           0.15457617   2.        ]
[3.18000000e+02 5.09000000e+02 1.54951103e-01 2.00000000e+00]
[2.76000000e+02 3.45000000e+02 1.56193263e-01 2.00000000e+00]
[3.33000000e+02 6.30000000e+02 1.57303307e-01 6.00000000e+00]
[1.42000000e+02 5.19000000e+02 1.58532803e-01 2.00000000e+00]
[2.070000e+02 2.560000e+02 1.596461e-01 2.000000e+00]
[5.91000000e+02 3.82000000e+02 1.62053077e-01 3.00000000e+00]
[6.12000000e+02 6.34000000e+02 1.62446827e-01 8.00000000e+00]
[6.3800000e+02 1.2800000e+02 1.6312414e-01 9.0000000e+00]
[3.93000000e+02 5.11000000e+02 1.63940456e-01 2.00000000e+00]
[6.19000000e+02 1.21000000e+02 1.66568985e-01 7.00000000e+00]
[3.34000000e+02 6.28000000e+02 1.67414048e-01 2.10000000e+01]
[2.37000000e+02 4.90000000e+02 1.72939404e-01 2.00000000e+00]
[5.60000000e+02 1.76000000e+02 1.73503045e-01 3.00000000e+00]
[2.00000000e+01 2.65000000e+02 1.73852353e-01 2.00000000e+00]
[1.83000000e+02 3.47000000e+02 1.76835119e-01 2.00000000e+00]
[3.61000000e+02 5.27000000e+02 1.77114442e-01 2.00000000e+00]
[  9.         156.           0.17981114   2.        ]
[6.39000000e+02 1.15000000e+02 1.81307701e-01 1.00000000e+01]
[2.06000000e+02 3.22000000e+02 1.81657198e-01 2.00000000e+00]
[6.26000000e+02 1.04000000e+02 1.85279368e-01 3.00000000e+00]
[3.00000000e+00 2.98000000e+02 1.90549236e-01 2.00000000e+00]
[160.         173.           0.19072631   2.        ]
[7.00000000e+01 6.46000000e+02 1.95126812e-01 3.00000000e+00]
[6.42000000e+02 6.51000000e+02 1.96564343e-01 2.40000000e+01]
[2.39000000e+02 6.55000000e+02 1.97628952e-01 2.50000000e+01]
[117.        153.          0.1976543   2.       ]
[5.99000000e+02 5.72000000e+02 2.00000907e-01 5.00000000e+00]
[6.45000000e+02 6.36000000e+02 2.00270448e-01 4.00000000e+00]
[1.97000000e+02 5.90000000e+02 2.00835613e-01 3.00000000e+00]
[5.25000000e+02 6.18000000e+02 2.01303678e-01 3.00000000e+00]
[2.64000000e+02 2.75000000e+02 2.03293078e-01 2.00000000e+00]
[5.00000000e+00 6.59000000e+02 2.07831462e-01 5.00000000e+00]
[6.48000000e+02 5.70000000e+02 2.13990801e-01 5.00000000e+00]
[9.20000000e+01 2.69000000e+02 2.16823749e-01 2.00000000e+00]
[5.80000000e+01 2.38000000e+02 2.17232346e-01 2.00000000e+00]
[2.15000000e+02 5.15000000e+02 2.18173895e-01 2.00000000e+00]
[ 67.         150.           0.21833893   2.        ]
[2.17000000e+02 2.22000000e+02 2.18628732e-01 2.00000000e+00]
[5.88000000e+02 5.81000000e+02 2.19778892e-01 4.00000000e+00]
[6.41000000e+02 1.74000000e+02 2.19953633e-01 8.00000000e+00]
[5.61000000e+02 3.58000000e+02 2.20956839e-01 3.00000000e+00]
[6.22000000e+02 6.56000000e+02 2.21127137e-01 2.80000000e+01]
[154.          46.           0.22295426   2.        ]
[ 82.         182.           0.22341977   2.        ]
[6.53000000e+02 6.63000000e+02 2.23705518e-01 7.00000000e+00]
[2.32000000e+02 5.78000000e+02 2.23829214e-01 3.00000000e+00]
[ 33.        122.          0.2239195   2.       ]
[1.01000000e+02 3.12000000e+02 2.24052088e-01 2.00000000e+00]
[5.95000000e+02 4.71000000e+02 2.24903515e-01 3.00000000e+00]
[4.21000000e+02 5.29000000e+02 2.27826448e-01 2.00000000e+00]
[8.80000000e+01 4.10000000e+02 2.28555932e-01 2.00000000e+00]
[6.65000000e+02 1.92000000e+02 2.29608868e-01 3.00000000e+00]
[3.28000000e+02 4.80000000e+02 2.30749557e-01 2.00000000e+00]
[4.46000000e+02 6.61000000e+02 2.30936588e-01 4.00000000e+00]
[6.74000000e+02 3.27000000e+02 2.31660086e-01 3.00000000e+00]
[6.60000000e+02 4.79000000e+02 2.32465727e-01 4.00000000e+00]
[6.4400000e+02 6.5800000e+02 2.3259157e-01 8.0000000e+00]
[ 51.         100.           0.23282999   2.        ]
[6.73000000e+02 6.62000000e+02 2.33342917e-01 3.00000000e+01]
[3.31000000e+02 4.42000000e+02 2.34869655e-01 2.00000000e+00]
[2.5500000e+02 6.8700000e+02 2.3547233e-01 5.0000000e+00]
[3.6300000e+02 5.2100000e+02 2.3565011e-01 2.0000000e+00]
[3.50000000e+01 6.76000000e+02 2.36531679e-01 8.00000000e+00]
[9.70000000e+01 4.85000000e+02 2.37285122e-01 2.00000000e+00]
[4.48000000e+02 6.90000000e+02 2.37694631e-01 3.10000000e+01]
[2.28000000e+02 3.57000000e+02 2.38677166e-01 2.00000000e+00]
[9.80000000e+01 6.14000000e+02 2.39956883e-01 3.00000000e+00]
[4.08000000e+02 4.50000000e+02 2.40327993e-01 2.00000000e+00]
[6.68000000e+02 4.95000000e+02 2.40403832e-01 3.00000000e+00]
[1.80000000e+01 2.94000000e+02 2.41594959e-01 2.00000000e+00]
[2.10000000e+02 3.83000000e+02 2.41606515e-01 2.00000000e+00]
[3.35000000e+02 3.38000000e+02 2.42384232e-01 2.00000000e+00]
[6.77000000e+02 5.92000000e+02 2.44061986e-01 5.00000000e+00]
[6.64000000e+02 1.99000000e+02 2.44199329e-01 6.00000000e+00]
[1.02000000e+02 6.92000000e+02 2.44549367e-01 6.00000000e+00]
[3.26000000e+02 3.76000000e+02 2.44712793e-01 2.00000000e+00]
[5.42000000e+02 6.33000000e+02 2.44921477e-01 4.00000000e+00]
[3.65000000e+02 4.43000000e+02 2.45332179e-01 2.00000000e+00]
[3.3000000e+02 6.5400000e+02 2.4548481e-01 4.0000000e+00]
[6.96000000e+02 4.54000000e+02 2.46257036e-01 3.20000000e+01]
[2.11000000e+02 6.24000000e+02 2.46342599e-01 3.00000000e+00]
[6.32000000e+02 3.91000000e+02 2.47684196e-01 3.00000000e+00]
[6.8900000e+02 7.5000000e+01 2.4781334e-01 3.0000000e+00]
[3.20000000e+01 4.87000000e+02 2.48336591e-01 2.00000000e+00]
[2.59000000e+02 3.87000000e+02 2.50008364e-01 2.00000000e+00]
[6.13000000e+02 2.30000000e+01 2.50839938e-01 3.00000000e+00]
[5.70000000e+01 6.80000000e+02 2.50945619e-01 4.00000000e+00]
[6.71000000e+02 6.57000000e+02 2.51272695e-01 1.00000000e+01]
[3.73000000e+02 9.40000000e+01 2.51311148e-01 2.00000000e+00]
[7.10000000e+01 4.62000000e+02 2.51338993e-01 2.00000000e+00]
[7.19000000e+02 8.70000000e+01 2.51410948e-01 1.10000000e+01]
[7.04000000e+02 3.71000000e+02 2.51750389e-01 6.00000000e+00]
[4.66000000e+02 4.94000000e+02 2.51851651e-01 2.00000000e+00]
[6.94000000e+02 6.86000000e+02 2.54490268e-01 1.10000000e+01]
[7.25000000e+02 8.50000000e+01 2.54784734e-01 1.20000000e+01]
[2.26000000e+02 7.06000000e+02 2.54937627e-01 7.00000000e+00]
[3.43000000e+02 3.44000000e+02 2.55122979e-01 2.00000000e+00]
[7.02000000e+02 3.74000000e+02 2.56212503e-01 3.00000000e+00]
[5.49000000e+02 3.24000000e+02 2.56217603e-01 7.00000000e+00]
[5.87000000e+02 5.26000000e+02 2.56481201e-01 3.00000000e+00]
[6.85000000e+02 6.79000000e+02 2.57097828e-01 6.00000000e+00]
[6.84000000e+02 7.11000000e+02 2.57216763e-01 3.40000000e+01]
[6.81000000e+02 7.32000000e+02 2.58207414e-01 8.00000000e+00]
[110.         168.           0.25828495   2.        ]
[6.43000000e+02 3.84000000e+02 2.58787168e-01 3.00000000e+00]
[1.20000000e+01 3.90000000e+02 2.59421332e-01 2.00000000e+00]
[3.40000000e+02 7.15000000e+02 2.60588905e-01 3.00000000e+00]
[9.90000000e+01 2.66000000e+02 2.62463783e-01 2.00000000e+00]
[3.32000000e+02 4.69000000e+02 2.63059051e-01 2.00000000e+00]
[6.49000000e+02 2.02000000e+02 2.63627185e-01 1.10000000e+01]
[139.         253.           0.26386305   2.        ]
[6.72000000e+02 6.98000000e+02 2.64589224e-01 6.00000000e+00]
[109.         235.           0.26695827   2.        ]
[2.27000000e+02 3.50000000e+02 2.67069085e-01 2.00000000e+00]
[6.66000000e+02 1.06000000e+02 2.67233267e-01 3.00000000e+00]
[7.14000000e+02 7.27000000e+02 2.68206744e-01 1.00000000e+01]
[2.80000000e+01 6.91000000e+02 2.68554724e-01 3.00000000e+00]
[6.8200000e+02 7.2300000e+02 2.6877037e-01 8.0000000e+00]
[6.70000000e+02 6.00000000e+02 2.70072728e-01 7.00000000e+00]
[5.89000000e+02 5.01000000e+02 2.70750254e-01 3.00000000e+00]
[2.60000000e+01 7.20000000e+02 2.70931885e-01 3.00000000e+00]
[2.44000000e+02 7.43000000e+02 2.71926977e-01 7.00000000e+00]
[6.88000000e+02 6.52000000e+02 2.73296926e-01 1.00000000e+01]
[7.28000000e+02 4.84000000e+02 2.73444856e-01 3.00000000e+00]
[7.50000000e+02 1.58000000e+02 2.73820186e-01 8.00000000e+00]
[2.24000000e+02 5.37000000e+02 2.73878282e-01 2.00000000e+00]
[2.99000000e+02 3.95000000e+02 2.74258611e-01 2.00000000e+00]
[7.18000000e+02 4.57000000e+02 2.74294649e-01 5.00000000e+00]
[4.22000000e+02 7.34000000e+02 2.75765007e-01 9.00000000e+00]
[6.60000000e+01 5.66000000e+02 2.76228465e-01 3.00000000e+00]
[6.75000000e+02 7.12000000e+02 2.76546007e-01 5.00000000e+00]
[4.49000000e+02 4.82000000e+02 2.76732071e-01 2.00000000e+00]
[2.96000000e+02 6.15000000e+02 2.78079006e-01 3.00000000e+00]
[116.         146.           0.27865996   2.        ]
[4.40000000e+01 4.52000000e+02 2.79512644e-01 2.00000000e+00]
[6.9500000e+02 7.4700000e+02 2.7965155e-01 1.2000000e+01]
[7.05000000e+02 6.40000000e+02 2.80669197e-01 8.00000000e+00]
[2.52000000e+02 4.63000000e+02 2.80957806e-01 2.00000000e+00]
[7.0700000e+02 3.3700000e+02 2.8130921e-01 3.0000000e+00]
[0.00000000e+00 4.91000000e+02 2.81441442e-01 2.00000000e+00]
[7.16000000e+02 7.10000000e+02 2.81658849e-01 6.00000000e+00]
[3.89000000e+02 6.07000000e+02 2.81921275e-01 3.00000000e+00]
[2.67000000e+02 7.73000000e+02 2.82463923e-01 4.00000000e+00]
[5.77000000e+02 4.93000000e+02 2.82954999e-01 3.00000000e+00]
[2.50000000e+01 4.04000000e+02 2.83007112e-01 2.00000000e+00]
[9.60000000e+01 5.76000000e+02 2.83696173e-01 3.00000000e+00]
[5.60000000e+01 6.67000000e+02 2.83977088e-01 3.00000000e+00]
[6.31000000e+02 7.00000000e+02 2.84603588e-01 5.00000000e+00]
[7.62000000e+02 1.27000000e+02 2.84806396e-01 6.00000000e+00]
[1.89000000e+02 5.38000000e+02 2.84846829e-01 2.00000000e+00]
[4.35000000e+02 7.68000000e+02 2.84849012e-01 9.00000000e+00]
[7.67000000e+02 7.59000000e+02 2.85244328e-01 1.70000000e+01]
[6.16000000e+02 5.85000000e+02 2.85440642e-01 4.00000000e+00]
[6.97000000e+02 7.60000000e+02 2.85613522e-01 1.10000000e+01]
[8.30000000e+01 7.03000000e+02 2.87094002e-01 3.00000000e+00]
[3.80000000e+01 7.54000000e+02 2.87942967e-01 1.10000000e+01]
[7.49000000e+02 7.57000000e+02 2.87947823e-01 1.00000000e+01]
[3.53000000e+02 5.20000000e+02 2.88664458e-01 2.00000000e+00]
[3.40000000e+01 7.26000000e+02 2.88839902e-01 1.30000000e+01]
[7.5200000e+02 2.9300000e+02 2.8975529e-01 4.0000000e+00]
[5.80000000e+02 5.13000000e+02 2.90469327e-01 3.00000000e+00]
[1.94000000e+02 7.69000000e+02 2.90923876e-01 3.00000000e+00]
[161.         260.           0.29174276   2.        ]
[4.72000000e+02 5.08000000e+02 2.92350718e-01 2.00000000e+00]
[7.35000000e+02 7.31000000e+02 2.92456621e-01 5.00000000e+00]
[3.52000000e+02 7.24000000e+02 2.92645159e-01 3.00000000e+00]
[6.50000000e+02 2.25000000e+02 2.93024042e-01 3.00000000e+00]
[1.86000000e+02 7.41000000e+02 2.93620379e-01 1.20000000e+01]
[6.04000000e+02 7.48000000e+02 2.94823674e-01 5.00000000e+00]
[5.98000000e+02 7.77000000e+02 2.94886262e-01 5.00000000e+00]
[5.82000000e+02 4.12000000e+02 2.96072168e-01 3.00000000e+00]
[7.72000000e+02 7.90000000e+02 2.96552336e-01 1.90000000e+01]
[8.03000000e+02 7.38000000e+02 2.96904528e-01 2.20000000e+01]
[7.45000000e+02 8.04000000e+02 2.97300798e-01 2.40000000e+01]
[7.80000000e+02 7.33000000e+02 2.97444237e-01 4.00000000e+01]
[1.05000000e+02 6.99000000e+02 2.97553319e-01 3.00000000e+00]
[5.35000000e+02 7.83000000e+02 2.97590382e-01 1.80000000e+01]
[4.78000000e+02 7.56000000e+02 2.98700423e-01 9.00000000e+00]
[2.92000000e+02 3.98000000e+02 2.98704415e-01 2.00000000e+00]
[6.69000000e+02 7.92000000e+02 3.00098764e-01 5.00000000e+00]
[7.8500000e+02 7.6300000e+02 3.0047061e-01 1.3000000e+01]
[4.76000000e+02 4.97000000e+02 3.00936339e-01 2.00000000e+00]
[7.17000000e+02 1.19000000e+02 3.02125108e-01 4.00000000e+00]
[5.24000000e+02 7.51000000e+02 3.04787206e-01 4.00000000e+00]
[1.63000000e+02 4.40000000e+02 3.05960946e-01 2.00000000e+00]
[7.8100000e+02 3.4900000e+02 3.0649104e-01 3.0000000e+00]
[5.30000000e+01 4.56000000e+02 3.11629999e-01 2.00000000e+00]
[1.84000000e+02 7.91000000e+02 3.11976139e-01 5.00000000e+00]
[1.7500000e+02 6.4700000e+02 3.1227816e-01 3.0000000e+00]
[1.51000000e+02 7.97000000e+02 3.12493421e-01 4.00000000e+00]
[7.65000000e+02 7.70000000e+02 3.12749338e-01 5.00000000e+00]
[1.59000000e+02 3.21000000e+02 3.13237021e-01 2.00000000e+00]
[231.         234.           0.31345746   2.        ]
[7.46000000e+02 2.63000000e+02 3.14430191e-01 4.00000000e+00]
[7.8700000e+02 7.4400000e+02 3.1479381e-01 1.3000000e+01]
[6.78000000e+02 3.62000000e+02 3.15174273e-01 3.00000000e+00]
[7.13000000e+02 5.12000000e+02 3.15276955e-01 4.00000000e+00]
[5.93000000e+02 8.00000000e+02 3.15627047e-01 7.00000000e+00]
[8.01000000e+02 4.32000000e+02 3.16202237e-01 6.00000000e+00]
[6.29000000e+02 4.96000000e+02 3.16680807e-01 3.00000000e+00]
[8.1900000e+02 2.0300000e+02 3.1672174e-01 6.0000000e+00]
[7.3700000e+02 4.2400000e+02 3.1677275e-01 3.0000000e+00]
[3.78000000e+02 8.08000000e+02 3.16906629e-01 1.90000000e+01]
[3.70000000e+01 7.74000000e+02 3.17385035e-01 5.00000000e+00]
[7.53000000e+02 2.85000000e+02 3.17981696e-01 8.00000000e+00]
[8.12000000e+02 8.15000000e+02 3.18053138e-01 1.70000000e+01]
[7.64000000e+02 5.96000000e+02 3.18197309e-01 5.00000000e+00]
[1.32000000e+02 3.72000000e+02 3.19186237e-01 2.00000000e+00]
[7.78000000e+02 4.99000000e+02 3.19421626e-01 4.00000000e+00]
[7.55000000e+02 8.13000000e+02 3.19598916e-01 5.00000000e+00]
[1.1100000e+02 8.1700000e+02 3.1975473e-01 4.0000000e+00]
[ 89.         257.           0.32056264   2.        ]
[6.25000000e+02 2.20000000e+01 3.20629664e-01 3.00000000e+00]
[6.02000000e+02 8.29000000e+02 3.22401269e-01 9.00000000e+00]
[3.92000000e+02 5.05000000e+02 3.23562839e-01 2.00000000e+00]
[7.96000000e+02 8.36000000e+02 3.23909166e-01 1.30000000e+01]
[7.00000000e+00 5.28000000e+02 3.24558281e-01 2.00000000e+00]
[7.75000000e+02 8.37000000e+02 3.24769358e-01 2.00000000e+01]
[ 73.         200.           0.32494908   2.        ]
[7.88000000e+02 3.10000000e+01 3.25397184e-01 1.10000000e+01]
[8.14000000e+02 8.05000000e+02 3.26117225e-01 2.80000000e+01]
[250.         284.           0.32621921   2.        ]
[7.36000000e+02 4.81000000e+02 3.26377557e-01 4.00000000e+00]
[7.22000000e+02 6.83000000e+02 3.26923118e-01 1.40000000e+01]
[8.07000000e+02 8.38000000e+02 3.27245302e-01 8.00000000e+00]
[ 43.         273.           0.32749049   2.        ]
[7.30000000e+02 8.26000000e+02 3.27890472e-01 2.00000000e+01]
[8.5100000e+02 1.4100000e+02 3.2848302e-01 1.2000000e+01]
[193.         279.           0.32856992   2.        ]
[7.71000000e+02 1.37000000e+02 3.28917364e-01 3.00000000e+00]
[5.50000000e+01 7.94000000e+02 3.29601128e-01 3.00000000e+00]
[5.94000000e+02 4.64000000e+02 3.29727082e-01 3.00000000e+00]
[8.32000000e+02 8.22000000e+02 3.29932888e-01 1.10000000e+01]
[7.90000000e+01 3.75000000e+02 3.30236411e-01 2.00000000e+00]
[6.10000000e+02 2.58000000e+02 3.30579544e-01 3.00000000e+00]
[7.08000000e+02 8.06000000e+02 3.30671632e-01 4.40000000e+01]
[7.76000000e+02 1.87000000e+02 3.34107839e-01 3.00000000e+00]
[1.90000000e+02 8.25000000e+02 3.35939883e-01 5.00000000e+00]
[8.35000000e+02 7.86000000e+02 3.35981379e-01 8.00000000e+00]
[8.11000000e+02 5.10000000e+02 3.37251543e-01 6.00000000e+00]
[4.03000000e+02 4.65000000e+02 3.38856475e-01 2.00000000e+00]
[8.33000000e+02 8.49000000e+02 3.40612669e-01 2.30000000e+01]
[7.89000000e+02 8.64000000e+02 3.40986585e-01 1.30000000e+01]
[8.55000000e+02 7.99000000e+02 3.41191127e-01 2.60000000e+01]
[8.67000000e+02 2.54000000e+02 3.41258353e-01 4.50000000e+01]
[2.81000000e+02 8.28000000e+02 3.41272755e-01 5.00000000e+00]
[5.00000000e+02 8.21000000e+02 3.41530944e-01 5.00000000e+00]
[8.09000000e+02 8.30000000e+02 3.41681441e-01 1.50000000e+01]
[8.16000000e+02 8.59000000e+02 3.42226127e-01 1.40000000e+01]
[3.42000000e+02 3.68000000e+02 3.42881078e-01 2.00000000e+00]
[8.31000000e+02 8.34000000e+02 3.42998537e-01 2.20000000e+01]
[2.86000000e+02 7.95000000e+02 3.43162512e-01 3.00000000e+00]
[8.45000000e+02 5.79000000e+02 3.44206389e-01 1.10000000e+01]
[145.         242.           0.34444225   2.        ]
[7.79000000e+02 8.58000000e+02 3.45046288e-01 2.50000000e+01]
[ 48.         138.           0.34519546   2.        ]
[4.51000000e+02 5.31000000e+02 3.45208224e-01 2.00000000e+00]
[8.20000000e+02 7.84000000e+02 3.45558968e-01 7.00000000e+00]
[4.25000000e+02 7.82000000e+02 3.46594765e-01 1.00000000e+01]
[8.10000000e+02 4.20000000e+02 3.46963693e-01 3.00000000e+00]
[3.60000000e+01 5.59000000e+02 3.47158391e-01 3.00000000e+00]
[1.00000000e+01 7.98000000e+02 3.48833725e-01 4.00000000e+00]
[1.81000000e+02 4.01000000e+02 3.48836489e-01 2.00000000e+00]
[7.4200000e+02 8.4700000e+02 3.4908836e-01 1.5000000e+01]
[5.90000000e+01 8.75000000e+02 3.49090557e-01 2.70000000e+01]
[8.7900000e+02 8.4100000e+02 3.5010413e-01 2.0000000e+01]
[8.70000000e+02 8.23000000e+02 3.50309838e-01 1.00000000e+01]
[188.        241.          0.3506636   2.       ]
[8.40000000e+02 8.97000000e+02 3.50680106e-01 2.40000000e+01]
[8.76000000e+02 8.52000000e+02 3.52465488e-01 7.30000000e+01]
[8.39000000e+02 1.49000000e+02 3.52543977e-01 3.00000000e+00]
[6.90000000e+01 8.66000000e+02 3.52877164e-01 4.00000000e+00]
[3.23000000e+02 5.34000000e+02 3.56563025e-01 2.00000000e+00]
[8.61000000e+02 4.83000000e+02 3.56580712e-01 4.00000000e+00]
[1.50000000e+01 7.29000000e+02 3.57800982e-01 4.00000000e+00]
[8.71000000e+02 7.58000000e+02 3.58051079e-01 8.00000000e+00]
[2.3000000e+02 5.3200000e+02 3.5867836e-01 2.0000000e+00]
[9.00000000e+02 2.88000000e+02 3.59256856e-01 2.50000000e+01]
[7.01000000e+02 3.54000000e+02 3.60493596e-01 3.00000000e+00]
[5.86000000e+02 1.57000000e+02 3.60682176e-01 3.00000000e+00]
[8.74000000e+02 8.73000000e+02 3.64332966e-01 3.60000000e+01]
[6.35000000e+02 3.25000000e+02 3.65325484e-01 3.00000000e+00]
[4.07000000e+02 4.75000000e+02 3.67045306e-01 2.00000000e+00]
[8.56000000e+02 9.01000000e+02 3.67317455e-01 8.10000000e+01]
[8.68000000e+02 8.82000000e+02 3.68944091e-01 2.50000000e+01]
[9.12000000e+02 8.69000000e+02 3.69667905e-01 4.10000000e+01]
[8.27000000e+02 2.78000000e+02 3.69756946e-01 4.00000000e+00]
[8.42000000e+02 8.99000000e+02 3.70736486e-01 6.00000000e+00]
[5.83000000e+02 8.80000000e+02 3.71033348e-01 1.60000000e+01]
[4.41000000e+02 9.20000000e+02 3.71624737e-01 1.70000000e+01]
[8.54000000e+02 9.17000000e+02 3.73536467e-01 4.50000000e+01]
[3.60000000e+02 9.14000000e+02 3.74674471e-01 3.00000000e+00]
[7.66000000e+02 8.84000000e+02 3.75732141e-01 1.30000000e+01]
[1.14000000e+02 8.60000000e+02 3.75958472e-01 3.00000000e+00]
[8.720000e+02 8.880000e+02 3.761103e-01 4.000000e+00]
[8.98000000e+02 8.65000000e+02 3.77186033e-01 1.20000000e+01]
[3.70000000e+02 9.18000000e+02 3.77543436e-01 5.00000000e+00]
[3.85000000e+02 9.05000000e+02 3.78601294e-01 5.00000000e+00]
[8.95000000e+02 4.53000000e+02 3.79933027e-01 1.60000000e+01]
[133.         364.           0.38089677   2.        ]
[9.10000000e+02 2.87000000e+02 3.80922731e-01 4.00000000e+00]
[8.57000000e+02 9.15000000e+02 3.81276166e-01 8.30000000e+01]
[9.16000000e+02 9.07000000e+02 3.81560754e-01 3.30000000e+01]
[5.68000000e+02 4.59000000e+02 3.82208131e-01 3.00000000e+00]
[8.87000000e+02 8.86000000e+02 3.82748276e-01 2.70000000e+01]
[2.23000000e+02 6.23000000e+02 3.84162456e-01 3.00000000e+00]
[8.44000000e+02 6.93000000e+02 3.84731576e-01 5.00000000e+00]
[8.77000000e+02 9.22000000e+02 3.85236031e-01 5.00000000e+01]
[ 60.        304.          0.3853874   2.       ]
[6.17000000e+02 8.63000000e+02 3.86030306e-01 5.00000000e+00]
[8.89000000e+02 8.94000000e+02 3.88047492e-01 9.00000000e+00]
[9.02000000e+02 1.67000000e+02 3.88186801e-01 4.00000000e+00]
[9.110000e+02 5.140000e+02 3.887596e-01 4.000000e+00]
[8.91000000e+02 9.34000000e+02 3.89086152e-01 3.60000000e+01]
[8.4800000e+02 4.3000000e+02 3.8975973e-01 3.0000000e+00]
[8.960000e+02 3.130000e+02 3.898852e-01 2.800000e+01]
[9.0900000e+02 9.3900000e+02 3.9019653e-01 7.5000000e+01]
[9.19000000e+02 9.30000000e+02 3.90891293e-01 2.20000000e+01]
[8.18000000e+02 4.28000000e+02 3.91100375e-01 3.00000000e+00]
[4.50000000e+01 4.34000000e+02 3.91397485e-01 2.00000000e+00]
[8.90000000e+02 9.26000000e+02 3.91417726e-01 1.40000000e+01]
[7.39000000e+02 2.68000000e+02 3.91957568e-01 3.00000000e+00]
[8.00000000e+00 9.49000000e+02 3.96812936e-01 2.30000000e+01]
[3.99000000e+02 9.33000000e+02 3.96932804e-01 8.40000000e+01]
[9.24000000e+02 9.48000000e+02 3.96977748e-01 8.80000000e+01]
[8.81000000e+02 8.78000000e+02 3.97083781e-01 7.00000000e+00]
[9.27000000e+02 9.45000000e+02 3.98876853e-01 4.80000000e+01]
[1.77000000e+02 4.98000000e+02 3.99512882e-01 2.00000000e+00]
[9.06000000e+02 1.18000000e+02 4.03485135e-01 5.00000000e+00]
[8.92000000e+02 4.55000000e+02 4.04219114e-01 4.00000000e+00]
[3.77000000e+02 4.31000000e+02 4.06268126e-01 2.00000000e+00]
[8.53000000e+02 9.36000000e+02 4.06439843e-01 2.90000000e+01]
[9.13000000e+02 4.74000000e+02 4.07575874e-01 4.00000000e+00]
[9.29000000e+02 9.58000000e+02 4.08268025e-01 5.30000000e+01]
[8.85000000e+02 9.04000000e+02 4.08788149e-01 4.00000000e+00]
[9.35000000e+02 4.17000000e+02 4.09827727e-01 4.00000000e+00]
[2.00000000e+00 9.21000000e+02 4.10016199e-01 1.80000000e+01]
[5.50000000e+02 9.52000000e+02 4.10997262e-01 1.60000000e+01]
[8.24000000e+02 3.79000000e+02 4.11447095e-01 3.00000000e+00]
[6.37000000e+02 9.40000000e+02 4.16465294e-01 5.00000000e+00]
[9.54000000e+02 8.83000000e+02 4.16542997e-01 2.60000000e+01]
[9.47000000e+02 9.53000000e+02 4.17352522e-01 3.10000000e+01]
[8.40000000e+01 9.41000000e+02 4.17454447e-01 6.00000000e+00]
[7.40000000e+02 9.73000000e+02 4.19048084e-01 3.30000000e+01]
[8.02000000e+02 6.05000000e+02 4.19333774e-01 5.00000000e+00]
[8.50000000e+02 5.39000000e+02 4.19415023e-01 3.00000000e+00]
[9.50000000e+02 2.82000000e+02 4.21134576e-01 4.00000000e+00]
[9.43000000e+02 4.11000000e+02 4.21258819e-01 5.00000000e+00]
[9.03000000e+02 9.65000000e+02 4.21689403e-01 5.70000000e+01]
[9.72000000e+02 9.55000000e+02 4.22460015e-01 1.10000000e+02]
[9.64000000e+02 1.98000000e+02 4.23851897e-01 5.00000000e+00]
[7.93000000e+02 8.46000000e+02 4.27055598e-01 5.00000000e+00]
[9.68000000e+02 4.70000000e+01 4.28097098e-01 1.90000000e+01]
[9.80000000e+02 9.81000000e+02 4.28194452e-01 1.67000000e+02]
[3.90000000e+01 5.97000000e+02 4.30429801e-01 3.00000000e+00]
[9.66000000e+02 9.70000000e+02 4.31488799e-01 7.00000000e+00]
[3.88000000e+02 9.84000000e+02 4.32359721e-01 2.00000000e+01]
[9.4400000e+02 1.3400000e+02 4.3343407e-01 5.0000000e+00]
[1.10000000e+01 5.04000000e+02 4.34065075e-01 2.00000000e+00]
[2.80000000e+02 9.85000000e+02 4.34444153e-01 1.68000000e+02]
[8.62000000e+02 9.91000000e+02 4.37591686e-01 1.71000000e+02]
[107.         316.           0.43834946   2.        ]
[9.74000000e+02 6.03000000e+02 4.41204146e-01 8.00000000e+00]
[9.56000000e+02 9.42000000e+02 4.44396382e-01 9.70000000e+01]
[9.82000000e+02 4.16000000e+02 4.45377799e-01 6.00000000e+00]
[7.21000000e+02 9.79000000e+02 4.46759705e-01 7.00000000e+00]
[9.78000000e+02 9.75000000e+02 4.47056485e-01 3.70000000e+01]
[9.95000000e+02 9.96000000e+02 4.48541601e-01 1.03000000e+02]
[9.99000000e+02 9.23000000e+02 4.49987097e-01 1.06000000e+02]
[1.00000000e+03 9.31000000e+02 4.53455928e-01 1.08000000e+02]
[9.69000000e+02 9.89000000e+02 4.54651915e-01 2.10000000e+01]
[8.4300000e+02 1.0010000e+03 4.5532357e-01 1.1000000e+02]
[1.20000000e+02 9.88000000e+02 4.55794406e-01 2.10000000e+01]
[9.37000000e+02 5.36000000e+02 4.55813067e-01 4.00000000e+00]
[1.31000000e+02 4.70000000e+02 4.55870798e-01 2.00000000e+00]
[9.76000000e+02 3.51000000e+02 4.60200783e-01 6.00000000e+00]
[9.46000000e+02 9.57000000e+02 4.60306947e-01 1.00000000e+01]
[1.26000000e+02 4.88000000e+02 4.62041749e-01 2.00000000e+00]
[9.61000000e+02 3.10000000e+02 4.62759527e-01 5.00000000e+00]
[9.38000000e+02 9.98000000e+02 4.62825578e-01 4.20000000e+01]
[9.97000000e+02 1.01100000e+03 4.63005671e-01 4.90000000e+01]
[8.93000000e+02 9.63000000e+02 4.64818966e-01 3.30000000e+01]
[9.67000000e+02 9.28000000e+02 4.66699915e-01 9.00000000e+00]
[9.87000000e+02 3.06000000e+02 4.70780161e-01 8.00000000e+00]
[9.25000000e+02 9.94000000e+02 4.78700035e-01 1.10000000e+01]
[4.20000000e+01 9.08000000e+02 4.79275857e-01 3.00000000e+00]
[1.00600000e+03 9.59000000e+02 4.80838654e-01 4.00000000e+00]
[1.00300000e+03 1.08000000e+02 4.81030476e-01 1.11000000e+02]
[1.0020000e+03 1.7100000e+02 4.8339059e-01 2.2000000e+01]
[9.32000000e+02 1.01200000e+03 4.84198201e-01 5.30000000e+01]
[1.01600000e+03 3.55000000e+02 4.84304572e-01 1.20000000e+01]
[9.9000000e+02 9.6000000e+02 4.8805752e-01 7.0000000e+00]
[5.02000000e+02 5.06000000e+02 4.89709903e-01 2.00000000e+00]
[1.00400000e+03 1.00700000e+03 4.90107984e-01 2.70000000e+01]
[9.92000000e+02 1.02000000e+03 4.91004967e-01 1.93000000e+02]
[9.86000000e+02 1.00500000e+03 4.91381635e-01 7.00000000e+00]
[1.02600000e+03 1.01800000e+03 4.94305577e-01 1.97000000e+02]
[1.01500000e+03 1.01900000e+03 4.98585535e-01 1.19000000e+02]
[9.71000000e+02 1.02800000e+03 5.06784127e-01 2.02000000e+02]
[1.00800000e+03 9.62000000e+02 5.07454419e-01 1.20000000e+01]
[1.02100000e+03 9.77000000e+02 5.08632654e-01 5.60000000e+01]
[1.02200000e+03 1.02500000e+03 5.12405627e-01 3.90000000e+01]
[1.01000000e+03 1.03000000e+03 5.12914766e-01 2.07000000e+02]
[7.61000000e+02 9.83000000e+02 5.18582696e-01 8.00000000e+00]
[1.01700000e+03 1.00900000e+03 5.19373178e-01 5.00000000e+00]
[166.         169.           0.52623333   2.        ]
[5.41000000e+02 1.03200000e+03 5.27320166e-01 5.90000000e+01]
[1.03100000e+03 1.02900000e+03 5.32924285e-01 1.31000000e+02]
[1.03400000e+03 1.02700000e+03 5.33506871e-01 2.14000000e+02]
[1.04000000e+03 1.03300000e+03 5.34856661e-01 2.53000000e+02]
[9.51000000e+02 1.04100000e+03 5.36175009e-01 2.55000000e+02]
[1.01400000e+03 3.19000000e+02 5.42505239e-01 1.00000000e+01]
[4.23000000e+02 1.04200000e+03 5.47725103e-01 2.56000000e+02]
[1.03800000e+03 1.01300000e+03 5.49426529e-01 9.20000000e+01]
[179.         507.           0.55235493   2.        ]
[1.02300000e+03 2.43000000e+02 5.63126626e-01 8.00000000e+00]
[1.03900000e+03 4.77000000e+02 5.67375404e-01 1.32000000e+02]
[1.62000000e+02 1.04400000e+03 5.72814553e-01 2.57000000e+02]
[9.93000000e+02 1.91000000e+02 5.73296774e-01 3.00000000e+00]
[1.03500000e+03 7.09000000e+02 5.86917844e-01 1.00000000e+01]
[1.04800000e+03 4.19000000e+02 5.99223736e-01 1.33000000e+02]
[1.04300000e+03 7.70000000e+01 6.06191606e-01 1.10000000e+01]
[1.04900000e+03 1.05200000e+03 6.20921392e-01 3.90000000e+02]
[1.04700000e+03 1.05400000e+03 6.24933262e-01 3.98000000e+02]
[1.05100000e+03 1.05500000e+03 6.30147253e-01 4.08000000e+02]
[1.04500000e+03 1.05600000e+03 6.37520139e-01 5.00000000e+02]
[8.60000000e+01 1.03600000e+03 6.43150412e-01 6.00000000e+00]
[1.05000000e+03 1.05700000e+03 6.52795133e-01 5.03000000e+02]
[447.        458.          0.6554182   2.       ]
[1.05800000e+03 1.47000000e+02 6.71911085e-01 7.00000000e+00]
[1.03700000e+03 1.05900000e+03 6.77572068e-01 5.05000000e+02]
[1.02400000e+03 1.06200000e+03 6.79886086e-01 5.07000000e+02]
[1.30000000e+01 1.06300000e+03 6.82119481e-01 5.08000000e+02]
[1.04600000e+03 2.77000000e+02 6.83103369e-01 3.00000000e+00]
[1.06100000e+03 3.41000000e+02 7.06594644e-01 8.00000000e+00]
[1.053000e+03 1.060000e+03 7.269793e-01 1.300000e+01]
[1.06600000e+03 2.89000000e+02 7.30888569e-01 9.00000000e+00]
[1.06800000e+03 1.06400000e+03 7.57736791e-01 5.17000000e+02]
[1.06500000e+03 3.14000000e+02 7.69987859e-01 4.00000000e+00]
[1.06900000e+03 2.12000000e+02 7.84927087e-01 5.18000000e+02]
[1.07100000e+03 1.07000000e+03 8.01094571e-01 5.22000000e+02]
[1.07200000e+03 5.33000000e+02 8.01323272e-01 5.23000000e+02]
[1.0670000e+03 1.0730000e+03 8.6070869e-01 5.3600000e+02]
[1.07400000e+03 3.11000000e+02 9.35136466e-01 5.37000000e+02]
[2.40000000e+01 1.07500000e+03 9.76610879e-01 5.38000000e+02]
[1.076000e+03 2.010000e+02 1.003344e+00 5.390000e+02]
[1077.         429.           1.1246349  540.       ]
