[  1. 216.   0.   2.]
[540. 113.   0.   3.]
[  6. 129.   0.   2.]
[ 50. 135.   0.   2.]
[543. 329.   0.   3.]
[64. 68.  0.  2.]
[545.  93.   0.   3.]
[546. 123.   0.   4.]
[547. 214.   0.   5.]
[548. 261.   0.   6.]
[ 72. 437.   0.   2.]
[74. 91.  0.  2.]
[551. 317.   0.   3.]
[ 95. 152.   0.   2.]
[553. 240.   0.   3.]
[554. 301.   0.   4.]
[555. 308.   0.   5.]
[556. 220.   0.   6.]
[307. 557.   0.   7.]
[ 90. 518.   0.   2.]
[136. 336.   0.   2.]
[178. 245.   0.   2.]
[270. 271.   0.   2.]
[5.58000000e+02 5.44000000e+02 2.77891309e-09 1.00000000e+01]
[5.62000000e+02 4.00000000e+02 3.51223738e-09 3.00000000e+00]
[7.80000000e+01 1.25000000e+02 1.49011612e-08 2.00000000e+00]
[1.03000000e+02 1.96000000e+02 1.49011612e-08 2.00000000e+00]
[1.40000000e+02 3.80000000e+02 2.10734243e-08 2.00000000e+00]
[6.10000000e+01 2.36000000e+02 2.58095683e-08 2.00000000e+00]
[3.00000000e+02 3.02000000e+02 2.58095683e-08 2.00000000e+00]
[5.65000000e+02 3.15000000e+02 2.58095683e-08 3.00000000e+00]
[3.59000000e+02 4.13000000e+02 2.98023224e-08 2.00000000e+00]
[5.69000000e+02 4.68000000e+02 3.57913921e-08 3.00000000e+00]
[2.95000000e+02 5.63000000e+02 4.08085106e-08 1.10000000e+01]
[5.52000000e+02 2.74000000e+02 6.66400187e-08 4.00000000e+00]
[8.10000000e+01 5.73000000e+02 1.00024945e-02 1.20000000e+01]
[3.09000000e+02 3.94000000e+02 6.09340216e-02 2.00000000e+00]
[6.30000000e+01 4.26000000e+02 6.82892709e-02 2.00000000e+00]
[4.92000000e+02 5.23000000e+02 7.17697189e-02 2.00000000e+00]
[3.46000000e+02 4.38000000e+02 7.36893813e-02 2.00000000e+00]
[21.         40.          0.07668819  2.        ]
[2.48000000e+02 5.16000000e+02 7.68726219e-02 2.00000000e+00]
[1.24000000e+02 3.05000000e+02 7.75295169e-02 2.00000000e+00]
[3.00000000e+01 2.09000000e+02 7.81536849e-02 2.00000000e+00]
[5.67000000e+02 5.64000000e+02 7.85725969e-02 5.00000000e+00]
[4.36000000e+02 5.22000000e+02 7.86214305e-02 2.00000000e+00]
[4.90000000e+01 2.46000000e+02 7.86906561e-02 2.00000000e+00]
[3.48000000e+02 3.67000000e+02 8.24867171e-02 2.00000000e+00]
[8.00000000e+01 4.09000000e+02 8.38816605e-02 2.00000000e+00]
[65.        76.         0.0844121  2.       ]
[2.90000000e+02 5.30000000e+02 8.46468815e-02 2.00000000e+00]
[41.         52.          0.08491453  2.        ]
[3.66000000e+02 5.17000000e+02 8.57723241e-02 2.00000000e+00]
[3.97000000e+02 4.44000000e+02 8.67148723e-02 2.00000000e+00]
[3.39000000e+02 4.73000000e+02 8.72103252e-02 2.00000000e+00]
[2.13000000e+02 3.86000000e+02 8.85794796e-02 2.00000000e+00]
[3.03000000e+02 3.69000000e+02 9.50100737e-02 2.00000000e+00]
[2.18000000e+02 5.03000000e+02 9.56437237e-02 2.00000000e+00]
[2.70000000e+01 1.72000000e+02 9.57629452e-02 2.00000000e+00]
[2.05000000e+02 2.51000000e+02 9.68223711e-02 2.00000000e+00]
[1.44000000e+02 5.71000000e+02 9.81598065e-02 3.00000000e+00]
[1.65000000e+02 1.80000000e+02 1.00526231e-01 2.00000000e+00]
[2.9700000e+02 4.2700000e+02 1.0119787e-01 2.0000000e+00]
[3.96000000e+02 4.14000000e+02 1.02398712e-01 2.00000000e+00]
[1.85000000e+02 1.95000000e+02 1.03609484e-01 2.00000000e+00]
[1.43000000e+02 4.45000000e+02 1.04646094e-01 2.00000000e+00]
[2.62000000e+02 5.84000000e+02 1.04795446e-01 6.00000000e+00]
[1.7000000e+01 2.8300000e+02 1.0531416e-01 2.0000000e+00]
[5.74000000e+02 2.04000000e+02 1.06265271e-01 5.00000000e+00]
[2.47000000e+02 2.49000000e+02 1.08305504e-01 2.00000000e+00]
[6.01000000e+02 2.91000000e+02 1.08642805e-01 3.00000000e+00]
[6.20000000e+01 1.12000000e+02 1.08659767e-01 2.00000000e+00]
[1.60000000e+01 4.39000000e+02 1.12518109e-01 2.00000000e+00]
[4.00000000e+00 2.21000000e+02 1.12991632e-01 2.00000000e+00]
[1.55000000e+02 2.72000000e+02 1.17562608e-01 2.00000000e+00]
[4.15000000e+02 4.60000000e+02 1.19160629e-01 2.00000000e+00]
[4.18000000e+02 4.61000000e+02 1.19567279e-01 2.00000000e+00]
[2.90000000e+01 4.86000000e+02 1.19934212e-01 2.00000000e+00]
[4.02000000e+02 4.89000000e+02 1.20082622e-01 2.00000000e+00]
[5.75000000e+02 2.19000000e+02 1.22811587e-01 1.30000000e+01]
[6.08000000e+02 1.64000000e+02 1.23104335e-01 6.00000000e+00]
[6.1000000e+02 6.1100000e+02 1.2597397e-01 5.0000000e+00]
[6.19000000e+02 1.30000000e+02 1.29660198e-01 1.40000000e+01]
[3.20000000e+02 4.06000000e+02 1.32079952e-01 2.00000000e+00]
[3.81000000e+02 4.05000000e+02 1.37771339e-01 2.00000000e+00]
[1.40000000e+01 4.33000000e+02 1.37805148e-01 2.00000000e+00]
[2.2900000e+02 6.0600000e+02 1.3788168e-01 7.0000000e+00]
[6.21000000e+02 2.08000000e+02 1.43138464e-01 6.00000000e+00]
[1.7000000e+02 6.2200000e+02 1.4496417e-01 1.5000000e+01]
[3.3400000e+02 6.2800000e+02 1.4595993e-01 1.6000000e+01]
[3.56000000e+02 4.67000000e+02 1.46061689e-01 2.00000000e+00]
[ 54.         148.           0.15457617   2.        ]
[3.18000000e+02 5.09000000e+02 1.54951103e-01 2.00000000e+00]
[2.76000000e+02 3.45000000e+02 1.56193263e-01 2.00000000e+00]
[3.33000000e+02 6.27000000e+02 1.57303307e-01 7.00000000e+00]
[1.42000000e+02 5.19000000e+02 1.58532803e-01 2.00000000e+00]
[2.070000e+02 2.560000e+02 1.596461e-01 2.000000e+00]
[1.28000000e+02 6.34000000e+02 1.60537928e-01 8.00000000e+00]
[5.91000000e+02 3.82000000e+02 1.62053077e-01 3.00000000e+00]
[6.26000000e+02 6.29000000e+02 1.62597848e-01 2.30000000e+01]
[3.93000000e+02 5.11000000e+02 1.63940456e-01 2.00000000e+00]
[6.20000000e+02 1.21000000e+02 1.66568985e-01 7.00000000e+00]
[2.37000000e+02 4.90000000e+02 1.72939404e-01 2.00000000e+00]
[5.60000000e+02 1.76000000e+02 1.73503045e-01 3.00000000e+00]
[2.00000000e+01 6.36000000e+02 1.73852353e-01 3.00000000e+00]
[6.39000000e+02 6.13000000e+02 1.76549462e-01 2.50000000e+01]
[1.83000000e+02 3.47000000e+02 1.76835119e-01 2.00000000e+00]
[3.61000000e+02 5.27000000e+02 1.77114442e-01 2.00000000e+00]
[1.15000000e+02 6.37000000e+02 1.78035081e-01 9.00000000e+00]
[1.90000000e+01 6.45000000e+02 1.79358285e-01 2.60000000e+01]
[  9.         156.           0.17981114   2.        ]
[2.06000000e+02 3.22000000e+02 1.81657198e-01 2.00000000e+00]
[3.00000000e+00 2.98000000e+02 1.90549236e-01 2.00000000e+00]
[1.60000000e+02 6.44000000e+02 1.90726305e-01 4.00000000e+00]
[6.49000000e+02 1.04000000e+02 1.91028379e-01 2.70000000e+01]
[7.00000000e+01 6.46000000e+02 1.95126812e-01 3.00000000e+00]
[1.53000000e+02 6.41000000e+02 1.97654296e-01 8.00000000e+00]
[5.99000000e+02 6.54000000e+02 2.00000907e-01 2.90000000e+01]
[5.90000000e+02 1.68000000e+02 2.00835613e-01 3.00000000e+00]
[5.25000000e+02 6.18000000e+02 2.01303678e-01 3.00000000e+00]
[2.75000000e+02 6.57000000e+02 2.03293078e-01 3.00000000e+01]
[6.53000000e+02 2.65000000e+02 2.06398716e-01 5.00000000e+00]
[2.39000000e+02 3.28000000e+02 2.08485245e-01 2.00000000e+00]
[5.72000000e+02 6.60000000e+02 2.13647292e-01 3.30000000e+01]
[6.50000000e+02 5.70000000e+02 2.13990801e-01 5.00000000e+00]
[9.20000000e+01 6.56000000e+02 2.16823749e-01 9.00000000e+00]
[5.80000000e+01 2.38000000e+02 2.17232346e-01 2.00000000e+00]
[6.48000000e+02 2.33000000e+02 2.17973354e-01 1.00000000e+01]
[3.50000000e+01 6.61000000e+02 2.18119248e-01 6.00000000e+00]
[2.15000000e+02 5.15000000e+02 2.18173895e-01 2.00000000e+00]
[1.50000000e+02 6.31000000e+02 2.18338928e-01 3.00000000e+00]
[2.22000000e+02 2.99000000e+02 2.18628732e-01 2.00000000e+00]
[5.88000000e+02 5.81000000e+02 2.19778892e-01 4.00000000e+00]
[1.97000000e+02 6.58000000e+02 2.20766817e-01 4.00000000e+00]
[5.61000000e+02 3.58000000e+02 2.20956839e-01 3.00000000e+00]
[2.64000000e+02 6.52000000e+02 2.21893824e-01 3.00000000e+00]
[1.5400000e+02 6.7500000e+02 2.2295426e-01 4.0000000e+00]
[8.20000000e+01 6.68000000e+02 2.23419768e-01 7.00000000e+00]
[2.32000000e+02 5.78000000e+02 2.23829214e-01 3.00000000e+00]
[ 33.        122.          0.2239195   2.       ]
[1.01000000e+02 6.59000000e+02 2.24052088e-01 4.00000000e+00]
[5.95000000e+02 4.71000000e+02 2.24903515e-01 3.00000000e+00]
[4.21000000e+02 6.80000000e+02 2.27826448e-01 5.00000000e+00]
[4.10000000e+02 6.78000000e+02 2.28555932e-01 4.00000000e+00]
[6.70000000e+01 6.70000000e+02 2.32795018e-01 4.00000000e+00]
[ 51.         100.           0.23282999   2.        ]
[1.82000000e+02 6.77000000e+02 2.33142675e-01 8.00000000e+00]
[3.31000000e+02 4.42000000e+02 2.34869655e-01 2.00000000e+00]
[2.5500000e+02 6.7300000e+02 2.3547233e-01 5.0000000e+00]
[3.6300000e+02 5.2100000e+02 2.3565011e-01 2.0000000e+00]
[4.80000000e+02 6.76000000e+02 2.36512098e-01 5.00000000e+00]
[ 97.         226.           0.23728512   2.        ]
[4.48000000e+02 6.90000000e+02 2.37694631e-01 6.00000000e+00]
[6.43000000e+02 6.63000000e+02 2.37817405e-01 3.60000000e+01]
[1.92000000e+02 2.69000000e+02 2.38483199e-01 2.00000000e+00]
[2.28000000e+02 3.57000000e+02 2.38677166e-01 2.00000000e+00]
[5.29000000e+02 6.82000000e+02 2.39519546e-01 6.00000000e+00]
[9.80000000e+01 6.14000000e+02 2.39956883e-01 3.00000000e+00]
[4.08000000e+02 4.50000000e+02 2.40327993e-01 2.00000000e+00]
[1.80000000e+01 2.94000000e+02 2.41594959e-01 2.00000000e+00]
[2.10000000e+02 3.83000000e+02 2.41606515e-01 2.00000000e+00]
[6.5500000e+02 6.8600000e+02 2.4207396e-01 1.1000000e+01]
[3.35000000e+02 3.38000000e+02 2.42384232e-01 2.00000000e+00]
[6.64000000e+02 1.99000000e+02 2.44199329e-01 6.00000000e+00]
[1.02000000e+02 6.88000000e+02 2.44549367e-01 6.00000000e+00]
[3.26000000e+02 3.76000000e+02 2.44712793e-01 2.00000000e+00]
[5.42000000e+02 6.33000000e+02 2.44921477e-01 4.00000000e+00]
[3.65000000e+02 4.43000000e+02 2.45332179e-01 2.00000000e+00]
[2.11000000e+02 6.24000000e+02 2.45451746e-01 3.00000000e+00]
[2.5900000e+02 2.2700000e+02 2.4548481e-01 2.0000000e+00]
[6.6200000e+02 6.9200000e+02 2.4571007e-01 8.0000000e+00]
[4.95000000e+02 6.84000000e+02 2.47580258e-01 5.00000000e+00]
[6.32000000e+02 3.91000000e+02 2.47684196e-01 3.00000000e+00]
[6.8500000e+02 7.0400000e+02 2.4781334e-01 8.0000000e+00]
[3.20000000e+01 3.40000000e+02 2.48336591e-01 2.00000000e+00]
[6.83000000e+02 5.92000000e+02 2.48465732e-01 6.00000000e+00]
[8.80000000e+01 7.15000000e+02 2.48669579e-01 7.00000000e+00]
[4.60000000e+01 7.01000000e+02 2.49071737e-01 1.20000000e+01]
[7.13000000e+02 7.50000000e+01 2.49644201e-01 9.00000000e+00]
[6.96000000e+02 4.22000000e+02 2.50223476e-01 7.00000000e+00]
[6.9100000e+02 7.1800000e+02 2.5043818e-01 1.1000000e+01]
[6.12000000e+02 2.30000000e+01 2.50839938e-01 3.00000000e+00]
[6.81000000e+02 4.81000000e+02 2.50945619e-01 4.00000000e+00]
[3.73000000e+02 9.40000000e+01 2.51311148e-01 2.00000000e+00]
[7.10000000e+01 4.62000000e+02 2.51338993e-01 2.00000000e+00]
[4.66000000e+02 4.94000000e+02 2.51851651e-01 2.00000000e+00]
[7.14000000e+02 4.87000000e+02 2.52246201e-01 3.00000000e+00]
[  5.         173.           0.25267576   2.        ]
[4.46000000e+02 7.19000000e+02 2.52934662e-01 8.00000000e+00]
[4.54000000e+02 6.93000000e+02 2.53006859e-01 3.70000000e+01]
[4.79000000e+02 7.23000000e+02 2.53483133e-01 3.00000000e+00]
[3.43000000e+02 6.72000000e+02 2.55122979e-01 5.00000000e+00]
[2.17000000e+02 6.71000000e+02 2.55301157e-01 3.00000000e+00]
[1.17000000e+02 6.65000000e+02 2.55572553e-01 1.00000000e+01]
[7.00000000e+02 3.74000000e+02 2.56212503e-01 3.00000000e+00]
[5.49000000e+02 7.11000000e+02 2.56217603e-01 1.10000000e+01]
[5.87000000e+02 5.26000000e+02 2.56481201e-01 3.00000000e+00]
[6.67000000e+02 2.02000000e+02 2.56873125e-01 1.10000000e+01]
[6.42000000e+02 3.84000000e+02 2.58787168e-01 3.00000000e+00]
[7.09000000e+02 3.87000000e+02 2.59336183e-01 3.00000000e+00]
[3.90000000e+02 6.95000000e+02 2.59421332e-01 3.00000000e+00]
[3.27000000e+02 7.17000000e+02 2.61690104e-01 1.30000000e+01]
[2.66000000e+02 7.10000000e+02 2.62463783e-01 9.00000000e+00]
[3.32000000e+02 4.69000000e+02 2.63059051e-01 2.00000000e+00]
[5.70000000e+01 7.22000000e+02 2.63239232e-01 5.00000000e+00]
[139.         253.           0.26386305   2.        ]
[6.74000000e+02 6.97000000e+02 2.64589224e-01 6.00000000e+00]
[7.3000000e+02 5.0100000e+02 2.6506742e-01 4.0000000e+00]
[3.71000000e+02 7.16000000e+02 2.65515508e-01 8.00000000e+00]
[7.20000000e+02 5.20000000e+02 2.65933586e-01 1.20000000e+01]
[1.09000000e+02 7.29000000e+02 2.66958267e-01 3.80000000e+01]
[1.06000000e+02 7.48000000e+02 2.67233267e-01 9.00000000e+00]
[2.80000000e+01 6.16000000e+02 2.68554724e-01 3.00000000e+00]
[7.49000000e+02 7.44000000e+02 2.70480026e-01 1.70000000e+01]
[2.60000000e+01 7.47000000e+02 2.70931885e-01 5.00000000e+00]
[2.44000000e+02 7.46000000e+02 2.71926977e-01 7.00000000e+00]
[3.44000000e+02 7.31000000e+02 2.73444145e-01 6.00000000e+00]
[2.24000000e+02 5.37000000e+02 2.73878282e-01 2.00000000e+00]
[7.53000000e+02 7.28000000e+02 2.74547323e-01 2.50000000e+01]
[7.39000000e+02 7.26000000e+02 2.75448946e-01 6.00000000e+00]
[2.87000000e+02 3.24000000e+02 2.75817071e-01 2.00000000e+00]
[6.60000000e+01 5.66000000e+02 2.76228465e-01 3.00000000e+00]
[4.49000000e+02 4.82000000e+02 2.76732071e-01 2.00000000e+00]
[7.58000000e+02 4.57000000e+02 2.76851287e-01 2.60000000e+01]
[7.08000000e+02 7.41000000e+02 2.77554046e-01 1.60000000e+01]
[2.96000000e+02 6.15000000e+02 2.78079006e-01 3.00000000e+00]
[7.63000000e+02 4.85000000e+02 2.78285136e-01 2.70000000e+01]
[1.1600000e+02 7.0500000e+02 2.7865996e-01 3.0000000e+00]
[4.40000000e+01 4.52000000e+02 2.79512644e-01 2.00000000e+00]
[6.87000000e+02 7.52000000e+02 2.79687343e-01 5.00000000e+00]
[7.03000000e+02 6.40000000e+02 2.80669197e-01 8.00000000e+00]
[8.30000000e+01 7.02000000e+02 2.80720708e-01 3.00000000e+00]
[252.         194.           0.28095781   2.        ]
[0.00000000e+00 7.21000000e+02 2.81441442e-01 4.00000000e+00]
[3.89000000e+02 7.71000000e+02 2.81921275e-01 4.00000000e+00]
[2.67000000e+02 6.07000000e+02 2.82463923e-01 3.00000000e+00]
[6.00000000e+02 1.58000000e+02 2.82564255e-01 4.00000000e+00]
[8.70000000e+01 7.33000000e+02 2.82702741e-01 1.10000000e+01]
[5.77000000e+02 7.51000000e+02 2.82954999e-01 1.10000000e+01]
[4.04000000e+02 5.80000000e+02 2.83007112e-01 3.00000000e+00]
[9.60000000e+01 7.36000000e+02 2.83696173e-01 4.00000000e+00]
[5.60000000e+01 6.69000000e+02 2.83977088e-01 3.00000000e+00]
[1.20000000e+01 7.40000000e+02 2.84350051e-01 4.00000000e+00]
[4.63000000e+02 7.64000000e+02 2.84508818e-01 1.70000000e+01]
[5.38000000e+02 3.49000000e+02 2.84846829e-01 2.00000000e+00]
[7.67000000e+02 3.37000000e+02 2.85355598e-01 4.00000000e+00]
[7.50000000e+02 7.42000000e+02 2.85494927e-01 4.70000000e+01]
[3.40000000e+01 7.59000000e+02 2.86188058e-01 7.00000000e+00]
[7.56000000e+02 4.84000000e+02 2.87164217e-01 7.00000000e+00]
[7.70000000e+02 4.35000000e+02 2.87239248e-01 9.00000000e+00]
[2.6000000e+02 5.0800000e+02 2.9174276e-01 2.0000000e+00]
[7.69000000e+02 7.54000000e+02 2.91962456e-01 1.00000000e+01]
[7.25000000e+02 6.47000000e+02 2.92645159e-01 4.00000000e+00]
[6.51000000e+02 2.25000000e+02 2.93024042e-01 3.00000000e+00]
[1.86000000e+02 7.86000000e+02 2.93620379e-01 4.80000000e+01]
[1.89000000e+02 7.84000000e+02 2.94117441e-01 3.00000000e+00]
[7.27000000e+02 7.87000000e+02 2.94369928e-01 9.00000000e+00]
[6.04000000e+02 5.93000000e+02 2.94823674e-01 4.00000000e+00]
[5.98000000e+02 5.76000000e+02 2.94886262e-01 4.00000000e+00]
[5.82000000e+02 4.12000000e+02 2.96072168e-01 3.00000000e+00]
[1.27000000e+02 7.83000000e+02 2.96112625e-01 1.80000000e+01]
[6.66000000e+02 7.78000000e+02 2.97064007e-01 1.30000000e+01]
[5.89000000e+02 7.74000000e+02 2.97434083e-01 6.00000000e+00]
[1.05000000e+02 6.98000000e+02 2.97553319e-01 3.00000000e+00]
[3.80000000e+01 7.94000000e+02 2.97556616e-01 4.90000000e+01]
[5.35000000e+02 6.30000000e+02 2.97590382e-01 3.00000000e+00]
[4.32000000e+02 7.98000000e+02 2.98700423e-01 5.00000000e+00]
[2.92000000e+02 3.98000000e+02 2.98704415e-01 2.00000000e+00]
[3.52000000e+02 7.92000000e+02 2.99405518e-01 5.00000000e+00]
[4.76000000e+02 7.88000000e+02 3.00936339e-01 8.00000000e+00]
[1.61000000e+02 7.90000000e+02 3.01303348e-01 3.00000000e+00]
[1.74000000e+02 7.77000000e+02 3.02723275e-01 1.20000000e+01]
[4.78000000e+02 8.06000000e+02 3.03179087e-01 6.00000000e+00]
[8.50000000e+01 8.00000000e+02 3.03356658e-01 1.90000000e+01]
[1.10000000e+02 7.73000000e+02 3.04457555e-01 5.00000000e+00]
[7.32000000e+02 7.66000000e+02 3.04555928e-01 3.00000000e+01]
[ 25.        187.          0.3053841   2.       ]
[1.46000000e+02 7.85000000e+02 3.05736062e-01 5.00000000e+00]
[1.63000000e+02 5.83000000e+02 3.05960946e-01 3.00000000e+00]
[8.14000000e+02 7.91000000e+02 3.06152794e-01 1.50000000e+01]
[3.78000000e+02 8.05000000e+02 3.06398154e-01 4.00000000e+00]
[3.70000000e+01 8.02000000e+02 3.06648851e-01 7.00000000e+00]
[7.80000000e+02 2.93000000e+02 3.06706831e-01 5.00000000e+00]
[3.50000000e+02 8.13000000e+02 3.06831251e-01 2.00000000e+01]
[7.37000000e+02 7.45000000e+02 3.08870661e-01 1.30000000e+01]
[7.75000000e+02 8.21000000e+02 3.10302798e-01 1.00000000e+01]
[5.30000000e+01 4.56000000e+02 3.11629999e-01 2.00000000e+00]
[184.          79.           0.31197614   2.        ]
[4.93000000e+02 8.12000000e+02 3.12121113e-01 7.00000000e+00]
[8.09000000e+02 4.97000000e+02 3.12807168e-01 9.00000000e+00]
[1.59000000e+02 8.25000000e+02 3.13237021e-01 1.10000000e+01]
[5.13000000e+02 8.17000000e+02 3.13313522e-01 6.00000000e+00]
[7.96000000e+02 1.19000000e+02 3.13454429e-01 1.00000000e+01]
[231.         234.           0.31345746   2.        ]
[3.12000000e+02 7.82000000e+02 3.13613593e-01 5.00000000e+00]
[5.79000000e+02 8.28000000e+02 3.14425596e-01 9.00000000e+00]
[3.62000000e+02 8.08000000e+02 3.15174273e-01 6.00000000e+00]
[7.12000000e+02 8.29000000e+02 3.15276955e-01 1.20000000e+01]
[3.53000000e+02 8.22000000e+02 3.15857751e-01 6.00000000e+00]
[7.55000000e+02 8.03000000e+02 3.17981696e-01 1.00000000e+01]
[7.65000000e+02 8.39000000e+02 3.18197309e-01 1.30000000e+01]
[7.97000000e+02 8.37000000e+02 3.18233106e-01 1.60000000e+01]
[1.32000000e+02 8.04000000e+02 3.19186237e-01 5.00000000e+01]
[1.11000000e+02 7.95000000e+02 3.19350897e-01 4.00000000e+00]
[4.99000000e+02 8.20000000e+02 3.19421626e-01 5.00000000e+00]
[ 89.         257.           0.32056264   2.        ]
[6.25000000e+02 2.20000000e+01 3.20629664e-01 3.00000000e+00]
[4.24000000e+02 8.38000000e+02 3.23326725e-01 7.00000000e+00]
[3.92000000e+02 5.05000000e+02 3.23562839e-01 2.00000000e+00]
[7.00000000e+00 5.28000000e+02 3.24558281e-01 2.00000000e+00]
[ 73.         200.           0.32494908   2.        ]
[2.03000000e+02 8.40000000e+02 3.25113513e-01 1.40000000e+01]
[7.79000000e+02 8.15000000e+02 3.25642304e-01 3.30000000e+01]
[7.57000000e+02 3.10000000e+01 3.25647708e-01 3.00000000e+00]
[2.84000000e+02 8.32000000e+02 3.26219212e-01 1.10000000e+01]
[8.30000000e+02 8.36000000e+02 3.26453625e-01 1.70000000e+01]
[8.24000000e+02 1.67000000e+02 3.26833078e-01 1.40000000e+01]
[ 43.         137.           0.32749049   2.        ]
[193.         279.           0.32856992   2.        ]
[5.94000000e+02 4.64000000e+02 3.29727082e-01 3.00000000e+00]
[5.24000000e+02 8.19000000e+02 3.30395794e-01 1.60000000e+01]
[6.09000000e+02 6.90000000e+01 3.30579544e-01 3.00000000e+00]
[3.21000000e+02 8.55000000e+02 3.31289406e-01 1.80000000e+01]
[7.76000000e+02 7.81000000e+02 3.32016948e-01 7.00000000e+00]
[1.41000000e+02 8.53000000e+02 3.34842588e-01 4.00000000e+00]
[8.2700000e+02 8.4700000e+02 3.3571338e-01 9.0000000e+00]
[1.90000000e+02 8.01000000e+02 3.35939883e-01 1.40000000e+01]
[5.12000000e+02 8.41000000e+02 3.35943251e-01 1.70000000e+01]
[8.10000000e+02 7.89000000e+02 3.37325657e-01 1.20000000e+01]
[2.50000000e+02 8.54000000e+02 3.38506358e-01 1.20000000e+01]
[4.65000000e+02 8.66000000e+02 3.38856475e-01 1.50000000e+01]
[2.54000000e+02 8.23000000e+02 3.39069094e-01 2.10000000e+01]
[8.18000000e+02 8.64000000e+02 3.39294665e-01 7.00000000e+00]
[1.51000000e+02 8.62000000e+02 3.41113121e-01 1.90000000e+01]
[5.00000000e+02 8.73000000e+02 3.41530944e-01 2.00000000e+01]
[8.61000000e+02 2.58000000e+02 3.42250186e-01 4.00000000e+00]
[3.42000000e+02 3.68000000e+02 3.42881078e-01 2.00000000e+00]
[8.63000000e+02 6.35000000e+02 3.42908415e-01 9.00000000e+00]
[8.31000000e+02 8.65000000e+02 3.43071059e-01 1.50000000e+01]
[8.3400000e+02 8.5200000e+02 3.4355081e-01 3.8000000e+01]
[2.42000000e+02 8.33000000e+02 3.44442255e-01 3.00000000e+00]
[ 48.         138.           0.34519546   2.        ]
[4.51000000e+02 8.68000000e+02 3.45208224e-01 1.30000000e+01]
[8.11000000e+02 8.56000000e+02 3.46105194e-01 2.60000000e+01]
[4.20000000e+02 8.67000000e+02 3.46963693e-01 1.80000000e+01]
[8.77000000e+02 8.35000000e+02 3.46984245e-01 1.80000000e+01]
[3.60000000e+01 5.59000000e+02 3.47158391e-01 3.00000000e+00]
[8.79000000e+02 7.62000000e+02 3.47429864e-01 4.00000000e+01]
[1.00000000e+01 7.93000000e+02 3.48833725e-01 4.00000000e+00]
[4.01000000e+02 8.51000000e+02 3.48836489e-01 1.50000000e+01]
[5.90000000e+01 8.83000000e+02 3.49090557e-01 2.70000000e+01]
[8.87000000e+02 8.44000000e+02 3.49706395e-01 4.50000000e+01]
[5.96000000e+02 8.71000000e+02 3.49865186e-01 2.30000000e+01]
[1.88000000e+02 7.06000000e+02 3.50663601e-01 5.00000000e+00]
[8.840000e+02 4.960000e+02 3.508209e-01 1.900000e+01]
[3.72000000e+02 8.42000000e+02 3.50950506e-01 5.10000000e+01]
[8.57000000e+02 4.91000000e+02 3.51733827e-01 3.00000000e+00]
[2.86000000e+02 7.35000000e+02 3.52902225e-01 1.20000000e+01]
[8.7200000e+02 4.4100000e+02 3.5566499e-01 8.0000000e+00]
[5.34000000e+02 8.91000000e+02 3.56563025e-01 4.60000000e+01]
[8.07000000e+02 8.75000000e+02 3.56640476e-01 6.00000000e+00]
[8.85000000e+02 2.88000000e+02 3.57138551e-01 1.90000000e+01]
[8.96000000e+02 9.00000000e+02 3.57186412e-01 9.00000000e+00]
[1.50000000e+01 7.34000000e+02 3.57800982e-01 4.00000000e+00]
[2.73000000e+02 6.99000000e+02 3.58011651e-01 3.00000000e+00]
[8.78000000e+02 8.60000000e+02 3.58134304e-01 3.10000000e+01]
[2.3000000e+02 5.3200000e+02 3.5867836e-01 2.0000000e+00]
[5.86000000e+02 1.57000000e+02 3.60682176e-01 3.00000000e+00]
[5.85000000e+02 8.89000000e+02 3.61571699e-01 1.70000000e+01]
[8.43000000e+02 8.93000000e+02 3.62327418e-01 9.00000000e+00]
[9.09000000e+02 2.41000000e+02 3.63964414e-01 1.00000000e+01]
[8.98000000e+02 8.58000000e+02 3.64169396e-01 1.00000000e+01]
[4.28000000e+02 8.95000000e+02 3.64392198e-01 5.20000000e+01]
[1.33000000e+02 7.38000000e+02 3.64611752e-01 4.00000000e+00]
[3.23000000e+02 8.99000000e+02 3.64636341e-01 4.70000000e+01]
[3.75000000e+02 7.99000000e+02 3.66533793e-01 4.00000000e+00]
[4.07000000e+02 4.75000000e+02 3.67045306e-01 2.00000000e+00]
[6.79000000e+02 9.12000000e+02 3.67871135e-01 5.40000000e+01]
[9.11000000e+02 4.40000000e+02 3.69443065e-01 1.10000000e+01]
[1.81000000e+02 8.94000000e+02 3.69746142e-01 2.00000000e+01]
[4.03000000e+02 8.70000000e+02 3.70325777e-01 1.60000000e+01]
[4.83000000e+02 8.82000000e+02 3.73087375e-01 1.40000000e+01]
[3.60000000e+02 9.16000000e+02 3.74674471e-01 3.00000000e+00]
[6.23000000e+02 5.14000000e+02 3.75490766e-01 3.00000000e+00]
[2.81000000e+02 9.14000000e+02 3.75997666e-01 4.80000000e+01]
[1.49000000e+02 9.17000000e+02 3.76696886e-01 5.50000000e+01]
[3.70000000e+02 9.25000000e+02 3.77543436e-01 5.60000000e+01]
[3.30000000e+02 8.92000000e+02 3.78140399e-01 2.40000000e+01]
[9.1300000e+02 9.0500000e+02 3.7887848e-01 3.5000000e+01]
[1.45000000e+02 8.80000000e+02 3.79523113e-01 4.00000000e+00]
[9.08000000e+02 9.19000000e+02 3.82016839e-01 3.70000000e+01]
[3.25000000e+02 9.01000000e+02 3.82077049e-01 2.00000000e+01]
[4.59000000e+02 4.17000000e+02 3.82208131e-01 2.00000000e+00]
[8.16000000e+02 9.30000000e+02 3.82713614e-01 3.90000000e+01]
[3.85000000e+02 9.15000000e+02 3.83138969e-01 5.00000000e+00]
[8.9000000e+02 3.1300000e+02 3.8353223e-01 2.8000000e+01]
[4.25000000e+02 5.50000000e+02 3.84698837e-01 3.00000000e+00]
[8.46000000e+02 6.89000000e+02 3.84731576e-01 5.00000000e+00]
[3.04000000e+02 9.36000000e+02 3.85387404e-01 4.00000000e+00]
[8.59000000e+02 9.20000000e+02 3.86030306e-01 1.90000000e+01]
[8.97000000e+02 8.69000000e+02 3.87414263e-01 2.40000000e+01]
[5.68000000e+02 9.32000000e+02 3.88517134e-01 4.00000000e+00]
[9.90000000e+01 9.35000000e+02 3.89005848e-01 2.90000000e+01]
[4.72000000e+02 9.40000000e+02 3.89104686e-01 2.50000000e+01]
[4.53000000e+02 9.10000000e+02 3.89555088e-01 1.10000000e+01]
[8.4900000e+02 4.3000000e+02 3.8975973e-01 3.0000000e+00]
[5.10000000e+02 9.24000000e+02 3.91299714e-01 4.90000000e+01]
[4.50000000e+01 4.34000000e+02 3.91397485e-01 2.00000000e+00]
[5.41000000e+02 6.94000000e+02 3.91571879e-01 5.00000000e+00]
[8.00000000e+00 9.43000000e+02 3.91848256e-01 2.60000000e+01]
[6.02000000e+02 9.34000000e+02 3.92033032e-01 7.00000000e+00]
[8.48000000e+02 9.27000000e+02 3.97123352e-01 2.60000000e+01]
[4.98000000e+02 8.86000000e+02 3.99512882e-01 4.00000000e+00]
[9.38000000e+02 9.21000000e+02 4.02301658e-01 1.80000000e+01]
[9.03000000e+02 1.18000000e+02 4.03485135e-01 5.00000000e+00]
[7.24000000e+02 2.78000000e+02 4.03769799e-01 3.00000000e+00]
[3.99000000e+02 9.37000000e+02 4.04121454e-01 6.00000000e+00]
[3.77000000e+02 4.31000000e+02 4.06268126e-01 2.00000000e+00]
[ 55.         107.           0.40691637   2.        ]
[9.02000000e+02 9.33000000e+02 4.07907476e-01 4.80000000e+01]
[2.23000000e+02 9.59000000e+02 4.08234346e-01 4.90000000e+01]
[9.31000000e+02 7.68000000e+02 4.09283447e-01 2.20000000e+01]
[8.260000e+02 9.260000e+02 4.094459e-01 5.800000e+01]
[9.61000000e+02 9.28000000e+02 4.09765019e-01 5.70000000e+01]
[4.70000000e+01 9.39000000e+02 4.10016199e-01 2.00000000e+01]
[  2.         388.           0.41067572   2.        ]
[9.49000000e+02 9.44000000e+02 4.12062226e-01 3.70000000e+01]
[8.7600000e+02 8.7400000e+02 4.1324418e-01 2.2000000e+01]
[6.3800000e+02 9.5300000e+02 4.1367505e-01 2.1000000e+01]
[7.60000000e+02 3.54000000e+02 4.13690888e-01 3.00000000e+00]
[8.81000000e+02 9.66000000e+02 4.14576878e-01 3.90000000e+01]
[9.51000000e+02 9.60000000e+02 4.15516854e-01 7.50000000e+01]
[5.31000000e+02 9.22000000e+02 4.15594455e-01 4.00000000e+00]
[9.68000000e+02 6.00000000e+01 4.15965594e-01 2.20000000e+01]
[9.18000000e+02 6.05000000e+02 4.16655772e-01 1.30000000e+01]
[9.23000000e+02 9.71000000e+02 4.16681742e-01 7.80000000e+01]
[8.40000000e+01 9.72000000e+02 4.17454447e-01 5.00000000e+00]
[9.63000000e+02 9.46000000e+02 4.17802413e-01 1.06000000e+02]
[1.20000000e+02 9.74000000e+02 4.19321358e-01 1.40000000e+01]
[8.50000000e+02 9.69000000e+02 4.19415023e-01 5.00000000e+00]
[9.04000000e+02 9.70000000e+02 4.22038229e-01 4.20000000e+01]
[9.75000000e+02 9.50000000e+02 4.23500412e-01 8.50000000e+01]
[9.07000000e+02 9.81000000e+02 4.24160774e-01 8.80000000e+01]
[9.42000000e+02 7.43000000e+02 4.26849543e-01 3.10000000e+01]
[4.55000000e+02 9.52000000e+02 4.26997081e-01 5.00000000e+00]
[9.47000000e+02 2.85000000e+02 4.27453049e-01 3.00000000e+00]
[3.51000000e+02 9.76000000e+02 4.30429801e-01 6.00000000e+00]
[2.35000000e+02 9.62000000e+02 4.30566816e-01 5.90000000e+01]
[1.98000000e+02 5.07000000e+02 4.31602323e-01 2.00000000e+00]
[3.90000000e+01 9.77000000e+02 4.32054811e-01 1.07000000e+02]
[3.95000000e+02 9.83000000e+02 4.33855576e-01 3.20000000e+01]
[1.10000000e+01 9.54000000e+02 4.34065075e-01 6.00000000e+00]
[2.80000000e+02 9.90000000e+02 4.34444153e-01 3.30000000e+01]
[9.29000000e+02 3.79000000e+02 4.36098199e-01 5.00000000e+00]
[4.11000000e+02 9.87000000e+02 4.37878123e-01 6.00000000e+01]
[6.17000000e+02 9.64000000e+02 4.41822293e-01 2.20000000e+01]
[9.56000000e+02 9.92000000e+02 4.42302598e-01 3.90000000e+01]
[4.74000000e+02 9.89000000e+02 4.46335992e-01 1.08000000e+02]
[9.94000000e+02 9.55000000e+02 4.47394885e-01 6.30000000e+01]
[9.98000000e+02 9.41000000e+02 4.50659407e-01 6.70000000e+01]
[9.99000000e+02 9.79000000e+02 4.51327438e-01 7.20000000e+01]
[2.68000000e+02 5.02000000e+02 4.51598293e-01 2.00000000e+00]
[1.77000000e+02 9.96000000e+02 4.52095668e-01 4.00000000e+01]
[1.00000000e+03 5.39000000e+02 4.52335881e-01 7.30000000e+01]
[9.82000000e+02 9.80000000e+02 4.53913493e-01 1.30000000e+02]
[8.4500000e+02 9.9700000e+02 4.5532357e-01 1.1000000e+02]
[4.70000000e+02 1.00200000e+03 4.55870798e-01 4.10000000e+01]
[9.88000000e+02 2.63000000e+02 4.56878568e-01 3.00000000e+00]
[9.45000000e+02 9.67000000e+02 4.58521554e-01 2.50000000e+01]
[9.86000000e+02 1.00500000e+03 4.60586679e-01 1.16000000e+02]
[1.26000000e+02 4.88000000e+02 4.62041749e-01 2.00000000e+00]
[6.0300000e+02 1.0090000e+03 4.7280423e-01 1.1800000e+02]
[3.06000000e+02 1.00800000e+03 4.75824008e-01 2.60000000e+01]
[5.36000000e+02 9.73000000e+02 4.76105712e-01 2.30000000e+01]
[9.95000000e+02 1.01100000e+03 4.78758901e-01 1.40000000e+02]
[9.84000000e+02 1.01300000e+03 4.79036132e-01 2.80000000e+01]
[9.06000000e+02 9.93000000e+02 4.79275857e-01 7.00000000e+00]
[1.31000000e+02 1.00600000e+03 4.79722873e-01 4.20000000e+01]
[1.14000000e+02 1.01400000e+03 4.80178176e-01 1.41000000e+02]
[1.00400000e+03 7.61000000e+02 4.80603912e-01 1.33000000e+02]
[2.82000000e+02 1.00300000e+03 4.81811054e-01 7.40000000e+01]
[1.01900000e+03 9.85000000e+02 4.83913837e-01 1.36000000e+02]
[9.78000000e+02 1.01800000e+03 4.86184352e-01 1.55000000e+02]
[1.02100000e+03 7.72000000e+02 4.86376646e-01 1.38000000e+02]
[1.02300000e+03 5.97000000e+02 4.88117713e-01 1.40000000e+02]
[9.58000000e+02 1.01700000e+03 4.89193452e-01 4.40000000e+01]
[9.9100000e+02 5.0400000e+02 4.8954768e-01 7.0000000e+00]
[1.02400000e+03 1.34000000e+02 4.89741253e-01 1.41000000e+02]
[1.75000000e+02 1.01200000e+03 4.91431711e-01 2.70000000e+01]
[3.10000000e+02 1.02500000e+03 4.92281735e-01 4.50000000e+01]
[9.65000000e+02 1.02200000e+03 4.95651722e-01 1.57000000e+02]
[4.20000000e+01 1.01000000e+03 4.99466274e-01 3.00000000e+00]
[1.01600000e+03 4.77000000e+02 5.00353003e-01 8.00000000e+00]
[1.00700000e+03 1.01500000e+03 5.01746786e-01 3.10000000e+01]
[1.0300000e+03 4.1600000e+02 5.0325371e-01 1.5800000e+02]
[3.64000000e+02 1.02800000e+03 5.19994012e-01 2.80000000e+01]
[5.0600000e+02 1.0290000e+03 5.2526775e-01 4.6000000e+01]
[1.69000000e+02 1.03400000e+03 5.26233329e-01 1.59000000e+02]
[3.5500000e+02 1.0370000e+03 5.3338811e-01 1.6000000e+02]
[1.02700000e+03 8.88000000e+02 5.36001344e-01 1.45000000e+02]
[1.03900000e+03 1.02600000e+03 5.37334542e-01 1.52000000e+02]
[1.03200000e+03 1.03500000e+03 5.38525128e-01 3.60000000e+01]
[1.04000000e+03 9.48000000e+02 5.39243419e-01 1.57000000e+02]
[1.04200000e+03 1.00100000e+03 5.41494238e-01 1.59000000e+02]
[1.04300000e+03 7.07000000e+02 5.42461704e-01 1.61000000e+02]
[1.04400000e+03 1.03600000e+03 5.44532708e-01 2.07000000e+02]
[147.        423.          0.5477251   2.       ]
[1.02000000e+03 3.19000000e+02 5.49098042e-01 7.50000000e+01]
[1.03800000e+03 1.04500000e+03 5.56274802e-01 3.67000000e+02]
[1.04700000e+03 9.57000000e+02 5.75527255e-01 7.70000000e+01]
[1.71000000e+02 1.03100000e+03 5.81673184e-01 4.00000000e+00]
[1.04800000e+03 1.66000000e+02 5.88083361e-01 3.68000000e+02]
[2.43000000e+02 1.04900000e+03 5.88102968e-01 7.80000000e+01]
[1.05100000e+03 1.03300000e+03 5.88172817e-01 3.99000000e+02]
[1.91000000e+02 1.05300000e+03 5.89533321e-01 4.00000000e+02]
[1.08000000e+02 1.04100000e+03 5.97672827e-01 3.70000000e+01]
[3.16000000e+02 1.05400000e+03 5.98934348e-01 4.01000000e+02]
[4.19000000e+02 1.05500000e+03 6.07177983e-01 3.80000000e+01]
[ 13.         162.           0.61394891   2.        ]
[7.70000000e+01 1.05200000e+03 6.16177456e-01 7.90000000e+01]
[8.60000000e+01 1.05600000e+03 6.19916458e-01 4.02000000e+02]
[1.05700000e+03 1.06000000e+03 6.46861187e-01 4.40000000e+02]
[1.05000000e+03 1.06100000e+03 6.50801438e-01 4.44000000e+02]
[447.        458.          0.6554182   2.       ]
[1.04600000e+03 1.06200000e+03 6.86261667e-01 4.46000000e+02]
[179.         277.           0.68962413   2.        ]
[1.05800000e+03 1.06400000e+03 7.17754222e-01 4.48000000e+02]
[212.         341.           0.71882994   2.        ]
[1.06600000e+03 2.89000000e+02 7.27418348e-01 4.49000000e+02]
[1.05900000e+03 1.06300000e+03 7.44762098e-01 8.10000000e+01]
[1.06800000e+03 1.06700000e+03 7.66661975e-01 4.51000000e+02]
[1.06500000e+03 1.07000000e+03 7.66962635e-01 4.53000000e+02]
[1.0710000e+03 1.0690000e+03 7.6997856e-01 5.3400000e+02]
[1.07200000e+03 3.14000000e+02 7.88791651e-01 5.35000000e+02]
[1.07300000e+03 5.33000000e+02 8.01958906e-01 5.36000000e+02]
[1.07400000e+03 3.11000000e+02 8.58763118e-01 5.37000000e+02]
[1.07500000e+03 4.29000000e+02 9.07898804e-01 5.38000000e+02]
[1.07600000e+03 2.01000000e+02 9.54407938e-01 5.39000000e+02]
[2.400000e+01 1.077000e+03 9.669614e-01 5.400000e+02]
