[  1. 216.   0.   2.]
[540. 113.   0.   3.]
[ 50. 135.   0.   2.]
[542. 329.   0.   3.]
[64. 68.  0.  2.]
[544.  93.   0.   3.]
[545. 123.   0.   4.]
[546. 214.   0.   5.]
[547. 261.   0.   6.]
[ 72. 437.   0.   2.]
[74. 91.  0.  2.]
[550. 317.   0.   3.]
[ 78. 125.   0.   2.]
[552. 315.   0.   3.]
[103. 196.   0.   2.]
[205. 251.   0.   2.]
[270. 271.   0.   2.]
[300. 302.   0.   2.]
[359. 413.   0.   2.]
[5.56000000e+02 1.40000000e+02 7.02447475e-09 3.00000000e+00]
[9.00000000e+01 5.18000000e+02 1.49011612e-08 2.00000000e+00]
[2.20000000e+02 2.95000000e+02 1.49011612e-08 2.00000000e+00]
[5.59000000e+02 1.70000000e+02 1.81731402e-08 4.00000000e+00]
[2.40000000e+01 4.23000000e+02 2.10734243e-08 2.00000000e+00]
[9.50000000e+01 1.52000000e+02 2.10734243e-08 2.00000000e+00]
[5.64000000e+02 2.40000000e+02 2.10734243e-08 3.00000000e+00]
[5.65000000e+02 3.01000000e+02 2.10734243e-08 4.00000000e+00]
[5.66000000e+02 3.08000000e+02 2.10734243e-08 5.00000000e+00]
[5.67000000e+02 5.61000000e+02 2.10734243e-08 7.00000000e+00]
[3.07000000e+02 5.68000000e+02 2.10734243e-08 8.00000000e+00]
[8.10000000e+01 5.69000000e+02 2.61361579e-08 9.00000000e+00]
[6.00000000e+00 1.29000000e+02 2.98023224e-08 2.00000000e+00]
[1.36000000e+02 3.36000000e+02 2.98023224e-08 2.00000000e+00]
[5.57000000e+02 4.68000000e+02 3.23812286e-08 3.00000000e+00]
[1.78000000e+02 2.45000000e+02 3.33200094e-08 2.00000000e+00]
[6.10000000e+01 2.36000000e+02 3.65002415e-08 2.00000000e+00]
[3.80000000e+02 4.00000000e+02 5.16191366e-08 2.00000000e+00]
[5.51000000e+02 2.74000000e+02 5.96046448e-08 4.00000000e+00]
[5.62000000e+02 5.76000000e+02 2.27451297e-02 6.00000000e+00]
[5.43000000e+02 5.70000000e+02 9.41240233e-02 1.20000000e+01]
[4.36000000e+02 5.22000000e+02 9.80953684e-02 2.00000000e+00]
[1.2400000e+02 3.0500000e+02 1.0218939e-01 2.0000000e+00]
[1.70000000e+01 2.83000000e+02 1.06903111e-01 2.00000000e+00]
[3.48000000e+02 3.67000000e+02 1.08707885e-01 2.00000000e+00]
[2.18000000e+02 5.03000000e+02 1.09689735e-01 2.00000000e+00]
[3.03000000e+02 3.69000000e+02 1.12037024e-01 2.00000000e+00]
[4.9200000e+02 5.2300000e+02 1.1243809e-01 2.0000000e+00]
[4.0000000e+00 2.6200000e+02 1.1307147e-01 2.0000000e+00]
[5.79000000e+02 1.30000000e+02 1.16496702e-01 1.30000000e+01]
[4.90000000e+01 2.46000000e+02 1.17374234e-01 2.00000000e+00]
[65.         76.          0.11880498  2.        ]
[2.47000000e+02 2.49000000e+02 1.20010184e-01 2.00000000e+00]
[6.30000000e+01 4.26000000e+02 1.21497705e-01 2.00000000e+00]
[3.00000000e+01 2.09000000e+02 1.22036623e-01 2.00000000e+00]
[21.         40.          0.12305682  2.        ]
[3.39000000e+02 4.73000000e+02 1.24315851e-01 2.00000000e+00]
[1.65000000e+02 2.91000000e+02 1.26090956e-01 2.00000000e+00]
[5.77000000e+02 2.04000000e+02 1.30833491e-01 5.00000000e+00]
[3.96000000e+02 4.14000000e+02 1.33428741e-01 2.00000000e+00]
[3.46000000e+02 4.38000000e+02 1.34073472e-01 2.00000000e+00]
[41.         52.          0.13538276  2.        ]
[3.09000000e+02 3.94000000e+02 1.37506668e-01 2.00000000e+00]
[5.96000000e+02 1.80000000e+02 1.43392654e-01 3.00000000e+00]
[2.90000000e+02 5.30000000e+02 1.44171102e-01 2.00000000e+00]
[1.55000000e+02 2.72000000e+02 1.48294393e-01 2.00000000e+00]
[3.66000000e+02 5.17000000e+02 1.48814917e-01 2.00000000e+00]
[5.78000000e+02 5.87000000e+02 1.50316287e-01 8.00000000e+00]
[ 62.         112.           0.15177983   2.        ]
[4.18000000e+02 4.61000000e+02 1.52822334e-01 2.00000000e+00]
[1.85000000e+02 1.95000000e+02 1.55259193e-01 2.00000000e+00]
[1.43000000e+02 4.45000000e+02 1.55499242e-01 2.00000000e+00]
[2.13000e+02 3.86000e+02 1.56214e-01 2.00000e+00]
[1.40000000e+01 4.33000000e+02 1.56289304e-01 2.00000000e+00]
[1.60000000e+01 4.39000000e+02 1.56935311e-01 2.00000000e+00]
[2.97000000e+02 4.27000000e+02 1.58261313e-01 2.00000000e+00]
[6.02000000e+02 2.08000000e+02 1.59154188e-01 4.00000000e+00]
[3.81000000e+02 4.05000000e+02 1.59672579e-01 2.00000000e+00]
[5.97000000e+02 1.64000000e+02 1.59731726e-01 6.00000000e+00]
[3.56000000e+02 4.67000000e+02 1.60973448e-01 2.00000000e+00]
[6.06000000e+02 3.34000000e+02 1.62459956e-01 9.00000000e+00]
[8.00000000e+01 4.09000000e+02 1.66038538e-01 2.00000000e+00]
[1.44000000e+02 5.58000000e+02 1.67329639e-01 3.00000000e+00]
[3.20000000e+02 4.06000000e+02 1.67974792e-01 2.00000000e+00]
[1.09000000e+02 5.73000000e+02 1.69043829e-01 4.00000000e+00]
[4.15000000e+02 4.60000000e+02 1.73027553e-01 2.00000000e+00]
[5.88000000e+02 2.19000000e+02 1.74035487e-01 1.40000000e+01]
[2.48000000e+02 5.16000000e+02 1.76096955e-01 2.00000000e+00]
[6.19000000e+02 5.55000000e+02 1.76866054e-01 1.10000000e+01]
[2.07000000e+02 2.56000000e+02 1.77731059e-01 2.00000000e+00]
[6.25000000e+02 1.60000000e+02 1.78869726e-01 1.50000000e+01]
[4.02000000e+02 4.89000000e+02 1.79398178e-01 2.00000000e+00]
[3.97000000e+02 4.44000000e+02 1.82192757e-01 2.00000000e+00]
[6.29000000e+02 6.27000000e+02 1.82438601e-01 2.60000000e+01]
[2.76000000e+02 3.45000000e+02 1.84785589e-01 2.00000000e+00]
[1.83000000e+02 3.47000000e+02 1.86008353e-01 2.00000000e+00]
[6.15000000e+02 2.33000000e+02 1.86312083e-01 5.00000000e+00]
[6.17000000e+02 1.21000000e+02 1.88138953e-01 7.00000000e+00]
[ 27.         172.           0.18937542   2.        ]
[5.72000000e+02 1.76000000e+02 1.89653907e-01 3.00000000e+00]
[ 54.         150.           0.19117028   2.        ]
[2.9000000e+01 4.8600000e+02 1.9267775e-01 2.0000000e+00]
[  9.         156.           0.19496846   2.        ]
[ 19.         104.           0.19503188   2.        ]
[2.06000000e+02 3.22000000e+02 1.96929304e-01 2.00000000e+00]
[6.3900000e+02 1.4800000e+02 1.9961484e-01 3.0000000e+00]
[1.28000000e+02 6.35000000e+02 2.05447849e-01 6.00000000e+00]
[3.27000000e+02 5.38000000e+02 2.10102429e-01 2.00000000e+00]
[6.00000000e+02 3.82000000e+02 2.11044392e-01 3.00000000e+00]
[1.42000000e+02 5.19000000e+02 2.11099003e-01 2.00000000e+00]
[6.32000000e+02 1.54000000e+02 2.11560847e-01 2.70000000e+01]
[6.42000000e+02 2.29000000e+02 2.12814787e-01 3.00000000e+00]
[6.4500000e+02 6.0700000e+02 2.1594319e-01 8.0000000e+00]
[3.18000000e+02 5.09000000e+02 2.16031428e-01 2.00000000e+00]
[2.00000000e+01 2.65000000e+02 2.18618808e-01 2.00000000e+00]
[5.00000000e+00 2.75000000e+02 2.20140438e-01 2.00000000e+00]
[6.51000000e+02 3.33000000e+02 2.20244524e-01 9.00000000e+00]
[6.49000000e+02 2.98000000e+02 2.20603734e-01 2.80000000e+01]
[6.56000000e+02 4.48000000e+02 2.23531026e-01 2.90000000e+01]
[3.61000000e+02 5.27000000e+02 2.28147969e-01 2.00000000e+00]
[6.41000000e+02 5.53000000e+02 2.37179204e-01 5.00000000e+00]
[6.57000000e+02 2.39000000e+02 2.38778332e-01 3.00000000e+01]
[3.93000000e+02 5.11000000e+02 2.38977129e-01 2.00000000e+00]
[6.60000000e+02 6.50000000e+02 2.39339657e-01 3.30000000e+01]
[9.20000000e+01 2.69000000e+02 2.41706178e-01 2.00000000e+00]
[3.74000000e+02 3.83000000e+02 2.41961081e-01 2.00000000e+00]
[7.00000000e+01 6.62000000e+02 2.44036557e-01 3.40000000e+01]
[2.37000000e+02 4.90000000e+02 2.45297208e-01 2.00000000e+00]
[1.53000000e+02 6.36000000e+02 2.48202705e-01 8.00000000e+00]
[6.53000000e+02 6.28000000e+02 2.55220242e-01 4.00000000e+00]
[3.80000000e+01 6.23000000e+02 2.56763832e-01 5.00000000e+00]
[1.15000000e+02 6.55000000e+02 2.57357622e-01 1.00000000e+01]
[3.50000000e+01 6.65000000e+02 2.58498975e-01 3.50000000e+01]
[2.2100000e+02 6.7100000e+02 2.5908895e-01 3.6000000e+01]
[5.71000000e+02 6.33000000e+02 2.60255652e-01 4.00000000e+00]
[4.80000000e+02 6.72000000e+02 2.61792506e-01 3.70000000e+01]
[3.63000000e+02 5.21000000e+02 2.65388287e-01 2.00000000e+00]
[7.10000000e+01 4.62000000e+02 2.65582039e-01 2.00000000e+00]
[8.70000000e+01 6.67000000e+02 2.65942777e-01 9.00000000e+00]
[ 33.         122.           0.27495232   2.        ]
[6.6300000e+02 1.9200000e+02 2.7711885e-01 3.0000000e+00]
[1.82000000e+02 6.34000000e+02 2.79671266e-01 3.00000000e+00]
[6.68000000e+02 6.54000000e+02 2.80431195e-01 6.00000000e+00]
[6.38000000e+02 6.46000000e+02 2.82115633e-01 5.00000000e+00]
[6.74000000e+02 3.28000000e+02 2.84487985e-01 3.80000000e+01]
[6.83000000e+02 2.64000000e+02 2.84652712e-01 3.90000000e+01]
[6.8400000e+02 8.5000000e+01 2.8608627e-01 4.0000000e+01]
[4.54000000e+02 6.85000000e+02 2.86568916e-01 4.10000000e+01]
[5.48000000e+02 3.24000000e+02 2.90669648e-01 7.00000000e+00]
[8.20000000e+01 6.80000000e+02 2.92792641e-01 4.00000000e+00]
[6.59000000e+02 1.99000000e+02 2.93907533e-01 6.00000000e+00]
[3.65000000e+02 4.43000000e+02 2.94117807e-01 2.00000000e+00]
[1.27000000e+02 6.88000000e+02 2.94157751e-01 5.00000000e+00]
[6.81000000e+02 1.19000000e+02 2.95565431e-01 7.00000000e+00]
[4.08000000e+02 4.50000000e+02 2.95776352e-01 2.00000000e+00]
[6.91000000e+02 2.11000000e+02 2.98768732e-01 6.00000000e+00]
[3.40000000e+02 6.92000000e+02 3.00523149e-01 8.00000000e+00]
[6.04000000e+02 6.13000000e+02 3.01841452e-01 4.00000000e+00]
[2.10000000e+02 6.64000000e+02 3.02937433e-01 3.00000000e+00]
[6.43000000e+02 2.25000000e+02 3.05244834e-01 3.00000000e+00]
[6.77000000e+02 1.17000000e+02 3.05394137e-01 1.00000000e+01]
[6.73000000e+02 6.94000000e+02 3.05451188e-01 1.00000000e+01]
[ 73.         200.           0.30733956   2.        ]
[6.16000000e+02 6.86000000e+02 3.12606606e-01 4.30000000e+01]
[2.28000000e+02 3.57000000e+02 3.14724994e-01 2.00000000e+00]
[3.32000000e+02 4.69000000e+02 3.15617665e-01 2.00000000e+00]
[6.70000000e+01 4.95000000e+02 3.15708884e-01 2.00000000e+00]
[6.03000000e+02 4.22000000e+02 3.16907905e-01 3.00000000e+00]
[2.66000000e+02 7.02000000e+02 3.17923449e-01 4.40000000e+01]
[6.82000000e+02 6.95000000e+02 3.20876998e-01 1.30000000e+01]
[4.85000000e+02 5.83000000e+02 3.21539143e-01 3.00000000e+00]
[3.35000000e+02 3.38000000e+02 3.22656937e-01 2.00000000e+00]
[4.49000000e+02 5.29000000e+02 3.22799134e-01 2.00000000e+00]
[132.          98.           0.32561042   2.        ]
[139.        241.          0.3256283   2.       ]
[ 58.         238.           0.32796321   2.        ]
[4.60000000e+01 7.07000000e+02 3.28076965e-01 4.50000000e+01]
[ 97.         226.           0.33041251   2.        ]
[6.96000000e+02 7.00000000e+02 3.30540829e-01 1.40000000e+01]
[6.60000000e+01 5.54000000e+02 3.32013798e-01 3.00000000e+00]
[4.24000000e+02 7.09000000e+02 3.32865072e-01 4.00000000e+00]
[5.7500000e+02 1.5100000e+02 3.3389856e-01 3.0000000e+00]
[6.08000000e+02 5.80000000e+02 3.34430368e-01 4.00000000e+00]
[4.87000000e+02 7.17000000e+02 3.35107169e-01 1.50000000e+01]
[1.2000000e+01 3.9000000e+02 3.3736456e-01 2.0000000e+00]
[6.11000000e+02 4.71000000e+02 3.37668174e-01 3.00000000e+00]
[5.74000000e+02 2.55000000e+02 3.38131114e-01 3.00000000e+00]
[3.84000000e+02 4.79000000e+02 3.40475044e-01 2.00000000e+00]
[6.89000000e+02 4.35000000e+02 3.40906364e-01 7.00000000e+00]
[2.44000000e+02 7.25000000e+02 3.41030829e-01 4.00000000e+00]
[8.30000000e+01 7.15000000e+02 3.41152634e-01 4.60000000e+01]
[1.01000000e+02 5.25000000e+02 3.42972462e-01 2.00000000e+00]
[2.30000000e+02 6.52000000e+02 3.43722877e-01 3.00000000e+00]
[6.99000000e+02 1.74000000e+02 3.44045783e-01 1.10000000e+01]
[7.12000000e+02 7.08000000e+02 3.45721106e-01 1.50000000e+01]
[6.12000000e+02 2.20000000e+01 3.46047368e-01 3.00000000e+00]
[3.21000000e+02 7.29000000e+02 3.46136053e-01 4.70000000e+01]
[1.94000000e+02 4.63000000e+02 3.46315337e-01 2.00000000e+00]
[7.22000000e+02 3.20000000e+01 3.48438765e-01 1.60000000e+01]
[3.91000000e+02 7.26000000e+02 3.48763874e-01 3.00000000e+00]
[7.06000000e+02 4.96000000e+02 3.49096629e-01 4.00000000e+00]
[2.30000000e+01 7.37000000e+02 3.49555906e-01 1.70000000e+01]
[6.70000000e+02 2.02000000e+02 3.49806413e-01 1.10000000e+01]
[1.00000000e+01 6.98000000e+02 3.50918203e-01 4.00000000e+00]
[299.         222.           0.35110166   2.        ]
[7.30000000e+02 7.16000000e+02 3.53380025e-01 4.00000000e+00]
[6.4400000e+02 6.8700000e+02 3.5431281e-01 1.0000000e+01]
[4.72000000e+02 5.08000000e+02 3.54444924e-01 2.00000000e+00]
[5.70000000e+01 7.28000000e+02 3.54942583e-01 5.00000000e+00]
[5.12000000e+02 7.38000000e+02 3.55249845e-01 4.00000000e+00]
[ 18.        294.          0.3569217   2.       ]
[6.78000000e+02 3.62000000e+02 3.58738411e-01 3.00000000e+00]
[4.42000000e+02 7.10000000e+02 3.59081022e-01 3.00000000e+00]
[7.03000000e+02 7.23000000e+02 3.60718573e-01 4.00000000e+00]
[7.33000000e+02 1.86000000e+02 3.60726542e-01 1.60000000e+01]
[1.97000000e+02 7.52000000e+02 3.62873716e-01 5.00000000e+00]
[4.21000000e+02 7.44000000e+02 3.63063524e-01 5.00000000e+00]
[259.           3.           0.36333652   2.        ]
[7.48000000e+02 5.13000000e+02 3.64950892e-01 5.00000000e+00]
[7.5600000e+02 3.8700000e+02 3.6565207e-01 3.0000000e+00]
[3.50000000e+02 7.40000000e+02 3.65681852e-01 1.80000000e+01]
[7.14000000e+02 2.63000000e+02 3.66873044e-01 3.00000000e+00]
[4.40000000e+01 4.52000000e+02 3.69158875e-01 2.00000000e+00]
[6.69000000e+02 2.35000000e+02 3.69563355e-01 6.00000000e+00]
[7.35000000e+02 5.90000000e+02 3.70626908e-01 4.90000000e+01]
[7.63000000e+02 3.89000000e+02 3.72193812e-01 5.00000000e+01]
[6.18000000e+02 5.35000000e+02 3.74309095e-01 3.00000000e+00]
[7.36000000e+02 2.52000000e+02 3.76567174e-01 3.00000000e+00]
[7.43000000e+02 3.95000000e+02 3.77436598e-01 3.00000000e+00]
[2.50000000e+01 4.04000000e+02 3.77865521e-01 2.00000000e+00]
[7.19000000e+02 7.47000000e+02 3.78156902e-01 9.00000000e+00]
[8.80000000e+01 4.10000000e+02 3.78554893e-01 2.00000000e+00]
[4.46000000e+02 7.55000000e+02 3.79031639e-01 6.00000000e+00]
[1.73000000e+02 7.42000000e+02 3.80142228e-01 5.00000000e+00]
[2.92000000e+02 3.98000000e+02 3.80584376e-01 2.00000000e+00]
[ 34.         138.           0.38060645   2.        ]
[7.32000000e+02 7.41000000e+02 3.80716371e-01 2.20000000e+01]
[6.05000000e+02 5.86000000e+02 3.82091911e-01 4.00000000e+00]
[5.82000000e+02 7.54000000e+02 3.82232835e-01 7.00000000e+00]
[3.78000000e+02 7.39000000e+02 3.82759152e-01 5.00000000e+00]
[5.90000000e+01 7.75000000e+02 3.85591371e-01 2.30000000e+01]
[7.69000000e+02 7.24000000e+02 3.85913751e-01 1.20000000e+01]
[9.40000000e+01 7.77000000e+02 3.86674556e-01 8.00000000e+00]
[1.87000000e+02 5.00000000e+02 3.87470972e-01 2.00000000e+00]
[7.80000000e+02 4.57000000e+02 3.87905162e-01 1.30000000e+01]
[5.28000000e+02 7.68000000e+02 3.87925334e-01 3.00000000e+00]
[7.50000000e+02 7.73000000e+02 3.87969686e-01 5.00000000e+00]
[4.17000000e+02 7.85000000e+02 3.88161085e-01 6.00000000e+00]
[4.66000000e+02 4.94000000e+02 3.88668735e-01 2.00000000e+00]
[6.30000000e+02 7.71000000e+02 3.89302511e-01 8.00000000e+00]
[2.32000000e+02 7.76000000e+02 3.90033548e-01 5.00000000e+00]
[5.1000000e+01 7.2100000e+02 3.9061593e-01 5.0000000e+00]
[3.31000000e+02 7.64000000e+02 3.91778535e-01 5.10000000e+01]
[1.58000000e+02 7.89000000e+02 3.92491085e-01 6.00000000e+00]
[0.0000000e+00 7.9100000e+02 3.9451104e-01 5.2000000e+01]
[7.11000000e+02 7.81000000e+02 3.94661256e-01 1.00000000e+01]
[3.23000000e+02 7.88000000e+02 3.95395388e-01 9.00000000e+00]
[7.53000000e+02 3.70000000e+01 3.95568306e-01 1.70000000e+01]
[2.27000000e+02 7.59000000e+02 3.96784476e-01 1.90000000e+01]
[7.96000000e+02 7.62000000e+02 3.97210604e-01 2.30000000e+01]
[161.         260.           0.39744915   2.        ]
[4.76000000e+02 5.15000000e+02 3.98355483e-01 2.00000000e+00]
[5.4900000e+02 6.6100000e+02 3.9950504e-01 4.0000000e+00]
[7.00000000e+00 7.84000000e+02 4.00513107e-01 4.00000000e+00]
[342.         368.           0.40113394   2.        ]
[2.50000000e+02 7.51000000e+02 4.02745209e-01 4.00000000e+00]
[7.97000000e+02 7.98000000e+02 4.05114949e-01 4.20000000e+01]
[5.20000000e+02 7.90000000e+02 4.05960487e-01 6.00000000e+00]
[2.78000000e+02 4.28000000e+02 4.06178797e-01 2.00000000e+00]
[3.13000000e+02 7.79000000e+02 4.06562407e-01 2.40000000e+01]
[3.73000000e+02 7.94000000e+02 4.06849065e-01 1.10000000e+01]
[6.79000000e+02 2.80000000e+02 4.07040329e-01 4.00000000e+00]
[2.15000000e+02 8.09000000e+02 4.07102939e-01 1.20000000e+01]
[7.93000000e+02 5.24000000e+02 4.08085568e-01 5.30000000e+01]
[1.05000000e+02 6.24000000e+02 4.09319899e-01 3.00000000e+00]
[137.         168.           0.40976125   2.        ]
[7.49000000e+02 7.45000000e+02 4.09897665e-01 1.20000000e+01]
[1.11000000e+02 8.05000000e+02 4.10149101e-01 4.30000000e+01]
[1.88000000e+02 7.27000000e+02 4.10335762e-01 8.00000000e+00]
[7.50000000e+01 7.83000000e+02 4.12282848e-01 1.40000000e+01]
[6.09000000e+02 7.57000000e+02 4.12531387e-01 7.00000000e+00]
[3.76000000e+02 7.31000000e+02 4.13338695e-01 4.00000000e+00]
[4.59000000e+02 7.20000000e+02 4.13500141e-01 4.00000000e+00]
[6.26000000e+02 4.12000000e+02 4.13871123e-01 3.00000000e+00]
[3.49000000e+02 8.16000000e+02 4.14365164e-01 4.40000000e+01]
[3.72000000e+02 8.13000000e+02 4.17876812e-01 4.00000000e+00]
[4.65000000e+02 5.92000000e+02 4.19077288e-01 3.00000000e+00]
[3.60000000e+01 7.60000000e+02 4.19102345e-01 4.00000000e+00]
[2.86000000e+02 7.46000000e+02 4.20543403e-01 3.00000000e+00]
[5.91000000e+02 7.65000000e+02 4.20647263e-01 5.00000000e+00]
[3.5800000e+02 8.1200000e+02 4.2145659e-01 5.4000000e+01]
[3.71000000e+02 7.92000000e+02 4.21472033e-01 7.00000000e+00]
[1.1800000e+02 6.9700000e+02 4.2264419e-01 4.0000000e+00]
[5.30000000e+01 5.39000000e+02 4.24310566e-01 2.00000000e+00]
[7.13000000e+02 8.23000000e+02 4.24617021e-01 4.60000000e+01]
[96.         28.          0.42542145  2.        ]
[193.         279.           0.42693964   2.        ]
[3.53000000e+02 8.18000000e+02 4.27647893e-01 1.50000000e+01]
[7.72000000e+02 7.05000000e+02 4.28905606e-01 7.00000000e+00]
[2.73000000e+02 8.25000000e+02 4.29327409e-01 4.00000000e+00]
[8.15000000e+02 2.87000000e+02 4.30178053e-01 1.30000000e+01]
[8.21000000e+02 7.86000000e+02 4.30305513e-01 1.00000000e+01]
[1.89000000e+02 8.33000000e+02 4.30673579e-01 4.70000000e+01]
[7.7000000e+02 8.2600000e+02 4.3200443e-01 6.0000000e+00]
[4.80000000e+01 8.37000000e+02 4.32274467e-01 8.00000000e+00]
[1.59000000e+02 8.40000000e+02 4.33060874e-01 1.10000000e+01]
[7.78000000e+02 8.28000000e+02 4.34164552e-01 1.00000000e+01]
[4.84000000e+02 8.20000000e+02 4.34779598e-01 5.00000000e+00]
[5.26000000e+02 8.42000000e+02 4.35042648e-01 7.00000000e+00]
[2.17000000e+02 7.67000000e+02 4.35664819e-01 4.00000000e+00]
[8.1400000e+02 8.0400000e+02 4.3575964e-01 6.0000000e+00]
[3.52000000e+02 8.45000000e+02 4.35862646e-01 1.10000000e+01]
[7.34000000e+02 6.75000000e+02 4.37021299e-01 5.00000000e+00]
[7.87000000e+02 6.58000000e+02 4.38569106e-01 4.00000000e+00]
[6.20000000e+02 6.31000000e+02 4.39677847e-01 4.00000000e+00]
[4.78000000e+02 8.30000000e+02 4.40453418e-01 8.00000000e+00]
[7.58000000e+02 8.43000000e+02 4.40614786e-01 1.10000000e+01]
[1.49000000e+02 8.24000000e+02 4.40786233e-01 5.00000000e+00]
[3.44000000e+02 8.47000000e+02 4.41285472e-01 8.00000000e+00]
[7.61000000e+02 8.36000000e+02 4.41957419e-01 1.70000000e+01]
[293.         257.           0.44249806   2.        ]
[6.93000000e+02 8.29000000e+02 4.42534817e-01 5.60000000e+01]
[2.60000000e+01 8.34000000e+02 4.43435824e-01 3.00000000e+00]
[ 79.         330.           0.44398999   2.        ]
[1.00000000e+02 8.49000000e+02 4.44515514e-01 7.00000000e+00]
[8.11000000e+02 8.00000000e+02 4.47095338e-01 1.40000000e+01]
[5.32000000e+02 8.19000000e+02 4.47096281e-01 8.00000000e+00]
[2.88000000e+02 8.54000000e+02 4.47653767e-01 9.00000000e+00]
[5.3700000e+02 8.5300000e+02 4.4912034e-01 5.0000000e+00]
[5.410000e+02 8.100000e+02 4.504655e-01 7.000000e+00]
[1.63000000e+02 6.37000000e+02 4.50805686e-01 3.00000000e+00]
[3.12000000e+02 8.06000000e+02 4.51071933e-01 7.00000000e+00]
[8.60000000e+02 8.56000000e+02 4.53393435e-01 6.10000000e+01]
[4.83000000e+02 8.61000000e+02 4.53761783e-01 4.00000000e+00]
[2.67000000e+02 8.63000000e+02 4.53946228e-01 8.00000000e+00]
[4.81000000e+02 8.52000000e+02 4.54453702e-01 5.00000000e+00]
[5.85000000e+02 8.71000000e+02 4.57714674e-01 6.30000000e+01]
[231.         234.           0.45809497   2.        ]
[8.90000000e+01 8.58000000e+02 4.59109847e-01 1.80000000e+01]
[3.37000000e+02 8.77000000e+02 4.60691574e-01 1.90000000e+01]
[1.0600000e+02 8.6600000e+02 4.6084499e-01 1.0000000e+01]
[1.16000000e+02 8.22000000e+02 4.61059493e-01 4.00000000e+00]
[4.8200000e+02 8.7400000e+02 4.6107236e-01 6.0000000e+00]
[2.53000000e+02 8.41000000e+02 4.61977598e-01 4.80000000e+01]
[6.48000000e+02 8.79000000e+02 4.62258168e-01 1.20000000e+01]
[2.96000000e+02 8.75000000e+02 4.62366558e-01 6.40000000e+01]
[6.01000000e+02 3.60000000e+02 4.62821109e-01 3.00000000e+00]
[1.02000000e+02 8.70000000e+02 4.64909869e-01 8.00000000e+00]
[8.69000000e+02 4.40000000e+02 4.65454219e-01 4.00000000e+00]
[7.74000000e+02 8.39000000e+02 4.65857984e-01 1.50000000e+01]
[7.99000000e+02 8.72000000e+02 4.65986813e-01 6.00000000e+00]
[2.54000000e+02 8.84000000e+02 4.66652273e-01 6.50000000e+01]
[8.50000000e+02 8.02000000e+02 4.67925525e-01 1.50000000e+01]
[3.90000000e+01 5.99000000e+02 4.69684408e-01 3.00000000e+00]
[223.         184.           0.47104685   2.        ]
[3.99000000e+02 8.38000000e+02 4.71070049e-01 5.00000000e+00]
[5.01000000e+02 8.91000000e+02 4.71336957e-01 1.60000000e+01]
[1.46000000e+02 8.89000000e+02 4.72630048e-01 7.00000000e+00]
[4.30000000e+02 8.86000000e+02 4.73599723e-01 9.00000000e+00]
[3.26000000e+02 8.64000000e+02 4.73799801e-01 1.50000000e+01]
[4.9900000e+02 8.8100000e+02 4.7430152e-01 7.0000000e+00]
[2.85000000e+02 8.90000000e+02 4.74441247e-01 6.60000000e+01]
[2.24000000e+02 8.67000000e+02 4.74505581e-01 6.00000000e+00]
[157.        284.          0.4749408   2.       ]
[8.96000000e+02 4.51000000e+02 4.76089562e-01 8.00000000e+00]
[1.90000000e+02 8.59000000e+02 4.77032921e-01 3.00000000e+00]
[1.75000000e+02 8.93000000e+02 4.77514465e-01 3.00000000e+00]
[4.53000000e+02 6.22000000e+02 4.77550085e-01 3.00000000e+00]
[3.92000000e+02 6.14000000e+02 4.78685921e-01 3.00000000e+00]
[1.10000000e+01 8.01000000e+02 4.79766462e-01 5.00000000e+00]
[2.58000000e+02 6.76000000e+02 4.79958938e-01 3.00000000e+00]
[9.03000000e+02 1.41000000e+02 4.80887587e-01 9.00000000e+00]
[4.03000000e+02 9.10000000e+02 4.81536785e-01 1.00000000e+01]
[8.83000000e+02 6.21000000e+02 4.81858906e-01 1.50000000e+01]
[2.03000000e+02 8.99000000e+02 4.81937274e-01 8.00000000e+00]
[5.89000000e+02 8.00000000e+00 4.82702995e-01 3.00000000e+00]
[8.88000000e+02 8.55000000e+02 4.83241515e-01 2.60000000e+01]
[8.95000000e+02 8.97000000e+02 4.83723239e-01 2.50000000e+01]
[5.1000000e+02 9.0600000e+02 4.8415797e-01 4.0000000e+00]
[8.03000000e+02 9.16000000e+02 4.84223316e-01 2.70000000e+01]
[8.07000000e+02 8.44000000e+02 4.86317663e-01 1.30000000e+01]
[9.12000000e+02 3.25000000e+02 4.87455604e-01 1.60000000e+01]
[3.43000000e+02 8.78000000e+02 4.88222276e-01 2.00000000e+01]
[8.31000000e+02 3.85000000e+02 4.91543456e-01 5.00000000e+00]
[9.11000000e+02 8.94000000e+02 4.92232803e-01 1.50000000e+01]
[179.        198.          0.4928105   2.       ]
[9.90000000e+01 8.82000000e+02 4.93591004e-01 4.90000000e+01]
[7.95000000e+02 5.34000000e+02 4.93897661e-01 1.00000000e+01]
[4.30000000e+01 9.14000000e+02 4.94551674e-01 4.00000000e+00]
[9.18000000e+02 9.13000000e+02 4.95284996e-01 3.50000000e+01]
[8.6500000e+02 8.9800000e+02 4.9637136e-01 2.3000000e+01]
[4.31000000e+02 9.28000000e+02 4.97710828e-01 3.60000000e+01]
[4.91000000e+02 8.51000000e+02 4.97953597e-01 6.00000000e+00]
[8.46000000e+02 9.21000000e+02 4.98609916e-01 2.50000000e+01]
[5.95000000e+02 4.64000000e+02 4.98695845e-01 3.00000000e+00]
[9.27000000e+02 5.14000000e+02 4.98711952e-01 5.00000000e+00]
[2.42000000e+02 9.26000000e+02 4.99122718e-01 1.10000000e+01]
[4.11000000e+02 9.19000000e+02 4.99898255e-01 1.40000000e+01]
[4.01000000e+02 9.30000000e+02 5.00264806e-01 3.70000000e+01]
[8.3200000e+02 9.3600000e+02 5.0135536e-01 1.6000000e+01]
[1.45000000e+02 9.35000000e+02 5.01695711e-01 1.20000000e+01]
[9.05000000e+02 8.73000000e+02 5.02241096e-01 1.10000000e+01]
[3.41000000e+02 5.36000000e+02 5.04660584e-01 2.00000000e+00]
[5.31000000e+02 9.23000000e+02 5.05000524e-01 1.60000000e+01]
[9.25000000e+02 8.08000000e+02 5.06146887e-01 7.30000000e+01]
[9.38000000e+02 9.09000000e+02 5.06655987e-01 1.90000000e+01]
[9.44000000e+02 2.82000000e+02 5.07875445e-01 2.00000000e+01]
[7.01000000e+02 9.15000000e+02 5.09957011e-01 2.80000000e+01]
[3.75000000e+02 9.40000000e+02 5.10209192e-01 1.20000000e+01]
[9.32000000e+02 9.29000000e+02 5.10358589e-01 4.80000000e+01]
[5.94000000e+02 9.48000000e+02 5.11986591e-01 5.00000000e+01]
[4.32000000e+02 8.57000000e+02 5.13228413e-01 9.00000000e+00]
[9.46000000e+02 8.62000000e+02 5.13320394e-01 3.00000000e+01]
[9.04000000e+02 9.42000000e+02 5.13585305e-01 1.90000000e+01]
[1.67000000e+02 9.43000000e+02 5.14911495e-01 7.40000000e+01]
[4.75000000e+02 9.20000000e+02 5.17554525e-01 1.70000000e+01]
[1.81000000e+02 9.37000000e+02 5.18084699e-01 3.80000000e+01]
[9.01000000e+02 9.54000000e+02 5.18945388e-01 2.30000000e+01]
[9.17000000e+02 9.00000000e+02 5.19486184e-01 7.00000000e+01]
[8.40000000e+01 9.52000000e+02 5.22517381e-01 2.00000000e+01]
[1.26000000e+02 9.49000000e+02 5.22603874e-01 5.10000000e+01]
[1.10000000e+02 9.31000000e+02 5.25633349e-01 7.00000000e+00]
[6.47000000e+02 6.00000000e+01 5.25754115e-01 4.00000000e+00]
[8.17000000e+02 7.66000000e+02 5.27745145e-01 1.10000000e+01]
[9.57000000e+02 9.53000000e+02 5.28064198e-01 1.44000000e+02]
[9.0700000e+02 5.0500000e+02 5.2837575e-01 4.0000000e+00]
[6.66000000e+02 9.56000000e+02 5.29816717e-01 2.50000000e+01]
[281.         497.           0.53295917   2.        ]
[4.93000000e+02 5.98000000e+02 5.34243931e-01 3.00000000e+00]
[5.93000000e+02 9.65000000e+02 5.34419235e-01 2.70000000e+01]
[4.70000000e+01 9.33000000e+02 5.35806552e-01 4.00000000e+00]
[4.25000000e+02 9.62000000e+02 5.36801228e-01 1.20000000e+01]
[ 42.         488.           0.53958349   2.        ]
[8.80000000e+02 5.81000000e+02 5.39835078e-01 6.00000000e+00]
[8.68000000e+02 9.63000000e+02 5.39901131e-01 1.51000000e+02]
[9.3400000e+02 9.5100000e+02 5.4047755e-01 3.5000000e+01]
[2.00000000e+00 5.60000000e+02 5.40664974e-01 3.00000000e+00]
[8.27000000e+02 9.73000000e+02 5.42272545e-01 1.54000000e+02]
[9.74000000e+02 3.54000000e+02 5.43415784e-01 3.60000000e+01]
[9.77000000e+02 7.04000000e+02 5.45114586e-01 3.80000000e+01]
[8.87000000e+02 9.68000000e+02 5.46540815e-01 3.10000000e+01]
[9.78000000e+02 9.76000000e+02 5.47403263e-01 1.92000000e+02]
[6.90000000e+01 9.45000000e+02 5.50698231e-01 2.10000000e+01]
[9.47000000e+02 9.55000000e+02 5.52452351e-01 5.00000000e+01]
[3.10000000e+01 9.79000000e+02 5.53189547e-01 3.20000000e+01]
[9.08000000e+02 9.70000000e+02 5.54286029e-01 1.70000000e+01]
[306.         379.           0.55537068   2.        ]
[1.50000000e+01 9.22000000e+02 5.55521903e-01 6.00000000e+00]
[4.16000000e+02 9.83000000e+02 5.56491292e-01 3.30000000e+01]
[9.50000000e+02 9.84000000e+02 5.58715643e-01 2.60000000e+01]
[1.7700000e+02 9.6600000e+02 5.5898053e-01 3.0000000e+00]
[9.82000000e+02 9.60000000e+02 5.61400399e-01 5.70000000e+01]
[7.82000000e+02 9.90000000e+02 5.63238722e-01 5.90000000e+01]
[1.34000000e+02 9.81000000e+02 5.64904611e-01 2.20000000e+01]
[4.98000000e+02 9.89000000e+02 5.65135854e-01 4.00000000e+00]
[9.02000000e+02 2.68000000e+02 5.66487329e-01 3.00000000e+00]
[8.48000000e+02 9.91000000e+02 5.67068388e-01 6.30000000e+01]
[1.33000000e+02 9.72000000e+02 5.72467517e-01 7.00000000e+00]
[1.07000000e+02 9.87000000e+02 5.73554226e-01 3.40000000e+01]
[9.67000000e+02 9.58000000e+02 5.76465684e-01 2.30000000e+01]
[2.43000000e+02 9.92000000e+02 5.77127134e-01 2.30000000e+01]
[3.04000000e+02 9.88000000e+02 5.78453701e-01 2.70000000e+01]
[319.         456.           0.58211764   2.        ]
[4.20000000e+02 9.80000000e+02 5.83270804e-01 1.93000000e+02]
[9.39000000e+02 9.95000000e+02 5.84622985e-01 7.50000000e+01]
[9.71000000e+02 9.59000000e+02 5.89086958e-01 5.30000000e+01]
[8.9200000e+02 9.9800000e+02 5.8959393e-01 2.6000000e+01]
[6.4000000e+02 1.0050000e+03 5.9389211e-01 2.8000000e+01]
[3.51000000e+02 1.00600000e+03 5.97714888e-01 2.90000000e+01]
[310.         455.           0.59820962   2.        ]
[8.76000000e+02 1.00300000e+03 5.98898192e-01 7.70000000e+01]
[1.00900000e+03 4.47000000e+02 6.00731357e-01 7.80000000e+01]
[9.61000000e+02 1.00000000e+03 6.00769055e-01 3.10000000e+01]
[4.74000000e+02 9.96000000e+02 6.03381603e-01 8.00000000e+00]
[8.35000000e+02 1.00700000e+03 6.03509481e-01 3.10000000e+01]
[114.        191.          0.6070284   2.       ]
[9.64000000e+02 1.01200000e+03 6.07041138e-01 1.20000000e+01]
[9.99000000e+02 1.00200000e+03 6.07940868e-01 2.16000000e+02]
[1.01600000e+03 9.94000000e+02 6.09842764e-01 2.19000000e+02]
[5.84000000e+02 1.01700000e+03 6.10630333e-01 2.21000000e+02]
[131.        504.          0.6127664   2.       ]
[9.97000000e+02 3.88000000e+02 6.14913223e-01 3.50000000e+01]
[3.64000000e+02 9.85000000e+02 6.18086644e-01 3.00000000e+00]
[1.004000e+03 9.930000e+02 6.208395e-01 5.700000e+01]
[4.7700000e+02 1.0100000e+03 6.2191467e-01 7.9000000e+01]
[5.60000000e+01 1.02300000e+03 6.31531497e-01 8.00000000e+01]
[8.85000000e+02 1.01100000e+03 6.36565453e-01 3.40000000e+01]
[1.20000000e+02 1.02500000e+03 6.37953103e-01 3.50000000e+01]
[419.         502.           0.63901101   2.        ]
[1.01300000e+03 1.02600000e+03 6.44114893e-01 6.60000000e+01]
[9.69000000e+02 1.02800000e+03 6.54496108e-01 7.00000000e+01]
[1.01800000e+03 9.86000000e+02 6.55843479e-01 2.27000000e+02]
[1.03000000e+03 1.01500000e+03 6.57790649e-01 2.39000000e+02]
[1.02200000e+03 1.71000000e+02 6.58503039e-01 5.80000000e+01]
[1.03100000e+03 4.70000000e+02 6.60255341e-01 2.40000000e+02]
[1.02000000e+03 1.02900000e+03 6.60305974e-01 1.05000000e+02]
[1.02400000e+03 1.02100000e+03 6.60865414e-01 8.30000000e+01]
[3.7000000e+02 1.0330000e+03 6.6246269e-01 2.4100000e+02]
[9.24000000e+02 1.03400000e+03 6.67552519e-01 1.07000000e+02]
[7.70000000e+01 1.00100000e+03 6.72581548e-01 3.00000000e+00]
[4.07000000e+02 1.03500000e+03 6.72969424e-01 8.40000000e+01]
[ 45.         434.           0.67515527   2.        ]
[1.0080000e+03 9.7500000e+02 6.7861585e-01 5.0000000e+00]
[4.41000000e+02 1.03700000e+03 6.78939451e-01 1.08000000e+02]
[1.01400000e+03 3.55000000e+02 6.79043245e-01 3.00000000e+00]
[1.03200000e+03 1.03900000e+03 6.95939983e-01 1.42000000e+02]
[1.04400000e+03 1.02700000e+03 7.05244423e-01 1.44000000e+02]
[1.04500000e+03 1.04100000e+03 7.05748059e-01 1.49000000e+02]
[1.03600000e+03 1.04600000e+03 7.06255781e-01 3.90000000e+02]
[1.69000000e+02 1.04200000e+03 7.12317301e-01 1.09000000e+02]
[5.50000000e+01 1.04300000e+03 7.26568126e-01 4.00000000e+00]
[1.0470000e+03 3.7700000e+02 7.3098874e-01 3.9100000e+02]
[6.100000e+02 1.049000e+03 7.388916e-01 6.000000e+00]
[5.0700000e+02 1.0480000e+03 7.3963846e-01 1.1000000e+02]
[1.05100000e+03 6.90000000e+02 7.42979939e-01 8.00000000e+00]
[1.03800000e+03 1.05000000e+03 7.58238544e-01 3.94000000e+02]
[1.04000000e+03 9.41000000e+02 7.68691121e-01 4.00000000e+00]
[1.01900000e+03 1.62000000e+02 7.78774496e-01 3.00000000e+00]
[201.         316.           0.78806061   2.        ]
[7.18000000e+02 1.05400000e+03 7.91731373e-01 3.97000000e+02]
[1.05300000e+03 1.30000000e+01 7.99390577e-01 9.00000000e+00]
[5.06000000e+02 1.05800000e+03 8.00190129e-01 3.98000000e+02]
[1.05500000e+03 1.06000000e+03 8.17274406e-01 4.02000000e+02]
[1.05200000e+03 2.12000000e+02 8.17355343e-01 1.11000000e+02]
[4.58000000e+02 1.06200000e+03 8.17535193e-01 1.12000000e+02]
[1.06300000e+03 1.05900000e+03 8.33723741e-01 1.21000000e+02]
[1.06400000e+03 1.06100000e+03 8.35824908e-01 5.23000000e+02]
[1.47000000e+02 1.06500000e+03 8.36311583e-01 5.24000000e+02]
[1.05600000e+03 1.06600000e+03 8.52857844e-01 5.27000000e+02]
[1.08000000e+02 1.06700000e+03 8.69644791e-01 5.28000000e+02]
[1.06800000e+03 3.14000000e+02 8.95947973e-01 5.29000000e+02]
[166.         429.           0.90207226   2.        ]
[1.06900000e+03 1.05700000e+03 9.20901205e-01 5.31000000e+02]
[1.07100000e+03 3.11000000e+02 9.21414945e-01 5.32000000e+02]
[1.07200000e+03 1.07000000e+03 9.38023551e-01 5.34000000e+02]
[8.60000000e+01 1.07300000e+03 9.38358805e-01 5.35000000e+02]
[1.07400000e+03 2.77000000e+02 1.00280056e+00 5.36000000e+02]
[1.07500000e+03 5.33000000e+02 1.00975467e+00 5.37000000e+02]
[5.6300000e+02 1.0760000e+03 1.0141297e+00 5.3900000e+02]
[1.07700000e+03 2.89000000e+02 1.07465201e+00 5.40000000e+02]
