[  1. 216.   0.   2.]
[540. 113.   0.   3.]
[ 50. 135.   0.   2.]
[542. 329.   0.   3.]
[64. 68.  0.  2.]
[544.  93.   0.   3.]
[545. 123.   0.   4.]
[546. 214.   0.   5.]
[547. 261.   0.   6.]
[ 72. 437.   0.   2.]
[74. 91.  0.  2.]
[550. 317.   0.   3.]
[ 78. 125.   0.   2.]
[552. 315.   0.   3.]
[103. 196.   0.   2.]
[205. 251.   0.   2.]
[270. 271.   0.   2.]
[300. 302.   0.   2.]
[359. 413.   0.   2.]
[5.56000000e+02 1.40000000e+02 7.02447475e-09 3.00000000e+00]
[9.00000000e+01 5.18000000e+02 1.49011612e-08 2.00000000e+00]
[2.20000000e+02 2.95000000e+02 1.49011612e-08 2.00000000e+00]
[5.59000000e+02 1.70000000e+02 1.81731402e-08 4.00000000e+00]
[2.40000000e+01 4.23000000e+02 2.10734243e-08 2.00000000e+00]
[9.50000000e+01 1.52000000e+02 2.10734243e-08 2.00000000e+00]
[5.64000000e+02 2.40000000e+02 2.10734243e-08 3.00000000e+00]
[5.65000000e+02 3.01000000e+02 2.10734243e-08 4.00000000e+00]
[5.66000000e+02 3.08000000e+02 2.10734243e-08 5.00000000e+00]
[5.67000000e+02 5.61000000e+02 2.10734243e-08 7.00000000e+00]
[3.07000000e+02 5.68000000e+02 2.10734243e-08 8.00000000e+00]
[8.10000000e+01 5.69000000e+02 2.61361579e-08 9.00000000e+00]
[6.00000000e+00 1.29000000e+02 2.98023224e-08 2.00000000e+00]
[1.36000000e+02 3.36000000e+02 2.98023224e-08 2.00000000e+00]
[5.57000000e+02 4.68000000e+02 3.23812286e-08 3.00000000e+00]
[1.78000000e+02 2.45000000e+02 3.33200094e-08 2.00000000e+00]
[6.10000000e+01 2.36000000e+02 3.65002415e-08 2.00000000e+00]
[3.80000000e+02 4.00000000e+02 5.16191366e-08 2.00000000e+00]
[5.51000000e+02 2.74000000e+02 5.96046448e-08 4.00000000e+00]
[5.62000000e+02 5.76000000e+02 2.27451297e-02 6.00000000e+00]
[5.43000000e+02 1.30000000e+02 9.41240233e-02 4.00000000e+00]
[4.36000000e+02 5.22000000e+02 9.80953684e-02 2.00000000e+00]
[1.2400000e+02 3.0500000e+02 1.0218939e-01 2.0000000e+00]
[1.70000000e+01 2.83000000e+02 1.06903111e-01 2.00000000e+00]
[3.48000000e+02 3.67000000e+02 1.08707885e-01 2.00000000e+00]
[2.18000000e+02 5.03000000e+02 1.09689735e-01 2.00000000e+00]
[3.03000000e+02 3.69000000e+02 1.12037024e-01 2.00000000e+00]
[4.9200000e+02 5.2300000e+02 1.1243809e-01 2.0000000e+00]
[4.0000000e+00 2.6200000e+02 1.1307147e-01 2.0000000e+00]
[4.90000000e+01 2.46000000e+02 1.17374234e-01 2.00000000e+00]
[65.         76.          0.11880498  2.        ]
[2.47000000e+02 2.49000000e+02 1.20010184e-01 2.00000000e+00]
[5.79000000e+02 5.70000000e+02 1.20576692e-01 1.30000000e+01]
[6.30000000e+01 4.26000000e+02 1.21497705e-01 2.00000000e+00]
[3.00000000e+01 2.09000000e+02 1.22036623e-01 2.00000000e+00]
[21.         40.          0.12305682  2.        ]
[3.39000000e+02 4.73000000e+02 1.24315851e-01 2.00000000e+00]
[1.65000000e+02 2.91000000e+02 1.26090956e-01 2.00000000e+00]
[5.77000000e+02 2.04000000e+02 1.30833491e-01 5.00000000e+00]
[3.96000000e+02 4.14000000e+02 1.33428741e-01 2.00000000e+00]
[3.46000000e+02 4.38000000e+02 1.34073472e-01 2.00000000e+00]
[41.         52.          0.13538276  2.        ]
[3.09000000e+02 3.94000000e+02 1.37506668e-01 2.00000000e+00]
[5.96000000e+02 1.80000000e+02 1.43392654e-01 3.00000000e+00]
[2.90000000e+02 5.30000000e+02 1.44171102e-01 2.00000000e+00]
[1.55000000e+02 2.72000000e+02 1.48294393e-01 2.00000000e+00]
[3.66000000e+02 5.17000000e+02 1.48814917e-01 2.00000000e+00]
[5.78000000e+02 3.34000000e+02 1.50316287e-01 7.00000000e+00]
[ 62.         112.           0.15177983   2.        ]
[4.18000000e+02 4.61000000e+02 1.52822334e-01 2.00000000e+00]
[1.85000000e+02 1.95000000e+02 1.55259193e-01 2.00000000e+00]
[1.43000000e+02 4.45000000e+02 1.55499242e-01 2.00000000e+00]
[2.13000e+02 3.86000e+02 1.56214e-01 2.00000e+00]
[1.40000000e+01 4.33000000e+02 1.56289304e-01 2.00000000e+00]
[1.60000000e+01 4.39000000e+02 1.56935311e-01 2.00000000e+00]
[5.87000000e+02 2.21000000e+02 1.57453686e-01 3.00000000e+00]
[2.97000000e+02 4.27000000e+02 1.58261313e-01 2.00000000e+00]
[6.02000000e+02 2.08000000e+02 1.59154188e-01 4.00000000e+00]
[3.81000000e+02 4.05000000e+02 1.59672579e-01 2.00000000e+00]
[5.97000000e+02 1.64000000e+02 1.59731726e-01 6.00000000e+00]
[3.56000000e+02 4.67000000e+02 1.60973448e-01 2.00000000e+00]
[2.29000000e+02 6.06000000e+02 1.63679755e-01 8.00000000e+00]
[8.00000000e+01 4.09000000e+02 1.66038538e-01 2.00000000e+00]
[1.44000000e+02 5.58000000e+02 1.67329639e-01 3.00000000e+00]
[3.20000000e+02 4.06000000e+02 1.67974792e-01 2.00000000e+00]
[1.09000000e+02 5.73000000e+02 1.69043829e-01 4.00000000e+00]
[4.15000000e+02 4.60000000e+02 1.73027553e-01 2.00000000e+00]
[5.91000000e+02 2.19000000e+02 1.74254323e-01 1.40000000e+01]
[2.48000000e+02 5.16000000e+02 1.76096955e-01 2.00000000e+00]
[2.07000000e+02 2.56000000e+02 1.77731059e-01 2.00000000e+00]
[4.02000000e+02 4.89000000e+02 1.79398178e-01 2.00000000e+00]
[6.26000000e+02 1.54000000e+02 1.79997793e-01 1.50000000e+01]
[3.97000000e+02 4.44000000e+02 1.82192757e-01 2.00000000e+00]
[2.76000000e+02 3.45000000e+02 1.84785589e-01 2.00000000e+00]
[1.83000000e+02 3.47000000e+02 1.86008353e-01 2.00000000e+00]
[6.16000000e+02 2.33000000e+02 1.86312083e-01 5.00000000e+00]
[6.18000000e+02 1.21000000e+02 1.88138953e-01 7.00000000e+00]
[ 27.         172.           0.18937542   2.        ]
[5.72000000e+02 1.76000000e+02 1.89653907e-01 3.00000000e+00]
[ 54.         150.           0.19117028   2.        ]
[2.9000000e+01 4.8600000e+02 1.9267775e-01 2.0000000e+00]
[  9.         156.           0.19496846   2.        ]
[ 19.         104.           0.19503188   2.        ]
[2.06000000e+02 3.22000000e+02 1.96929304e-01 2.00000000e+00]
[6.3800000e+02 1.4800000e+02 1.9961484e-01 3.0000000e+00]
[6.30000000e+02 1.60000000e+02 2.00288032e-01 1.60000000e+01]
[6.44000000e+02 4.48000000e+02 2.03519288e-01 1.70000000e+01]
[1.28000000e+02 3.33000000e+02 2.05447849e-01 2.00000000e+00]
[6.14000000e+02 6.20000000e+02 2.07845423e-01 1.10000000e+01]
[3.27000000e+02 5.38000000e+02 2.10102429e-01 2.00000000e+00]
[6.00000000e+02 3.82000000e+02 2.11044392e-01 3.00000000e+00]
[1.42000000e+02 5.19000000e+02 2.11099003e-01 2.00000000e+00]
[3.18000000e+02 5.09000000e+02 2.16031428e-01 2.00000000e+00]
[2.00000000e+01 2.65000000e+02 2.18618808e-01 2.00000000e+00]
[6.47000000e+02 6.41000000e+02 2.19601814e-01 1.30000000e+01]
[5.00000000e+00 2.75000000e+02 2.20140438e-01 2.00000000e+00]
[6.46000000e+02 6.34000000e+02 2.22937036e-01 7.00000000e+00]
[6.53000000e+02 5.55000000e+02 2.26092388e-01 1.50000000e+01]
[6.45000000e+02 2.39000000e+02 2.26401646e-01 1.80000000e+01]
[6.5700000e+02 3.5000000e+01 2.2790719e-01 1.9000000e+01]
[3.61000000e+02 5.27000000e+02 2.28147969e-01 2.00000000e+00]
[6.07000000e+02 6.55000000e+02 2.30375946e-01 9.00000000e+00]
[6.58000000e+02 3.28000000e+02 2.30677372e-01 2.00000000e+01]
[6.560000e+02 6.610000e+02 2.316585e-01 3.500000e+01]
[3.0000000e+00 2.9800000e+02 2.3279206e-01 2.0000000e+00]
[6.40000000e+02 5.53000000e+02 2.37179204e-01 5.00000000e+00]
[3.93000000e+02 5.11000000e+02 2.38977129e-01 2.00000000e+00]
[9.20000000e+01 2.69000000e+02 2.41706178e-01 2.00000000e+00]
[3.74000000e+02 3.83000000e+02 2.41961081e-01 2.00000000e+00]
[7.00000000e+01 6.62000000e+02 2.44036557e-01 3.60000000e+01]
[2.37000000e+02 4.90000000e+02 2.45297208e-01 2.00000000e+00]
[1.53000000e+02 6.35000000e+02 2.48202705e-01 8.00000000e+00]
[6.60000000e+02 1.15000000e+02 2.51983727e-01 1.00000000e+01]
[6.52000000e+02 6.28000000e+02 2.55220242e-01 4.00000000e+00]
[3.80000000e+01 6.24000000e+02 2.56763832e-01 5.00000000e+00]
[5.71000000e+02 6.32000000e+02 2.60255652e-01 4.00000000e+00]
[3.63000000e+02 5.21000000e+02 2.65388287e-01 2.00000000e+00]
[7.10000000e+01 4.62000000e+02 2.65582039e-01 2.00000000e+00]
[8.70000000e+01 6.70000000e+02 2.65942777e-01 9.00000000e+00]
[4.54000000e+02 4.80000000e+02 2.67484497e-01 2.00000000e+00]
[ 33.         122.           0.27495232   2.        ]
[6.6600000e+02 1.9200000e+02 2.7711885e-01 3.0000000e+00]
[ 82.         182.           0.27967127   2.        ]
[6.72000000e+02 6.63000000e+02 2.80431195e-01 6.00000000e+00]
[6.37000000e+02 6.48000000e+02 2.82115633e-01 5.00000000e+00]
[6.68000000e+02 6.78000000e+02 2.86590635e-01 3.80000000e+01]
[5.48000000e+02 3.24000000e+02 2.90669648e-01 7.00000000e+00]
[8.50000000e+01 4.87000000e+02 2.93274785e-01 2.00000000e+00]
[6.82000000e+02 6.84000000e+02 2.93391016e-01 4.40000000e+01]
[6.64000000e+02 1.99000000e+02 2.93907533e-01 6.00000000e+00]
[3.65000000e+02 4.43000000e+02 2.94117807e-01 2.00000000e+00]
[2.11000000e+02 6.33000000e+02 2.94157751e-01 3.00000000e+00]
[4.08000000e+02 4.50000000e+02 2.95776352e-01 2.00000000e+00]
[6.870000e+02 2.640000e+02 2.974145e-01 4.500000e+01]
[6.83000000e+02 3.40000000e+02 3.00523149e-01 6.00000000e+00]
[6.04000000e+02 6.81000000e+02 3.01841452e-01 4.00000000e+00]
[2.10000000e+02 6.67000000e+02 3.02937433e-01 3.00000000e+00]
[1.27000000e+02 6.90000000e+02 3.05099451e-01 4.00000000e+00]
[6.42000000e+02 2.25000000e+02 3.05244834e-01 3.00000000e+00]
[6.77000000e+02 1.17000000e+02 3.05394137e-01 1.00000000e+01]
[6.74000000e+02 6.70000000e+01 3.05451188e-01 5.00000000e+00]
[ 73.         200.           0.30733956   2.        ]
[6.54000000e+02 6.92000000e+02 3.08289808e-01 4.70000000e+01]
[5.89000000e+02 6.17000000e+02 3.12606606e-01 4.00000000e+00]
[2.28000000e+02 3.57000000e+02 3.14724994e-01 2.00000000e+00]
[3.32000000e+02 4.69000000e+02 3.15617665e-01 2.00000000e+00]
[6.03000000e+02 4.22000000e+02 3.16907905e-01 3.00000000e+00]
[ 99.         266.           0.31792345   2.        ]
[9.80000000e+01 6.94000000e+02 3.20603408e-01 5.00000000e+00]
[4.24000000e+02 4.85000000e+02 3.21539143e-01 2.00000000e+00]
[3.35000000e+02 3.38000000e+02 3.22656937e-01 2.00000000e+00]
[4.49000000e+02 5.29000000e+02 3.22799134e-01 2.00000000e+00]
[1.32000000e+02 3.72000000e+02 3.25610415e-01 2.00000000e+00]
[139.        241.          0.3256283   2.       ]
[6.93000000e+02 1.86000000e+02 3.26137634e-01 7.00000000e+00]
[4.60000000e+01 7.02000000e+02 3.27325378e-01 5.00000000e+00]
[6.13000000e+02 7.07000000e+02 3.27370842e-01 7.00000000e+00]
[6.86000000e+02 1.73000000e+02 3.27895035e-01 3.00000000e+00]
[ 58.         238.           0.32796321   2.        ]
[ 97.         226.           0.33041251   2.        ]
[6.60000000e+01 5.54000000e+02 3.32013798e-01 3.00000000e+00]
[7.01000000e+02 1.19000000e+02 3.32209844e-01 4.80000000e+01]
[5.7500000e+02 1.5100000e+02 3.3389856e-01 3.0000000e+00]
[6.08000000e+02 5.80000000e+02 3.34430368e-01 4.00000000e+00]
[6.96000000e+02 4.63000000e+02 3.37018403e-01 5.00000000e+00]
[1.2000000e+01 4.5700000e+02 3.3736456e-01 2.0000000e+00]
[6.11000000e+02 4.71000000e+02 3.37668174e-01 3.00000000e+00]
[5.74000000e+02 2.55000000e+02 3.38131114e-01 3.00000000e+00]
[3.84000000e+02 4.79000000e+02 3.40475044e-01 2.00000000e+00]
[6.88000000e+02 4.35000000e+02 3.40906364e-01 7.00000000e+00]
[2.44000000e+02 7.26000000e+02 3.41030829e-01 4.00000000e+00]
[8.30000000e+01 7.14000000e+02 3.41152634e-01 6.00000000e+00]
[1.01000000e+02 5.25000000e+02 3.42972462e-01 2.00000000e+00]
[2.30000000e+02 6.51000000e+02 3.43722877e-01 3.00000000e+00]
[6.98000000e+02 1.74000000e+02 3.44045783e-01 1.10000000e+01]
[5.83000000e+02 7.08000000e+02 3.45441936e-01 4.00000000e+00]
[6.12000000e+02 2.20000000e+01 3.46047368e-01 3.00000000e+00]
[3.21000000e+02 3.89000000e+02 3.46136053e-01 2.00000000e+00]
[3.91000000e+02 7.27000000e+02 3.48763874e-01 3.00000000e+00]
[7.05000000e+02 4.96000000e+02 3.49096629e-01 4.00000000e+00]
[1.00000000e+01 6.97000000e+02 3.50918203e-01 4.00000000e+00]
[6.71000000e+02 2.02000000e+02 3.51056525e-01 1.10000000e+01]
[2.99000000e+02 3.95000000e+02 3.51101656e-01 2.00000000e+00]
[7.31000000e+02 4.21000000e+02 3.53380025e-01 3.00000000e+00]
[6.4300000e+02 6.8500000e+02 3.5431281e-01 1.0000000e+01]
[4.72000000e+02 5.08000000e+02 3.54444924e-01 2.00000000e+00]
[5.70000000e+01 7.25000000e+02 3.54942583e-01 4.00000000e+00]
[5.12000000e+02 5.13000000e+02 3.55249845e-01 2.00000000e+00]
[7.03000000e+02 3.90000000e+02 3.55379015e-01 3.00000000e+00]
[ 18.        294.          0.3569217   2.       ]
[6.79000000e+02 3.62000000e+02 3.58738411e-01 3.00000000e+00]
[2.50000000e+02 4.42000000e+02 3.59081022e-01 2.00000000e+00]
[5.82000000e+02 1.97000000e+02 3.62873716e-01 3.00000000e+00]
[2.59000000e+02 7.20000000e+02 3.63336515e-01 4.90000000e+01]
[7.15000000e+02 6.99000000e+02 3.64640534e-01 1.20000000e+01]
[6.73000000e+02 7.13000000e+02 3.64857196e-01 1.20000000e+01]
[9.40000000e+01 7.47000000e+02 3.65115055e-01 4.00000000e+00]
[3.50000000e+02 7.52000000e+02 3.65681852e-01 5.00000000e+01]
[2.27000000e+02 3.87000000e+02 3.66241863e-01 2.00000000e+00]
[7.17000000e+02 2.63000000e+02 3.66873044e-01 3.00000000e+00]
[2.30000000e+01 7.53000000e+02 3.67430175e-01 1.30000000e+01]
[217.         222.           0.36824334   2.        ]
[4.40000000e+01 4.52000000e+02 3.69158875e-01 2.00000000e+00]
[6.19000000e+02 5.35000000e+02 3.74309095e-01 3.00000000e+00]
[7.37000000e+02 7.46000000e+02 3.74335018e-01 5.00000000e+00]
[194.         252.           0.37758122   2.        ]
[2.50000000e+01 4.04000000e+02 3.77865521e-01 2.00000000e+00]
[7.30000000e+02 7.23000000e+02 3.78085998e-01 1.10000000e+01]
[8.80000000e+01 4.10000000e+02 3.78554893e-01 2.00000000e+00]
[3.23000000e+02 4.46000000e+02 3.79031639e-01 2.00000000e+00]
[7.18000000e+02 5.20000000e+02 3.79128821e-01 3.00000000e+00]
[3.98000000e+02 7.49000000e+02 3.80584376e-01 4.00000000e+00]
[1.57000000e+02 4.95000000e+02 3.80604471e-01 2.00000000e+00]
[ 34.         138.           0.38060645   2.        ]
[7.33000000e+02 6.80000000e+02 3.80716371e-01 1.40000000e+01]
[6.05000000e+02 3.71000000e+02 3.82091911e-01 3.00000000e+00]
[3.78000000e+02 7.38000000e+02 3.82759152e-01 5.00000000e+00]
[7.29000000e+02 7.45000000e+02 3.84493419e-01 8.00000000e+00]
[7.73000000e+02 2.80000000e+02 3.85361776e-01 1.50000000e+01]
[3.2000000e+01 7.1200000e+02 3.8558897e-01 3.0000000e+00]
[ 59.         313.           0.38559137   2.        ]
[7.24000000e+02 7.34000000e+02 3.85987322e-01 6.00000000e+00]
[7.56000000e+02 7.54000000e+02 3.86721171e-01 6.20000000e+01]
[7.51000000e+02 7.10000000e+02 3.86740584e-01 5.00000000e+00]
[5.86000000e+02 7.74000000e+02 3.87291666e-01 5.00000000e+00]
[1.87000000e+02 5.00000000e+02 3.87470972e-01 2.00000000e+00]
[7.5700000e+02 7.8100000e+02 3.8756318e-01 6.4000000e+01]
[5.28000000e+02 7.65000000e+02 3.87925334e-01 3.00000000e+00]
[7.21000000e+02 4.17000000e+02 3.88161085e-01 4.00000000e+00]
[4.66000000e+02 4.94000000e+02 3.88668735e-01 2.00000000e+00]
[2.32000000e+02 7.83000000e+02 3.90033548e-01 6.00000000e+00]
[7.11000000e+02 7.76000000e+02 3.91113161e-01 1.00000000e+01]
[3.31000000e+02 7.66000000e+02 3.91778535e-01 1.20000000e+01]
[7.36000000e+02 7.91000000e+02 3.91807793e-01 1.40000000e+01]
[158.         325.           0.39249109   2.        ]
[7.59000000e+02 7.16000000e+02 3.93653357e-01 1.60000000e+01]
[2.35000000e+02 5.39000000e+02 3.93891038e-01 2.00000000e+00]
[0.0000000e+00 5.2400000e+02 3.9451104e-01 2.0000000e+00]
[161.         260.           0.39744915   2.        ]
[4.76000000e+02 5.15000000e+02 3.98355483e-01 2.00000000e+00]
[7.82000000e+02 7.50000000e+01 3.98622597e-01 6.00000000e+00]
[5.4900000e+02 6.6500000e+02 3.9950504e-01 4.0000000e+00]
[3.49000000e+02 7.85000000e+02 4.00269518e-01 6.50000000e+01]
[7.00000000e+00 7.86000000e+02 4.00513107e-01 4.00000000e+00]
[342.         368.           0.40113394   2.        ]
[2.92000000e+02 7.70000000e+02 4.01303898e-01 5.00000000e+00]
[7.94000000e+02 3.58000000e+02 4.03904542e-01 1.70000000e+01]
[7.78000000e+02 1.88000000e+02 4.04437272e-01 4.00000000e+00]
[7.55000000e+02 7.80000000e+02 4.04705101e-01 1.00000000e+01]
[7.40000000e+02 2.53000000e+02 4.04813321e-01 1.20000000e+01]
[7.69000000e+02 7.99000000e+02 4.06024417e-01 9.00000000e+00]
[2.78000000e+02 4.28000000e+02 4.06178797e-01 2.00000000e+00]
[2.15000000e+02 7.98000000e+02 4.07102939e-01 3.00000000e+00]
[7.09000000e+02 7.50000000e+02 4.07686391e-01 4.00000000e+00]
[5.88000000e+02 1.05000000e+02 4.09319899e-01 3.00000000e+00]
[137.         168.           0.40976125   2.        ]
[7.48000000e+02 7.43000000e+02 4.09897665e-01 1.20000000e+01]
[111.        267.          0.4101491   2.       ]
[7.42000000e+02 8.07000000e+02 4.10487248e-01 1.30000000e+01]
[7.68000000e+02 6.29000000e+02 4.11672764e-01 4.00000000e+00]
[1.75000000e+02 7.22000000e+02 4.11963252e-01 5.00000000e+00]
[3.73000000e+02 7.63000000e+02 4.12434343e-01 6.00000000e+00]
[6.09000000e+02 8.20000000e+02 4.12531387e-01 8.00000000e+00]
[344.        376.          0.4133387   2.       ]
[3.70000000e+02 4.59000000e+02 4.13500141e-01 2.00000000e+00]
[6.27000000e+02 4.12000000e+02 4.13871123e-01 3.00000000e+00]
[5.10000000e+01 8.09000000e+02 4.15457669e-01 1.00000000e+01]
[8.05000000e+02 8.01000000e+02 4.17666816e-01 8.20000000e+01]
[6.25000000e+02 7.90000000e+02 4.17713648e-01 1.20000000e+01]
[2.73000000e+02 4.65000000e+02 4.19077288e-01 2.00000000e+00]
[3.60000000e+01 5.26000000e+02 4.19102345e-01 2.00000000e+00]
[2.24000000e+02 7.89000000e+02 4.20252658e-01 7.00000000e+00]
[2.86000000e+02 7.44000000e+02 4.20543403e-01 3.00000000e+00]
[5.90000000e+02 7.62000000e+02 4.20647263e-01 5.00000000e+00]
[1.89000000e+02 8.08000000e+02 4.21160093e-01 1.30000000e+01]
[1.1800000e+02 6.9500000e+02 4.2264419e-01 4.0000000e+00]
[5.92000000e+02 3.26000000e+02 4.23819337e-01 3.00000000e+00]
[1.49000000e+02 8.27000000e+02 4.24156481e-01 1.30000000e+01]
[7.32000000e+02 5.32000000e+02 4.24252615e-01 4.00000000e+00]
[8.25000000e+02 3.53000000e+02 4.24651076e-01 1.10000000e+01]
[7.79000000e+02 7.77000000e+02 4.25097397e-01 1.70000000e+01]
[26.         96.          0.42542145  2.        ]
[3.70000000e+01 8.33000000e+02 4.26043533e-01 1.40000000e+01]
[193.         279.           0.42693964   2.        ]
[7.8700000e+02 1.5900000e+02 4.2761285e-01 5.0000000e+00]
[8.15000000e+02 2.87000000e+02 4.30178053e-01 1.30000000e+01]
[7.58000000e+02 7.67000000e+02 4.30534498e-01 5.00000000e+00]
[7.96000000e+02 7.92000000e+02 4.31837233e-01 1.60000000e+01]
[8.45000000e+02 1.06000000e+02 4.34132887e-01 6.00000000e+00]
[7.75000000e+02 8.32000000e+02 4.34164552e-01 1.00000000e+01]
[7.60000000e+02 7.41000000e+02 4.35714838e-01 4.00000000e+00]
[8.22000000e+02 4.84000000e+02 4.35729472e-01 3.00000000e+00]
[8.1400000e+02 8.3600000e+02 4.3575964e-01 1.5000000e+01]
[7.35000000e+02 6.75000000e+02 4.37021299e-01 5.00000000e+00]
[8.4800000e+02 5.0100000e+02 4.3845057e-01 1.1000000e+01]
[7.88000000e+02 4.99000000e+02 4.38569106e-01 3.00000000e+00]
[8.38000000e+02 8.17000000e+02 4.39036672e-01 2.40000000e+01]
[6.21000000e+02 6.31000000e+02 4.39677847e-01 4.00000000e+00]
[2.80000000e+01 8.21000000e+02 4.40064886e-01 9.00000000e+00]
[2.88000000e+02 7.93000000e+02 4.40453418e-01 3.00000000e+00]
[7.61000000e+02 1.41000000e+02 4.41957419e-01 3.00000000e+00]
[6.91000000e+02 8.55000000e+02 4.42534817e-01 2.60000000e+01]
[ 79.         330.           0.44398999   2.        ]
[2.93000000e+02 8.40000000e+02 4.44351372e-01 3.00000000e+00]
[4.78000000e+02 8.58000000e+02 4.45058006e-01 4.00000000e+00]
[8.12000000e+02 8.26000000e+02 4.47863783e-01 8.60000000e+01]
[4.3200000e+02 5.3700000e+02 4.4912034e-01 2.0000000e+00]
[8.19000000e+02 6.59000000e+02 4.49951233e-01 7.00000000e+00]
[163.         440.           0.45080569   2.        ]
[4.30000000e+02 8.54000000e+02 4.51071933e-01 4.00000000e+00]
[7.97000000e+02 7.28000000e+02 4.53761783e-01 9.00000000e+00]
[2.58000000e+02 6.76000000e+02 4.53835504e-01 3.00000000e+00]
[4.82000000e+02 8.46000000e+02 4.54860415e-01 1.70000000e+01]
[3.5200000e+02 8.6000000e+02 4.5507739e-01 2.7000000e+01]
[8.1600000e+02 8.6400000e+02 4.5512566e-01 8.8000000e+01]
[8.04000000e+02 8.53000000e+02 4.56445076e-01 1.60000000e+01]
[ 53.         456.           0.45649653   2.        ]
[2.96000000e+02 8.73000000e+02 4.57714674e-01 8.90000000e+01]
[231.         234.           0.45809497   2.        ]
[3.1200000e+02 8.6800000e+02 4.5809818e-01 5.0000000e+00]
[7.72000000e+02 8.44000000e+02 4.59978832e-01 1.50000000e+01]
[3.37000000e+02 8.69000000e+02 4.60122811e-01 1.00000000e+01]
[ 89.         257.           0.46093349   2.        ]
[7.00000000e+02 7.95000000e+02 4.61036034e-01 4.00000000e+00]
[1.46000000e+02 8.62000000e+02 4.61059493e-01 4.00000000e+00]
[1.00000000e+02 8.71000000e+02 4.62293225e-01 1.80000000e+01]
[7.0600000e+02 5.8500000e+02 4.6272401e-01 4.0000000e+00]
[6.01000000e+02 3.60000000e+02 4.62821109e-01 3.00000000e+00]
[7.39000000e+02 4.80000000e+01 4.63299036e-01 5.00000000e+00]
[1.02000000e+02 4.81000000e+02 4.63347175e-01 2.00000000e+00]
[8.51000000e+02 8.76000000e+02 4.65273357e-01 1.04000000e+02]
[8.43000000e+02 4.11000000e+02 4.66260226e-01 6.00000000e+00]
[254.         285.           0.46665227   2.        ]
[2.0300000e+02 8.7400000e+02 4.6893552e-01 1.7000000e+01]
[8.06000000e+02 7.71000000e+02 4.69028359e-01 6.00000000e+00]
[3.90000000e+01 5.99000000e+02 4.69684408e-01 3.00000000e+00]
[8.72000000e+02 8.66000000e+02 4.70300131e-01 3.40000000e+01]
[3.99000000e+02 8.80000000e+02 4.70768455e-01 1.10000000e+01]
[2.23000000e+02 8.95000000e+02 4.71046847e-01 3.50000000e+01]
[6.36000000e+02 8.67000000e+02 4.71853881e-01 4.00000000e+00]
[8.28000000e+02 8.35000000e+02 4.72685811e-01 5.00000000e+00]
[8.47000000e+02 6.69000000e+02 4.76570111e-01 8.00000000e+00]
[5.94000000e+02 1.90000000e+02 4.77032921e-01 3.00000000e+00]
[5.10000000e+02 8.97000000e+02 4.77550085e-01 3.60000000e+01]
[4.30000000e+01 8.13000000e+02 4.78242644e-01 4.00000000e+00]
[1.16000000e+02 8.24000000e+02 4.78376195e-01 4.00000000e+00]
[3.92000000e+02 5.05000000e+02 4.78685921e-01 2.00000000e+00]
[8.30000000e+02 4.75000000e+02 4.79127258e-01 8.00000000e+00]
[1.10000000e+01 5.04000000e+02 4.79766462e-01 2.00000000e+00]
[8.83000000e+02 5.31000000e+02 4.80825498e-01 5.00000000e+00]
[4.03000000e+02 8.96000000e+02 4.80944046e-01 1.20000000e+01]
[8.89000000e+02 8.84000000e+02 4.80951725e-01 1.22000000e+02]
[8.88000000e+02 8.03000000e+02 4.82479443e-01 4.00000000e+00]
[8.31000000e+02 4.83000000e+02 4.84184356e-01 4.00000000e+00]
[8.41000000e+02 9.10000000e+02 4.85692763e-01 1.36000000e+02]
[8.57000000e+02 1.84000000e+02 4.86275899e-01 1.00000000e+01]
[8.10000000e+02 8.92000000e+02 4.86317663e-01 1.90000000e+01]
[4.5300000e+02 9.0200000e+02 4.8659503e-01 3.7000000e+01]
[6.22000000e+02 9.06000000e+02 4.86733354e-01 1.10000000e+01]
[8.63000000e+02 8.98000000e+02 4.86868212e-01 8.00000000e+00]
[8.9000000e+02 8.2300000e+02 4.8835499e-01 8.0000000e+00]
[8.37000000e+02 8.50000000e+02 4.89267352e-01 7.00000000e+00]
[8.11000000e+02 8.56000000e+02 4.90209029e-01 7.00000000e+00]
[6.5000000e+02 9.1700000e+02 4.9079441e-01 1.3000000e+01]
[8.85000000e+02 7.04000000e+02 4.91222621e-01 6.00000000e+00]
[8.34000000e+02 3.85000000e+02 4.91543456e-01 5.00000000e+00]
[4.51000000e+02 9.14000000e+02 4.92232674e-01 1.10000000e+01]
[8.93000000e+02 1.34000000e+02 4.92343229e-01 7.00000000e+00]
[179.        198.          0.4928105   2.       ]
[9.0300000e+02 5.1400000e+02 4.9610039e-01 5.0000000e+00]
[9.08000000e+02 9.09000000e+02 4.96696828e-01 1.70000000e+01]
[4.31000000e+02 9.11000000e+02 4.97710828e-01 5.00000000e+00]
[8.1800000e+02 5.3400000e+02 4.9790212e-01 5.0000000e+00]
[110.        491.          0.4979536   2.       ]
[5.95000000e+02 4.64000000e+02 4.98695845e-01 3.00000000e+00]
[145.         242.           0.49912272   2.        ]
[1.81000000e+02 8.52000000e+02 5.00264806e-01 6.00000000e+00]
[5.41000000e+02 8.39000000e+02 5.01930143e-01 2.00000000e+01]
[9.18000000e+02 9.22000000e+02 5.03053233e-01 2.10000000e+01]
[8.00000000e+00 9.05000000e+02 5.03756226e-01 3.00000000e+00]
[3.41000000e+02 5.36000000e+02 5.04660584e-01 2.00000000e+00]
[9.00000000e+02 9.29000000e+02 5.04871254e-01 2.50000000e+01]
[8.29000000e+02 5.60000000e+02 5.05101674e-01 4.00000000e+00]
[3.75000000e+02 9.16000000e+02 5.05108748e-01 3.80000000e+01]
[2.82000000e+02 9.15000000e+02 5.06311998e-01 2.00000000e+01]
[8.8200000e+02 9.1300000e+02 5.0688994e-01 1.4000000e+02]
[8.65000000e+02 9.37000000e+02 5.07300408e-01 2.30000000e+01]
[9.21000000e+02 8.59000000e+02 5.08004251e-01 1.00000000e+01]
[9.01000000e+02 8.78000000e+02 5.09203651e-01 8.00000000e+00]
[4.0100000e+02 9.3000000e+02 5.0971688e-01 6.0000000e+00]
[8.00000000e+02 4.25000000e+02 5.11092202e-01 5.00000000e+00]
[9.12000000e+02 6.15000000e+02 5.11866898e-01 6.00000000e+00]
[3.43000000e+02 9.46000000e+02 5.13789586e-01 1.10000000e+01]
[9.2600000e+02 8.9100000e+02 5.1469074e-01 9.0000000e+00]
[9.44000000e+02 8.61000000e+02 5.14815022e-01 1.42000000e+02]
[1.67000000e+02 8.02000000e+02 5.14911495e-01 5.00000000e+00]
[8.75000000e+02 8.70000000e+02 5.15211215e-01 5.00000000e+00]
[8.8100000e+02 4.9700000e+02 5.1626372e-01 3.0000000e+00]
[8.79000000e+02 9.28000000e+02 5.17398636e-01 2.00000000e+01]
[9.31000000e+02 9.47000000e+02 5.17602606e-01 1.30000000e+01]
[8.87000000e+02 2.84000000e+02 5.17990551e-01 6.00000000e+00]
[9.36000000e+02 9.23000000e+02 5.20495238e-01 2.60000000e+01]
[1.26000000e+02 9.20000000e+02 5.22603874e-01 8.00000000e+00]
[6.49000000e+02 6.00000000e+01 5.25754115e-01 4.00000000e+00]
[9.25000000e+02 9.40000000e+02 5.29583428e-01 3.60000000e+01]
[4.20000000e+01 9.61000000e+02 5.32616795e-01 9.00000000e+00]
[2.81000000e+02 9.58000000e+02 5.32959173e-01 1.40000000e+01]
[4.93000000e+02 5.98000000e+02 5.34243931e-01 3.00000000e+00]
[5.93000000e+02 3.10000000e+01 5.34419235e-01 3.00000000e+00]
[6.9000000e+01 9.5300000e+02 5.3450102e-01 1.4300000e+02]
[9.55000000e+02 9.43000000e+02 5.35431641e-01 2.50000000e+01]
[4.70000000e+01 9.33000000e+02 5.35806552e-01 4.00000000e+00]
[9.51000000e+02 9.45000000e+02 5.35977318e-01 3.40000000e+01]
[9.35000000e+02 9.48000000e+02 5.37774101e-01 1.20000000e+01]
[8.99000000e+02 9.42000000e+02 5.38929713e-01 4.30000000e+01]
[9.04000000e+02 5.81000000e+02 5.39835078e-01 6.00000000e+00]
[9.49000000e+02 3.04000000e+02 5.42034705e-01 6.00000000e+00]
[9.3800000e+02 9.5000000e+02 5.4546971e-01 9.0000000e+00]
[9.07000000e+02 1.50000000e+01 5.45782648e-01 3.00000000e+00]
[5.8400000e+02 6.2300000e+02 5.4667735e-01 4.0000000e+00]
[9.57000000e+02 3.54000000e+02 5.47154844e-01 2.10000000e+01]
[5.60000000e+01 9.65000000e+02 5.51182257e-01 1.50000000e+01]
[9.60000000e+02 9.52000000e+02 5.51697177e-01 3.50000000e+01]
[9.59000000e+02 2.68000000e+02 5.52631493e-01 7.00000000e+00]
[9.69000000e+02 9.19000000e+02 5.53078956e-01 3.30000000e+01]
[306.         379.           0.55537068   2.        ]
[9.71000000e+02 9.63000000e+02 5.56318644e-01 7.00000000e+01]
[8.94000000e+02 9.85000000e+02 5.56491292e-01 7.30000000e+01]
[8.49000000e+02 9.72000000e+02 5.57493767e-01 1.60000000e+01]
[7.84000000e+02 9.87000000e+02 5.57888696e-01 1.80000000e+01]
[177.         498.           0.55898053   2.        ]
[9.54000000e+02 2.43000000e+02 5.60151459e-01 6.00000000e+00]
[9.73000000e+02 9.81000000e+02 5.62566654e-01 7.80000000e+01]
[9.76000000e+02 9.79000000e+02 5.63082849e-01 3.00000000e+01]
[8.40000000e+01 9.86000000e+02 5.65169058e-01 7.40000000e+01]
[9.32000000e+02 9.68000000e+02 5.67302702e-01 1.45000000e+02]
[1.33000000e+02 9.80000000e+02 5.72467517e-01 1.60000000e+01]
[9.64000000e+02 4.88000000e+02 5.72700896e-01 1.00000000e+01]
[1.07000000e+02 9.41000000e+02 5.73554226e-01 5.00000000e+00]
[9.34000000e+02 4.47000000e+02 5.74182707e-01 3.00000000e+00]
[9.56000000e+02 9.93000000e+02 5.75871038e-01 7.70000000e+01]
[3.51000000e+02 9.66000000e+02 5.76465684e-01 4.00000000e+00]
[388.         416.           0.57925511   2.        ]
[9.94000000e+02 9.91000000e+02 5.81235787e-01 2.23000000e+02]
[9.90000000e+02 1.00200000e+03 5.83077742e-01 2.29000000e+02]
[9.99000000e+02 4.74000000e+02 5.85298504e-01 7.80000000e+01]
[9.75000000e+02 1.71000000e+02 5.86094499e-01 7.00000000e+00]
[1.00300000e+03 9.78000000e+02 5.89589895e-01 2.33000000e+02]
[9.67000000e+02 1.00100000e+03 5.90617348e-01 5.00000000e+00]
[6.3900000e+02 9.7000000e+02 5.9389211e-01 6.0000000e+00]
[9.88000000e+02 3.77000000e+02 5.96591745e-01 1.90000000e+01]
[9.98000000e+02 8.77000000e+02 5.97915598e-01 5.00000000e+00]
[310.         455.           0.59820962   2.        ]
[9.95000000e+02 1.00400000e+03 6.01790517e-01 9.40000000e+01]
[1.00000000e+03 4.07000000e+02 6.02219787e-01 5.00000000e+00]
[8.42000000e+02 1.00800000e+03 6.03509481e-01 8.00000000e+00]
[9.83000000e+02 1.00600000e+03 6.03597297e-01 2.66000000e+02]
[9.92000000e+02 7.64000000e+02 6.05551741e-01 3.20000000e+01]
[114.        191.          0.6070284   2.       ]
[1.00500000e+03 9.82000000e+02 6.14282635e-01 1.40000000e+01]
[9.7700000e+02 9.2400000e+02 6.1472889e-01 8.0000000e+00]
[9.74000000e+02 8.86000000e+02 6.17293246e-01 9.00000000e+00]
[9.27000000e+02 3.64000000e+02 6.18086644e-01 3.00000000e+00]
[1.00700000e+03 9.62000000e+02 6.20328379e-01 9.00000000e+00]
[1.0100000e+03 9.8400000e+02 6.2148061e-01 7.0000000e+00]
[1.01500000e+03 1.00900000e+03 6.23596718e-01 2.85000000e+02]
[1.02400000e+03 1.01600000e+03 6.33387446e-01 3.17000000e+02]
[1.02000000e+03 1.01200000e+03 6.35754017e-01 1.03000000e+02]
[120.        166.          0.6379531   2.       ]
[5.50000000e+01 9.97000000e+02 6.38465063e-01 6.00000000e+00]
[419.         502.           0.63901101   2.        ]
[1.02500000e+03 4.70000000e+02 6.39129762e-01 3.18000000e+02]
[1.03000000e+03 4.20000000e+02 6.39225305e-01 3.19000000e+02]
[1.02200000e+03 1.01400000e+03 6.41353851e-01 1.70000000e+01]
[4.77000000e+02 1.02600000e+03 6.42266488e-01 1.04000000e+02]
[9.96000000e+02 9.89000000e+02 6.43567428e-01 1.20000000e+01]
[1.03100000e+03 7.70000000e+01 6.44362997e-01 3.20000000e+02]
[131.         434.           0.65532352   2.        ]
[1.03200000e+03 1.01300000e+03 6.58110225e-01 2.20000000e+01]
[1.01900000e+03 1.01800000e+03 6.74409398e-01 2.20000000e+01]
[1.02800000e+03 1.01100000e+03 6.74846585e-01 8.00000000e+00]
[4.41000000e+02 1.03700000e+03 6.78939451e-01 2.30000000e+01]
[1.01700000e+03 3.55000000e+02 6.79043245e-01 3.00000000e+00]
[1.02100000e+03 1.03300000e+03 6.81898854e-01 1.07000000e+02]
[1.02700000e+03 1.69000000e+02 7.08327325e-01 3.00000000e+00]
[1.02300000e+03 1.03500000e+03 7.09904787e-01 3.27000000e+02]
[1.04200000e+03 5.07000000e+02 7.10970046e-01 1.08000000e+02]
[1.03900000e+03 1.03600000e+03 7.17336918e-01 1.00000000e+01]
[2.00000000e+00 1.04500000e+03 7.22495433e-01 1.09000000e+02]
[1.03800000e+03 1.03400000e+03 7.25737023e-01 3.40000000e+01]
[1.04800000e+03 1.02900000e+03 7.29892338e-01 3.60000000e+01]
[6.100000e+02 1.040000e+03 7.388916e-01 2.500000e+01]
[1.04100000e+03 1.05000000e+03 7.42428591e-01 2.80000000e+01]
[1.04700000e+03 9.39000000e+02 7.44723755e-01 1.11000000e+02]
[1.04600000e+03 5.06000000e+02 7.58659412e-01 1.10000000e+01]
[1.47000000e+02 1.05200000e+03 7.63413806e-01 1.12000000e+02]
[13.         45.          0.76391111  2.        ]
[1.04900000e+03 1.04400000e+03 7.64974157e-01 3.63000000e+02]
[1.05100000e+03 1.05300000e+03 7.80708384e-01 3.90000000e+01]
[1.05600000e+03 7.19000000e+02 7.87832716e-01 3.66000000e+02]
[201.         316.           0.78806061   2.        ]
[1.05700000e+03 1.05800000e+03 7.94098574e-01 4.05000000e+02]
[1.0430000e+03 3.1400000e+02 8.0683252e-01 4.0000000e+00]
[212.         458.           0.83749853   2.        ]
[1.06000000e+03 1.05400000e+03 8.42963774e-01 5.17000000e+02]
[1.06300000e+03 1.06100000e+03 8.45267637e-01 5.21000000e+02]
[1.05500000e+03 1.06400000e+03 8.45496354e-01 5.23000000e+02]
[1.06500000e+03 6.89000000e+02 8.68711167e-01 5.25000000e+02]
[108.         311.           0.86964479   2.        ]
[1.06600000e+03 1.62000000e+02 8.85201593e-01 5.26000000e+02]
[1.06800000e+03 8.60000000e+01 8.93071809e-01 5.27000000e+02]
[1.06900000e+03 1.06700000e+03 9.06032338e-01 5.29000000e+02]
[1.07000000e+03 1.06200000e+03 9.06139118e-01 5.31000000e+02]
[1.07100000e+03 5.63000000e+02 9.99617553e-01 5.33000000e+02]
[1.07200000e+03 1.05900000e+03 1.00009036e+00 5.35000000e+02]
[1.0730000e+03 3.1900000e+02 1.0002043e+00 5.3600000e+02]
[1.07400000e+03 2.77000000e+02 1.00055992e+00 5.37000000e+02]
[1.0750000e+03 2.8900000e+02 1.0098754e+00 5.3800000e+02]
[1.07600000e+03 5.33000000e+02 1.01954571e+00 5.39000000e+02]
[1.07700000e+03 4.29000000e+02 1.02141883e+00 5.40000000e+02]
