[30. 31.  0.  2.]
[70. 71.  0.  2.]
[486.  72.   0.   3.]
[487.  73.   0.   4.]
[488.  74.   0.   5.]
[93. 94.  0.  2.]
[490.  95.   0.   3.]
[491.  96.   0.   4.]
[132. 133.   0.   2.]
[493. 135.   0.   3.]
[179. 181.   0.   2.]
[182. 184.   0.   2.]
[192. 197.   0.   2.]
[205. 211.   0.   2.]
[206. 207.   0.   2.]
[499. 498.   0.   4.]
[208. 209.   0.   2.]
[212. 221.   0.   2.]
[233. 235.   0.   2.]
[503. 236.   0.   3.]
[504. 239.   0.   4.]
[505. 240.   0.   5.]
[506. 243.   0.   6.]
[286. 298.   0.   2.]
[311. 325.   0.   2.]
[316. 318.   0.   2.]
[510. 321.   0.   3.]
[319. 320.   0.   2.]
[512. 324.   0.   3.]
[430. 431.   0.   2.]
[440. 449.   0.   2.]
[443. 444.   0.   2.]
[516. 445.   0.   3.]
[448. 453.   0.   2.]
[450. 452.   0.   2.]
[519. 459.   0.   3.]
[520. 518.   0.   5.]
[467. 470.   0.   2.]
[473. 474.   0.   2.]
[8.10000000e+01 8.20000000e+01 2.38418579e-07 2.00000000e+00]
[5.24000000e+02 8.50000000e+01 2.38418579e-07 3.00000000e+00]
[1.13000000e+02 1.16000000e+02 2.38418579e-07 2.00000000e+00]
[5.26000000e+02 1.27000000e+02 2.38418579e-07 3.00000000e+00]
[2.42000000e+02 2.44000000e+02 2.38418579e-07 2.00000000e+00]
[2.99000000e+02 3.01000000e+02 2.38418579e-07 2.00000000e+00]
[3.75000000e+02 3.76000000e+02 2.38418579e-07 2.00000000e+00]
[1.40000000e+01 1.50000000e+01 3.37174788e-07 2.00000000e+00]
[1.09000000e+02 1.14000000e+02 3.37174788e-07 2.00000000e+00]
[1.12000000e+02 1.17000000e+02 3.37174788e-07 2.00000000e+00]
[5.33000000e+02 5.27000000e+02 3.37174788e-07 5.00000000e+00]
[1.20000000e+02 1.25000000e+02 3.37174788e-07 2.00000000e+00]
[1.23000000e+02 1.24000000e+02 3.37174788e-07 2.00000000e+00]
[5.36000000e+02 1.28000000e+02 3.37174788e-07 3.00000000e+00]
[1.36000000e+02 1.37000000e+02 3.37174788e-07 2.00000000e+00]
[1.49000000e+02 1.50000000e+02 3.37174788e-07 2.00000000e+00]
[5.39000000e+02 1.51000000e+02 3.37174788e-07 3.00000000e+00]
[5.40000000e+02 1.53000000e+02 3.37174788e-07 4.00000000e+00]
[1.72000000e+02 1.74000000e+02 3.37174788e-07 2.00000000e+00]
[1.78000000e+02 1.80000000e+02 3.37174788e-07 2.00000000e+00]
[1.98000000e+02 1.99000000e+02 3.37174788e-07 2.00000000e+00]
[2.25000000e+02 2.27000000e+02 3.37174788e-07 2.00000000e+00]
[2.91000000e+02 2.97000000e+02 3.37174788e-07 2.00000000e+00]
[3.61000000e+02 3.63000000e+02 3.37174788e-07 2.00000000e+00]
[3.62000000e+02 3.64000000e+02 3.37174788e-07 2.00000000e+00]
[3.68000000e+02 3.70000000e+02 3.37174788e-07 2.00000000e+00]
[3.79000000e+02 3.85000000e+02 3.37174788e-07 2.00000000e+00]
[5.50000000e+02 3.86000000e+02 3.37174788e-07 3.00000000e+00]
[5.51000000e+02 3.88000000e+02 3.37174788e-07 4.00000000e+00]
[5.52000000e+02 3.99000000e+02 3.37174788e-07 5.00000000e+00]
[5.53000000e+02 4.11000000e+02 3.37174788e-07 6.00000000e+00]
[3.95000000e+02 3.96000000e+02 3.37174788e-07 2.00000000e+00]
[5.55000000e+02 4.01000000e+02 3.37174788e-07 3.00000000e+00]
[4.56000000e+02 4.58000000e+02 3.37174788e-07 2.00000000e+00]
[5.57000000e+02 4.64000000e+02 3.37174788e-07 3.00000000e+00]
[1.57000000e+02 2.15000000e+02 4.76837158e-07 2.00000000e+00]
[5.59000000e+02 2.16000000e+02 4.76837158e-07 3.00000000e+00]
[5.60000000e+02 2.18000000e+02 4.76837158e-07 4.00000000e+00]
[5.61000000e+02 2.19000000e+02 4.76837158e-07 5.00000000e+00]
[5.62000000e+02 2.22000000e+02 4.76837158e-07 6.00000000e+00]
[2.84000000e+02 3.03000000e+02 4.76837158e-07 2.00000000e+00]
[3.33000000e+02 3.41000000e+02 4.76837158e-07 2.00000000e+00]
[4.75000000e+02 4.76000000e+02 4.76837158e-07 2.00000000e+00]
[521.         522.           0.85496573   7.        ]
[106.         107.           0.85914268   2.        ]
[500.         501.           1.25125103   6.        ]
[139.         140.           1.40077996   2.        ]
[538.        138.          1.4145242   3.       ]
[531.         16.          1.5693165   3.       ]
[446.         447.           1.57250185   2.        ]
[421.         423.           1.62115995   2.        ]
[261.         263.           1.70625308   2.        ]
[397.         413.           1.74758903   2.        ]
[342.         343.           1.75138858   2.        ]
[ 80.         525.           1.75587264   4.        ]
[543.         496.           1.79041418   4.        ]
[570.         141.           1.94362381   3.        ]
[534.         535.           1.98714815   7.        ]
[166.         167.           2.06044155   2.        ]
[37.         39.          2.17184225  2.        ]
[159.         160.           2.22239698   2.        ]
[41.         43.          2.31486861  2.        ]
[176.         183.           2.38033355   2.        ]
[352.         353.           2.47695078   2.        ]
[374.         530.           2.49337656   3.        ]
[193.         196.           2.55730685   2.        ]
[410.         574.           2.62473509   3.        ]
[232.         507.           2.63404937   7.        ]
[372.         373.           2.73618027   2.        ]
[480.         482.           2.74259607   2.        ]
[389.        576.          2.7961423   3.       ]
[442.         517.           2.81038725   4.        ]
[267.        270.          2.8104798   2.       ]
[234.         237.           2.84561683   2.        ]
[292.         304.           2.84816094   2.        ]
[345.         347.           2.85851233   2.        ]
[257.       258.         2.883864   2.      ]
[283.         287.           2.88443966   2.        ]
[351.         355.           2.89077204   2.        ]
[579.         495.           2.89582667   6.        ]
[469.        523.          2.9046361   3.       ]
[393.         556.           2.91579842   4.        ]
[544.         200.           2.91592887   3.        ]
[314.         315.           2.95171584   2.        ]
[545.         226.           2.96141823   3.        ]
[276.         564.           2.96392073   3.        ]
[461.        484.          2.9672747   2.       ]
[251.         252.           2.98679691   2.        ]
[425.         426.           3.00856131   2.        ]
[241.         528.           3.04164866   3.        ]
[75.         76.          3.04740557  2.        ]
[293.         529.           3.07458533   3.        ]
[462.         465.           3.09642131   2.        ]
[494.         134.           3.14554165   4.        ]
[147.         148.           3.16517185   2.        ]
[472.         566.           3.18612007   3.        ]
[173.        187.          3.2336249   2.       ]
[514.         434.           3.29509687   3.        ]
[154.         155.           3.35457341   2.        ]
[189.         497.           3.35593455   3.        ]
[547.         548.           3.43071137   4.        ]
[ 40.         585.           3.43195453   3.        ]
[568.         108.           3.73128146   3.        ]
[55.         58.          3.73447815  2.        ]
[623.         606.           3.80152006   6.        ]
[190.         191.           3.90040009   2.        ]
[415.         416.           3.91071511   2.        ]
[142.         580.           3.92512761   4.        ]
[571.         144.           3.92859552   4.        ]
[87.        88.         4.0068572  2.       ]
[ 29.         485.           4.11777512   3.        ]
[451.         471.           4.14565471   2.        ]
[392.        398.          4.2497564   2.       ]
[230.         231.           4.29436739   2.        ]
[302.         306.           4.38408665   2.        ]
[121.         537.           4.65963587   4.        ]
[131.         617.           4.67337643   5.        ]
[275.        278.          4.6865307   2.       ]
[248.         249.           4.73980858   2.        ]
[628.        629.          4.8083814   8.       ]
[435.         595.           4.81780671   5.        ]
[  4.         479.           4.83080362   2.        ]
[631.         143.           4.84942388   5.        ]
[607.         511.           4.85019996   5.        ]
[586.         603.           5.00558508   8.        ]
[573.         478.           5.06153201   3.        ]
[502.         214.           5.09932741   3.        ]
[565.         577.           5.11074962   4.        ]
[541.         618.           5.27385082   6.        ]
[295.         382.           5.51791893   2.        ]
[322.         323.           5.56155229   2.        ]
[390.        391.          5.6023141   2.       ]
[356.         588.           5.62654376   4.        ]
[223.         608.           5.68914212   4.        ]
[ 3.         57.          5.74671117  2.        ]
[647.         513.           5.82862849   8.        ]
[567.         454.           5.88016609   8.        ]
[642.         253.           5.89081792   3.        ]
[360.         624.           5.94656571   5.        ]
[591.         477.           5.99081453   8.        ]
[428.         433.           6.03818664   2.        ]
[  1.         601.           6.08206255   3.        ]
[407.         546.           6.11023344   3.        ]
[ 12.        645.          6.1610404   3.       ]
[79.         92.          6.16550838  2.        ]
[19.         33.          6.16677881  2.        ]
[ 98.         481.           6.16724897   2.        ]
[  7.         161.           6.17272095   2.        ]
[220.         250.           6.21216621   2.        ]
[152.         652.           6.22236092   7.        ]
[336.         666.           6.23514408   4.        ]
[25.         54.          6.27342008  2.        ]
[162.         163.           6.27954231   2.        ]
[509.         313.           6.29927827   3.        ]
[195.         656.           6.30914126   5.        ]
[194.         613.           6.36539351   4.        ]
[653.        330.          6.3758199   3.       ]
[188.         409.           6.39274778   2.        ]
[632.        646.          6.4247762   9.       ]
[34.         42.          6.44536251  2.        ]
[  8.        384.          6.5683659   2.       ]
[346.         616.           6.56854009   3.        ]
[667.         119.           6.58671926   4.        ]
[185.         648.           6.67053989   9.        ]
[678.         532.           6.70996109   7.        ]
[ 83.         674.           6.71773706   5.        ]
[686.         277.           6.74097849   5.        ]
[273.         549.           6.74755582   3.        ]
[ 44.         224.           6.82746485   2.        ]
[290.         394.           6.83500883   2.        ]
[641.         307.           6.84651328   3.        ]
[ 38.         349.           6.85472399   2.        ]
[265.         688.           6.86643774   8.        ]
[186.         679.           6.87688342   5.        ]
[625.          45.           6.94949325   4.        ]
[572.         228.           6.96934674   4.        ]
[269.         468.           6.98389744   2.        ]
[126.         429.           7.02488858   2.        ]
[466.        696.          7.0288303   9.       ]
[ 84.         663.           7.05866311   9.        ]
[111.         615.           7.09490718   4.        ]
[ 10.         703.           7.09857879  10.        ]
[129.         594.           7.10229493   4.        ]
[597.         365.           7.11515818   3.        ]
[ 99.         146.           7.13056234   2.        ]
[673.         492.           7.13272037  11.        ]
[709.         378.           7.19998608  12.        ]
[ 21.         685.           7.23674044   4.        ]
[ 89.         455.           7.25644837   2.        ]
[156.         620.           7.27877303   3.        ]
[457.         710.           7.29356994  13.        ]
[317.        649.          7.3045779   4.       ]
[256.         581.           7.30794481   8.        ]
[ 36.         210.           7.34886709   2.        ]
[690.         247.           7.35197182   6.        ]
[711.         327.           7.36469833   5.        ]
[337.         697.           7.43081994   6.        ]
[681.         402.           7.43590843   3.        ]
[680.         612.           7.44667143   5.        ]
[689.          97.           7.46344086   6.        ]
[268.         357.           7.46474921   2.        ]
[115.         280.           7.46666781   2.        ]
[437.         660.           7.51076754   9.        ]
[ 24.         683.           7.51410341   3.        ]
[ 90.         104.           7.53494291   2.        ]
[ 50.         266.           7.53984726   2.        ]
[650.         672.           7.61452254   5.        ]
[406.         414.           7.64690862   2.        ]
[310.         610.           7.68276806   3.        ]
[633.        102.          7.6949378   3.       ]
[ 32.         489.           7.70368532   6.        ]
[ 11.         578.           7.70635828   5.        ]
[583.         463.           7.70889398   3.        ]
[657.         704.           7.71134097   8.        ]
[424.         714.           7.72341872  14.        ]
[668.         563.           7.74017083   8.        ]
[637.        671.          7.7463211   4.       ]
[169.         605.           7.74989868   5.        ]
[122.         740.           7.79552348   5.        ]
[  0.         203.           7.80726638   2.        ]
[718.         702.           7.81086599  15.        ]
[695.         100.           7.83234044   3.        ]
[661.         675.           7.83442999   5.        ]
[705.         204.           7.85539004  11.        ]
[684.         175.           7.87689416   3.        ]
[13.         51.          7.87856959  2.        ]
[ 23.         201.           7.90122792   2.        ]
[296.        371.          7.9221576   2.       ]
[35.         63.          7.94532586  2.        ]
[288.         693.           7.98415693   3.        ]
[ 47.         747.           8.00694037  12.        ]
[254.        744.          8.0198543  16.       ]
[722.        755.          8.0428035  21.       ]
[404.         723.           8.05194716   7.        ]
[542.          60.           8.08902849   3.        ]
[ 59.         635.           8.13189082   3.        ]
[694.         439.           8.14241424   4.        ]
[748.         329.           8.15156267   4.        ]
[569.         716.           8.16795406  14.        ]
[305.         756.           8.18276272  22.        ]
[728.         713.           8.20343439   5.        ]
[758.         417.           8.23644024   4.        ]
[719.         729.           8.27567675   7.        ]
[ 65.         737.           8.28403916   9.        ]
[743.          27.           8.28441591   3.        ]
[691.         366.           8.30343231   4.        ]
[754.         746.           8.33691901  17.        ]
[ 62.         335.           8.37759107   2.        ]
[614.         715.           8.40958601   6.        ]
[741.         720.           8.44963843  11.        ]
[727.         692.           8.47693277   5.        ]
[255.         281.           8.51206909   2.        ]
[739.           5.           8.55115003   9.        ]
[ 56.         274.           8.57467544   2.        ]
[687.         770.           8.57530045  26.        ]
[750.         338.           8.58114182   3.        ]
[596.         682.           8.60431549  11.        ]
[ 52.         381.           8.61257023   2.        ]
[118.         699.           8.62810777   5.        ]
[ 86.         708.           8.63223955   3.        ]
[158.         584.           8.64583827   3.        ]
[665.         289.           8.66733465   4.        ]
[611.         776.           8.69415841  11.        ]
[ 46.         706.           8.71695932   5.        ]
[733.         640.           8.74310737   8.        ]
[ 28.       202.         8.750725   2.      ]
[767.          91.           8.75170349  10.        ]
[422.         735.           8.75472747   6.        ]
[761.         700.           8.75804939   6.        ]
[765.         575.           8.76243059   6.        ]
[772.         171.           8.77500456   7.        ]
[788.         676.           8.80280985  10.        ]
[405.         664.           8.82679812   3.        ]
[ 22.         745.           8.84385288   4.        ]
[736.         701.           8.86576644   5.        ]
[781.         774.           8.87023453   7.        ]
[602.         662.           8.88887407   7.        ]
[354.         592.           8.89523319   3.        ]
[604.         798.           8.93664765   8.        ]
[759.         164.           8.93844325   4.        ]
[ 49.         103.           8.94342664   2.        ]
[627.         644.           8.99776753   7.        ]
[721.         764.           9.00739756   8.        ]
[766.         797.           9.01411347  11.        ]
[ 68.         621.           9.02430916   4.        ]
[ 69.         782.           9.03462705   6.        ]
[734.         717.           9.03811926   8.        ]
[558.         738.           9.04784071  17.        ]
[775.         757.           9.14128812   9.        ]
[707.         332.           9.15746732   4.        ]
[213.         369.           9.17019287   2.        ]
[260.         279.           9.18508695   2.        ]
[643.         589.           9.21727032  10.        ]
[778.        769.          9.2232232  30.       ]
[408.         630.           9.23418142   3.        ]
[ 48.         806.           9.29477958   9.        ]
[742.         773.           9.30570917  16.        ]
[ 66.         165.           9.31059326   2.        ]
[339.         619.           9.31985338   4.        ]
[763.        554.          9.3202591  28.       ]
[ 20.       780.         9.363474  12.      ]
[582.         751.           9.37415956   4.        ]
[790.         651.           9.39119854  14.        ]
[753.         819.           9.41390499  12.        ]
[ 53.         712.           9.41912966   3.        ]
[810.         807.           9.42109755  19.        ]
[786.         312.           9.45426735  12.        ]
[725.         145.           9.45931552   3.        ]
[768.         829.           9.47366458  22.        ]
[799.         812.           9.47799864  16.        ]
[794.         105.           9.50053395   8.        ]
[400.         811.           9.54975277  18.        ]
[  2.         264.           9.56740467   2.        ]
[762.         823.           9.57588135  42.        ]
[787.         732.           9.59525564   8.        ]
[177.         817.           9.59745628  31.        ]
[483.         827.           9.66750274  13.        ]
[658.        783.          9.6708922   5.       ]
[418.         837.           9.68087969  43.        ]
[670.         816.           9.68357353  12.        ]
[785.       598.         9.741337   6.      ]
[749.         831.           9.74778797   5.        ]
[229.         600.           9.76179133   3.        ]
[752.         609.           9.76605139   5.        ]
[805.         308.           9.78971493   8.        ]
[834.         432.           9.80168435   9.        ]
[217.         830.           9.84135675  13.        ]
[828.         590.           9.90952744   6.        ]
[669.         795.           9.98097057  12.        ]
[826.         724.          10.00647777  16.        ]
[771.         802.          10.02145735  10.        ]
[792.         294.          10.05011113   7.        ]
[639.         809.          10.07517467  10.        ]
[804.         793.          10.10649672   8.        ]
[246.         801.          10.13650798   4.        ]
[358.         841.          10.14416746   6.        ]
[779.         599.          10.18281365   5.        ]
[245.        331.         10.2223849   2.       ]
[777.         833.          10.29163693  18.        ]
[ 78.         856.          10.30943124  11.        ]
[855.         238.          10.31353113   8.        ]
[836.         853.          10.34505106  18.        ]
[820.         655.          10.37531133  18.        ]
[808.        419.         10.5130292   5.       ]
[849.         843.          10.51729192  21.        ]
[821.         852.          10.61303943  14.        ]
[845.         842.          10.63373633  48.        ]
[847.         791.          10.64152677  11.        ]
[832.         824.          10.67281856  34.        ]
[  6.         403.          10.70027407   2.        ]
[622.         334.          10.76427088   3.        ]
[ 17.         869.          10.77360144  15.        ]
[344.         436.          10.82959483   2.        ]
[  9.         626.          10.91768061   4.        ]
[508.         800.          10.94278714   9.        ]
[866.       870.        10.947359  66.      ]
[825.         383.          10.95110896   5.        ]
[677.         659.          10.95559057  11.        ]
[814.         879.          10.96016948  68.        ]
[634.         872.          10.98640116  37.        ]
[854.         862.          11.00327654  28.        ]
[636.         818.          11.06017538   5.        ]
[864.         282.          11.07995599   9.        ]
[858.         760.          11.09173327   8.        ]
[871.        863.         11.1589068  22.       ]
[848.         850.          11.27945942  21.        ]
[882.        822.         11.2860279  72.       ]
[813.         876.          11.29190404   6.        ]
[698.         889.          11.34323341  25.        ]
[865.         878.          11.41420168  27.        ]
[587.        835.         11.4226464  20.       ]
[860.        839.         11.4912261  36.       ]
[844.         840.          11.51870168  19.        ]
[867.         868.          11.63540436  26.        ]
[130.         875.          11.63890958  16.        ]
[880.         890.          11.64225603  77.        ]
[789.         593.          11.69800863   4.        ]
[101.        861.         11.7504295   3.       ]
[803.         898.          11.81045554  20.        ]
[846.         885.          11.86963289   8.        ]
[61.         77.         11.87655154  2.        ]
[857.         884.          11.89799122  36.        ]
[899.         638.          11.92088887  79.        ]
[815.         340.          11.94756162   3.        ]
[888.         891.          12.01195988  28.        ]
[380.         420.          12.03831631   2.        ]
[886.         895.          12.07104594  45.        ]
[ 67.         259.          12.10656148   2.        ]
[883.         515.          12.11142012  39.        ]
[896.         730.          12.16210409  24.        ]
[851.         894.          12.26702414  26.        ]
[838.         460.          12.31807648   9.        ]
[877.         906.          12.32373797  83.        ]
[893.         859.          12.39485758  33.        ]
[262.        796.         12.4934916   4.       ]
[874.       377.        12.636979   4.      ]
[917.         300.          12.67943378  34.        ]
[901.         903.          12.69817432  11.        ]
[438.         912.          12.71989779  40.        ]
[900.          64.          12.83088813   5.        ]
[910.         913.          12.87020751  69.        ]
[ 26.       905.        12.921488  37.      ]
[887.         654.          12.93209925  10.        ]
[908.         916.          12.96678745 111.        ]
[915.         902.          12.99711102  29.        ]
[873.         918.          13.28705103   6.        ]
[328.         367.          13.32127641   2.        ]
[911.         359.          13.33323627   3.        ]
[920.         909.          13.43893866  36.        ]
[170.         731.          13.54112222   3.        ]
[932.         924.          13.56034836 105.        ]
[927.         919.          13.56868144 115.        ]
[923.         922.          13.57777378  45.        ]
[271.         897.          13.62567585  27.        ]
[168.         285.          13.69168227   2.        ]
[936.         925.          13.85975504  82.        ]
[892.         309.          14.06500662  26.        ]
[914.         935.          14.35765162 141.        ]
[326.         941.          14.52134916 142.        ]
[939.         348.          14.80253589  83.        ]
[940.         272.          14.80734987  27.        ]
[942.         943.          15.02260429 225.        ]
[934.         928.          15.03743164 134.        ]
[921.         427.          15.15305982  12.        ]
[946.        933.         15.2798445 137.       ]
[441.         948.          15.35363839 138.        ]
[931.         926.          15.37856713  13.        ]
[ 18.         110.          15.42568057   2.        ]
[944.         930.          15.74738388  29.        ]
[945.        949.         15.9950355 363.       ]
[938.         937.          16.00987471  29.        ]
[952.         726.          16.08711204  38.        ]
[904.         784.          16.60814686   5.        ]
[950.         953.          16.61451063 376.        ]
[929.         957.          16.94746737 382.        ]
[955.         947.          17.09521255  50.        ]
[951.         956.          17.23308554   7.        ]
[958.         907.          17.89747739 385.        ]
[961.         959.          19.36177041 435.        ]
[881.         962.          19.57340698 446.        ]
[963.         954.          20.95466319 475.        ]
[964.        387.         21.2783788 476.       ]
[960.         965.          21.38588492 483.        ]
[350.         412.          21.39595769   2.        ]
[966.         967.          28.16267396 485.        ]
