[30. 31.  0.  2.]
[70. 71.  0.  2.]
[486.  72.   0.   3.]
[487.  73.   0.   4.]
[488.  74.   0.   5.]
[93. 94.  0.  2.]
[490.  95.   0.   3.]
[491.  96.   0.   4.]
[132. 133.   0.   2.]
[493. 135.   0.   3.]
[179. 181.   0.   2.]
[182. 184.   0.   2.]
[192. 197.   0.   2.]
[205. 211.   0.   2.]
[206. 207.   0.   2.]
[499. 498.   0.   4.]
[208. 209.   0.   2.]
[212. 221.   0.   2.]
[233. 235.   0.   2.]
[503. 236.   0.   3.]
[504. 239.   0.   4.]
[505. 240.   0.   5.]
[506. 243.   0.   6.]
[286. 298.   0.   2.]
[311. 325.   0.   2.]
[316. 318.   0.   2.]
[510. 321.   0.   3.]
[319. 320.   0.   2.]
[512. 324.   0.   3.]
[430. 431.   0.   2.]
[440. 449.   0.   2.]
[443. 444.   0.   2.]
[516. 445.   0.   3.]
[448. 453.   0.   2.]
[450. 452.   0.   2.]
[519. 459.   0.   3.]
[520. 518.   0.   5.]
[467. 470.   0.   2.]
[473. 474.   0.   2.]
[8.10000000e+01 8.20000000e+01 2.38418579e-07 2.00000000e+00]
[5.24000000e+02 8.50000000e+01 2.38418579e-07 3.00000000e+00]
[1.13000000e+02 1.16000000e+02 2.38418579e-07 2.00000000e+00]
[5.26000000e+02 1.27000000e+02 2.38418579e-07 3.00000000e+00]
[2.42000000e+02 2.44000000e+02 2.38418579e-07 2.00000000e+00]
[2.99000000e+02 3.01000000e+02 2.38418579e-07 2.00000000e+00]
[3.75000000e+02 3.76000000e+02 2.38418579e-07 2.00000000e+00]
[1.40000000e+01 1.50000000e+01 3.37174788e-07 2.00000000e+00]
[1.09000000e+02 1.14000000e+02 3.37174788e-07 2.00000000e+00]
[1.12000000e+02 1.17000000e+02 3.37174788e-07 2.00000000e+00]
[5.33000000e+02 5.27000000e+02 3.37174788e-07 5.00000000e+00]
[1.20000000e+02 1.25000000e+02 3.37174788e-07 2.00000000e+00]
[1.23000000e+02 1.24000000e+02 3.37174788e-07 2.00000000e+00]
[5.36000000e+02 1.28000000e+02 3.37174788e-07 3.00000000e+00]
[1.36000000e+02 1.37000000e+02 3.37174788e-07 2.00000000e+00]
[1.49000000e+02 1.50000000e+02 3.37174788e-07 2.00000000e+00]
[5.39000000e+02 1.51000000e+02 3.37174788e-07 3.00000000e+00]
[5.40000000e+02 1.53000000e+02 3.37174788e-07 4.00000000e+00]
[1.72000000e+02 1.74000000e+02 3.37174788e-07 2.00000000e+00]
[1.78000000e+02 1.80000000e+02 3.37174788e-07 2.00000000e+00]
[1.98000000e+02 1.99000000e+02 3.37174788e-07 2.00000000e+00]
[2.25000000e+02 2.27000000e+02 3.37174788e-07 2.00000000e+00]
[2.91000000e+02 2.97000000e+02 3.37174788e-07 2.00000000e+00]
[3.61000000e+02 3.63000000e+02 3.37174788e-07 2.00000000e+00]
[3.62000000e+02 3.64000000e+02 3.37174788e-07 2.00000000e+00]
[3.68000000e+02 3.70000000e+02 3.37174788e-07 2.00000000e+00]
[3.79000000e+02 3.85000000e+02 3.37174788e-07 2.00000000e+00]
[5.50000000e+02 3.86000000e+02 3.37174788e-07 3.00000000e+00]
[5.51000000e+02 3.88000000e+02 3.37174788e-07 4.00000000e+00]
[5.52000000e+02 3.99000000e+02 3.37174788e-07 5.00000000e+00]
[5.53000000e+02 4.11000000e+02 3.37174788e-07 6.00000000e+00]
[3.95000000e+02 3.96000000e+02 3.37174788e-07 2.00000000e+00]
[5.55000000e+02 4.01000000e+02 3.37174788e-07 3.00000000e+00]
[4.56000000e+02 4.58000000e+02 3.37174788e-07 2.00000000e+00]
[5.57000000e+02 4.64000000e+02 3.37174788e-07 3.00000000e+00]
[1.57000000e+02 2.15000000e+02 4.76837158e-07 2.00000000e+00]
[5.59000000e+02 2.16000000e+02 4.76837158e-07 3.00000000e+00]
[5.60000000e+02 2.18000000e+02 4.76837158e-07 4.00000000e+00]
[5.61000000e+02 2.19000000e+02 4.76837158e-07 5.00000000e+00]
[5.62000000e+02 2.22000000e+02 4.76837158e-07 6.00000000e+00]
[2.84000000e+02 3.03000000e+02 4.76837158e-07 2.00000000e+00]
[3.33000000e+02 3.41000000e+02 4.76837158e-07 2.00000000e+00]
[4.75000000e+02 4.76000000e+02 4.76837158e-07 2.00000000e+00]
[521.         522.           0.85496573   7.        ]
[106.         107.           0.85914268   2.        ]
[500.         501.           1.25125103   6.        ]
[139.         140.           1.40077996   2.        ]
[538.        138.          1.4145242   3.       ]
[531.         16.          1.5693165   3.       ]
[446.         447.           1.57250185   2.        ]
[421.         423.           1.62115995   2.        ]
[261.         263.           1.70625308   2.        ]
[397.         413.           1.74758903   2.        ]
[342.         343.           1.75138858   2.        ]
[ 80.         525.           1.75587264   4.        ]
[543.         496.           1.79041418   4.        ]
[570.         141.           1.94362381   3.        ]
[534.         535.           1.98714815   7.        ]
[166.         167.           2.06044155   2.        ]
[37.         39.          2.17184225  2.        ]
[159.         160.           2.22239698   2.        ]
[41.         43.          2.31486861  2.        ]
[176.         183.           2.38033355   2.        ]
[352.         353.           2.47695078   2.        ]
[374.         530.           2.49337656   3.        ]
[193.         196.           2.55730685   2.        ]
[410.         574.           2.62473509   3.        ]
[232.         507.           2.63404937   7.        ]
[372.         373.           2.73618027   2.        ]
[480.         482.           2.74259607   2.        ]
[389.        576.          2.7961423   3.       ]
[442.         517.           2.81038725   4.        ]
[267.        270.          2.8104798   2.       ]
[234.         237.           2.84561683   2.        ]
[292.         304.           2.84816094   2.        ]
[345.         347.           2.85851233   2.        ]
[257.       258.         2.883864   2.      ]
[283.         287.           2.88443966   2.        ]
[351.         355.           2.89077204   2.        ]
[579.         495.           2.89582667   6.        ]
[469.        523.          2.9046361   3.       ]
[393.         556.           2.91579842   4.        ]
[544.         200.           2.91592887   3.        ]
[314.         315.           2.95171584   2.        ]
[545.         226.           2.96141823   3.        ]
[276.         564.           2.96392073   3.        ]
[461.        484.          2.9672747   2.       ]
[251.         252.           2.98679691   2.        ]
[425.         426.           3.00856131   2.        ]
[241.         528.           3.04164866   3.        ]
[75.         76.          3.04740557  2.        ]
[293.         529.           3.07458533   3.        ]
[462.         465.           3.09642131   2.        ]
[494.         134.           3.14554165   4.        ]
[147.         148.           3.16517185   2.        ]
[472.         566.           3.18612007   3.        ]
[173.        187.          3.2336249   2.       ]
[514.         434.           3.29509687   3.        ]
[154.         155.           3.35457341   2.        ]
[189.         497.           3.35593455   3.        ]
[547.         548.           3.43071137   4.        ]
[ 40.         585.           3.43195453   3.        ]
[568.         108.           3.73128146   3.        ]
[55.         58.          3.73447815  2.        ]
[623.         190.           3.80152006   4.        ]
[191.         606.           3.81293916   4.        ]
[415.         416.           3.91071511   2.        ]
[142.         580.           3.92512761   4.        ]
[571.         144.           3.92859552   4.        ]
[87.        88.         4.0068572  2.       ]
[ 29.         485.           4.11777512   3.        ]
[451.         471.           4.14565471   2.        ]
[392.        398.          4.2497564   2.       ]
[230.         231.           4.29436739   2.        ]
[302.         306.           4.38408665   2.        ]
[121.         537.           4.65963587   4.        ]
[131.         617.           4.67337643   5.        ]
[275.        278.          4.6865307   2.       ]
[248.         249.           4.73980858   2.        ]
[435.         595.           4.81780671   5.        ]
[  4.         479.           4.83080362   2.        ]
[631.         143.           4.84942388   5.        ]
[607.         511.           4.85019996   5.        ]
[586.         603.           5.00558508   8.        ]
[573.         478.           5.06153201   3.        ]
[502.         214.           5.09932741   3.        ]
[565.         577.           5.11074962   4.        ]
[541.         152.           5.27385082   5.        ]
[295.         382.           5.51791893   2.        ]
[322.         323.           5.56155229   2.        ]
[628.         629.           5.58368596   8.        ]
[390.        391.          5.6023141   2.       ]
[356.         588.           5.62654376   4.        ]
[223.         608.           5.68914212   4.        ]
[ 3.         57.          5.74671117  2.        ]
[646.         513.           5.82862849   8.        ]
[567.         454.           5.88016609   8.        ]
[642.         253.           5.89081792   3.        ]
[360.         624.           5.94656571   5.        ]
[591.         477.           5.99081453   8.        ]
[428.         433.           6.03818664   2.        ]
[618.         651.           6.08021314   7.        ]
[  1.         601.           6.08206255   3.        ]
[336.         407.           6.11023344   2.        ]
[ 12.        277.          6.1610404   2.       ]
[79.         92.          6.16550838  2.        ]
[19.         33.          6.16677881  2.        ]
[ 98.         481.           6.16724897   2.        ]
[  7.         161.           6.17272095   2.        ]
[220.         250.           6.21216621   2.        ]
[25.         54.          6.27342008  2.        ]
[162.         163.           6.27954231   2.        ]
[509.         313.           6.29927827   3.        ]
[195.         265.           6.30914126   2.        ]
[546.         404.           6.33052483   3.        ]
[194.         613.           6.36539351   4.        ]
[652.        330.          6.3758199   3.       ]
[188.         409.           6.39274778   2.        ]
[632.        645.          6.4247762   9.       ]
[34.         42.          6.44536251  2.        ]
[ 83.         667.           6.50379725   3.        ]
[532.         656.           6.55714239   6.        ]
[  8.        384.          6.5683659   2.       ]
[346.         616.           6.56854009   3.        ]
[185.         273.           6.67053989   2.        ]
[644.         668.           6.68302445   4.        ]
[104.         119.           6.73742497   2.        ]
[ 44.         224.           6.82746485   2.        ]
[290.         394.           6.83500883   2.        ]
[641.         307.           6.84651328   3.        ]
[ 38.         349.           6.85472399   2.        ]
[186.         679.           6.87688342   5.        ]
[625.          45.           6.94949325   4.        ]
[689.         466.           6.95346913   5.        ]
[677.         687.           6.95632177   5.        ]
[572.         228.           6.96934674   4.        ]
[269.         468.           6.98389744   2.        ]
[126.         429.           7.02488858   2.        ]
[ 84.         663.           7.05866311   9.        ]
[111.         615.           7.09490718   4.        ]
[129.         594.           7.10229493   4.        ]
[597.         365.           7.11515818   3.        ]
[ 99.         146.           7.13056234   2.        ]
[ 56.        665.          7.1388254   8.       ]
[ 52.         492.           7.22629539   5.        ]
[ 10.         204.           7.22985759   2.        ]
[21.         36.          7.23674044  2.        ]
[ 89.         455.           7.25644837   2.        ]
[156.         620.           7.27877303   3.        ]
[671.         457.           7.29356994   3.        ]
[171.        317.          7.3045779   2.       ]
[569.         256.           7.30794481   7.        ]
[697.         247.           7.32935617   6.        ]
[684.         97.          7.3516067   4.       ]
[  0.         685.           7.40215034   7.        ]
[681.         402.           7.43590843   3.        ]
[680.         612.           7.44667143   5.        ]
[268.         357.           7.46474921   2.        ]
[115.         280.           7.46666781   2.        ]
[ 90.         690.           7.46982998   3.        ]
[437.         660.           7.51076754   9.        ]
[ 24.         683.           7.51410341   3.        ]
[ 50.         266.           7.53984726   2.        ]
[672.        337.          7.5553808   3.       ]
[695.         210.           7.61272064   6.        ]
[649.         673.           7.61452254   5.        ]
[647.         177.           7.62296543   9.        ]
[406.         414.           7.64690862   2.        ]
[716.         254.           7.65199942   7.        ]
[310.         610.           7.68276806   3.        ]
[633.        102.          7.6949378   3.       ]
[ 32.         637.           7.70368532   3.        ]
[ 11.         578.           7.70635828   5.        ]
[583.         463.           7.70889398   3.        ]
[ 13.         657.           7.71134097   5.        ]
[669.         563.           7.74017083   8.        ]
[169.         605.           7.74989868   5.        ]
[717.         678.           7.75985868   7.        ]
[694.         100.           7.83234044   3.        ]
[ 66.         661.           7.83442999   4.        ]
[686.         175.           7.87689416   3.        ]
[698.         327.           7.88755522   6.        ]
[ 23.         201.           7.90122792   2.        ]
[710.          27.           7.91810015   3.        ]
[296.        371.          7.9221576   2.       ]
[ 65.         703.           7.92908849   5.        ]
[674.          47.           7.94001467   3.        ]
[35.         63.          7.94532586  2.        ]
[708.         378.           7.97060142   6.        ]
[288.         692.           7.98415693   3.        ]
[720.        305.          8.0428035   6.       ]
[709.         702.           8.07280081  11.        ]
[542.         417.           8.08902849   3.        ]
[ 59.         635.           8.13189082   3.        ]
[693.         439.           8.14241424   4.        ]
[744.         329.           8.15156267   4.        ]
[723.         712.           8.17195722   6.        ]
[489.         203.           8.19058778   6.        ]
[ 60.         756.           8.27192001   4.        ]
[718.         745.           8.28463444  13.        ]
[749.        91.         8.315831   6.      ]
[621.         648.           8.37188885   6.        ]
[ 62.         335.           8.37759107   2.        ]
[741.        255.          8.3847418   8.       ]
[614.         714.           8.40661898   4.        ]
[755.         549.           8.44244609  13.        ]
[727.         728.           8.44530816   9.        ]
[750.         754.           8.46331975   9.        ]
[725.         691.           8.47693277   5.        ]
[767.         281.           8.48155648   9.        ]
[770.         400.           8.53163811  10.        ]
[739.         611.           8.55115003  10.        ]
[746.         338.           8.58114182   3.        ]
[732.         740.           8.58265881  12.        ]
[742.         726.           8.59223257   5.        ]
[ 69.         118.           8.62810777   2.        ]
[ 86.         706.           8.63223955   3.        ]
[158.         584.           8.64583827   3.        ]
[666.         289.           8.66733465   4.        ]
[735.         122.           8.69363475   4.        ]
[730.         688.           8.70417747  11.        ]
[707.         274.           8.71407581   9.        ]
[ 46.         704.           8.71695932   5.        ]
[596.         682.           8.72357537  11.        ]
[763.        761.          8.7278931  19.       ]
[734.         675.           8.74310737   5.        ]
[ 28.       202.         8.750725   2.      ]
[609.         422.           8.75472747   4.        ]
[759.         700.           8.75804939   6.        ]
[  5.         332.           8.79529003   2.        ]
[405.         664.           8.82679812   3.        ]
[764.         650.           8.82703948  10.        ]
[737.         701.           8.86576644   5.        ]
[771.         777.           8.87126401  21.        ]
[772.         773.           8.88506654  14.        ]
[381.         798.           8.88715059  15.        ]
[264.         602.           8.88887407   3.        ]
[354.         592.           8.89523319   3.        ]
[719.         575.           8.90108204   5.        ]
[581.         715.           8.92446876  14.        ]
[604.         766.           8.93664765   5.        ]
[757.         164.           8.93844325   4.        ]
[ 49.         103.           8.94342664   2.        ]
[793.         705.           8.99081335   5.        ]
[627.         643.           8.99776753   7.        ]
[ 22.         778.           9.10630759   6.        ]
[789.        640.          9.1111469  10.       ]
[424.         558.           9.14315826   4.        ]
[213.         369.           9.17019287   2.        ]
[260.         279.           9.18508695   2.        ]
[654.         589.           9.22604597  10.        ]
[408.         630.           9.23418142   3.        ]
[699.         779.           9.25245136   6.        ]
[760.        802.          9.2634097  11.       ]
[339.         619.           9.31985338   4.        ]
[ 48.         768.           9.32478382   5.        ]
[ 20.       145.         9.363474   2.      ]
[582.         748.           9.37415956   4.        ]
[747.         783.           9.38884375   7.        ]
[769.         743.           9.39868601  17.        ]
[753.         294.           9.41390499   4.        ]
[ 53.         711.           9.41912966   3.        ]
[797.         722.           9.44644871  23.        ]
[817.         418.           9.45609814  12.        ]
[752.        799.          9.4686288  21.       ]
[806.         762.           9.47348734   6.        ]
[ 51.         655.           9.50998233   3.        ]
[554.         590.           9.54753356   9.        ]
[786.         733.           9.59525564   8.        ]
[751.         791.           9.59702038   6.        ]
[823.         784.           9.63822175  28.        ]
[788.         822.           9.64254626  26.        ]
[738.         626.           9.66613709   8.        ]
[419.        765.          9.6666025   7.       ]
[598.         483.           9.66750274   3.        ]
[658.        780.          9.6708922   5.       ]
[819.         432.           9.68848528   6.        ]
[736.         775.           9.73660506  15.        ]
[229.         600.           9.76179133   3.        ]
[816.         331.           9.76422862   7.        ]
[  2.         800.           9.77809083   4.        ]
[808.         308.           9.78971493   8.        ]
[825.        803.          9.8063033  17.       ]
[774.         785.           9.81588339  19.        ]
[810.         787.           9.91563119  21.        ]
[795.         721.           9.91634011  12.        ]
[827.         105.           9.95867506  13.        ]
[835.         809.          10.00849753  32.        ]
[807.         796.          10.04053683  10.        ]
[ 78.         639.          10.07517467   5.        ]
[670.        848.         10.1061534  23.       ]
[834.         366.          10.11696922  29.        ]
[713.         814.          10.12513002  13.        ]
[246.         801.          10.13650798   4.        ]
[840.         850.          10.13918505  19.        ]
[776.         358.          10.14416746   4.        ]
[782.         838.          10.17102064   7.        ]
[508.         824.          10.20934744   6.        ]
[847.         826.          10.26025556  42.        ]
[792.         238.          10.27484508   7.        ]
[312.         818.          10.29313117   5.        ]
[849.         217.          10.35331488  13.        ]
[846.         831.          10.48561152  26.        ]
[852.         344.          10.52120409  11.        ]
[839.         836.          10.54069512  13.        ]
[862.         812.          10.55672027  44.        ]
[ 26.         804.          10.56500368   6.        ]
[841.         851.          10.57209976  47.        ]
[165.         599.          10.58853953   3.        ]
[ 68.         837.          10.60300808   8.        ]
[  9.         871.          10.65091394  48.        ]
[844.         865.          10.67306808  17.        ]
[843.         833.          10.68782524  13.        ]
[820.         870.          10.69212348   8.        ]
[  6.         403.          10.70027407   2.        ]
[855.         859.          10.75679625  33.        ]
[622.         334.          10.76427088   3.        ]
[587.         811.          10.79154191   6.        ]
[821.         383.          10.95110896   5.        ]
[676.         659.          10.95559057  11.        ]
[634.         515.          10.98640116   5.        ]
[867.         876.          10.99338761  24.        ]
[858.         861.          10.99663625  25.        ]
[ 17.         854.          10.99800734  24.        ]
[636.         815.          11.06017538   5.        ]
[869.         856.          11.08537836  57.        ]
[863.         282.          11.08999221   8.        ]
[857.         758.          11.09173327   8.        ]
[874.         245.          11.11187355  49.        ]
[830.         300.          11.11721017   4.        ]
[868.         828.          11.11924861  34.        ]
[879.         872.          11.22869107  36.        ]
[696.         845.          11.27945942  12.        ]
[889.         882.          11.47417812  62.        ]
[895.         170.          11.60119739  37.        ]
[805.         130.          11.63890958   5.        ]
[790.         593.          11.69800863   4.        ]
[897.         892.          11.71449177 111.        ]
[898.        887.         11.7229167  61.       ]
[866.         881.          11.75831421  32.        ]
[853.         377.          11.80213986   6.        ]
[326.         662.          11.82414771   6.        ]
[842.         888.          11.86963289   8.        ]
[875.         894.          11.87605318  51.        ]
[61.         77.         11.87655154  2.        ]
[890.         902.          11.92244847  69.        ]
[813.         340.          11.94756162   3.        ]
[380.         420.          12.03831631   2.        ]
[886.         893.          12.04346424  29.        ]
[885.         436.          12.05445089  25.        ]
[ 67.         259.          12.10656148   2.        ]
[860.         729.          12.18487992  12.        ]
[901.         903.          12.24175977 143.        ]
[912.         916.          12.30852468 172.        ]
[832.         460.          12.31807648   9.        ]
[101.        864.         12.3303973   6.       ]
[913.         918.          12.40646376  34.        ]
[884.         348.          12.41508792   6.        ]
[262.        794.         12.4934916   4.       ]
[904.         367.          12.62388668   7.        ]
[900.         438.          12.71989779   5.        ]
[915.         168.          12.75144521  13.        ]
[909.         899.          12.75418255  74.        ]
[907.         917.          12.91463128 223.        ]
[891.         653.          12.93209925  10.        ]
[877.         829.          13.05242442  14.        ]
[638.         359.          13.14935266   3.        ]
[919.         906.          13.16902817  14.        ]
[924.          64.          13.21495196   6.        ]
[878.         922.          13.28705103   6.        ]
[927.         926.          13.47719215 297.        ]
[929.         932.          13.58991445  20.        ]
[923.         880.          13.59106956  10.        ]
[271.         285.          13.62567585   2.        ]
[910.         905.          13.71639527   9.        ]
[920.         936.          13.81450952  44.        ]
[911.         731.          13.89091547   4.        ]
[914.         930.          14.21949972   5.        ]
[934.        309.         14.2564804 298.       ]
[925.         937.          14.40103029  15.        ]
[942.         935.          14.53550907 318.        ]
[921.         110.          14.53751436   7.        ]
[939.         941.          14.54901024  49.        ]
[946.         933.          14.86007378  55.        ]
[896.         272.          14.97100656  13.        ]
[944.         441.          15.02332526 319.        ]
[949.         948.          15.07089822 332.        ]
[947.        938.         15.2769384  64.       ]
[950.         951.          15.47326205 396.        ]
[943.        928.         15.6115096  25.       ]
[952.         931.          15.71410964 410.        ]
[ 18.         908.          15.93056423   3.        ]
[954.       940.        16.090998 414.      ]
[956.         873.          16.20614592 422.        ]
[957.         328.          16.42832094 423.        ]
[953.         958.          16.68802142 448.        ]
[955.         781.          16.93623733   6.        ]
[945.         883.          17.27174848  18.        ]
[427.         724.          18.37727359  10.        ]
[961.         387.          18.85290544  19.        ]
[959.         963.          20.21215956 467.        ]
[350.         412.          21.39595769   2.        ]
[964.         960.          21.88422709 473.        ]
[966.         962.          23.84008726 483.        ]
[967.         965.          24.75419822 485.        ]
