[30. 31.  0.  2.]
[70. 71.  0.  2.]
[486.  72.   0.   3.]
[487.  73.   0.   4.]
[488.  74.   0.   5.]
[93. 94.  0.  2.]
[490.  95.   0.   3.]
[491.  96.   0.   4.]
[132. 133.   0.   2.]
[493. 135.   0.   3.]
[179. 181.   0.   2.]
[182. 184.   0.   2.]
[192. 197.   0.   2.]
[205. 211.   0.   2.]
[206. 207.   0.   2.]
[499. 498.   0.   4.]
[209. 500.   0.   5.]
[212. 221.   0.   2.]
[233. 235.   0.   2.]
[503. 236.   0.   3.]
[504. 239.   0.   4.]
[505. 240.   0.   5.]
[506. 243.   0.   6.]
[286. 298.   0.   2.]
[311. 325.   0.   2.]
[316. 318.   0.   2.]
[510. 321.   0.   3.]
[319. 320.   0.   2.]
[512. 324.   0.   3.]
[430. 431.   0.   2.]
[440. 449.   0.   2.]
[443. 444.   0.   2.]
[516. 445.   0.   3.]
[448. 453.   0.   2.]
[450. 452.   0.   2.]
[519. 459.   0.   3.]
[520. 518.   0.   5.]
[470. 521.   0.   6.]
[473. 474.   0.   2.]
[8.10000000e+01 8.20000000e+01 2.38418579e-07 2.00000000e+00]
[5.24000000e+02 8.50000000e+01 2.38418579e-07 3.00000000e+00]
[1.13000000e+02 1.16000000e+02 2.38418579e-07 2.00000000e+00]
[5.26000000e+02 1.27000000e+02 2.38418579e-07 3.00000000e+00]
[2.42000000e+02 2.44000000e+02 2.38418579e-07 2.00000000e+00]
[2.99000000e+02 3.01000000e+02 2.38418579e-07 2.00000000e+00]
[3.75000000e+02 3.76000000e+02 2.38418579e-07 2.00000000e+00]
[1.40000000e+01 1.50000000e+01 3.37174788e-07 2.00000000e+00]
[1.09000000e+02 1.14000000e+02 3.37174788e-07 2.00000000e+00]
[1.12000000e+02 1.17000000e+02 3.37174788e-07 2.00000000e+00]
[5.33000000e+02 5.27000000e+02 3.37174788e-07 5.00000000e+00]
[1.25000000e+02 5.34000000e+02 3.37174788e-07 6.00000000e+00]
[1.23000000e+02 1.24000000e+02 3.37174788e-07 2.00000000e+00]
[5.36000000e+02 1.28000000e+02 3.37174788e-07 3.00000000e+00]
[1.36000000e+02 1.37000000e+02 3.37174788e-07 2.00000000e+00]
[1.49000000e+02 1.50000000e+02 3.37174788e-07 2.00000000e+00]
[5.39000000e+02 1.51000000e+02 3.37174788e-07 3.00000000e+00]
[5.40000000e+02 1.53000000e+02 3.37174788e-07 4.00000000e+00]
[1.72000000e+02 1.74000000e+02 3.37174788e-07 2.00000000e+00]
[1.80000000e+02 4.96000000e+02 3.37174788e-07 3.00000000e+00]
[1.98000000e+02 1.99000000e+02 3.37174788e-07 2.00000000e+00]
[2.25000000e+02 2.27000000e+02 3.37174788e-07 2.00000000e+00]
[2.91000000e+02 2.97000000e+02 3.37174788e-07 2.00000000e+00]
[3.61000000e+02 3.63000000e+02 3.37174788e-07 2.00000000e+00]
[3.64000000e+02 5.47000000e+02 3.37174788e-07 3.00000000e+00]
[3.68000000e+02 3.70000000e+02 3.37174788e-07 2.00000000e+00]
[3.79000000e+02 3.85000000e+02 3.37174788e-07 2.00000000e+00]
[5.50000000e+02 3.86000000e+02 3.37174788e-07 3.00000000e+00]
[5.51000000e+02 3.88000000e+02 3.37174788e-07 4.00000000e+00]
[5.52000000e+02 3.99000000e+02 3.37174788e-07 5.00000000e+00]
[5.53000000e+02 4.11000000e+02 3.37174788e-07 6.00000000e+00]
[3.95000000e+02 3.96000000e+02 3.37174788e-07 2.00000000e+00]
[5.55000000e+02 4.01000000e+02 3.37174788e-07 3.00000000e+00]
[4.56000000e+02 4.58000000e+02 3.37174788e-07 2.00000000e+00]
[5.57000000e+02 4.64000000e+02 3.37174788e-07 3.00000000e+00]
[1.57000000e+02 2.15000000e+02 4.76837158e-07 2.00000000e+00]
[5.59000000e+02 2.16000000e+02 4.76837158e-07 3.00000000e+00]
[5.60000000e+02 2.18000000e+02 4.76837158e-07 4.00000000e+00]
[5.61000000e+02 2.19000000e+02 4.76837158e-07 5.00000000e+00]
[5.62000000e+02 2.22000000e+02 4.76837158e-07 6.00000000e+00]
[2.84000000e+02 3.03000000e+02 4.76837158e-07 2.00000000e+00]
[3.33000000e+02 3.41000000e+02 4.76837158e-07 2.00000000e+00]
[4.75000000e+02 4.76000000e+02 4.76837158e-07 2.00000000e+00]
[4.67000000e+02 5.22000000e+02 3.88620785e-01 7.00000000e+00]
[208.         501.           0.55611157   6.        ]
[543.         495.           0.71616587   5.        ]
[106.         107.           0.85914268   2.        ]
[120.         535.           0.90324934   7.        ]
[362.         548.           1.37228475   4.        ]
[139.         140.           1.40077996   2.        ]
[538.        138.          1.4145242   3.       ]
[178.         569.           1.43680227   6.        ]
[531.         16.          1.5693165   3.       ]
[447.         514.           1.57250185   3.        ]
[421.         423.           1.62115995   2.        ]
[261.         263.           1.70625308   2.        ]
[397.         413.           1.74758903   2.        ]
[342.         565.           1.75138858   3.        ]
[ 80.         525.           1.75587264   4.        ]
[141.         574.           1.94362381   4.        ]
[166.         167.           2.06044155   2.        ]
[37.         39.          2.17184225  2.        ]
[159.         160.           2.22239698   2.        ]
[41.         43.          2.31486861  2.        ]
[183.         575.           2.38033355   7.        ]
[352.         353.           2.47695078   2.        ]
[374.         530.           2.49337656   3.        ]
[193.         196.           2.55730685   2.        ]
[410.         578.           2.62473509   3.        ]
[232.         507.           2.63404937   7.        ]
[372.         373.           2.73618027   2.        ]
[480.         482.           2.74259607   2.        ]
[389.        580.          2.7961423   3.       ]
[442.         517.           2.81038725   4.        ]
[267.        270.          2.8104798   2.       ]
[234.         237.           2.84561683   2.        ]
[292.         304.           2.84816094   2.        ]
[345.         347.           2.85851233   2.        ]
[257.       258.         2.883864   2.      ]
[287.         600.           2.88443966   3.        ]
[351.         355.           2.89077204   2.        ]
[469.        523.          2.9046361   3.       ]
[393.         556.           2.91579842   4.        ]
[544.         497.           2.91592887   4.        ]
[315.         511.           2.95171584   4.        ]
[545.         226.           2.96141823   3.        ]
[276.         564.           2.96392073   3.        ]
[461.        484.          2.9672747   2.       ]
[251.         252.           2.98679691   2.        ]
[425.         426.           3.00856131   2.        ]
[241.         528.           3.04164866   3.        ]
[75.         76.          3.04740557  2.        ]
[529.         609.           3.07458533   5.        ]
[462.         465.           3.09642131   2.        ]
[494.         134.           3.14554165   4.        ]
[148.         541.           3.16517185   5.        ]
[472.         566.           3.18612007   3.        ]
[173.        187.          3.2336249   2.       ]
[154.         155.           3.35457341   2.        ]
[ 40.         587.           3.43195453   3.        ]
[581.         343.           3.46538078   4.        ]
[191.         607.           3.57419449   5.        ]
[176.         588.           3.60244179   8.        ]
[573.         583.           3.71543849   6.        ]
[570.         108.           3.73128146   3.        ]
[ 58.         597.           3.73447815   5.        ]
[190.         625.           3.81914935   6.        ]
[608.         513.           3.88004641   7.        ]
[415.         416.           3.91071511   2.        ]
[142.         627.           3.92512761   7.        ]
[ 88.        593.          4.0068572   8.       ]
[ 29.         485.           4.11777512   3.        ]
[471.         596.           4.14565471   4.        ]
[314.         631.           4.14606865   8.        ]
[392.        398.          4.2497564   2.       ]
[231.         614.           4.29436739   4.        ]
[446.         577.           4.35871191   4.        ]
[302.         306.           4.38408665   2.        ]
[147.         619.           4.59034518   6.        ]
[121.         537.           4.65963587   4.        ]
[618.         634.           4.67337643  12.        ]
[275.        278.          4.6865307   2.       ]
[189.         630.           4.71604755   7.        ]
[248.         249.           4.73980858   2.        ]
[479.         466.           4.83080362   2.        ]
[603.         606.           4.92858851   7.        ]
[633.         143.           4.99004718   8.        ]
[502.         214.           5.09932741   3.        ]
[616.         111.           5.23709978   6.        ]
[454.         567.           5.48068069   8.        ]
[295.         382.           5.51791893   2.        ]
[322.         323.           5.56155229   2.        ]
[652.         223.           5.59550938   7.        ]
[390.        391.          5.6023141   2.       ]
[356.         590.           5.62654376   4.        ]
[648.         277.           5.73151079   3.        ]
[ 3.         57.          5.74671117  2.        ]
[451.         636.           5.77470643   5.        ]
[640.         478.           5.78743224   5.        ]
[629.         584.           5.81712805   7.        ]
[647.         253.           5.89081792   3.        ]
[283.         649.           5.95572211   8.        ]
[433.         617.           6.03818664   3.        ]
[407.         546.           6.11023344   3.        ]
[ 12.         659.           6.14155567   4.        ]
[ 92.         563.           6.16550838   7.        ]
[ 33.         598.           6.16677881   3.        ]
[481.         337.           6.16724897   2.        ]
[161.         639.           6.17272095   5.        ]
[220.         651.           6.21216621   4.        ]
[656.         156.           6.21296866   8.        ]
[  4.         668.           6.21921441   5.        ]
[424.         492.           6.22236092   5.        ]
[336.         667.           6.25281368   4.        ]
[25.         54.          6.27342008  2.        ]
[163.         644.           6.27954231  13.        ]
[509.         637.           6.29927827  10.        ]
[195.         658.           6.30914126   5.        ]
[330.        677.          6.3758199   5.       ]
[650.         678.           6.38079864  10.        ]
[409.         402.           6.39274778   2.        ]
[ 83.         642.           6.42586582   7.        ]
[34.         42.          6.44536251  2.        ]
[674.         188.           6.48485862   9.        ]
[152.         676.           6.53119337   6.        ]
[  8.        175.          6.5683659   2.       ]
[269.        477.          6.6306703   2.       ]
[273.         549.           6.67053989   3.        ]
[673.         250.           6.69128288   5.        ]
[532.         681.           6.70358653   7.        ]
[194.         672.           6.70512218   6.        ]
[663.        435.          6.7285481   8.       ]
[119.         675.           6.73742497   6.        ]
[671.         457.           6.76694223   3.        ]
[687.          65.           6.78409564  10.        ]
[ 44.         682.           6.82746485   6.        ]
[290.         394.           6.83500883   2.        ]
[307.         697.           6.84651328   4.        ]
[349.         346.           6.85472399   2.        ]
[265.         693.           6.86643774   8.        ]
[683.         144.           6.87729951  11.        ]
[623.          45.           6.94949325   4.        ]
[698.          13.           6.96214707  11.        ]
[576.         228.           6.96934674   4.        ]
[695.         653.           7.00763607  16.        ]
[126.         585.           7.02488858   3.        ]
[696.         247.           7.06439371   7.        ]
[690.         468.           7.09471138   3.        ]
[ 10.         104.           7.09857879   2.        ]
[365.         685.           7.11515818   8.        ]
[186.         694.           7.12946037   7.        ]
[ 99.         146.           7.13056234   2.        ]
[256.         571.           7.13262705   8.        ]
[429.         713.           7.16658871   9.        ]
[654.         699.           7.19425279   8.        ]
[669.         710.           7.19715516  14.        ]
[293.         706.           7.21062258  12.        ]
[21.         36.          7.23674044  2.        ]
[ 89.         716.           7.25644837   9.        ]
[689.          47.           7.26057636   3.        ]
[317.        662.          7.3045779   6.       ]
[ 38.        703.          7.3135593   9.       ]
[665.         579.           7.36955711  10.        ]
[ 87.        679.          7.4059476  14.       ]
[718.         613.           7.41821852  10.        ]
[626.         664.           7.43402573  11.        ]
[680.         313.           7.44987272  11.        ]
[268.         624.           7.46474921   5.        ]
[280.         711.           7.46666781   4.        ]
[204.         714.           7.49277441   8.        ]
[ 24.         686.           7.51410341   3.        ]
[266.         725.           7.53984726  10.        ]
[200.         733.           7.54355089   9.        ]
[439.         724.           7.57673928   7.        ]
[572.         604.           7.64558467   6.        ]
[414.         568.           7.64690862   7.        ]
[611.         735.           7.68276806  12.        ]
[ 11.         582.           7.70635828   5.        ]
[129.         740.           7.73083733  13.        ]
[  7.         122.           7.73324682   2.        ]
[688.         558.           7.74065675   9.        ]
[723.         732.           7.74759147   7.        ]
[185.         729.           7.75000587  12.        ]
[224.         738.           7.75593029   7.        ]
[203.         489.           7.80726638   6.        ]
[712.        621.          7.8703198   4.       ]
[ 84.         201.           7.89390135   2.        ]
[405.         666.           7.91647983   4.        ]
[721.          27.           7.91810015   3.        ]
[371.        727.          7.9221576  15.       ]
[ 35.         610.           7.94532586   4.        ]
[288.         749.           7.98415693   5.        ]
[ 98.         701.           7.99953462   5.        ]
[ 32.         752.           8.00725268   4.        ]
[734.        728.          8.0198543  13.       ]
[670.         753.           8.03101273  18.        ]
[404.         742.           8.05194716  14.        ]
[726.         289.           8.05616956  11.        ]
[  0.         748.           8.06578848   7.        ]
[542.          60.           8.08902849   3.        ]
[ 48.        755.          8.0975782   6.       ]
[719.         612.           8.10181689  16.        ]
[765.         169.           8.11703714  17.        ]
[254.         758.           8.12002128  14.        ]
[599.         717.           8.12864447  11.        ]
[761.         615.           8.13037102  13.        ]
[327.         702.           8.13863136   3.        ]
[ 50.         707.           8.16065434   5.        ]
[384.         745.           8.16961437   8.        ]
[305.         767.           8.18276272  15.        ]
[ 90.         715.           8.18778427   3.        ]
[744.         378.           8.23275329  10.        ]
[661.         772.           8.23638307  13.        ]
[763.          49.           8.23644024   4.        ]
[691.         746.           8.30343231  15.        ]
[ 97.         768.           8.30394335  12.        ]
[ 55.         708.           8.33736909  17.        ]
[335.         605.           8.37759107   4.        ]
[760.         274.           8.41023597  15.        ]
[ 79.         766.           8.41398762  18.        ]
[ 46.         782.           8.49909297  16.        ]
[ 59.         776.           8.50867198  14.        ]
[255.         684.           8.51206909   3.        ]
[ 51.         100.           8.52099373   2.        ]
[736.         646.           8.52871013  16.        ]
[769.         294.           8.56694689  14.        ]
[  5.         779.           8.57350216  13.        ]
[750.         778.           8.60393138  17.        ]
[102.         759.           8.60455001  19.        ]
[ 52.         790.           8.61257023  14.        ]
[118.         643.           8.62810777   5.        ]
[722.         592.           8.64532227  12.        ]
[586.         554.           8.64583827   8.        ]
[400.         775.           8.65418508  11.        ]
[774.        788.          8.6610125  19.       ]
[422.         741.           8.67208844   6.        ]
[  2.        720.          8.6808909  13.       ]
[ 23.         700.           8.68619066   3.        ]
[789.         432.           8.69941764  15.        ]
[357.        731.          8.7109262   6.       ]
[463.         781.           8.74312269   5.        ]
[ 28.       756.         8.750725   6.      ]
[757.         230.           8.75593297   5.        ]
[747.         793.           8.77406611  21.        ]
[777.         103.           8.78675765   5.        ]
[ 56.         762.           8.80460099   8.        ]
[737.         786.           8.83541057  10.        ]
[802.         764.           8.86139009  21.        ]
[381.         807.           8.88715059  22.        ]
[594.         810.           8.89523319  12.        ]
[628.         296.           8.91595044   4.        ]
[ 86.         798.           8.93135784  20.        ]
[591.         595.           8.97861055   4.        ]
[162.         792.           9.02280764  20.        ]
[808.         804.           9.03408004  10.        ]
[171.         773.           9.03769227  16.        ]
[795.          53.           9.05560319  13.        ]
[820.         657.           9.08325972  15.        ]
[417.         818.           9.13864487  11.        ]
[281.         783.           9.16058628  19.        ]
[213.         823.           9.17019287  20.        ]
[210.         809.           9.17396152   9.        ]
[260.         812.           9.18508695  23.        ]
[751.         825.           9.21175214  13.        ]
[632.         602.           9.23418142   4.        ]
[754.         799.           9.24358523  10.        ]
[770.         827.           9.25335398  16.        ]
[800.         91.          9.2888946  14.       ]
[821.         819.           9.28977421  31.        ]
[338.         791.           9.29597108  18.        ]
[165.         817.           9.31059326  21.        ]
[339.         824.           9.31985338  21.        ]
[620.         835.           9.33348367  24.        ]
[794.         829.           9.33535012  15.        ]
[ 20.         806.           9.35400824   6.        ]
[816.        434.          9.3662115   5.       ]
[805.         645.           9.40439079   8.        ]
[831.         803.           9.41353361  20.        ]
[787.         704.           9.42493783  13.        ]
[785.         164.           9.45030226  15.        ]
[  1.         811.           9.49300125  22.        ]
[833.         801.           9.49376962  21.        ]
[408.         828.           9.59776347   5.        ]
[660.         815.           9.60251821  22.        ]
[771.         830.           9.69223669  21.        ]
[145.         822.           9.70663657  12.        ]
[ 22.         837.           9.72935303  16.        ]
[709.         848.           9.74682905  24.        ]
[115.         842.           9.75053103  14.        ]
[329.         282.           9.76700387   2.        ]
[813.        840.          9.8087401  20.       ]
[264.         826.           9.81419761  24.        ]
[845.         601.           9.85662207  23.        ]
[784.         851.           9.87662567  40.        ]
[ 66.         856.           9.88933368  24.        ]
[739.         847.           9.90352004  29.        ]
[832.         369.          10.00585104  32.        ]
[ 77.        834.         10.1497426  22.       ]
[310.         857.          10.19465363  41.        ]
[838.         852.          10.20155457  20.        ]
[331.        841.         10.2223849  21.       ]
[839.         797.          10.28716949  16.        ]
[ 68.         105.          10.33930808   2.        ]
[743.         860.          10.36827521  34.        ]
[366.         858.          10.41008684  25.        ]
[780.        705.         10.4550592  21.       ]
[202.         865.          10.46212163  17.        ]
[63.          6.         10.62320612  2.        ]
[246.         854.          10.65907187  21.        ]
[855.        843.         10.6649069  39.       ]
[850.         78.         10.6723908  17.       ]
[ 62.         863.          10.67311571  21.        ]
[836.         641.          10.67934704  26.        ]
[796.        859.         10.6846936  37.       ]
[861.         131.          10.72008102  23.        ]
[814.         870.          10.72649836  21.        ]
[ 19.         878.          10.76008081  24.        ]
[622.           9.          10.76427088   3.        ]
[312.         876.          10.82202062  27.        ]
[436.         871.          10.82959483   3.        ]
[245.         864.          10.85027471  22.        ]
[846.         880.          10.88250696  29.        ]
[869.         308.          10.90641899  22.        ]
[867.         692.          10.93915196  39.        ]
[635.         875.          10.98640116  24.        ]
[238.         853.          10.98702179   3.        ]
[872.         887.          11.06123369  60.        ]
[868.         877.          11.06881434  62.        ]
[344.         883.          11.08432026   4.        ]
[873.         508.          11.17723327  41.        ]
[332.         892.          11.19253829   5.        ]
[893.         380.          11.21650727  42.        ]
[874.         884.          11.26345817  39.        ]
[483.         882.          11.33309696  28.        ]
[866.         419.          11.45389144   3.        ]
[170.         891.          11.47305354  63.        ]
[881.         334.          11.63712111   4.        ]
[895.         360.          11.67368671  43.        ]
[889.         418.          11.69010337   4.        ]
[101.         896.          11.72171887  40.        ]
[638.         903.          11.74185906  42.        ]
[ 17.         849.          11.78565796  13.        ]
[229.         904.          11.80993301  43.        ]
[885.         906.          11.89354059  72.        ]
[358.         899.          11.96280172  64.        ]
[844.        897.         12.0338634  50.       ]
[879.         888.          12.04183945  45.        ]
[905.         902.          12.07174652  17.        ]
[217.        886.         12.0789664  23.       ]
[ 67.         890.          12.10656148  61.        ]
[ 69.         894.          12.27200855   6.        ]
[262.         862.          12.31027181  42.        ]
[589.         455.          12.34160626   3.        ]
[911.         383.          12.51329124  18.        ]
[515.         910.          12.54314343  47.        ]
[901.        917.         12.6866011  61.       ]
[177.         907.          12.83832937  73.        ]
[130.         920.          12.90037175  74.        ]
[ 26.         918.          13.03354042  48.        ]
[919.        326.         13.1221466  62.       ]
[900.        916.         13.1358643   7.       ]
[913.         909.          13.28419403 111.        ]
[328.         912.          13.32127641  24.        ]
[367.         926.          13.43829263  25.        ]
[438.        925.         13.5489463 112.       ]
[460.         915.          13.62497576  43.        ]
[271.         898.          13.62567585   4.        ]
[ 64.         908.          13.66274445  65.        ]
[168.         930.          13.69168227   5.        ]
[279.         914.          13.71223185   7.        ]
[655.         928.          13.86903224 114.        ]
[923.         931.          13.98510864 127.        ]
[403.         929.          13.99141178  44.        ]
[935.         300.          14.17916592 128.        ]
[924.         922.          14.21349173  55.        ]
[933.         936.          14.38638415  51.        ]
[921.         937.          14.38851249 202.        ]
[359.         934.          14.44216223 115.        ]
[941.         938.          15.04333908 170.        ]
[932.         285.          15.08110121   6.        ]
[441.         940.          15.15557578 203.        ]
[259.         942.          15.17334211 171.        ]
[309.        927.         15.3252907  26.       ]
[110.         944.          15.42568057 204.        ]
[ 18.         947.          15.54193085 205.        ]
[939.         945.          15.71183388 222.        ]
[949.         946.          16.31027316 248.        ]
[158.         948.          16.71285399 206.        ]
[950.         340.          16.73324865 249.        ]
[943.         420.          16.78060082   7.        ]
[952.         377.          16.94638417 250.        ]
[951.         730.          17.02206244 217.        ]
[954.         428.          17.27944701 251.        ]
[955.        956.         17.3957718 468.       ]
[348.         957.          18.11101006 469.        ]
[427.       437.        18.151826   2.      ]
[354.         953.          18.25447396   8.        ]
[272.        958.         19.6899883 470.       ]
[960.         961.          20.28475805 478.        ]
[962.          61.          21.26232382 479.        ]
[350.         963.          21.27680823 480.        ]
[406.         959.          23.98421395   3.        ]
[964.         412.          25.25552683 481.        ]
[966.         387.          25.88974787 482.        ]
[967.         965.          26.76355103 485.        ]
