[30. 31.  0.  2.]
[70. 71.  0.  2.]
[486.  72.   0.   3.]
[487.  73.   0.   4.]
[488.  74.   0.   5.]
[93. 94.  0.  2.]
[490.  95.   0.   3.]
[491.  96.   0.   4.]
[132. 133.   0.   2.]
[493. 135.   0.   3.]
[179. 181.   0.   2.]
[182. 184.   0.   2.]
[192. 197.   0.   2.]
[205. 211.   0.   2.]
[206. 207.   0.   2.]
[499. 498.   0.   4.]
[208. 209.   0.   2.]
[212. 221.   0.   2.]
[233. 235.   0.   2.]
[503. 236.   0.   3.]
[504. 239.   0.   4.]
[505. 240.   0.   5.]
[506. 243.   0.   6.]
[286. 298.   0.   2.]
[311. 325.   0.   2.]
[316. 318.   0.   2.]
[510. 321.   0.   3.]
[319. 320.   0.   2.]
[512. 324.   0.   3.]
[430. 431.   0.   2.]
[440. 449.   0.   2.]
[443. 444.   0.   2.]
[516. 445.   0.   3.]
[448. 453.   0.   2.]
[450. 452.   0.   2.]
[519. 459.   0.   3.]
[520. 518.   0.   5.]
[467. 470.   0.   2.]
[473. 474.   0.   2.]
[8.10000000e+01 8.20000000e+01 2.38418579e-07 2.00000000e+00]
[5.24000000e+02 8.50000000e+01 2.38418579e-07 3.00000000e+00]
[1.13000000e+02 1.16000000e+02 2.38418579e-07 2.00000000e+00]
[5.26000000e+02 1.27000000e+02 2.38418579e-07 3.00000000e+00]
[2.42000000e+02 2.44000000e+02 2.38418579e-07 2.00000000e+00]
[2.99000000e+02 3.01000000e+02 2.38418579e-07 2.00000000e+00]
[3.75000000e+02 3.76000000e+02 2.38418579e-07 2.00000000e+00]
[1.40000000e+01 1.50000000e+01 3.37174788e-07 2.00000000e+00]
[1.09000000e+02 1.14000000e+02 3.37174788e-07 2.00000000e+00]
[1.12000000e+02 1.17000000e+02 3.37174788e-07 2.00000000e+00]
[5.33000000e+02 5.27000000e+02 3.37174788e-07 5.00000000e+00]
[1.20000000e+02 1.25000000e+02 3.37174788e-07 2.00000000e+00]
[1.23000000e+02 1.24000000e+02 3.37174788e-07 2.00000000e+00]
[5.36000000e+02 1.28000000e+02 3.37174788e-07 3.00000000e+00]
[1.36000000e+02 1.37000000e+02 3.37174788e-07 2.00000000e+00]
[1.49000000e+02 1.50000000e+02 3.37174788e-07 2.00000000e+00]
[5.39000000e+02 1.51000000e+02 3.37174788e-07 3.00000000e+00]
[5.40000000e+02 1.53000000e+02 3.37174788e-07 4.00000000e+00]
[1.72000000e+02 1.74000000e+02 3.37174788e-07 2.00000000e+00]
[1.78000000e+02 1.80000000e+02 3.37174788e-07 2.00000000e+00]
[1.98000000e+02 1.99000000e+02 3.37174788e-07 2.00000000e+00]
[2.25000000e+02 2.27000000e+02 3.37174788e-07 2.00000000e+00]
[2.91000000e+02 2.97000000e+02 3.37174788e-07 2.00000000e+00]
[3.61000000e+02 3.63000000e+02 3.37174788e-07 2.00000000e+00]
[3.62000000e+02 3.64000000e+02 3.37174788e-07 2.00000000e+00]
[3.68000000e+02 3.70000000e+02 3.37174788e-07 2.00000000e+00]
[3.79000000e+02 3.85000000e+02 3.37174788e-07 2.00000000e+00]
[5.50000000e+02 3.86000000e+02 3.37174788e-07 3.00000000e+00]
[5.51000000e+02 3.88000000e+02 3.37174788e-07 4.00000000e+00]
[5.52000000e+02 3.99000000e+02 3.37174788e-07 5.00000000e+00]
[5.53000000e+02 4.11000000e+02 3.37174788e-07 6.00000000e+00]
[3.95000000e+02 3.96000000e+02 3.37174788e-07 2.00000000e+00]
[5.55000000e+02 4.01000000e+02 3.37174788e-07 3.00000000e+00]
[4.56000000e+02 4.58000000e+02 3.37174788e-07 2.00000000e+00]
[5.57000000e+02 4.64000000e+02 3.37174788e-07 3.00000000e+00]
[1.57000000e+02 2.15000000e+02 4.76837158e-07 2.00000000e+00]
[5.59000000e+02 2.16000000e+02 4.76837158e-07 3.00000000e+00]
[5.60000000e+02 2.18000000e+02 4.76837158e-07 4.00000000e+00]
[5.61000000e+02 2.19000000e+02 4.76837158e-07 5.00000000e+00]
[5.62000000e+02 2.22000000e+02 4.76837158e-07 6.00000000e+00]
[2.84000000e+02 3.03000000e+02 4.76837158e-07 2.00000000e+00]
[3.33000000e+02 3.41000000e+02 4.76837158e-07 2.00000000e+00]
[4.75000000e+02 4.76000000e+02 4.76837158e-07 2.00000000e+00]
[521.         522.           0.85496573   7.        ]
[106.         107.           0.85914268   2.        ]
[500.         501.           1.25125103   6.        ]
[139.         140.           1.40077996   2.        ]
[538.        138.          1.4145242   3.       ]
[531.         16.          1.5693165   3.       ]
[446.         447.           1.57250185   2.        ]
[421.         423.           1.62115995   2.        ]
[261.         263.           1.70625308   2.        ]
[397.         413.           1.74758903   2.        ]
[342.         343.           1.75138858   2.        ]
[ 80.         525.           1.75587264   4.        ]
[543.         496.           1.79041418   4.        ]
[570.         141.           1.94362381   3.        ]
[534.         535.           1.98714815   7.        ]
[166.         167.           2.06044155   2.        ]
[37.         39.          2.17184225  2.        ]
[159.         160.           2.22239698   2.        ]
[41.         43.          2.31486861  2.        ]
[176.         183.           2.38033355   2.        ]
[352.         353.           2.47695078   2.        ]
[374.         530.           2.49337656   3.        ]
[193.         196.           2.55730685   2.        ]
[410.         574.           2.62473509   3.        ]
[232.         507.           2.63404937   7.        ]
[372.         373.           2.73618027   2.        ]
[480.         482.           2.74259607   2.        ]
[389.        576.          2.7961423   3.       ]
[442.         517.           2.81038725   4.        ]
[267.        270.          2.8104798   2.       ]
[234.         237.           2.84561683   2.        ]
[292.         304.           2.84816094   2.        ]
[345.         347.           2.85851233   2.        ]
[257.       258.         2.883864   2.      ]
[283.         287.           2.88443966   2.        ]
[351.         355.           2.89077204   2.        ]
[579.         495.           2.89582667   6.        ]
[469.        523.          2.9046361   3.       ]
[393.         556.           2.91579842   4.        ]
[544.         200.           2.91592887   3.        ]
[314.         315.           2.95171584   2.        ]
[545.         226.           2.96141823   3.        ]
[276.         564.           2.96392073   3.        ]
[461.        484.          2.9672747   2.       ]
[251.         252.           2.98679691   2.        ]
[425.         426.           3.00856131   2.        ]
[241.         528.           3.04164866   3.        ]
[75.         76.          3.04740557  2.        ]
[293.         529.           3.07458533   3.        ]
[462.         465.           3.09642131   2.        ]
[494.         134.           3.14554165   4.        ]
[148.         541.           3.16517185   5.        ]
[472.         566.           3.18612007   3.        ]
[173.        187.          3.2336249   2.       ]
[514.         434.           3.29509687   3.        ]
[154.         155.           3.35457341   2.        ]
[189.         497.           3.35593455   3.        ]
[547.         548.           3.43071137   4.        ]
[ 40.         585.           3.43195453   3.        ]
[568.         108.           3.73128146   3.        ]
[55.         58.          3.73447815  2.        ]
[623.         606.           3.80152006   6.        ]
[190.         191.           3.90040009   2.        ]
[415.         416.           3.91071511   2.        ]
[142.         580.           3.92512761   4.        ]
[571.         144.           3.92859552   4.        ]
[87.        88.         4.0068572  2.       ]
[ 29.         485.           4.11777512   3.        ]
[451.         471.           4.14565471   2.        ]
[392.        398.          4.2497564   2.       ]
[230.         231.           4.29436739   2.        ]
[302.         306.           4.38408665   2.        ]
[147.         618.           4.59034518   6.        ]
[121.         537.           4.65963587   4.        ]
[131.         617.           4.67337643   5.        ]
[275.        278.          4.6865307   2.       ]
[249.         603.           4.73980858   7.        ]
[628.        629.          4.8083814   8.       ]
[435.         595.           4.81780671   5.        ]
[  4.         479.           4.83080362   2.        ]
[631.         143.           4.84942388   5.        ]
[607.         511.           4.85019996   5.        ]
[573.         478.           5.06153201   3.        ]
[502.         214.           5.09932741   3.        ]
[565.         577.           5.11074962   4.        ]
[295.         382.           5.51791893   2.        ]
[322.         323.           5.56155229   2.        ]
[390.        391.          5.6023141   2.       ]
[356.         588.           5.62654376   4.        ]
[223.         608.           5.68914212   4.        ]
[ 3.         57.          5.74671117  2.        ]
[648.         513.           5.82862849   8.        ]
[567.         454.           5.88016609   8.        ]
[360.         624.           5.94656571   5.        ]
[591.         477.           5.99081453   8.        ]
[428.         433.           6.03818664   2.        ]
[  1.         601.           6.08206255   3.        ]
[407.         546.           6.11023344   3.        ]
[ 12.        646.          6.1610404   3.       ]
[ 92.         563.           6.16550838   7.        ]
[19.         33.          6.16677881  2.        ]
[481.         337.           6.16724897   2.        ]
[  7.         161.           6.17272095   2.        ]
[220.         250.           6.21216621   2.        ]
[424.         492.           6.22236092   5.        ]
[336.         664.           6.23514408   4.        ]
[25.         54.          6.27342008  2.        ]
[162.         163.           6.27954231   2.        ]
[509.         313.           6.29927827   3.        ]
[195.         655.           6.30914126   5.        ]
[194.         613.           6.36539351   4.        ]
[253.         643.           6.36620851   8.        ]
[330.        672.          6.3758199   5.       ]
[188.         409.           6.39274778   2.        ]
[632.        647.          6.4247762   9.       ]
[ 83.         639.           6.42586582   7.        ]
[ 34.         673.           6.44536251   3.        ]
[678.         204.           6.50423134   9.        ]
[152.         457.           6.53119337   2.        ]
[  8.        384.          6.5683659   2.       ]
[346.         616.           6.56854009   3.        ]
[665.         119.           6.58671926   4.        ]
[248.         684.           6.66160149  10.        ]
[273.         549.           6.67053989   3.        ]
[676.         532.           6.70996109   7.        ]
[277.         594.           6.74097849   4.        ]
[ 98.         668.           6.76694223   3.        ]
[ 44.         224.           6.82746485   2.        ]
[290.         394.           6.83500883   2.        ]
[642.         307.           6.84651328   3.        ]
[349.         687.           6.85472399   4.        ]
[265.         691.           6.86643774   8.        ]
[186.         677.           6.87688342   5.        ]
[625.          45.           6.94949325   4.        ]
[572.         228.           6.96934674   4.        ]
[692.         612.           6.97408531   6.        ]
[269.         468.           6.98389744   2.        ]
[688.         466.           7.02452327   5.        ]
[126.         583.           7.02488858   3.        ]
[ 84.         661.           7.05866311   9.        ]
[111.         615.           7.09490718   4.        ]
[ 10.         104.           7.09857879   2.        ]
[597.         365.           7.11515818   3.        ]
[146.         657.           7.13056234   3.        ]
[705.         429.           7.16658871   4.        ]
[652.         679.           7.19425279   7.        ]
[ 79.         666.           7.19715516   8.        ]
[21.         36.          7.23674044  2.        ]
[ 89.         455.           7.25644837   2.        ]
[156.         620.           7.27877303   3.        ]
[317.        649.          7.3045779   4.       ]
[256.         581.           7.30794481   8.        ]
[ 38.        100.          7.3135593   2.       ]
[586.         177.           7.34671731   3.        ]
[247.         605.           7.38836656   5.        ]
[680.         575.           7.43590843   4.        ]
[268.         357.           7.46474921   2.        ]
[280.         702.           7.46666781   7.        ]
[437.         659.           7.51076754   9.        ]
[266.         698.           7.53984726   9.        ]
[ 24.         683.           7.55088894   4.        ]
[685.         671.           7.59788651   7.        ]
[699.         210.           7.61272064   6.        ]
[650.         670.           7.61452254   5.        ]
[406.         414.           7.64690862   2.        ]
[310.         610.           7.68276806   3.        ]
[633.        102.          7.6949378   3.       ]
[ 32.         637.           7.70368532   3.        ]
[ 11.         578.           7.70635828   5.        ]
[ 13.         656.           7.71134097   5.        ]
[129.         712.           7.73083733   8.        ]
[ 52.         682.           7.74222912   8.        ]
[185.         690.           7.75000587   4.        ]
[203.         489.           7.80726638   6.        ]
[686.         175.           7.87689416   3.        ]
[704.        721.          7.8887388  10.       ]
[669.         122.           7.89392825   3.        ]
[ 23.         201.           7.90122792   2.        ]
[714.          27.           7.91810015   3.        ]
[371.        729.          7.9221576   7.       ]
[ 65.         651.           7.92908849   5.        ]
[254.         742.           7.93294356  11.        ]
[35.         63.          7.94532586  2.        ]
[ 97.         738.           7.97138027   9.        ]
[288.         695.           7.98415693   3.        ]
[327.         697.           8.02200453   5.        ]
[716.         708.           8.02544554   5.        ]
[ 66.         689.           8.02758333  11.        ]
[404.         737.           8.05194716   9.        ]
[542.          60.           8.08902849   3.        ]
[  0.         740.           8.10102555   7.        ]
[752.         726.           8.11809606  14.        ]
[ 50.        758.          8.1192992  15.       ]
[ 99.         710.           8.12769047   4.        ]
[ 59.         694.           8.13189082   3.        ]
[696.         439.           8.14241424   4.        ]
[ 47.         754.           8.15028806  12.        ]
[741.         763.           8.15156267  15.        ]
[728.         378.           8.16560615   8.        ]
[569.         718.           8.16795406  14.        ]
[305.         554.           8.18276272   7.        ]
[ 90.         753.           8.18778427   6.        ]
[746.         743.           8.23408197  10.        ]
[756.         417.           8.23644024   4.        ]
[611.         713.           8.23879914  10.        ]
[736.         707.           8.32452884   9.        ]
[169.         769.           8.36200109  11.        ]
[335.         604.           8.37759107   4.        ]
[703.         329.           8.40435062   3.        ]
[614.         717.           8.40958601   6.        ]
[748.         724.           8.49534465  18.        ]
[281.         750.           8.51206909  10.        ]
[719.        759.          8.5336846  17.       ]
[722.         768.           8.53923092  10.        ]
[ 56.         757.           8.57467544   8.        ]
[744.         338.           8.58114182   3.        ]
[727.        777.          8.6088251  22.       ]
[118.         701.           8.62810777   5.        ]
[  5.         640.           8.64552786   5.        ]
[158.         584.           8.64583827   3.        ]
[663.         289.           8.66733465   4.        ]
[ 46.         755.           8.67102939  10.        ]
[733.         706.           8.72357537  12.        ]
[761.         635.           8.72735712   5.        ]
[772.          42.           8.72768188  10.        ]
[ 28.       202.         8.750725   2.      ]
[422.         735.           8.75472747   6.        ]
[255.         778.           8.77189936  11.        ]
[171.         783.           8.77500456  23.        ]
[405.         662.           8.82679812   3.        ]
[745.         734.           8.88240717   6.        ]
[ 86.         766.           8.88414194  15.        ]
[381.         794.           8.88715059  12.        ]
[602.         780.           8.88887407  12.        ]
[582.       771.         8.890808  12.      ]
[354.         592.           8.89523319   3.        ]
[674.         789.           8.89833383  14.        ]
[402.         800.           8.90475058  13.        ]
[626.         296.           8.91595044   4.        ]
[ 49.         103.           8.94342664   2.        ]
[774.         463.           8.95408938   5.        ]
[765.         558.           8.98709968  11.        ]
[627.         801.           8.99776753  14.        ]
[ 68.         621.           9.02430916   4.        ]
[596.         779.           9.02777246  19.        ]
[784.         785.           9.03462705  10.        ]
[ 91.         747.           9.11295784   6.        ]
[776.         795.           9.12238898  29.        ]
[259.         274.           9.12479083   2.        ]
[807.         711.           9.13375657   9.        ]
[709.         332.           9.15746732   4.        ]
[213.         369.           9.17019287   2.        ]
[764.         775.           9.18467379  18.        ]
[260.         279.           9.18508695   2.        ]
[644.         589.           9.21727032  10.        ]
[630.         600.           9.23418142   4.        ]
[739.         366.           9.25058162   5.        ]
[339.         619.           9.31985338   4.        ]
[308.         645.           9.33376528   6.        ]
[790.         164.           9.33489548   6.        ]
[ 20.         811.           9.35400824  20.        ]
[ 48.         814.           9.38651589  30.        ]
[294.         819.           9.41390499  19.        ]
[715.         821.           9.41912966  12.        ]
[806.         770.           9.43417831   6.        ]
[ 51.         654.           9.47700904   3.        ]
[803.         681.           9.47943729  23.        ]
[812.         793.           9.50090557  16.        ]
[781.         827.           9.50503167  28.        ]
[418.         798.           9.53284001  16.        ]
[751.         829.           9.56041756  22.        ]
[264.         804.           9.56740467  14.        ]
[ 61.         408.           9.59776347   2.        ]
[797.         835.           9.61569667  34.        ]
[598.         773.           9.66750274  13.        ]
[115.         791.           9.70663657  11.        ]
[229.         822.           9.71024171   5.        ]
[ 22.         101.           9.72935303   2.        ]
[667.         833.           9.74148387  25.        ]
[788.         732.           9.74351604  13.        ]
[749.         609.           9.76605139   5.        ]
[813.         723.           9.77136382   8.        ]
[808.         400.           9.80907401  12.        ]
[ 53.         830.           9.84180823  13.        ]
[145.         842.           9.86657618  12.        ]
[767.         590.           9.91712657  10.        ]
[838.         799.           9.97853115  26.        ]
[720.         823.          10.10336125   8.        ]
[848.         760.          10.13236973  12.        ]
[246.         802.          10.13650798   4.        ]
[782.         837.          10.14416746  25.        ]
[ 62.       816.        10.181874  10.      ]
[834.         847.          10.20922841  21.        ]
[331.        859.         10.2223849  22.       ]
[432.         828.          10.25989014  31.        ]
[312.         824.          10.29313117   5.        ]
[809.         855.          10.31790574  26.        ]
[810.         861.          10.31864107  35.        ]
[864.         105.          10.33548339  36.        ]
[853.         826.          10.36555987  32.        ]
[693.        849.         10.3758093  15.       ]
[  2.         245.          10.45068465   2.        ]
[ 77.         641.          10.48610351   6.        ]
[832.         851.          10.52022504  15.        ]
[508.         866.          10.56167238  34.        ]
[165.         845.          10.58853953  26.        ]
[  6.         403.          10.70027407   2.        ]
[  9.         805.          10.72649836   5.        ]
[865.         419.          10.75986159  37.        ]
[622.         334.          10.76427088   3.        ]
[344.         817.          10.82959483   5.        ]
[836.         870.          10.85863878  31.        ]
[852.         878.          10.90587568  41.        ]
[860.         844.          10.92783486  24.        ]
[863.         825.          10.93411205  32.        ]
[ 78.         880.          10.94709983  25.        ]
[675.         658.          10.95559057  11.        ]
[857.         871.          10.95750595  59.        ]
[634.         840.          10.98640116  37.        ]
[ 17.         238.          10.98702179   2.        ]
[841.         787.          11.00338468  17.        ]
[872.         599.          11.00966315  28.        ]
[887.         483.          11.09037266  18.        ]
[856.         762.          11.09173327   8.        ]
[ 69.         882.          11.09585431  26.        ]
[877.         436.          11.11146106   6.        ]
[792.         867.          11.13352029  17.        ]
[850.         879.          11.22258564  54.        ]
[818.         862.          11.28367525   7.        ]
[700.         881.          11.30368869  36.        ]
[831.         893.          11.34013453  23.        ]
[170.         854.          11.40035785   9.        ]
[ 26.         858.          11.41797464  11.        ]
[ 67.         815.          11.50455782   3.        ]
[282.         889.          11.59748824  19.        ]
[896.         217.          11.61379962  37.        ]
[326.         660.          11.82414771   6.        ]
[869.         888.          11.83300147  34.        ]
[730.        383.         11.8334136   6.       ]
[885.         515.          11.85010289  39.        ]
[895.         638.          11.89593402   9.        ]
[820.         340.          11.94756162   3.        ]
[358.         884.          11.96280172  60.        ]
[843.         636.          11.99679769   7.        ]
[380.         420.          12.03831631   2.        ]
[894.        587.         12.0717587  56.       ]
[846.         892.          12.22269943  19.        ]
[886.         904.          12.27904466  36.        ]
[300.         909.          12.36273851  61.        ]
[913.         460.          12.38714489  20.        ]
[796.        906.         12.4934916  42.       ]
[874.         912.          12.51169387  61.        ]
[899.         897.          12.59951383  34.        ]
[876.       377.        12.636979   4.      ]
[901.         907.          12.65808107  28.        ]
[873.         262.          12.71258637   3.        ]
[905.         921.          12.73705339  34.        ]
[130.         786.          12.73942041   4.        ]
[890.         653.          12.93209925  10.        ]
[891.         916.          12.94406989  46.        ]
[918.          64.          12.98404175  62.        ]
[328.         367.          13.32127641   2.        ]
[915.         927.          13.35692492 123.        ]
[900.        359.         13.4010381   4.       ]
[348.         593.          13.49912018   3.        ]
[929.         875.          13.53394152 160.        ]
[271.         923.          13.62567585  35.        ]
[168.         285.          13.69168227   2.        ]
[902.         309.          13.70520828  38.        ]
[903.         919.          13.71639527  40.        ]
[898.         914.          13.72030894  45.        ]
[110.         917.          13.74286327  43.        ]
[868.        932.         13.7852399 162.       ]
[911.         731.          13.89091547   4.        ]
[924.         937.          13.99478903  49.        ]
[438.         938.          14.34458674  44.        ]
[839.         910.          14.39870026   9.        ]
[935.         939.          14.50618462 200.        ]
[926.         920.          14.67135105  50.        ]
[945.         427.          15.25261576  51.        ]
[930.      925.       15.30982  14.     ]
[ 18.         943.          15.34706541  10.        ]
[934.         933.          15.45333348  37.        ]
[942.         947.          15.52382881  58.        ]
[944.         946.          15.64136816 251.        ]
[936.         951.          15.69547805 291.        ]
[950.         441.          15.80385502  59.        ]
[908.         940.          16.18087349   7.        ]
[931.         953.          16.44641231  62.        ]
[952.         955.          16.89346427 353.        ]
[272.         956.          17.10290275 354.        ]
[948.         941.          17.39286584  59.        ]
[957.         949.          17.95881267 391.        ]
[725.        959.         18.3082452 400.       ]
[928.         960.          18.37345644 402.        ]
[922.         883.          18.45641951  14.        ]
[958.         961.          20.64681921 461.        ]
[962.         387.          20.68933861  15.        ]
[350.         412.          21.39595769   2.        ]
[964.         954.          22.09445018  22.        ]
[966.         963.          22.21189685 483.        ]
[967.         965.          28.21188889 485.        ]
