[30. 31.  0.  2.]
[70. 71.  0.  2.]
[486.  72.   0.   3.]
[487.  73.   0.   4.]
[488.  74.   0.   5.]
[93. 94.  0.  2.]
[490.  95.   0.   3.]
[491.  96.   0.   4.]
[132. 133.   0.   2.]
[493. 135.   0.   3.]
[179. 181.   0.   2.]
[182. 184.   0.   2.]
[192. 197.   0.   2.]
[205. 211.   0.   2.]
[206. 207.   0.   2.]
[499. 208.   0.   3.]
[500. 209.   0.   4.]
[212. 221.   0.   2.]
[233. 235.   0.   2.]
[503. 236.   0.   3.]
[504. 239.   0.   4.]
[505. 240.   0.   5.]
[506. 243.   0.   6.]
[286. 298.   0.   2.]
[311. 325.   0.   2.]
[316. 318.   0.   2.]
[510. 321.   0.   3.]
[319. 320.   0.   2.]
[512. 324.   0.   3.]
[430. 431.   0.   2.]
[440. 449.   0.   2.]
[443. 444.   0.   2.]
[516. 445.   0.   3.]
[448. 453.   0.   2.]
[450. 452.   0.   2.]
[519. 459.   0.   3.]
[520. 467.   0.   4.]
[521. 470.   0.   5.]
[473. 474.   0.   2.]
[8.10000000e+01 8.20000000e+01 2.38418579e-07 2.00000000e+00]
[5.24000000e+02 8.50000000e+01 2.38418579e-07 3.00000000e+00]
[1.13000000e+02 1.16000000e+02 2.38418579e-07 2.00000000e+00]
[5.26000000e+02 1.27000000e+02 2.38418579e-07 3.00000000e+00]
[2.42000000e+02 2.44000000e+02 2.38418579e-07 2.00000000e+00]
[2.99000000e+02 3.01000000e+02 2.38418579e-07 2.00000000e+00]
[3.75000000e+02 3.76000000e+02 2.38418579e-07 2.00000000e+00]
[1.40000000e+01 1.50000000e+01 3.37174788e-07 2.00000000e+00]
[1.09000000e+02 1.14000000e+02 3.37174788e-07 2.00000000e+00]
[1.12000000e+02 1.17000000e+02 3.37174788e-07 2.00000000e+00]
[5.33000000e+02 1.20000000e+02 3.37174788e-07 3.00000000e+00]
[5.34000000e+02 1.25000000e+02 3.37174788e-07 4.00000000e+00]
[1.23000000e+02 1.24000000e+02 3.37174788e-07 2.00000000e+00]
[5.36000000e+02 1.28000000e+02 3.37174788e-07 3.00000000e+00]
[1.36000000e+02 1.37000000e+02 3.37174788e-07 2.00000000e+00]
[1.49000000e+02 1.50000000e+02 3.37174788e-07 2.00000000e+00]
[5.39000000e+02 1.51000000e+02 3.37174788e-07 3.00000000e+00]
[5.40000000e+02 1.53000000e+02 3.37174788e-07 4.00000000e+00]
[1.72000000e+02 1.74000000e+02 3.37174788e-07 2.00000000e+00]
[1.78000000e+02 1.80000000e+02 3.37174788e-07 2.00000000e+00]
[1.98000000e+02 1.99000000e+02 3.37174788e-07 2.00000000e+00]
[2.25000000e+02 2.27000000e+02 3.37174788e-07 2.00000000e+00]
[2.91000000e+02 2.97000000e+02 3.37174788e-07 2.00000000e+00]
[3.61000000e+02 3.63000000e+02 3.37174788e-07 2.00000000e+00]
[3.62000000e+02 3.64000000e+02 3.37174788e-07 2.00000000e+00]
[3.68000000e+02 3.70000000e+02 3.37174788e-07 2.00000000e+00]
[3.79000000e+02 3.85000000e+02 3.37174788e-07 2.00000000e+00]
[5.50000000e+02 3.86000000e+02 3.37174788e-07 3.00000000e+00]
[5.51000000e+02 3.88000000e+02 3.37174788e-07 4.00000000e+00]
[5.52000000e+02 3.99000000e+02 3.37174788e-07 5.00000000e+00]
[5.53000000e+02 4.11000000e+02 3.37174788e-07 6.00000000e+00]
[3.95000000e+02 3.96000000e+02 3.37174788e-07 2.00000000e+00]
[5.55000000e+02 4.01000000e+02 3.37174788e-07 3.00000000e+00]
[4.56000000e+02 4.58000000e+02 3.37174788e-07 2.00000000e+00]
[5.57000000e+02 4.64000000e+02 3.37174788e-07 3.00000000e+00]
[1.57000000e+02 2.15000000e+02 4.76837158e-07 2.00000000e+00]
[5.59000000e+02 2.16000000e+02 4.76837158e-07 3.00000000e+00]
[5.60000000e+02 2.18000000e+02 4.76837158e-07 4.00000000e+00]
[5.61000000e+02 2.19000000e+02 4.76837158e-07 5.00000000e+00]
[5.62000000e+02 2.22000000e+02 4.76837158e-07 6.00000000e+00]
[2.84000000e+02 3.03000000e+02 4.76837158e-07 2.00000000e+00]
[3.33000000e+02 3.41000000e+02 4.76837158e-07 2.00000000e+00]
[4.75000000e+02 4.76000000e+02 4.76837158e-07 2.00000000e+00]
[106.         107.           0.85914268   2.        ]
[139.         140.           1.40077996   2.        ]
[538.        138.          1.4145242   3.       ]
[531.         16.          1.5693165   3.       ]
[446.         447.           1.57250185   2.        ]
[421.         423.           1.62115995   2.        ]
[261.         263.           1.70625308   2.        ]
[397.         413.           1.74758903   2.        ]
[342.         343.           1.75138858   2.        ]
[ 80.         525.           1.75587264   4.        ]
[543.         496.           1.79041418   4.        ]
[568.         141.           1.94362381   3.        ]
[166.         167.           2.06044155   2.        ]
[37.         39.          2.17184225  2.        ]
[159.         160.           2.22239698   2.        ]
[41.         43.          2.31486861  2.        ]
[176.         183.           2.38033355   2.        ]
[352.         353.           2.47695078   2.        ]
[374.         530.           2.49337656   3.        ]
[193.         196.           2.55730685   2.        ]
[410.         572.           2.62473509   3.        ]
[232.         507.           2.63404937   7.        ]
[372.         373.           2.73618027   2.        ]
[480.         482.           2.74259607   2.        ]
[389.        574.          2.7961423   3.       ]
[442.         517.           2.81038725   4.        ]
[267.        270.          2.8104798   2.       ]
[234.         237.           2.84561683   2.        ]
[292.         304.           2.84816094   2.        ]
[345.         347.           2.85851233   2.        ]
[257.       258.         2.883864   2.      ]
[283.         287.           2.88443966   2.        ]
[351.         355.           2.89077204   2.        ]
[577.         495.           2.89582667   6.        ]
[469.        523.          2.9046361   3.       ]
[393.         556.           2.91579842   4.        ]
[544.         200.           2.91592887   3.        ]
[314.         315.           2.95171584   2.        ]
[545.         226.           2.96141823   3.        ]
[276.         564.           2.96392073   3.        ]
[461.        484.          2.9672747   2.       ]
[251.         252.           2.98679691   2.        ]
[518.         522.           2.99238005   7.        ]
[425.         426.           3.00856131   2.        ]
[241.         528.           3.04164866   3.        ]
[75.         76.          3.04740557  2.        ]
[293.         529.           3.07458533   3.        ]
[462.         465.           3.09642131   2.        ]
[494.         134.           3.14554165   4.        ]
[147.         148.           3.16517185   2.        ]
[472.         566.           3.18612007   3.        ]
[173.        187.          3.2336249   2.       ]
[514.         434.           3.29509687   3.        ]
[154.         155.           3.35457341   2.        ]
[189.         497.           3.35593455   3.        ]
[547.         548.           3.43071137   4.        ]
[ 40.         582.           3.43195453   3.        ]
[567.         108.           3.73128146   3.        ]
[55.         58.          3.73447815  2.        ]
[498.        501.          3.7537531   6.       ]
[621.         190.           3.80152006   4.        ]
[191.         603.           3.81293916   4.        ]
[415.         416.           3.91071511   2.        ]
[142.         143.           3.92512761   2.        ]
[569.         144.           3.92859552   4.        ]
[87.        88.         4.0068572  2.       ]
[ 29.         485.           4.11777512   3.        ]
[451.         471.           4.14565471   2.        ]
[392.        398.          4.2497564   2.       ]
[230.         231.           4.29436739   2.        ]
[302.         306.           4.38408665   2.        ]
[578.        630.          4.6514442   5.       ]
[121.         537.           4.65963587   4.        ]
[131.         615.           4.67337643   5.        ]
[275.        278.          4.6865307   2.       ]
[248.         249.           4.73980858   2.        ]
[435.         592.           4.81780671   5.        ]
[  4.         479.           4.83080362   2.        ]
[604.         511.           4.85019996   5.        ]
[583.         600.           5.00558508   8.        ]
[571.         478.           5.06153201   3.        ]
[502.         214.           5.09932741   3.        ]
[565.         575.           5.11074962   4.        ]
[541.         152.           5.27385082   5.        ]
[535.         527.           5.29906118   7.        ]
[295.         382.           5.51791893   2.        ]
[322.         323.           5.56155229   2.        ]
[627.         628.           5.58368596   8.        ]
[390.        391.          5.6023141   2.       ]
[356.         585.           5.62654376   4.        ]
[223.         605.           5.68914212   4.        ]
[ 3.         57.          5.74671117  2.        ]
[645.         513.           5.82862849   8.        ]
[642.         253.           5.89081792   3.        ]
[360.         622.           5.94656571   5.        ]
[588.         477.           5.99081453   8.        ]
[428.         433.           6.03818664   2.        ]
[616.         650.           6.08021314   7.        ]
[  1.         598.           6.08206255   3.        ]
[336.         407.           6.11023344   2.        ]
[ 12.        277.          6.1610404   2.       ]
[79.         92.          6.16550838  2.        ]
[19.         33.          6.16677881  2.        ]
[ 98.         481.           6.16724897   2.        ]
[  7.         161.           6.17272095   2.        ]
[220.         250.           6.21216621   2.        ]
[25.         54.          6.27342008  2.        ]
[162.         163.           6.27954231   2.        ]
[631.         638.           6.29277864   9.        ]
[509.         313.           6.29927827   3.        ]
[195.         265.           6.30914126   2.        ]
[546.         404.           6.33052483   3.        ]
[437.         609.           6.36408125   8.        ]
[194.         611.           6.36539351   4.        ]
[652.        330.          6.3758199   3.       ]
[188.         409.           6.39274778   2.        ]
[34.         42.          6.44536251  2.        ]
[ 83.         666.           6.50379725   3.        ]
[532.         656.           6.55714239   6.        ]
[  8.        384.          6.5683659   2.       ]
[346.         614.           6.56854009   3.        ]
[185.         273.           6.67053989   2.        ]
[644.         667.           6.68302445   4.        ]
[104.         119.           6.73742497   2.        ]
[ 44.         224.           6.82746485   2.        ]
[290.         394.           6.83500883   2.        ]
[641.         307.           6.84651328   3.        ]
[ 38.         349.           6.85472399   2.        ]
[186.         680.           6.87688342   5.        ]
[623.          45.           6.94949325   4.        ]
[689.         466.           6.95346913   5.        ]
[677.         687.           6.95632177   5.        ]
[570.         228.           6.96934674   4.        ]
[269.         468.           6.98389744   2.        ]
[126.         429.           7.02488858   2.        ]
[ 84.         662.           7.05866311   9.        ]
[111.         613.           7.09490718   4.        ]
[129.         591.           7.10229493   4.        ]
[594.         365.           7.11515818   3.        ]
[ 99.         146.           7.13056234   2.        ]
[ 56.        664.          7.1388254   8.       ]
[ 52.         492.           7.22629539   5.        ]
[ 10.         204.           7.22985759   2.        ]
[21.         36.          7.23674044  2.        ]
[ 89.         455.           7.25644837   2.        ]
[156.         618.           7.27877303   3.        ]
[670.         457.           7.29356994   3.        ]
[171.        317.          7.3045779   2.       ]
[697.         247.           7.32935617   6.        ]
[651.         256.           7.33247266   8.        ]
[684.         97.          7.3516067   4.       ]
[  0.         685.           7.40215034   7.        ]
[682.         402.           7.43590843   3.        ]
[681.         610.           7.44667143   5.        ]
[268.         357.           7.46474921   2.        ]
[115.         280.           7.46666781   2.        ]
[ 90.         690.           7.46982998   3.        ]
[ 24.         683.           7.51410341   3.        ]
[ 50.         266.           7.53984726   2.        ]
[671.        337.          7.5553808   3.       ]
[695.         210.           7.61272064   6.        ]
[648.         672.           7.61452254   5.        ]
[646.         177.           7.62296543   9.        ]
[406.         414.           7.64690862   2.        ]
[715.         254.           7.65199942   7.        ]
[310.         607.           7.68276806   3.        ]
[632.        102.          7.6949378   3.       ]
[ 32.         636.           7.70368532   3.        ]
[ 11.         576.           7.70635828   5.        ]
[580.         463.           7.70889398   3.        ]
[ 13.         657.           7.71134097   5.        ]
[668.         563.           7.74017083   8.        ]
[169.         602.           7.74989868   5.        ]
[717.         678.           7.75985868   7.        ]
[694.         100.           7.83234044   3.        ]
[ 66.         660.           7.83442999   4.        ]
[686.         175.           7.87689416   3.        ]
[698.         327.           7.88755522   6.        ]
[ 23.         201.           7.90122792   2.        ]
[710.          27.           7.91810015   3.        ]
[296.        371.          7.9221576   2.       ]
[ 65.         703.           7.92908849   5.        ]
[673.          47.           7.94001467   3.        ]
[35.         63.          7.94532586  2.        ]
[708.         378.           7.97060142   6.        ]
[288.         692.           7.98415693   3.        ]
[720.        305.          8.0428035   6.       ]
[709.         702.           8.07280081  11.        ]
[542.         417.           8.08902849   3.        ]
[643.         454.           8.09010787   6.        ]
[ 59.         634.           8.13189082   3.        ]
[693.         439.           8.14241424   4.        ]
[743.         329.           8.15156267   4.        ]
[723.         712.           8.17195722   6.        ]
[489.         203.           8.19058778   6.        ]
[ 60.         755.           8.27192001   4.        ]
[718.         744.           8.28463444  13.        ]
[748.        91.         8.315831   6.      ]
[619.         647.           8.37188885   6.        ]
[ 62.         335.           8.37759107   2.        ]
[740.        255.          8.3847418   8.       ]
[612.         714.           8.40661898   4.        ]
[754.         549.           8.44244609  13.        ]
[726.         122.           8.44530816   4.        ]
[749.         753.           8.46331975   9.        ]
[724.         691.           8.47693277   5.        ]
[767.         281.           8.48155648   9.        ]
[770.         400.           8.52123645   5.        ]
[738.         608.           8.55115003  10.        ]
[727.         747.           8.55925125   8.        ]
[745.         338.           8.58114182   3.        ]
[731.         739.           8.58265881  12.        ]
[741.         725.           8.59223257   5.        ]
[ 69.         118.           8.62810777   2.        ]
[ 86.         706.           8.63223955   3.        ]
[158.         581.           8.64583827   3.        ]
[665.         289.           8.66733465   4.        ]
[729.         688.           8.70417747  11.        ]
[707.         274.           8.71407581   9.        ]
[ 46.         704.           8.71695932   5.        ]
[733.         593.           8.72357537   5.        ]
[763.        761.          8.7278931  19.       ]
[ 28.       202.         8.750725   2.      ]
[606.         422.           8.75472747   4.        ]
[759.         700.           8.75804939   6.        ]
[  5.         332.           8.79529003   2.        ]
[405.         663.           8.82679812   3.        ]
[764.         649.           8.82703948  10.        ]
[736.         701.           8.86576644   5.        ]
[772.         771.           8.87126401  14.        ]
[746.         734.           8.88240717   6.        ]
[264.         381.           8.88715059   2.        ]
[354.         589.           8.89523319   3.        ]
[640.         674.           8.89833383   7.        ]
[719.         573.           8.90108204   5.        ]
[103.         601.           8.93664765   4.        ]
[757.         164.           8.93844325   4.        ]
[792.         705.           8.99081335   5.        ]
[579.        776.          8.9934971  10.       ]
[599.         661.           9.03350221   7.        ]
[ 22.         779.           9.10630759   6.        ]
[716.         626.           9.11765688  14.        ]
[424.         558.           9.14315826   4.        ]
[213.         369.           9.17019287   2.        ]
[260.         279.           9.18508695   2.        ]
[625.         756.           9.20780202   8.        ]
[654.         586.           9.22604597  10.        ]
[408.         629.           9.23418142   3.        ]
[699.         780.           9.25245136   6.        ]
[ 48.        760.          9.2634097   7.       ]
[669.        787.          9.2760529   7.       ]
[751.         773.           9.31103705  15.        ]
[778.        722.          9.3123706  14.       ]
[339.         617.           9.31985338   4.        ]
[ 49.         762.           9.33959321   5.        ]
[ 20.       145.         9.363474   2.      ]
[769.         742.           9.39868601  17.        ]
[752.         294.           9.41390499   4.        ]
[ 53.         711.           9.41912966   3.        ]
[819.         796.           9.43789923  28.        ]
[818.         785.           9.49862814  24.        ]
[ 51.         655.           9.50998233   3.        ]
[554.         587.           9.54753356   9.        ]
[816.         418.           9.56031294   8.        ]
[788.         797.           9.59014152  25.        ]
[786.         732.           9.59525564   8.        ]
[750.         790.           9.59702038   6.        ]
[801.         508.           9.60561719   7.        ]
[823.         784.           9.63822175  28.        ]
[737.         624.           9.66613709   8.        ]
[419.        765.          9.6666025   7.       ]
[595.         483.           9.66750274   3.        ]
[658.        781.          9.6708922   5.       ]
[735.         775.           9.73660506  15.        ]
[229.         597.           9.76179133   3.        ]
[815.         331.           9.76422862   7.        ]
[768.         432.           9.82271415   5.        ]
[825.         808.           9.83319597  17.        ]
[  2.         794.           9.86813723  11.        ]
[843.         105.           9.89803957   6.        ]
[834.         824.           9.90532962  11.        ]
[826.         810.           9.91956191  30.        ]
[817.         675.           9.92198443  16.        ]
[812.         308.           9.95710736   9.        ]
[831.         807.           9.96892891  31.        ]
[798.         380.           9.97132223   3.        ]
[804.         795.          10.04053683  10.        ]
[721.         309.          10.05362217   3.        ]
[840.        805.         10.0541971  25.       ]
[830.         846.          10.05841336  14.        ]
[ 78.         639.          10.07517467   5.        ]
[821.         802.          10.08965715   9.        ]
[835.         366.          10.11696922  29.        ]
[713.         813.          10.12513002  13.        ]
[246.         799.          10.13650798   4.        ]
[822.         766.          10.13969217   4.        ]
[777.         358.          10.14416746   4.        ]
[783.         838.          10.17102064   7.        ]
[791.         238.          10.27484508   7.        ]
[312.         820.          10.29313117   5.        ]
[774.        860.         10.3258578  18.       ]
[856.         847.          10.36927491  25.        ]
[ 77.         800.          10.40639954   8.        ]
[853.         827.          10.45754849  34.        ]
[844.        829.         10.4783442  26.       ]
[839.         836.          10.54069512  13.        ]
[165.         596.          10.58853953   3.        ]
[ 68.         837.          10.60300808   8.        ]
[848.         828.          10.63326493  33.        ]
[842.         833.          10.68782524  13.        ]
[  6.         403.          10.70027407   2.        ]
[851.           9.          10.70201579  32.        ]
[852.         806.          10.71883312  10.        ]
[875.         868.          10.74966713  58.        ]
[859.         863.          10.75679625  33.        ]
[620.         334.          10.76427088   3.        ]
[584.         809.          10.79154191   6.        ]
[344.         436.          10.82959483   2.        ]
[676.         659.          10.95559057  11.        ]
[862.          26.          10.98153825   5.        ]
[633.         515.          10.98640116   5.        ]
[635.         814.          11.06017538   5.        ]
[878.        855.         11.0732715  57.       ]
[845.         854.          11.08113311  14.        ]
[865.         282.          11.08999221   8.        ]
[861.         758.          11.09173327   8.        ]
[696.         850.          11.22290175  13.        ]
[881.         873.          11.22869107  36.        ]
[876.         857.          11.27478179  18.        ]
[880.          67.          11.30148808  59.        ]
[ 17.         849.          11.32263444  17.        ]
[872.         896.          11.41336266  72.        ]
[870.         884.          11.50358993  36.        ]
[894.         897.          11.58901339  53.        ]
[803.         879.          11.63325618  14.        ]
[ 61.        869.         11.6345196   9.       ]
[789.         590.          11.69800863   4.        ]
[889.         245.          11.73899268  58.        ]
[890.         217.          11.75144095  15.        ]
[898.         867.          11.80112167  90.        ]
[871.         883.          11.81514677  32.        ]
[891.         900.          11.82974135  61.        ]
[728.        383.         11.8334136   6.       ]
[841.         888.          11.86963289   8.        ]
[904.         866.          11.93444146  63.        ]
[811.         340.          11.94756162   3.        ]
[899.        895.         12.1482551  54.       ]
[906.         907.          12.23141477 122.        ]
[911.         637.          12.25405482  65.        ]
[864.         168.          12.30740778   8.        ]
[832.         460.          12.31807648   9.        ]
[887.         348.          12.41508792   6.        ]
[101.        427.         12.4669731   2.       ]
[915.         913.          12.47010069 119.        ]
[262.        793.         12.4934916   4.       ]
[886.         858.          12.54502309  14.        ]
[901.         326.          12.60662889  15.        ]
[882.       377.        12.636979   4.      ]
[903.         438.          12.71989779   5.        ]
[130.         782.          12.73942041   4.        ]
[916.         909.          12.90759139  14.        ]
[892.         653.          12.93209925  10.        ]
[923.         730.          12.97729395  17.        ]
[914.          64.          13.04431168 123.        ]
[905.         300.          13.12755473  16.        ]
[920.         917.          13.16204819 128.        ]
[877.         921.          13.28705103   6.        ]
[930.         922.          13.30569346 137.        ]
[908.         170.          13.31005758  62.        ]
[328.         367.          13.32127641   2.        ]
[931.        929.         13.3242535  33.       ]
[932.         934.          13.37284084 265.        ]
[935.         910.          13.48563963  70.        ]
[271.         285.          13.62567585   2.        ]
[925.         918.          13.99874759  11.        ]
[938.         924.          14.08987614 269.        ]
[942.         359.          14.14316609 270.        ]
[937.         939.          14.16076023 103.        ]
[943.         259.          14.41064336 271.        ]
[945.         944.          14.50817047 374.        ]
[927.         940.          14.64816867  16.        ]
[893.         272.          14.96089443  14.        ]
[946.         441.          15.13578073 375.        ]
[949.         948.          15.31480774 389.        ]
[ 18.         110.          15.42568057   2.        ]
[902.         926.          15.50924205  13.        ]
[947.         928.          15.67236774  26.        ]
[950.        941.         15.6974022 400.       ]
[954.         933.          16.29087337 406.        ]
[919.         679.          16.54619031  10.        ]
[953.         420.          16.57692424  27.        ]
[957.         874.          16.67570548  35.        ]
[955.        958.         16.9564694 441.       ]
[959.         936.          17.41809004 443.        ]
[951.         952.          17.44988591  15.        ]
[960.         912.          17.59711231 446.        ]
[962.         956.          19.25375141 456.        ]
[885.         387.          19.57340698  12.        ]
[963.         961.          19.66898298 471.        ]
[965.         964.          20.15322349 483.        ]
[350.         412.          21.39595769   2.        ]
[966.         967.          24.75585496 485.        ]
