[30. 31.  0.  2.]
[70. 71.  0.  2.]
[486.  72.   0.   3.]
[487.  73.   0.   4.]
[488.  74.   0.   5.]
[93. 94.  0.  2.]
[490.  95.   0.   3.]
[491.  96.   0.   4.]
[132. 133.   0.   2.]
[493. 135.   0.   3.]
[179. 181.   0.   2.]
[182. 184.   0.   2.]
[192. 197.   0.   2.]
[205. 211.   0.   2.]
[206. 207.   0.   2.]
[499. 498.   0.   4.]
[208. 209.   0.   2.]
[212. 221.   0.   2.]
[233. 235.   0.   2.]
[503. 236.   0.   3.]
[504. 239.   0.   4.]
[505. 240.   0.   5.]
[506. 243.   0.   6.]
[286. 298.   0.   2.]
[311. 325.   0.   2.]
[316. 318.   0.   2.]
[510. 321.   0.   3.]
[319. 320.   0.   2.]
[512. 324.   0.   3.]
[430. 431.   0.   2.]
[440. 449.   0.   2.]
[443. 444.   0.   2.]
[516. 445.   0.   3.]
[448. 453.   0.   2.]
[450. 452.   0.   2.]
[519. 459.   0.   3.]
[520. 518.   0.   5.]
[467. 470.   0.   2.]
[473. 474.   0.   2.]
[8.10000000e+01 8.20000000e+01 2.38418579e-07 2.00000000e+00]
[5.24000000e+02 8.50000000e+01 2.38418579e-07 3.00000000e+00]
[1.13000000e+02 1.16000000e+02 2.38418579e-07 2.00000000e+00]
[5.26000000e+02 1.27000000e+02 2.38418579e-07 3.00000000e+00]
[2.42000000e+02 2.44000000e+02 2.38418579e-07 2.00000000e+00]
[2.99000000e+02 3.01000000e+02 2.38418579e-07 2.00000000e+00]
[3.75000000e+02 3.76000000e+02 2.38418579e-07 2.00000000e+00]
[1.40000000e+01 1.50000000e+01 3.37174788e-07 2.00000000e+00]
[1.09000000e+02 1.14000000e+02 3.37174788e-07 2.00000000e+00]
[1.12000000e+02 1.17000000e+02 3.37174788e-07 2.00000000e+00]
[5.33000000e+02 5.27000000e+02 3.37174788e-07 5.00000000e+00]
[1.20000000e+02 1.25000000e+02 3.37174788e-07 2.00000000e+00]
[1.23000000e+02 1.24000000e+02 3.37174788e-07 2.00000000e+00]
[5.36000000e+02 1.28000000e+02 3.37174788e-07 3.00000000e+00]
[1.36000000e+02 1.37000000e+02 3.37174788e-07 2.00000000e+00]
[1.49000000e+02 1.50000000e+02 3.37174788e-07 2.00000000e+00]
[5.39000000e+02 1.51000000e+02 3.37174788e-07 3.00000000e+00]
[5.40000000e+02 1.53000000e+02 3.37174788e-07 4.00000000e+00]
[1.72000000e+02 1.74000000e+02 3.37174788e-07 2.00000000e+00]
[1.78000000e+02 1.80000000e+02 3.37174788e-07 2.00000000e+00]
[1.98000000e+02 1.99000000e+02 3.37174788e-07 2.00000000e+00]
[2.25000000e+02 2.27000000e+02 3.37174788e-07 2.00000000e+00]
[2.91000000e+02 2.97000000e+02 3.37174788e-07 2.00000000e+00]
[3.61000000e+02 3.63000000e+02 3.37174788e-07 2.00000000e+00]
[3.62000000e+02 3.64000000e+02 3.37174788e-07 2.00000000e+00]
[3.68000000e+02 3.70000000e+02 3.37174788e-07 2.00000000e+00]
[3.79000000e+02 3.85000000e+02 3.37174788e-07 2.00000000e+00]
[5.50000000e+02 3.86000000e+02 3.37174788e-07 3.00000000e+00]
[5.51000000e+02 3.88000000e+02 3.37174788e-07 4.00000000e+00]
[5.52000000e+02 3.99000000e+02 3.37174788e-07 5.00000000e+00]
[5.53000000e+02 4.11000000e+02 3.37174788e-07 6.00000000e+00]
[3.95000000e+02 3.96000000e+02 3.37174788e-07 2.00000000e+00]
[5.55000000e+02 4.01000000e+02 3.37174788e-07 3.00000000e+00]
[4.56000000e+02 4.58000000e+02 3.37174788e-07 2.00000000e+00]
[5.57000000e+02 4.64000000e+02 3.37174788e-07 3.00000000e+00]
[1.57000000e+02 2.15000000e+02 4.76837158e-07 2.00000000e+00]
[5.59000000e+02 2.16000000e+02 4.76837158e-07 3.00000000e+00]
[5.60000000e+02 2.18000000e+02 4.76837158e-07 4.00000000e+00]
[5.61000000e+02 2.19000000e+02 4.76837158e-07 5.00000000e+00]
[5.62000000e+02 2.22000000e+02 4.76837158e-07 6.00000000e+00]
[2.84000000e+02 3.03000000e+02 4.76837158e-07 2.00000000e+00]
[3.33000000e+02 3.41000000e+02 4.76837158e-07 2.00000000e+00]
[4.75000000e+02 4.76000000e+02 4.76837158e-07 2.00000000e+00]
[521.         522.           0.85496573   7.        ]
[106.         107.           0.85914268   2.        ]
[500.         501.           1.25125103   6.        ]
[139.         140.           1.40077996   2.        ]
[538.        138.          1.4145242   3.       ]
[531.         16.          1.5693165   3.       ]
[446.         447.           1.57250185   2.        ]
[421.         423.           1.62115995   2.        ]
[261.         263.           1.70625308   2.        ]
[397.         413.           1.74758903   2.        ]
[342.         343.           1.75138858   2.        ]
[ 80.         525.           1.75587264   4.        ]
[543.         496.           1.79041418   4.        ]
[570.         141.           1.94362381   3.        ]
[534.         535.           1.98714815   7.        ]
[166.         167.           2.06044155   2.        ]
[37.         39.          2.17184225  2.        ]
[159.         160.           2.22239698   2.        ]
[41.         43.          2.31486861  2.        ]
[176.         183.           2.38033355   2.        ]
[352.         353.           2.47695078   2.        ]
[374.         530.           2.49337656   3.        ]
[193.         196.           2.55730685   2.        ]
[410.         574.           2.62473509   3.        ]
[232.         507.           2.63404937   7.        ]
[372.         373.           2.73618027   2.        ]
[480.         482.           2.74259607   2.        ]
[389.        576.          2.7961423   3.       ]
[442.         517.           2.81038725   4.        ]
[267.        270.          2.8104798   2.       ]
[234.         237.           2.84561683   2.        ]
[292.         304.           2.84816094   2.        ]
[345.         347.           2.85851233   2.        ]
[257.       258.         2.883864   2.      ]
[283.         287.           2.88443966   2.        ]
[351.         355.           2.89077204   2.        ]
[579.         495.           2.89582667   6.        ]
[469.        523.          2.9046361   3.       ]
[393.         556.           2.91579842   4.        ]
[544.         200.           2.91592887   3.        ]
[314.         315.           2.95171584   2.        ]
[545.         226.           2.96141823   3.        ]
[276.         564.           2.96392073   3.        ]
[461.        484.          2.9672747   2.       ]
[251.         252.           2.98679691   2.        ]
[425.         426.           3.00856131   2.        ]
[241.         528.           3.04164866   3.        ]
[75.         76.          3.04740557  2.        ]
[293.         529.           3.07458533   3.        ]
[462.         465.           3.09642131   2.        ]
[494.         134.           3.14554165   4.        ]
[147.         148.           3.16517185   2.        ]
[472.         566.           3.18612007   3.        ]
[173.        187.          3.2336249   2.       ]
[514.         434.           3.29509687   3.        ]
[154.         155.           3.35457341   2.        ]
[189.         497.           3.35593455   3.        ]
[547.         548.           3.43071137   4.        ]
[ 40.         585.           3.43195453   3.        ]
[568.         108.           3.73128146   3.        ]
[55.         58.          3.73447815  2.        ]
[623.         190.           3.80152006   4.        ]
[191.         606.           3.81293916   4.        ]
[415.         416.           3.91071511   2.        ]
[142.         580.           3.92512761   4.        ]
[571.         144.           3.92859552   4.        ]
[87.        88.         4.0068572  2.       ]
[ 29.         485.           4.11777512   3.        ]
[451.         471.           4.14565471   2.        ]
[392.        398.          4.2497564   2.       ]
[230.         231.           4.29436739   2.        ]
[302.         306.           4.38408665   2.        ]
[121.         537.           4.65963587   4.        ]
[131.         617.           4.67337643   5.        ]
[275.        278.          4.6865307   2.       ]
[248.         249.           4.73980858   2.        ]
[435.         595.           4.81780671   5.        ]
[  4.         479.           4.83080362   2.        ]
[631.         143.           4.84942388   5.        ]
[607.         511.           4.85019996   5.        ]
[586.         603.           5.00558508   8.        ]
[573.         478.           5.06153201   3.        ]
[502.         214.           5.09932741   3.        ]
[565.         577.           5.11074962   4.        ]
[541.         152.           5.27385082   5.        ]
[295.         382.           5.51791893   2.        ]
[322.         323.           5.56155229   2.        ]
[628.         629.           5.58368596   8.        ]
[390.        391.          5.6023141   2.       ]
[356.         588.           5.62654376   4.        ]
[223.         608.           5.68914212   4.        ]
[ 3.         57.          5.74671117  2.        ]
[646.         513.           5.82862849   8.        ]
[567.         454.           5.88016609   8.        ]
[642.         253.           5.89081792   3.        ]
[360.         624.           5.94656571   5.        ]
[591.         477.           5.99081453   8.        ]
[428.         433.           6.03818664   2.        ]
[618.         651.           6.08021314   7.        ]
[  1.         601.           6.08206255   3.        ]
[336.         407.           6.11023344   2.        ]
[ 12.        277.          6.1610404   2.       ]
[79.         92.          6.16550838  2.        ]
[19.         33.          6.16677881  2.        ]
[ 98.         481.           6.16724897   2.        ]
[  7.         161.           6.17272095   2.        ]
[220.         250.           6.21216621   2.        ]
[25.         54.          6.27342008  2.        ]
[162.         163.           6.27954231   2.        ]
[509.         313.           6.29927827   3.        ]
[195.         265.           6.30914126   2.        ]
[546.         667.           6.33052483   4.        ]
[194.         613.           6.36539351   4.        ]
[652.        330.          6.3758199   3.       ]
[188.         409.           6.39274778   2.        ]
[632.        645.          6.4247762   9.       ]
[34.         42.          6.44536251  2.        ]
[532.         656.           6.55714239   6.        ]
[  8.        384.          6.5683659   2.       ]
[616.         677.           6.56854009   4.        ]
[678.         404.           6.62689684   5.        ]
[185.         647.           6.67053989   9.        ]
[644.         668.           6.68302445   4.        ]
[119.         689.           6.73742497   5.        ]
[273.         549.           6.74755582   3.        ]
[346.         686.           6.74882431   5.        ]
[ 83.         665.           6.81834475   8.        ]
[ 44.         224.           6.82746485   2.        ]
[290.         394.           6.83500883   2.        ]
[641.         307.           6.84651328   3.        ]
[ 38.         349.           6.85472399   2.        ]
[186.         679.           6.87688342   5.        ]
[625.          45.           6.94949325   4.        ]
[572.         228.           6.96934674   4.        ]
[269.         468.           6.98389744   2.        ]
[126.         429.           7.02488858   2.        ]
[690.         247.           7.02925918   6.        ]
[ 84.         663.           7.05866311   9.        ]
[111.         615.           7.09490718   4.        ]
[ 10.         104.           7.09857879   2.        ]
[594.         635.           7.10229493   5.        ]
[597.         365.           7.11515818   3.        ]
[ 99.         146.           7.13056234   2.        ]
[129.         466.           7.14544825   2.        ]
[ 52.         492.           7.22629539   5.        ]
[ 21.         692.           7.23674044   6.        ]
[ 89.         455.           7.25644837   2.        ]
[156.         620.           7.27877303   3.        ]
[671.         457.           7.29356994   3.        ]
[171.        317.          7.3045779   2.       ]
[256.         581.           7.30794481   8.        ]
[ 36.         210.           7.34886709   2.        ]
[  0.         684.           7.40215034   7.        ]
[681.         402.           7.43590843   3.        ]
[698.         204.           7.43861813   6.        ]
[712.         327.           7.44420589   7.        ]
[680.         612.           7.44667143   5.        ]
[268.         357.           7.46474921   2.        ]
[115.         280.           7.46666781   2.        ]
[437.         660.           7.51076754   9.        ]
[ 24.         683.           7.51410341   3.        ]
[ 50.         266.           7.53984726   2.        ]
[672.        337.          7.5553808   3.       ]
[649.         673.           7.61452254   5.        ]
[406.         414.           7.64690862   2.        ]
[310.         610.           7.68276806   3.        ]
[633.        102.          7.6949378   3.       ]
[ 32.         489.           7.70368532   6.        ]
[ 11.         578.           7.70635828   5.        ]
[583.         463.           7.70889398   3.        ]
[ 13.         657.           7.71134097   5.        ]
[669.         563.           7.74017083   8.        ]
[122.        637.          7.7463211   3.       ]
[169.         605.           7.74989868   5.        ]
[693.         378.           7.79530681   9.        ]
[697.         100.           7.83234044   3.        ]
[ 66.         661.           7.83442999   4.        ]
[685.         175.           7.87689416   3.        ]
[ 23.         201.           7.90122792   2.        ]
[711.         741.           7.90313702  14.        ]
[296.        371.          7.9221576   2.       ]
[ 65.         705.           7.92908849   5.        ]
[674.         703.           7.94001467   8.        ]
[35.         63.          7.94532586  2.        ]
[ 97.         708.           7.97138027   4.        ]
[288.         695.           7.98415693   3.        ]
[727.        254.          8.0198543   4.       ]
[ 90.         714.           8.02544554   4.        ]
[ 47.         743.           8.03020932   5.        ]
[723.        305.          8.0428035   6.       ]
[542.          60.           8.08902849   3.        ]
[ 27.         203.           8.08941388   2.        ]
[706.         704.           8.09089454  11.        ]
[696.         439.           8.14241424   4.        ]
[744.         329.           8.15156267   4.        ]
[569.         717.           8.16795406  14.        ]
[757.         417.           8.23644024   4.        ]
[691.         366.           8.30343231   4.        ]
[748.        91.         8.315831   6.      ]
[694.         687.           8.32562571   7.        ]
[721.         749.           8.36483703  14.        ]
[621.         648.           8.37188885   6.        ]
[ 62.         335.           8.37759107   2.        ]
[614.         716.           8.40661898   4.        ]
[729.         400.           8.46042608   4.        ]
[710.         682.           8.47734239  11.        ]
[707.         766.           8.48340439  12.        ]
[ 59.         164.           8.50867198   2.        ]
[255.         281.           8.51206909   2.        ]
[722.         728.           8.53580372   9.        ]
[738.         611.           8.55115003  10.        ]
[  5.         751.           8.56260464   5.        ]
[ 56.         274.           8.57467544   2.        ]
[688.         759.           8.57530045  20.        ]
[745.         338.           8.58114182   3.        ]
[177.         596.           8.60431549   3.        ]
[756.         767.           8.62339949  20.        ]
[118.         700.           8.62810777   5.        ]
[ 86.         709.           8.63223955   3.        ]
[158.         584.           8.64583827   3.        ]
[666.         289.           8.66733465   4.        ]
[753.         720.           8.69171768   7.        ]
[733.         675.           8.74310737   5.        ]
[ 28.       202.         8.750725   2.      ]
[609.         422.           8.75472747   4.        ]
[761.         701.           8.75804939   6.        ]
[763.         575.           8.76243059   6.        ]
[405.         664.           8.82679812   3.        ]
[765.         650.           8.82703948  10.        ]
[ 22.         742.           8.84385288   4.        ]
[736.         702.           8.86576644   5.        ]
[381.         746.           8.88715059  15.        ]
[264.         602.           8.88887407   3.        ]
[354.         592.           8.89523319   3.        ]
[776.        719.          8.9257256  16.       ]
[604.         797.           8.93664765   8.        ]
[771.         739.           8.94078222   7.        ]
[ 49.         103.           8.94342664   2.        ]
[758.         801.           8.99723794  18.        ]
[627.         643.           8.99776753   7.        ]
[ 69.         784.           9.03462705   6.        ]
[734.         718.           9.03811926   8.        ]
[754.         105.           9.04214072   5.        ]
[789.        640.          9.1111469  10.       ]
[424.         558.           9.14315826   4.        ]
[740.         418.           9.15647958   6.        ]
[780.         764.           9.16626604  24.        ]
[213.         369.           9.17019287   2.        ]
[260.         279.           9.18508695   2.        ]
[778.         332.           9.21630661   6.        ]
[654.         589.           9.22604597  10.        ]
[408.         630.           9.23418142   3.        ]
[774.         773.           9.28638303  14.        ]
[339.         619.           9.31985338   4.        ]
[770.         788.           9.32478382  11.        ]
[ 20.       145.         9.363474   2.      ]
[582.         747.           9.37415956   4.        ]
[ 48.         821.           9.38651589  12.        ]
[752.         294.           9.41390499   4.        ]
[ 53.         713.           9.41912966   3.        ]
[805.         808.           9.45105021  26.        ]
[ 46.         732.           9.49617007   4.        ]
[755.         813.           9.50179137  29.        ]
[ 51.         655.           9.50998233   3.        ]
[554.         590.           9.54753356   9.        ]
[762.         785.           9.57588135  17.        ]
[658.         832.           9.59013297  19.        ]
[750.         791.           9.59702038   6.        ]
[775.         798.           9.65299592  17.        ]
[737.         626.           9.66613709   8.        ]
[419.        768.          9.6666025   7.       ]
[598.         812.           9.66750274   8.        ]
[725.         783.           9.68573583  22.        ]
[735.         777.           9.73660506  15.        ]
[229.         600.           9.76179133   3.        ]
[  2.         799.           9.77809083   4.        ]
[806.         308.           9.78971493   8.        ]
[795.         724.           9.91634011  12.        ]
[824.         809.           9.91868839  17.        ]
[769.         802.          10.02145735  10.        ]
[670.         810.          10.03958225  12.        ]
[639.         807.          10.07517467  10.        ]
[804.         793.          10.10649672   8.        ]
[715.         817.          10.12513002  13.        ]
[246.         800.          10.13650798   4.        ]
[836.         839.          10.14158376  30.        ]
[781.         829.          10.14416746  32.        ]
[796.         827.          10.15519242  30.        ]
[508.         825.          10.20934744   6.        ]
[245.        331.         10.2223849   2.       ]
[792.         238.          10.27484508   7.        ]
[826.         831.          10.27688562  12.        ]
[779.         835.          10.29163693  19.        ]
[312.         820.          10.29313117   5.        ]
[ 78.         848.          10.30943124  11.        ]
[816.         344.          10.31953691   7.        ]
[847.         782.          10.34597519  15.        ]
[844.         852.          10.35331488  42.        ]
[822.         846.          10.43451511  12.        ]
[838.        483.         10.4556728   9.       ]
[828.         772.          10.49418311  15.        ]
[803.         850.          10.52754979  20.        ]
[853.         857.          10.56111461  39.        ]
[840.         823.          10.57209976  19.        ]
[599.         869.          10.58853953  41.        ]
[837.         845.          10.60300808  24.        ]
[872.         432.          10.64931963  25.        ]
[  6.         403.          10.70027407   2.        ]
[  9.         870.          10.71056536  20.        ]
[622.         334.          10.76427088   3.        ]
[587.         811.          10.79154191   6.        ]
[865.          26.          10.83603977  13.        ]
[842.         864.          10.90978063  46.        ]
[676.         659.          10.95559057  11.        ]
[634.         854.          10.98640116  33.        ]
[282.         866.          11.00358023  10.        ]
[165.         871.          11.04481287  42.        ]
[636.         818.          11.06017538   5.        ]
[ 17.         863.          11.07724333  16.        ]
[851.         760.          11.09173327   8.        ]
[830.         873.          11.11721017  28.        ]
[862.         859.          11.12311726  26.        ]
[833.         877.          11.26844889  25.        ]
[888.         814.          11.26916499  28.        ]
[699.         875.          11.27945942  24.        ]
[787.         168.          11.31581338   5.        ]
[861.         856.          11.50309941  13.        ]
[819.        130.         11.6231623  15.       ]
[790.         593.          11.69800863   4.        ]
[889.         858.          11.74803078  37.        ]
[874.         834.          11.76793827   8.        ]
[326.         662.          11.82414771   6.        ]
[730.        383.         11.8334136   6.       ]
[841.         884.          11.86963289   8.        ]
[61.         77.         11.87655154  2.        ]
[855.         420.          11.92792236   7.        ]
[815.         340.          11.94756162   3.        ]
[300.         358.          11.96280172   2.        ]
[881.         515.          11.98393293  35.        ]
[860.         887.          12.05915829  33.        ]
[217.        328.         12.0789664   2.       ]
[ 67.         890.          12.10656148  29.        ]
[794.         436.          12.20036826   4.        ]
[879.         902.          12.23762775  53.        ]
[891.         843.          12.24130932  32.        ]
[867.         894.          12.24318803  30.        ]
[878.        849.         12.2744155  21.       ]
[892.         271.          12.28081996   6.        ]
[908.        259.         12.2884432  30.       ]
[893.        101.         12.2973109  14.       ]
[885.         883.          12.33766387  58.        ]
[868.         896.          12.35810472  57.        ]
[899.        882.         12.6123662  16.       ]
[380.         731.          12.61371825   3.        ]
[876.       377.        12.636979   4.      ]
[914.         285.          12.67806137   7.        ]
[910.         904.          12.71559821  55.        ]
[895.         438.          12.71989779   5.        ]
[262.         909.          12.88400552   5.        ]
[886.         653.          12.93209925  10.        ]
[918.         906.          13.10994925  90.        ]
[638.         359.          13.14935266   3.        ]
[924.          64.          13.21495196   6.        ]
[916.         427.          13.26280877  15.        ]
[905.         110.          13.31925277  36.        ]
[923.         915.          13.34562389  85.        ]
[911.         907.          13.39388818  34.        ]
[917.         901.          13.41847719  60.        ]
[927.         932.          13.56505863 175.        ]
[912.         934.          13.59768093  90.        ]
[897.         460.          13.61883835   9.        ]
[913.         929.          13.67172228  27.        ]
[903.         898.          13.71639527   9.        ]
[937.         930.          13.82961061  24.        ]
[935.         933.          13.93745838 209.        ]
[931.         348.          14.00363755  37.        ]
[940.         921.          14.04128862  28.        ]
[941.         938.          14.05350951 236.        ]
[919.         944.          14.25334567 252.        ]
[936.         945.          14.26796723 342.        ]
[942.         925.          14.50424299  42.        ]
[939.         920.          14.60400457  12.        ]
[926.         309.          14.86714923  11.        ]
[946.         170.          14.90721913 343.        ]
[947.        928.         14.9439577  45.       ]
[950.         951.          15.26799561 388.        ]
[952.        900.         15.2851208 396.       ]
[953.         441.          15.36596311 397.        ]
[922.         949.          16.10045313  18.        ]
[943.         367.          16.36565403  29.        ]
[956.         954.          17.01255271 426.        ]
[ 18.        786.         17.1549643   4.       ]
[955.          68.          17.49982546  19.        ]
[957.         948.          17.71672065 438.        ]
[960.        272.         18.3891381 439.       ]
[880.         387.          19.57340698  12.        ]
[959.         961.          20.08932578 458.        ]
[958.         962.          21.00872093  16.        ]
[350.         412.          21.39595769   2.        ]
[963.         964.          22.76892521 474.        ]
[966.         726.          24.59399496 483.        ]
[967.        965.         25.8147163 485.       ]
