[30. 31.  0.  2.]
[70. 71.  0.  2.]
[486.  72.   0.   3.]
[487.  73.   0.   4.]
[488.  74.   0.   5.]
[93. 94.  0.  2.]
[490.  95.   0.   3.]
[491.  96.   0.   4.]
[132. 133.   0.   2.]
[493. 135.   0.   3.]
[179. 181.   0.   2.]
[182. 184.   0.   2.]
[192. 197.   0.   2.]
[205. 211.   0.   2.]
[206. 207.   0.   2.]
[499. 498.   0.   4.]
[208. 209.   0.   2.]
[212. 221.   0.   2.]
[233. 235.   0.   2.]
[503. 236.   0.   3.]
[504. 239.   0.   4.]
[505. 240.   0.   5.]
[506. 243.   0.   6.]
[286. 298.   0.   2.]
[311. 325.   0.   2.]
[316. 318.   0.   2.]
[510. 321.   0.   3.]
[319. 320.   0.   2.]
[512. 324.   0.   3.]
[430. 431.   0.   2.]
[440. 449.   0.   2.]
[443. 444.   0.   2.]
[516. 445.   0.   3.]
[448. 453.   0.   2.]
[450. 452.   0.   2.]
[519. 459.   0.   3.]
[520. 518.   0.   5.]
[467. 470.   0.   2.]
[473. 474.   0.   2.]
[8.10000000e+01 8.20000000e+01 2.38418579e-07 2.00000000e+00]
[5.24000000e+02 8.50000000e+01 2.38418579e-07 3.00000000e+00]
[1.13000000e+02 1.16000000e+02 2.38418579e-07 2.00000000e+00]
[5.26000000e+02 1.27000000e+02 2.38418579e-07 3.00000000e+00]
[2.42000000e+02 2.44000000e+02 2.38418579e-07 2.00000000e+00]
[2.99000000e+02 3.01000000e+02 2.38418579e-07 2.00000000e+00]
[3.75000000e+02 3.76000000e+02 2.38418579e-07 2.00000000e+00]
[1.40000000e+01 1.50000000e+01 3.37174788e-07 2.00000000e+00]
[1.09000000e+02 1.14000000e+02 3.37174788e-07 2.00000000e+00]
[1.12000000e+02 1.17000000e+02 3.37174788e-07 2.00000000e+00]
[5.33000000e+02 5.27000000e+02 3.37174788e-07 5.00000000e+00]
[1.20000000e+02 1.25000000e+02 3.37174788e-07 2.00000000e+00]
[1.23000000e+02 1.24000000e+02 3.37174788e-07 2.00000000e+00]
[5.36000000e+02 1.28000000e+02 3.37174788e-07 3.00000000e+00]
[1.36000000e+02 1.37000000e+02 3.37174788e-07 2.00000000e+00]
[1.49000000e+02 1.50000000e+02 3.37174788e-07 2.00000000e+00]
[5.39000000e+02 1.51000000e+02 3.37174788e-07 3.00000000e+00]
[5.40000000e+02 1.53000000e+02 3.37174788e-07 4.00000000e+00]
[1.72000000e+02 1.74000000e+02 3.37174788e-07 2.00000000e+00]
[1.78000000e+02 1.80000000e+02 3.37174788e-07 2.00000000e+00]
[1.98000000e+02 1.99000000e+02 3.37174788e-07 2.00000000e+00]
[2.25000000e+02 2.27000000e+02 3.37174788e-07 2.00000000e+00]
[2.91000000e+02 2.97000000e+02 3.37174788e-07 2.00000000e+00]
[3.61000000e+02 3.63000000e+02 3.37174788e-07 2.00000000e+00]
[3.62000000e+02 3.64000000e+02 3.37174788e-07 2.00000000e+00]
[3.68000000e+02 3.70000000e+02 3.37174788e-07 2.00000000e+00]
[3.79000000e+02 3.85000000e+02 3.37174788e-07 2.00000000e+00]
[5.50000000e+02 3.86000000e+02 3.37174788e-07 3.00000000e+00]
[5.51000000e+02 3.88000000e+02 3.37174788e-07 4.00000000e+00]
[5.52000000e+02 3.99000000e+02 3.37174788e-07 5.00000000e+00]
[5.53000000e+02 4.11000000e+02 3.37174788e-07 6.00000000e+00]
[3.95000000e+02 3.96000000e+02 3.37174788e-07 2.00000000e+00]
[5.55000000e+02 4.01000000e+02 3.37174788e-07 3.00000000e+00]
[4.56000000e+02 4.58000000e+02 3.37174788e-07 2.00000000e+00]
[5.57000000e+02 4.64000000e+02 3.37174788e-07 3.00000000e+00]
[1.57000000e+02 2.15000000e+02 4.76837158e-07 2.00000000e+00]
[5.59000000e+02 2.16000000e+02 4.76837158e-07 3.00000000e+00]
[5.60000000e+02 2.18000000e+02 4.76837158e-07 4.00000000e+00]
[5.61000000e+02 2.19000000e+02 4.76837158e-07 5.00000000e+00]
[5.62000000e+02 2.22000000e+02 4.76837158e-07 6.00000000e+00]
[2.84000000e+02 3.03000000e+02 4.76837158e-07 2.00000000e+00]
[3.33000000e+02 3.41000000e+02 4.76837158e-07 2.00000000e+00]
[4.75000000e+02 4.76000000e+02 4.76837158e-07 2.00000000e+00]
[521.         522.           0.85496573   7.        ]
[106.         107.           0.85914268   2.        ]
[500.         501.           1.25125103   6.        ]
[139.         140.           1.40077996   2.        ]
[538.        138.          1.4145242   3.       ]
[531.         16.          1.5693165   3.       ]
[446.         447.           1.57250185   2.        ]
[421.         423.           1.62115995   2.        ]
[261.         263.           1.70625308   2.        ]
[397.         413.           1.74758903   2.        ]
[342.         343.           1.75138858   2.        ]
[ 80.         525.           1.75587264   4.        ]
[543.         496.           1.79041418   4.        ]
[570.         141.           1.94362381   3.        ]
[534.         535.           1.98714815   7.        ]
[166.         167.           2.06044155   2.        ]
[37.         39.          2.17184225  2.        ]
[159.         160.           2.22239698   2.        ]
[41.         43.          2.31486861  2.        ]
[176.         183.           2.38033355   2.        ]
[352.         353.           2.47695078   2.        ]
[374.         530.           2.49337656   3.        ]
[193.         196.           2.55730685   2.        ]
[410.         574.           2.62473509   3.        ]
[232.         507.           2.63404937   7.        ]
[372.         373.           2.73618027   2.        ]
[480.         482.           2.74259607   2.        ]
[389.        576.          2.7961423   3.       ]
[442.         517.           2.81038725   4.        ]
[267.        270.          2.8104798   2.       ]
[234.         237.           2.84561683   2.        ]
[292.         304.           2.84816094   2.        ]
[345.         347.           2.85851233   2.        ]
[257.       258.         2.883864   2.      ]
[283.         287.           2.88443966   2.        ]
[351.         355.           2.89077204   2.        ]
[579.         495.           2.89582667   6.        ]
[469.        523.          2.9046361   3.       ]
[393.         556.           2.91579842   4.        ]
[544.         200.           2.91592887   3.        ]
[314.         315.           2.95171584   2.        ]
[545.         226.           2.96141823   3.        ]
[276.         564.           2.96392073   3.        ]
[461.        484.          2.9672747   2.       ]
[251.         252.           2.98679691   2.        ]
[425.         426.           3.00856131   2.        ]
[241.         528.           3.04164866   3.        ]
[75.         76.          3.04740557  2.        ]
[293.         529.           3.07458533   3.        ]
[462.         465.           3.09642131   2.        ]
[494.         134.           3.14554165   4.        ]
[147.         148.           3.16517185   2.        ]
[472.         566.           3.18612007   3.        ]
[173.        187.          3.2336249   2.       ]
[514.         434.           3.29509687   3.        ]
[154.         155.           3.35457341   2.        ]
[189.         497.           3.35593455   3.        ]
[547.         548.           3.43071137   4.        ]
[ 40.         585.           3.43195453   3.        ]
[568.         108.           3.73128146   3.        ]
[55.         58.          3.73447815  2.        ]
[623.         606.           3.80152006   6.        ]
[190.         191.           3.90040009   2.        ]
[415.         416.           3.91071511   2.        ]
[142.         580.           3.92512761   4.        ]
[571.         144.           3.92859552   4.        ]
[87.        88.         4.0068572  2.       ]
[ 29.         485.           4.11777512   3.        ]
[451.         471.           4.14565471   2.        ]
[392.        398.          4.2497564   2.       ]
[230.         231.           4.29436739   2.        ]
[302.         306.           4.38408665   2.        ]
[121.         537.           4.65963587   4.        ]
[131.         617.           4.67337643   5.        ]
[275.        278.          4.6865307   2.       ]
[249.         603.           4.73980858   7.        ]
[628.        629.          4.8083814   8.       ]
[435.         595.           4.81780671   5.        ]
[  4.         479.           4.83080362   2.        ]
[631.         143.           4.84942388   5.        ]
[607.         511.           4.85019996   5.        ]
[573.         478.           5.06153201   3.        ]
[502.         214.           5.09932741   3.        ]
[565.         577.           5.11074962   4.        ]
[541.         618.           5.27385082   6.        ]
[295.         382.           5.51791893   2.        ]
[322.         323.           5.56155229   2.        ]
[390.        391.          5.6023141   2.       ]
[356.         588.           5.62654376   4.        ]
[223.         608.           5.68914212   4.        ]
[ 3.         57.          5.74671117  2.        ]
[647.         513.           5.82862849   8.        ]
[567.         454.           5.88016609   8.        ]
[360.         624.           5.94656571   5.        ]
[591.         477.           5.99081453   8.        ]
[428.         433.           6.03818664   2.        ]
[  1.         601.           6.08206255   3.        ]
[407.         546.           6.11023344   3.        ]
[ 12.        645.          6.1610404   3.       ]
[ 92.         563.           6.16550838   7.        ]
[19.         33.          6.16677881  2.        ]
[481.         337.           6.16724897   2.        ]
[  7.         161.           6.17272095   2.        ]
[220.         250.           6.21216621   2.        ]
[152.         651.           6.22236092   7.        ]
[336.         664.           6.23514408   4.        ]
[25.         54.          6.27342008  2.        ]
[162.         163.           6.27954231   2.        ]
[509.         313.           6.29927827   3.        ]
[195.         655.           6.30914126   5.        ]
[194.         613.           6.36539351   4.        ]
[253.         642.           6.36620851   8.        ]
[652.        330.          6.3758199   3.       ]
[188.         409.           6.39274778   2.        ]
[632.        646.          6.4247762   9.       ]
[ 34.         673.           6.44536251   3.        ]
[678.         204.           6.50423134   9.        ]
[  8.        384.          6.5683659   2.       ]
[346.         616.           6.56854009   3.        ]
[665.         119.           6.58671926   4.        ]
[248.         683.           6.66160149  10.        ]
[273.         549.           6.67053989   3.        ]
[676.         532.           6.70996109   7.        ]
[672.         612.           6.71773706   6.        ]
[277.         594.           6.74097849   4.        ]
[ 98.         668.           6.76694223   3.        ]
[ 44.         224.           6.82746485   2.        ]
[290.         394.           6.83500883   2.        ]
[641.         307.           6.84651328   3.        ]
[ 38.         349.           6.85472399   2.        ]
[265.         689.           6.86643774   8.        ]
[186.         677.           6.87688342   5.        ]
[ 83.        690.          6.9230488   7.       ]
[625.          45.           6.94949325   4.        ]
[572.         228.           6.96934674   4.        ]
[691.         466.           6.97408531   5.        ]
[269.         468.           6.98389744   2.        ]
[129.        702.          7.0026458   6.       ]
[126.         429.           7.02488858   2.        ]
[ 84.         661.           7.05866311   9.        ]
[111.         615.           7.09490718   4.        ]
[ 10.         104.           7.09857879   2.        ]
[597.         365.           7.11515818   3.        ]
[146.         657.           7.13056234   3.        ]
[671.         492.           7.13272037  11.        ]
[ 79.         666.           7.19715516   8.        ]
[711.         378.           7.19998608  12.        ]
[ 21.         685.           7.23674044   4.        ]
[ 89.         455.           7.25644837   2.        ]
[156.         620.           7.27877303   3.        ]
[317.        648.          7.3045779   4.       ]
[256.         581.           7.30794481   8.        ]
[586.         177.           7.34671731   3.        ]
[210.         698.           7.34886709   6.        ]
[714.         327.           7.36469833   5.        ]
[247.         605.           7.36726595   5.        ]
[713.         424.           7.36904357  13.        ]
[680.         402.           7.43590843   3.        ]
[692.         457.           7.45463514   4.        ]
[268.         357.           7.46474921   2.        ]
[280.         722.           7.46666781   6.        ]
[437.         659.           7.51076754   9.        ]
[266.         697.           7.53984726   9.        ]
[ 24.         682.           7.55088894   4.        ]
[649.         670.           7.61452254   5.        ]
[406.         414.           7.64690862   2.        ]
[254.         727.           7.67636642   7.        ]
[610.         729.           7.68276806  11.        ]
[633.        102.          7.6949378   3.       ]
[ 32.         637.           7.70368532   3.        ]
[ 11.         578.           7.70635828   5.        ]
[583.         463.           7.70889398   3.        ]
[ 13.         656.           7.71134097   5.        ]
[185.         688.           7.75000587   4.        ]
[679.         305.           7.78268517   4.        ]
[699.         404.           7.79187552   8.        ]
[  0.         203.           7.80726638   2.        ]
[696.         100.           7.83234044   3.        ]
[684.         175.           7.87689416   3.        ]
[669.         122.           7.89392825   3.        ]
[ 23.         201.           7.90122792   2.        ]
[371.        706.          7.9221576  10.       ]
[ 65.         707.           7.92908849   5.        ]
[35.         63.          7.94532586  2.        ]
[ 97.         742.           7.97138027   9.        ]
[288.         694.           7.98415693   3.        ]
[686.        733.          7.9868858  11.       ]
[716.         708.           8.02544554   5.        ]
[ 66.         687.           8.02758333  11.        ]
[542.          60.           8.08902849   3.        ]
[ 36.         720.           8.10439318   7.        ]
[ 99.         710.           8.12769047   4.        ]
[ 59.         635.           8.13189082   3.        ]
[695.         439.           8.14241424   4.        ]
[ 47.         755.           8.15028806  12.        ]
[745.         761.           8.15156267  15.        ]
[569.         718.           8.16795406  14.        ]
[ 50.         734.           8.17877689  12.        ]
[ 90.         754.           8.18778427   6.        ]
[756.          49.           8.23644024   4.        ]
[169.         753.           8.23879914  12.        ]
[712.         611.           8.26487597  10.        ]
[721.         764.           8.27567675  17.        ]
[743.         769.           8.28441591  19.        ]
[749.       650.         8.315831   9.      ]
[739.          42.           8.32452884   6.        ]
[ 62.         335.           8.37759107   2.        ]
[703.         329.           8.40435062   3.        ]
[614.         717.           8.40958601   6.        ]
[730.         741.           8.43928667   8.        ]
[575.         417.           8.47774344   3.        ]
[751.        709.          8.4827445  12.       ]
[746.         400.           8.49567129   4.        ]
[776.         693.           8.50898384  10.        ]
[255.         281.           8.51206909   2.        ]
[  5.         778.           8.57350216  13.        ]
[ 56.         274.           8.57467544   2.        ]
[747.         338.           8.58114182   3.        ]
[ 52.         782.           8.61257023  14.        ]
[118.         701.           8.62810777   5.        ]
[584.         763.           8.64583827  16.        ]
[663.         289.           8.66733465   4.        ]
[748.         767.           8.71397359  22.        ]
[596.         681.           8.72357537  11.        ]
[735.         640.           8.74310737   8.        ]
[ 28.       202.         8.750725   2.      ]
[422.         737.           8.75472747   6.        ]
[171.         780.           8.77500456  11.        ]
[791.         674.           8.80280985  10.        ]
[405.         662.           8.82679812   3.        ]
[770.          27.           8.83530652  20.        ]
[744.         797.           8.84385288  23.        ]
[738.         604.           8.86576644   6.        ]
[758.         765.           8.88414194  10.        ]
[381.         724.           8.88715059   4.        ]
[602.         660.           8.88887407   7.        ]
[582.       768.         8.890808  12.      ]
[354.         592.           8.89523319   3.        ]
[626.         296.           8.91595044   4.        ]
[ 91.         785.           8.92473705  15.        ]
[418.         789.           8.93135784  23.        ]
[759.         164.           8.93844325   4.        ]
[ 46.        704.          8.9471385   7.       ]
[264.         801.           8.97822556   5.        ]
[627.         803.           8.99776753  14.        ]
[ 68.         621.           9.02430916   4.        ]
[ 69.         786.           9.03462705   6.        ]
[775.         643.           9.12238898  14.        ]
[ 86.         800.           9.14563546  11.        ]
[213.         369.           9.17019287   2.        ]
[489.         798.           9.18155083  28.        ]
[762.         774.           9.18467379  18.        ]
[260.         279.           9.18508695   2.        ]
[408.         630.           9.23418142   3.        ]
[740.         366.           9.25058162   5.        ]
[766.         777.           9.27851873   7.        ]
[558.         723.           9.27927351  16.        ]
[809.        705.          9.2884948   9.       ]
[339.         619.           9.31985338   4.        ]
[308.         644.           9.33376528   6.        ]
[ 20.       790.         9.363474  12.      ]
[ 48.         814.           9.38651589  15.        ]
[757.         817.           9.39120916  35.        ]
[752.         294.           9.41390499   4.        ]
[ 53.         715.           9.41912966   3.        ]
[799.         773.           9.47537784   8.        ]
[ 51.         807.           9.47700904  24.        ]
[736.         829.           9.53724567  38.        ]
[554.         787.           9.54753356  22.        ]
[772.         833.           9.57573938  30.        ]
[598.         830.           9.66750274   6.        ]
[589.         593.           9.69895598   4.        ]
[115.         836.           9.70663657  31.        ]
[ 22.         101.           9.72935303   2.        ]
[229.         600.           9.76179133   3.        ]
[750.         609.           9.76605139   5.        ]
[828.         794.           9.78987978  26.        ]
[  2.         806.           9.87793771  16.        ]
[832.        783.          9.8905549  10.       ]
[831.         590.           9.90952744   6.        ]
[839.         145.           9.97783727  32.        ]
[667.         795.           9.98097057  12.        ]
[771.         844.          10.00066537  25.        ]
[810.         802.          10.02817408  12.        ]
[726.         849.          10.05362217  27.        ]
[639.         813.          10.07517467  10.        ]
[719.         821.          10.10336125   8.        ]
[824.         310.          10.10427223  10.        ]
[246.         804.          10.13650798   4.        ]
[103.         822.          10.13899192   8.        ]
[784.         818.          10.14416746  21.        ]
[245.        331.         10.2223849   2.       ]
[779.         834.          10.24470996  42.        ]
[837.         788.          10.25182515  10.        ]
[105.         843.          10.25989014  27.        ]
[816.         781.          10.26358093   4.        ]
[587.         835.          10.27400548  24.        ]
[312.         825.          10.29313117   5.        ]
[ 78.         852.          10.30943124  11.        ]
[811.         847.          10.40126669  46.        ]
[725.         823.          10.40665395  20.        ]
[850.         508.          10.44774847  14.        ]
[845.         793.          10.47513066  16.        ]
[857.         599.          10.49294848  23.        ]
[812.        861.         10.5130292  31.       ]
[860.         483.          10.59703841  11.        ]
[419.         432.          10.61021415   2.        ]
[654.         859.          10.65656245  44.        ]
[  6.         403.          10.70027407   2.        ]
[  9.         805.          10.72649836   5.        ]
[622.         334.          10.76427088   3.        ]
[848.         827.          10.80180483  24.        ]
[344.         869.          10.82959483  17.        ]
[867.        815.         10.8572103  31.       ]
[675.         658.          10.95559057  11.        ]
[332.         879.          10.97396526  18.        ]
[634.         838.          10.98640116   7.        ]
[ 17.         878.          10.98702179  25.        ]
[870.         238.          11.01090999  24.        ]
[820.         841.          11.06017538   6.        ]
[871.         873.          11.08865648  33.        ]
[855.         760.          11.09173327   8.        ]
[846.         874.          11.19625483  50.        ]
[862.         866.          11.20944454  50.        ]
[868.         851.          11.22550715  41.        ]
[636.         886.          11.27114305   8.        ]
[700.         217.          11.30368869   5.        ]
[282.         872.          11.32710746  12.        ]
[883.         348.          11.37411004   8.        ]
[840.         865.          11.37690923  13.        ]
[170.         853.          11.40035785   9.        ]
[896.        858.         11.4347464  15.       ]
[165.         884.          11.56318474  26.        ]
[808.         891.          11.63890958  45.        ]
[854.         882.          11.64239693  28.        ]
[792.         880.          11.69311068  33.        ]
[731.        383.         11.8334136   6.       ]
[890.         864.          11.86152452  55.        ]
[885.         900.          11.86225206  69.        ]
[ 77.         899.          11.87655154  27.        ]
[842.         901.          11.91176651  33.        ]
[819.         340.          11.94756162   3.        ]
[300.         358.          11.96280172   2.        ]
[380.         420.          12.03831631   2.        ]
[ 67.         259.          12.10656148   2.        ]
[796.         436.          12.20036826   4.        ]
[902.         904.          12.26395544  88.        ]
[876.         913.          12.51169387  93.        ]
[889.         914.          12.60954892 143.        ]
[877.       377.        12.636979   4.      ]
[856.         826.          12.65775361  14.        ]
[875.         907.          12.71258637  35.        ]
[ 26.         917.          12.71417895  15.        ]
[ 61.         906.          12.73067892  28.        ]
[903.         894.          12.76397414  18.        ]
[895.         915.          12.77267726 151.        ]
[897.         863.          12.81066672  33.        ]
[262.         912.          12.88400552   5.        ]
[130.         158.          12.90037175   2.        ]
[888.         653.          12.93209925  10.        ]
[638.         898.          13.14935266  17.        ]
[922.         438.          13.21487003 152.        ]
[328.         367.          13.32127641   2.        ]
[911.         359.          13.33323627   3.        ]
[928.        515.         13.4987474 154.       ]
[271.         887.          13.62567585  34.        ]
[ 64.         931.          13.66274445 155.        ]
[918.         460.          13.67935351  36.        ]
[905.         923.          13.68258503 102.        ]
[168.         285.          13.69168227   2.        ]
[893.         309.          13.82223127   6.        ]
[910.         732.          13.89091547   4.        ]
[934.         927.          14.21112519  53.        ]
[920.         892.          14.33915167  36.        ]
[933.         919.          14.42569614 170.        ]
[909.         941.          14.43660573 172.        ]
[935.         921.          14.55009843 120.        ]
[939.         924.          14.56203694  58.        ]
[908.         326.          14.57593117   4.        ]
[937.         272.          14.70345683   7.        ]
[942.        441.         14.7441165 173.       ]
[944.         916.          14.76397173  62.        ]
[943.         938.          15.07258452 124.        ]
[930.         947.          15.37856713 176.        ]
[ 18.         110.          15.42568057   2.        ]
[940.         925.          15.43749845  38.        ]
[946.         929.          15.60104064   9.        ]
[949.         950.          15.89840149 300.        ]
[936.         932.          16.00668369  36.        ]
[948.         945.          16.40776088  66.        ]
[954.         953.          16.66600358 309.        ]
[951.         952.          17.13327488  40.        ]
[957.         956.          17.40763221 375.        ]
[955.         959.          17.57537946 411.        ]
[960.         926.          17.66620928 421.        ]
[427.         728.          18.37727359  10.        ]
[881.         387.          19.57340698  12.        ]
[350.         412.          21.39595769   2.        ]
[958.         963.          22.02263356  52.        ]
[965.         961.          22.48708486 473.        ]
[966.        962.         25.3414925 483.       ]
[967.         964.          27.35014617 485.        ]
