[30. 31.  0.  2.]
[70. 71.  0.  2.]
[486.  72.   0.   3.]
[487.  73.   0.   4.]
[488.  74.   0.   5.]
[93. 94.  0.  2.]
[490.  95.   0.   3.]
[491.  96.   0.   4.]
[132. 133.   0.   2.]
[493. 135.   0.   3.]
[179. 181.   0.   2.]
[182. 184.   0.   2.]
[192. 197.   0.   2.]
[205. 211.   0.   2.]
[206. 207.   0.   2.]
[499. 498.   0.   4.]
[208. 209.   0.   2.]
[212. 221.   0.   2.]
[233. 235.   0.   2.]
[503. 236.   0.   3.]
[504. 239.   0.   4.]
[505. 240.   0.   5.]
[506. 243.   0.   6.]
[286. 298.   0.   2.]
[311. 325.   0.   2.]
[316. 318.   0.   2.]
[510. 321.   0.   3.]
[319. 320.   0.   2.]
[512. 324.   0.   3.]
[430. 431.   0.   2.]
[440. 449.   0.   2.]
[443. 444.   0.   2.]
[516. 445.   0.   3.]
[448. 453.   0.   2.]
[450. 452.   0.   2.]
[519. 459.   0.   3.]
[520. 518.   0.   5.]
[467. 470.   0.   2.]
[473. 474.   0.   2.]
[8.10000000e+01 8.20000000e+01 2.38418579e-07 2.00000000e+00]
[5.24000000e+02 8.50000000e+01 2.38418579e-07 3.00000000e+00]
[1.13000000e+02 1.16000000e+02 2.38418579e-07 2.00000000e+00]
[5.26000000e+02 1.27000000e+02 2.38418579e-07 3.00000000e+00]
[2.42000000e+02 2.44000000e+02 2.38418579e-07 2.00000000e+00]
[2.99000000e+02 3.01000000e+02 2.38418579e-07 2.00000000e+00]
[3.75000000e+02 3.76000000e+02 2.38418579e-07 2.00000000e+00]
[1.40000000e+01 1.50000000e+01 3.37174788e-07 2.00000000e+00]
[1.09000000e+02 1.14000000e+02 3.37174788e-07 2.00000000e+00]
[1.12000000e+02 1.17000000e+02 3.37174788e-07 2.00000000e+00]
[5.33000000e+02 5.27000000e+02 3.37174788e-07 5.00000000e+00]
[1.20000000e+02 1.25000000e+02 3.37174788e-07 2.00000000e+00]
[1.23000000e+02 1.24000000e+02 3.37174788e-07 2.00000000e+00]
[5.36000000e+02 1.28000000e+02 3.37174788e-07 3.00000000e+00]
[1.36000000e+02 1.37000000e+02 3.37174788e-07 2.00000000e+00]
[1.49000000e+02 1.50000000e+02 3.37174788e-07 2.00000000e+00]
[5.39000000e+02 1.51000000e+02 3.37174788e-07 3.00000000e+00]
[5.40000000e+02 1.53000000e+02 3.37174788e-07 4.00000000e+00]
[1.72000000e+02 1.74000000e+02 3.37174788e-07 2.00000000e+00]
[1.78000000e+02 1.80000000e+02 3.37174788e-07 2.00000000e+00]
[1.98000000e+02 1.99000000e+02 3.37174788e-07 2.00000000e+00]
[2.25000000e+02 2.27000000e+02 3.37174788e-07 2.00000000e+00]
[2.91000000e+02 2.97000000e+02 3.37174788e-07 2.00000000e+00]
[3.61000000e+02 3.63000000e+02 3.37174788e-07 2.00000000e+00]
[3.62000000e+02 3.64000000e+02 3.37174788e-07 2.00000000e+00]
[3.68000000e+02 3.70000000e+02 3.37174788e-07 2.00000000e+00]
[3.79000000e+02 3.85000000e+02 3.37174788e-07 2.00000000e+00]
[5.50000000e+02 3.86000000e+02 3.37174788e-07 3.00000000e+00]
[5.51000000e+02 3.88000000e+02 3.37174788e-07 4.00000000e+00]
[5.52000000e+02 3.99000000e+02 3.37174788e-07 5.00000000e+00]
[5.53000000e+02 4.11000000e+02 3.37174788e-07 6.00000000e+00]
[3.95000000e+02 3.96000000e+02 3.37174788e-07 2.00000000e+00]
[5.55000000e+02 4.01000000e+02 3.37174788e-07 3.00000000e+00]
[4.56000000e+02 4.58000000e+02 3.37174788e-07 2.00000000e+00]
[5.57000000e+02 4.64000000e+02 3.37174788e-07 3.00000000e+00]
[1.57000000e+02 2.15000000e+02 4.76837158e-07 2.00000000e+00]
[5.59000000e+02 2.16000000e+02 4.76837158e-07 3.00000000e+00]
[5.60000000e+02 2.18000000e+02 4.76837158e-07 4.00000000e+00]
[5.61000000e+02 2.19000000e+02 4.76837158e-07 5.00000000e+00]
[5.62000000e+02 2.22000000e+02 4.76837158e-07 6.00000000e+00]
[2.84000000e+02 3.03000000e+02 4.76837158e-07 2.00000000e+00]
[3.33000000e+02 3.41000000e+02 4.76837158e-07 2.00000000e+00]
[4.75000000e+02 4.76000000e+02 4.76837158e-07 2.00000000e+00]
[521.         522.           0.85496573   7.        ]
[106.         107.           0.85914268   2.        ]
[500.         501.           1.25125103   6.        ]
[139.         140.           1.40077996   2.        ]
[538.        138.          1.4145242   3.       ]
[531.         16.          1.5693165   3.       ]
[446.         447.           1.57250185   2.        ]
[421.         423.           1.62115995   2.        ]
[261.         263.           1.70625308   2.        ]
[397.         413.           1.74758903   2.        ]
[342.         343.           1.75138858   2.        ]
[ 80.         525.           1.75587264   4.        ]
[543.         496.           1.79041418   4.        ]
[570.         141.           1.94362381   3.        ]
[534.         535.           1.98714815   7.        ]
[166.         167.           2.06044155   2.        ]
[37.         39.          2.17184225  2.        ]
[159.         160.           2.22239698   2.        ]
[41.         43.          2.31486861  2.        ]
[176.         183.           2.38033355   2.        ]
[352.         353.           2.47695078   2.        ]
[374.         530.           2.49337656   3.        ]
[193.         196.           2.55730685   2.        ]
[410.         574.           2.62473509   3.        ]
[232.         507.           2.63404937   7.        ]
[372.         373.           2.73618027   2.        ]
[480.         482.           2.74259607   2.        ]
[389.        576.          2.7961423   3.       ]
[442.         517.           2.81038725   4.        ]
[267.        270.          2.8104798   2.       ]
[234.         237.           2.84561683   2.        ]
[292.         304.           2.84816094   2.        ]
[345.         347.           2.85851233   2.        ]
[257.       258.         2.883864   2.      ]
[283.         287.           2.88443966   2.        ]
[351.         355.           2.89077204   2.        ]
[579.         495.           2.89582667   6.        ]
[469.        523.          2.9046361   3.       ]
[393.         556.           2.91579842   4.        ]
[544.         497.           2.91592887   4.        ]
[314.         315.           2.95171584   2.        ]
[545.         226.           2.96141823   3.        ]
[276.         564.           2.96392073   3.        ]
[461.        484.          2.9672747   2.       ]
[251.         252.           2.98679691   2.        ]
[425.         426.           3.00856131   2.        ]
[241.         528.           3.04164866   3.        ]
[75.         76.          3.04740557  2.        ]
[293.         529.           3.07458533   3.        ]
[462.         465.           3.09642131   2.        ]
[494.         134.           3.14554165   4.        ]
[148.         541.           3.16517185   5.        ]
[472.         566.           3.18612007   3.        ]
[173.        187.          3.2336249   2.       ]
[514.         434.           3.29509687   3.        ]
[154.         155.           3.35457341   2.        ]
[547.         548.           3.43071137   4.        ]
[ 40.         585.           3.43195453   3.        ]
[191.         606.           3.57419449   5.        ]
[568.         108.           3.73128146   3.        ]
[55.         58.          3.73447815  2.        ]
[189.         190.           3.81914935   2.        ]
[415.         416.           3.91071511   2.        ]
[142.         580.           3.92512761   4.        ]
[571.         144.           3.92859552   4.        ]
[87.        88.         4.0068572  2.       ]
[ 29.         485.           4.11777512   3.        ]
[451.         471.           4.14565471   2.        ]
[392.        398.          4.2497564   2.       ]
[230.         231.           4.29436739   2.        ]
[302.         306.           4.38408665   2.        ]
[147.         618.           4.59034518   6.        ]
[121.         537.           4.65963587   4.        ]
[131.         617.           4.67337643   5.        ]
[275.        278.          4.6865307   2.       ]
[249.         603.           4.73980858   7.        ]
[625.         200.           4.79393954   6.        ]
[435.         595.           4.81780671   5.        ]
[  4.         479.           4.83080362   2.        ]
[630.         143.           4.84942388   5.        ]
[511.         513.           4.85019996   6.        ]
[607.         647.           4.98014816   8.        ]
[573.         478.           5.06153201   3.        ]
[502.         214.           5.09932741   3.        ]
[565.         577.           5.11074962   4.        ]
[295.         382.           5.51791893   2.        ]
[322.         323.           5.56155229   2.        ]
[390.        391.          5.6023141   2.       ]
[356.         588.           5.62654376   4.        ]
[223.         608.           5.68914212   4.        ]
[ 3.         57.          5.74671117  2.        ]
[567.         454.           5.88016609   8.        ]
[360.         623.           5.94656571   5.        ]
[628.         643.           5.95097883   8.        ]
[591.         477.           5.99081453   8.        ]
[428.         433.           6.03818664   2.        ]
[  1.         601.           6.08206255   3.        ]
[407.         546.           6.11023344   3.        ]
[ 12.        645.          6.1610404   3.       ]
[ 92.         563.           6.16550838   7.        ]
[19.         33.          6.16677881  2.        ]
[481.         337.           6.16724897   2.        ]
[161.         613.           6.17272095   4.        ]
[220.         250.           6.21216621   2.        ]
[424.         492.           6.22236092   5.        ]
[336.         664.           6.23514408   4.        ]
[25.         54.          6.27342008  2.        ]
[162.         163.           6.27954231   2.        ]
[509.         313.           6.29927827   3.        ]
[195.         655.           6.30914126   5.        ]
[253.         642.           6.36620851   8.        ]
[330.        672.          6.3758199   5.       ]
[188.         409.           6.39274778   2.        ]
[631.        646.          6.4247762   9.       ]
[ 83.         638.           6.42586582   7.        ]
[ 34.         673.           6.44536251   3.        ]
[677.         204.           6.50423134   9.        ]
[152.         671.           6.53119337   6.        ]
[  8.        384.          6.5683659   2.       ]
[346.         616.           6.56854009   3.        ]
[665.         119.           6.58671926   4.        ]
[248.         683.           6.66160149  10.        ]
[273.         549.           6.67053989   3.        ]
[194.         669.           6.70358653   5.        ]
[676.         532.           6.70996109   7.        ]
[277.         594.           6.74097849   4.        ]
[668.         457.           6.76694223   3.        ]
[ 44.         224.           6.82746485   2.        ]
[290.         394.           6.83500883   2.        ]
[641.         307.           6.84651328   3.        ]
[349.         686.           6.85472399   4.        ]
[265.         691.           6.86643774   8.        ]
[ 98.         693.           6.89296653   4.        ]
[624.          45.           6.94949325   4.        ]
[572.         228.           6.96934674   4.        ]
[692.         612.           6.97408531   6.        ]
[269.         468.           6.98389744   2.        ]
[687.         466.           7.02452327   5.        ]
[126.         583.           7.02488858   3.        ]
[ 84.         661.           7.05866311   9.        ]
[111.         615.           7.09490718   4.        ]
[ 10.         706.           7.09857879  10.        ]
[365.         681.           7.11515818   8.        ]
[146.         657.           7.13056234   3.        ]
[705.         429.           7.16658871   4.        ]
[652.         678.           7.19425279   7.        ]
[ 79.         666.           7.19715516   8.        ]
[21.         36.          7.23674044  2.        ]
[ 89.         455.           7.25644837   2.        ]
[156.         620.           7.27877303   3.        ]
[317.        649.          7.3045779   4.       ]
[256.         581.           7.30794481   8.        ]
[186.         690.           7.31179694   6.        ]
[ 38.        698.          7.3135593   9.       ]
[586.         177.           7.34671731   3.        ]
[247.         605.           7.38836656   5.        ]
[679.         575.           7.43590843   4.        ]
[268.         357.           7.46474921   2.        ]
[280.         702.           7.46666781   7.        ]
[437.         658.           7.51076754   9.        ]
[104.         708.           7.53494291  11.        ]
[266.         720.           7.53984726  10.        ]
[ 24.         682.           7.55088894   4.        ]
[650.         670.           7.61452254   5.        ]
[406.         414.           7.64690862   2.        ]
[709.         597.           7.67805179  10.        ]
[610.         712.           7.68276806   9.        ]
[632.        667.          7.6949378   4.       ]
[ 32.         636.           7.70368532   3.        ]
[ 11.         578.           7.70635828   5.        ]
[ 13.         656.           7.71134097   5.        ]
[129.         733.           7.73083733  10.        ]
[  7.         122.           7.73324682   2.        ]
[684.         378.           7.74065675   7.        ]
[689.         366.           7.75000587   4.        ]
[ 97.         732.           7.75315057  11.        ]
[203.         489.           7.80726638   6.        ]
[685.         175.           7.87689416   3.        ]
[704.        722.          7.8887388  10.       ]
[201.         710.           7.90122792   4.        ]
[714.         735.           7.91810015   5.        ]
[719.         210.           7.91855221   7.        ]
[371.        727.          7.9221576  12.       ]
[ 65.         651.           7.92908849   5.        ]
[254.         745.           7.93294356  11.        ]
[35.         63.          7.94532586  2.        ]
[288.         723.           7.98415693   5.        ]
[697.         728.           8.02200453  14.        ]
[ 90.         717.           8.02544554   5.        ]
[ 66.         688.           8.02758333  11.        ]
[404.         738.           8.05194716  11.        ]
[542.          60.           8.08902849   3.        ]
[102.        640.          8.0975782   6.       ]
[  0.         754.           8.10102555  15.        ]
[ 59.         694.           8.13189082   3.        ]
[ 50.         327.           8.13863136   2.        ]
[696.         439.           8.14241424   4.        ]
[ 47.         756.           8.15028806  12.        ]
[744.         764.           8.15156267  15.        ]
[569.         718.           8.16795406  14.        ]
[305.         751.           8.18276272  12.        ]
[185.         741.           8.19219342   5.        ]
[758.         417.           8.23644024   4.        ]
[169.         749.           8.23879914  13.        ]
[611.         770.           8.26487597  15.        ]
[737.         707.           8.32452884   9.        ]
[335.         604.           8.37759107   4.        ]
[703.         765.           8.40435062  17.        ]
[ 46.         757.           8.45353183  12.        ]
[695.         753.           8.50128326   7.        ]
[281.         742.           8.51206909  12.        ]
[ 27.         760.           8.51478399  16.        ]
[100.         778.           8.52099373  17.        ]
[748.         582.           8.53280381   9.        ]
[725.         774.           8.55292662  24.        ]
[755.         716.           8.55426805   8.        ]
[ 5.         52.          8.57350216  2.        ]
[274.         259.           8.57467544   2.        ]
[729.        767.          8.6088251  16.       ]
[118.         701.           8.62810777   5.        ]
[584.         766.           8.64583827  16.        ]
[400.         780.           8.65418508  10.        ]
[663.         598.           8.66733465   5.        ]
[614.         660.           8.67515499  10.        ]
[ 23.         338.           8.68619066   2.        ]
[776.         402.           8.71425287   8.        ]
[761.         164.           8.72735712   4.        ]
[772.         713.           8.72768188  17.        ]
[ 28.       202.         8.750725   2.      ]
[422.         736.           8.75472747   6.        ]
[777.         783.           8.79310511  14.        ]
[405.         662.           8.82679812   3.        ]
[558.         788.           8.86911076  13.        ]
[264.         602.           8.88715059   3.        ]
[592.         763.           8.89523319   6.        ]
[793.         634.           8.89850573   6.        ]
[674.        680.          8.9080908  11.       ]
[626.          42.           8.91595044   4.        ]
[ 86.         746.           8.93135784   5.        ]
[ 49.         769.           8.94342664   5.        ]
[773.         463.           8.95408938   5.        ]
[644.         726.           8.99776753  14.        ]
[782.        105.          8.9979993   9.       ]
[ 68.         621.           9.02430916   4.        ]
[785.         369.           9.03425778  17.        ]
[786.         639.           9.03462705   9.        ]
[171.         811.           9.03769227  18.        ]
[596.        779.          9.0432164  19.       ]
[804.         296.           9.05152463   5.        ]
[797.          56.           9.06686554  15.        ]
[ 91.         750.           9.11295784   6.        ]
[807.         711.           9.13375657   9.        ]
[260.         279.           9.18508695   2.        ]
[285.         289.           9.18843866   2.        ]
[734.         814.           9.21052244  23.        ]
[816.         213.           9.23039862  16.        ]
[806.         103.           9.23281213   6.        ]
[629.         600.           9.23418142   4.        ]
[700.         627.           9.25701162   6.        ]
[ 99.        809.          9.3046265  10.       ]
[255.         813.           9.30773975  19.        ]
[339.         771.           9.31985338  16.        ]
[619.         828.           9.33348367  19.        ]
[ 62.         818.           9.35400824  10.        ]
[381.         827.           9.35561406  20.        ]
[ 20.       747.         9.363474   6.      ]
[ 69.         812.           9.39917351  10.        ]
[740.         799.           9.40015611  20.        ]
[ 53.         554.           9.41912966   7.        ]
[ 51.         654.           9.47700904   3.        ]
[ 48.         790.           9.58110219  11.        ]
[ 61.         408.           9.59776347   2.        ]
[589.         834.           9.69895598  22.        ]
[835.         787.           9.70598915  23.        ]
[115.         781.           9.70663657  25.        ]
[229.         824.           9.71024171   5.        ]
[ 22.         101.           9.72935303   2.        ]
[837.         432.           9.73603087  12.        ]
[609.         775.           9.76605139  15.        ]
[238.         792.           9.76700387   9.        ]
[805.         826.           9.76832408  15.        ]
[817.         794.           9.77136382  23.        ]
[  2.         848.           9.77809083  24.        ]
[801.         699.           9.85696255  10.        ]
[821.        803.          9.8906793  34.       ]
[721.         768.           9.90734805   8.        ]
[743.         832.           9.92149608  12.        ]
[329.         846.           9.94579516  10.        ]
[791.         599.           9.98710455   4.        ]
[715.         840.          10.01110626  25.        ]
[145.         841.          10.05184688  26.        ]
[724.         849.          10.05362217  26.        ]
[836.        857.         10.0697648  29.       ]
[739.         829.          10.09698503  21.        ]
[800.         831.          10.10683307  23.        ]
[851.         759.          10.11933499  40.        ]
[784.         822.          10.18468238  18.        ]
[418.         859.          10.21042228  30.        ]
[331.        833.         10.2223849  11.       ]
[863.         332.          10.23534755  19.        ]
[675.         648.          10.33413725  11.        ]
[810.        419.         10.5130292   5.       ]
[861.         802.          10.56552303  29.        ]
[483.         860.          10.57287219  22.        ]
[762.         344.          10.60018205   3.        ]
[294.         854.          10.62314687  11.        ]
[856.         590.          10.64723543  28.        ]
[246.         850.          10.65907187  11.        ]
[796.         853.          10.69804559  18.        ]
[  6.         875.          10.70027407  19.        ]
[ 78.        865.         10.7547129  12.       ]
[622.         334.          10.76427088   3.        ]
[869.         659.          10.76892454  34.        ]
[312.         864.          10.82202062  31.        ]
[245.         877.          10.82900752  13.        ]
[  9.       881.        10.857818  14.      ]
[844.         862.          10.88849376  52.        ]
[508.         879.          10.90210314  36.        ]
[845.         866.          10.95002997  34.        ]
[633.          26.          10.98640116   4.        ]
[874.         354.          11.01480752  12.        ]
[855.         872.          11.02921676  15.        ]
[843.         882.          11.09862649  16.        ]
[876.         752.          11.11796917  21.        ]
[871.         460.          11.13706089   4.        ]
[165.         883.          11.18285437  53.        ]
[815.         884.          11.29702101  41.        ]
[823.         830.          11.30769626  16.        ]
[282.         870.          11.32710746  23.        ]
[886.         515.          11.33195672   6.        ]
[308.         808.          11.40830915  15.        ]
[852.         892.          11.41871936  61.        ]
[839.         873.          11.44461843  50.        ]
[890.         403.          11.46994651  22.        ]
[858.        893.         11.5246079  67.       ]
[217.         901.          11.54006853  68.        ]
[795.         894.          11.69800863  18.        ]
[789.         895.          11.69831649  28.        ]
[ 17.         898.          11.73431352  62.        ]
[730.        904.         11.8334136  33.       ]
[891.         885.          11.90626876  38.        ]
[847.         902.          11.94224713  83.        ]
[340.         907.          11.94756162  39.        ]
[300.         358.          11.96280172   2.        ]
[842.         889.          11.99679769  21.        ]
[380.         420.          12.03831631   2.        ]
[838.          77.          12.13897934   3.        ]
[899.         587.          12.18652531  52.        ]
[436.         909.          12.20036826  40.        ]
[911.        635.         12.3257634  23.       ]
[383.        905.         12.3483999  63.       ]
[262.        798.         12.4934916   4.       ]
[271.         820.          12.60092542   3.        ]
[878.       377.        12.636979   4.      ]
[887.         653.          12.69424817  14.        ]
[880.         908.          12.74343085 114.        ]
[ 67.         906.          12.77877329  34.        ]
[310.        917.         12.8097136  64.       ]
[819.        915.         12.8702223  42.       ]
[896.         914.          12.88092883  58.        ]
[130.         158.          12.90037175   2.        ]
[903.         593.          12.98624366  20.        ]
[ 64.         922.          13.12210582 115.        ]
[825.        897.         13.1360014  21.       ]
[637.         359.          13.14935266   3.        ]
[328.         367.          13.32127641   2.        ]
[926.         928.          13.39231552  78.        ]
[933.         929.          13.41694766 193.        ]
[170.         888.          13.54112222  16.        ]
[900.         925.          13.55612096  64.        ]
[438.         934.          13.79110702 194.        ]
[731.         935.          13.89091547  18.        ]
[923.         921.          13.89515073  48.        ]
[168.         919.          14.00401026   4.        ]
[309.         939.          14.32793667  49.        ]
[326.         924.          14.54251999  65.        ]
[936.         920.          14.55068997  68.        ]
[868.         937.          14.66596141 199.        ]
[918.         943.          14.78513973  72.        ]
[910.         944.          14.83897237 201.        ]
[931.         945.          14.93338792  75.        ]
[938.         942.          14.93945944  83.        ]
[441.         946.          15.35363839 202.        ]
[110.         949.          15.42568057 203.        ]
[913.         916.          15.44858351  26.        ]
[912.         948.          15.65168289  85.        ]
[930.         941.          15.86471066  70.        ]
[951.         950.          16.21154403 229.        ]
[953.         272.          16.22441239  71.        ]
[954.         947.          17.15425055 304.        ]
[955.         932.          17.29076994  73.        ]
[956.         957.          17.59249314 377.        ]
[927.         958.          17.73614388 379.        ]
[348.         350.          18.11101006   2.        ]
[959.         952.          18.69084451 464.        ]
[867.        387.         19.5461416  12.       ]
[ 18.        961.         19.8659061 465.       ]
[963.         962.          21.73755647 477.        ]
[940.         960.          23.08139368   6.        ]
[964.         427.          23.47702041 478.        ]
[966.         965.          25.48400772 484.        ]
[967.         412.          33.20952691 485.        ]
