[30. 31.  0.  2.]
[70. 71.  0.  2.]
[486.  72.   0.   3.]
[487.  73.   0.   4.]
[488.  74.   0.   5.]
[93. 94.  0.  2.]
[490.  95.   0.   3.]
[491.  96.   0.   4.]
[132. 133.   0.   2.]
[493. 135.   0.   3.]
[179. 181.   0.   2.]
[182. 184.   0.   2.]
[192. 197.   0.   2.]
[205. 211.   0.   2.]
[206. 207.   0.   2.]
[499. 498.   0.   4.]
[209. 500.   0.   5.]
[212. 221.   0.   2.]
[233. 235.   0.   2.]
[503. 236.   0.   3.]
[504. 239.   0.   4.]
[505. 240.   0.   5.]
[506. 243.   0.   6.]
[286. 298.   0.   2.]
[311. 325.   0.   2.]
[316. 318.   0.   2.]
[510. 321.   0.   3.]
[319. 320.   0.   2.]
[512. 324.   0.   3.]
[430. 431.   0.   2.]
[440. 449.   0.   2.]
[443. 444.   0.   2.]
[516. 445.   0.   3.]
[448. 453.   0.   2.]
[450. 452.   0.   2.]
[519. 459.   0.   3.]
[520. 518.   0.   5.]
[470. 521.   0.   6.]
[473. 474.   0.   2.]
[8.10000000e+01 8.20000000e+01 2.38418579e-07 2.00000000e+00]
[5.24000000e+02 8.50000000e+01 2.38418579e-07 3.00000000e+00]
[1.13000000e+02 1.16000000e+02 2.38418579e-07 2.00000000e+00]
[5.26000000e+02 1.27000000e+02 2.38418579e-07 3.00000000e+00]
[2.42000000e+02 2.44000000e+02 2.38418579e-07 2.00000000e+00]
[2.99000000e+02 3.01000000e+02 2.38418579e-07 2.00000000e+00]
[3.75000000e+02 3.76000000e+02 2.38418579e-07 2.00000000e+00]
[1.40000000e+01 1.50000000e+01 3.37174788e-07 2.00000000e+00]
[1.09000000e+02 1.14000000e+02 3.37174788e-07 2.00000000e+00]
[1.12000000e+02 1.17000000e+02 3.37174788e-07 2.00000000e+00]
[5.33000000e+02 5.27000000e+02 3.37174788e-07 5.00000000e+00]
[1.25000000e+02 5.34000000e+02 3.37174788e-07 6.00000000e+00]
[1.23000000e+02 1.24000000e+02 3.37174788e-07 2.00000000e+00]
[5.36000000e+02 1.28000000e+02 3.37174788e-07 3.00000000e+00]
[1.36000000e+02 1.37000000e+02 3.37174788e-07 2.00000000e+00]
[1.49000000e+02 1.50000000e+02 3.37174788e-07 2.00000000e+00]
[5.39000000e+02 1.51000000e+02 3.37174788e-07 3.00000000e+00]
[5.40000000e+02 1.53000000e+02 3.37174788e-07 4.00000000e+00]
[1.72000000e+02 1.74000000e+02 3.37174788e-07 2.00000000e+00]
[1.80000000e+02 4.96000000e+02 3.37174788e-07 3.00000000e+00]
[1.98000000e+02 1.99000000e+02 3.37174788e-07 2.00000000e+00]
[2.25000000e+02 2.27000000e+02 3.37174788e-07 2.00000000e+00]
[2.91000000e+02 2.97000000e+02 3.37174788e-07 2.00000000e+00]
[3.61000000e+02 3.63000000e+02 3.37174788e-07 2.00000000e+00]
[3.62000000e+02 3.64000000e+02 3.37174788e-07 2.00000000e+00]
[3.68000000e+02 3.70000000e+02 3.37174788e-07 2.00000000e+00]
[3.79000000e+02 3.85000000e+02 3.37174788e-07 2.00000000e+00]
[5.50000000e+02 3.86000000e+02 3.37174788e-07 3.00000000e+00]
[5.51000000e+02 3.88000000e+02 3.37174788e-07 4.00000000e+00]
[5.52000000e+02 3.99000000e+02 3.37174788e-07 5.00000000e+00]
[5.53000000e+02 4.11000000e+02 3.37174788e-07 6.00000000e+00]
[3.95000000e+02 3.96000000e+02 3.37174788e-07 2.00000000e+00]
[5.55000000e+02 4.01000000e+02 3.37174788e-07 3.00000000e+00]
[4.56000000e+02 4.58000000e+02 3.37174788e-07 2.00000000e+00]
[5.57000000e+02 4.64000000e+02 3.37174788e-07 3.00000000e+00]
[1.57000000e+02 2.15000000e+02 4.76837158e-07 2.00000000e+00]
[5.59000000e+02 2.16000000e+02 4.76837158e-07 3.00000000e+00]
[5.60000000e+02 2.18000000e+02 4.76837158e-07 4.00000000e+00]
[5.61000000e+02 2.19000000e+02 4.76837158e-07 5.00000000e+00]
[5.62000000e+02 2.22000000e+02 4.76837158e-07 6.00000000e+00]
[2.84000000e+02 3.03000000e+02 4.76837158e-07 2.00000000e+00]
[3.33000000e+02 3.41000000e+02 4.76837158e-07 2.00000000e+00]
[4.75000000e+02 4.76000000e+02 4.76837158e-07 2.00000000e+00]
[4.67000000e+02 5.22000000e+02 3.88620785e-01 7.00000000e+00]
[208.         501.           0.55611157   6.        ]
[543.         495.           0.71616587   5.        ]
[106.         107.           0.85914268   2.        ]
[120.         535.           0.90324934   7.        ]
[139.         140.           1.40077996   2.        ]
[538.        138.          1.4145242   3.       ]
[178.         569.           1.43680227   6.        ]
[531.         16.          1.5693165   3.       ]
[446.         447.           1.57250185   2.        ]
[421.         423.           1.62115995   2.        ]
[261.         263.           1.70625308   2.        ]
[397.         413.           1.74758903   2.        ]
[342.         343.           1.75138858   2.        ]
[ 80.         525.           1.75587264   4.        ]
[141.         573.           1.94362381   4.        ]
[166.         167.           2.06044155   2.        ]
[37.         39.          2.17184225  2.        ]
[159.         160.           2.22239698   2.        ]
[41.         43.          2.31486861  2.        ]
[183.         574.           2.38033355   7.        ]
[352.         353.           2.47695078   2.        ]
[374.         530.           2.49337656   3.        ]
[193.         196.           2.55730685   2.        ]
[410.         577.           2.62473509   3.        ]
[232.         507.           2.63404937   7.        ]
[372.         373.           2.73618027   2.        ]
[480.         482.           2.74259607   2.        ]
[389.        579.          2.7961423   3.       ]
[442.         517.           2.81038725   4.        ]
[267.        270.          2.8104798   2.       ]
[234.         237.           2.84561683   2.        ]
[292.         304.           2.84816094   2.        ]
[345.         347.           2.85851233   2.        ]
[257.       258.         2.883864   2.      ]
[283.         287.           2.88443966   2.        ]
[351.         355.           2.89077204   2.        ]
[469.        523.          2.9046361   3.       ]
[393.         556.           2.91579842   4.        ]
[544.         497.           2.91592887   4.        ]
[315.         511.           2.95171584   4.        ]
[545.         226.           2.96141823   3.        ]
[276.         564.           2.96392073   3.        ]
[461.        484.          2.9672747   2.       ]
[251.         252.           2.98679691   2.        ]
[425.         426.           3.00856131   2.        ]
[241.         528.           3.04164866   3.        ]
[75.         76.          3.04740557  2.        ]
[293.         529.           3.07458533   3.        ]
[462.         465.           3.09642131   2.        ]
[494.         134.           3.14554165   4.        ]
[148.         541.           3.16517185   5.        ]
[472.         566.           3.18612007   3.        ]
[173.        187.          3.2336249   2.       ]
[514.         434.           3.29509687   3.        ]
[154.         155.           3.35457341   2.        ]
[547.         548.           3.43071137   4.        ]
[ 40.         586.           3.43195453   3.        ]
[191.         606.           3.57419449   5.        ]
[176.         587.           3.60244179   8.        ]
[572.         582.           3.71543849   6.        ]
[570.         108.           3.73128146   3.        ]
[55.         58.          3.73447815  2.        ]
[190.         625.           3.81914935   6.        ]
[607.         513.           3.88004641   7.        ]
[415.         416.           3.91071511   2.        ]
[142.         627.           3.92512761   7.        ]
[87.        88.         4.0068572  2.       ]
[ 29.         485.           4.11777512   3.        ]
[451.         471.           4.14565471   2.        ]
[314.         631.           4.14606865   8.        ]
[392.        398.          4.2497564   2.       ]
[231.         613.           4.29436739   4.        ]
[302.         306.           4.38408665   2.        ]
[147.         618.           4.59034518   6.        ]
[121.         537.           4.65963587   4.        ]
[131.         617.           4.67337643   5.        ]
[275.        278.          4.6865307   2.       ]
[189.         630.           4.71604755   7.        ]
[248.         249.           4.73980858   2.        ]
[435.         596.           4.81780671   5.        ]
[479.         466.           4.83080362   2.        ]
[633.         143.           4.99004718   8.        ]
[576.         478.           5.06153201   3.        ]
[502.         214.           5.09932741   3.        ]
[565.         580.           5.11074962   4.        ]
[567.         647.           5.48068069  12.        ]
[295.         382.           5.51791893   2.        ]
[322.         323.           5.56155229   2.        ]
[390.        391.          5.6023141   2.       ]
[356.         589.           5.62654376   4.        ]
[223.         608.           5.68914212   4.        ]
[648.         277.           5.73151079   3.        ]
[ 3.         57.          5.74671117  2.        ]
[646.         253.           5.89081792   3.        ]
[623.         492.           5.94656571   8.        ]
[592.          84.           5.99081453   8.        ]
[433.         616.           6.03818664   3.        ]
[602.         605.           6.08206255   6.        ]
[407.         546.           6.11023344   3.        ]
[ 12.         659.           6.14155567   4.        ]
[ 92.         563.           6.16550838   7.        ]
[ 33.         663.           6.16677881   9.        ]
[481.         337.           6.16724897   2.        ]
[161.         639.           6.17272095   5.        ]
[220.         651.           6.21216621   4.        ]
[  4.         667.           6.21921441   5.        ]
[152.         558.           6.22236092   4.        ]
[454.         653.           6.24815927  13.        ]
[336.         666.           6.25281368   4.        ]
[25.         54.          6.27342008  2.        ]
[163.         634.           6.27954231   3.        ]
[509.         313.           6.29927827   3.        ]
[195.         657.           6.30914126   5.        ]
[330.        676.          6.3758199   5.       ]
[649.         677.           6.38079864  10.        ]
[409.         402.           6.39274778   2.        ]
[ 83.         641.           6.42586582   7.        ]
[34.         42.          6.44536251  2.        ]
[  8.        595.          6.5683659   4.       ]
[269.        477.          6.6306703   2.       ]
[273.         549.           6.67053989   3.        ]
[672.         250.           6.69128288   5.        ]
[532.         680.           6.70358653   7.        ]
[194.         671.           6.70512218   6.        ]
[119.         673.           6.73742497   6.        ]
[188.         658.           6.75066748   5.        ]
[670.         457.           6.76694223   3.        ]
[ 44.         681.           6.82746485   6.        ]
[290.         394.           6.83500883   2.        ]
[307.         694.           6.84651328   4.        ]
[349.         346.           6.85472399   2.        ]
[265.         690.           6.86643774   8.        ]
[682.         144.           6.87729951  11.        ]
[624.         629.           6.94949325   5.        ]
[575.         228.           6.96934674   4.        ]
[126.         584.           7.02488858   3.        ]
[692.         247.           7.06439371   7.        ]
[687.         468.           7.09471138   3.        ]
[111.         615.           7.09490718   4.        ]
[ 10.         104.           7.09857879   2.        ]
[365.         684.           7.11515818   8.        ]
[186.         691.           7.12946037   7.        ]
[ 99.         146.           7.13056234   2.        ]
[701.          45.           7.13172617   6.        ]
[256.         571.           7.13262705   8.        ]
[429.         708.           7.16658871   9.        ]
[654.         695.           7.19425279   8.        ]
[ 79.         668.           7.19715516   8.        ]
[21.         36.          7.23674044  2.        ]
[ 89.         712.           7.25644837   9.        ]
[156.         620.           7.27877303   3.        ]
[317.        650.          7.3045779   4.       ]
[ 38.        699.          7.3135593   9.       ]
[714.         612.           7.41821852  10.        ]
[678.         669.           7.42941101  12.        ]
[626.         661.           7.43402573  11.        ]
[674.         424.           7.46046731   5.        ]
[268.         706.           7.46474921   5.        ]
[280.         705.           7.46666781   4.        ]
[204.         709.           7.49277441   8.        ]
[ 24.         685.           7.51410341   3.        ]
[266.         720.           7.53984726  10.        ]
[644.         697.           7.57673928   6.        ]
[200.         727.           7.58399817   9.        ]
[414.         568.           7.64690862   7.        ]
[610.         729.           7.68276806  12.        ]
[686.         636.           7.69236311   6.        ]
[ 11.         715.           7.70635828   9.        ]
[129.         733.           7.73083733  13.        ]
[  7.         704.           7.73324682   8.        ]
[185.         723.           7.75000587  12.        ]
[224.         662.           7.75593029   9.        ]
[203.         489.           7.80726638   6.        ]
[ 13.         693.           7.87856959   6.        ]
[201.         707.           7.90122792   3.        ]
[405.         664.           7.91647983   4.        ]
[716.          27.           7.91810015   3.        ]
[371.        722.          7.9221576  13.       ]
[ 35.         609.           7.94532586   4.        ]
[288.         696.           7.98415693   3.        ]
[665.         599.           8.00143632   8.        ]
[ 32.         744.           8.00725268   4.        ]
[728.        721.          8.0198543  13.       ]
[ 90.         718.           8.02544554   4.        ]
[ 47.         734.           8.02758333   7.        ]
[404.         736.           8.05194716  14.        ]
[  0.         740.           8.06578848   7.        ]
[725.         652.           8.07626062   9.        ]
[542.          60.           8.08902849   3.        ]
[102.        643.          8.0975782   6.       ]
[122.         737.           8.10117853   9.        ]
[254.         750.           8.12002128  14.        ]
[598.         713.           8.12864447  11.        ]
[327.         698.           8.13863136   3.        ]
[ 50.         702.           8.16065434   5.        ]
[384.         752.           8.16961437   8.        ]
[305.         759.           8.18276272  15.        ]
[756.          49.           8.23644024   4.        ]
[611.         312.           8.23879914   3.        ]
[329.         763.           8.27931957   9.        ]
[ 65.         755.           8.28403916  10.        ]
[688.         738.           8.30343231  15.        ]
[ 97.         760.           8.30394335  12.        ]
[175.         767.           8.35765976  10.        ]
[169.         745.           8.36200109  14.        ]
[335.         604.           8.37759107   4.        ]
[614.         645.           8.40958601   9.        ]
[753.         274.           8.41023597  15.        ]
[230.         749.           8.41065244   5.        ]
[ 52.         739.           8.43910911  10.        ]
[742.         769.           8.45400917  18.        ]
[748.        747.          8.4614153  11.       ]
[724.         731.           8.46495986  14.        ]
[417.         765.           8.47774344   5.        ]
[ 46.         775.           8.49909297  16.        ]
[164.         554.           8.50867198   7.        ]
[255.         281.           8.51206909   2.        ]
[100.         597.           8.52099373   3.        ]
[719.         774.           8.61055591  13.        ]
[118.         642.           8.62810777   5.        ]
[710.         751.           8.63223955   6.        ]
[717.         591.           8.64532227  12.        ]
[  5.         770.           8.64552786  13.        ]
[585.         783.           8.64583827   9.        ]
[422.         790.           8.67208844  14.        ]
[768.          91.           8.67355962  11.        ]
[ 23.         778.           8.68619066  19.        ]
[296.         628.           8.70996368   4.        ]
[ 48.         786.           8.71053091  14.        ]
[338.        794.          8.7109262  20.       ]
[378.         780.           8.72509635  15.        ]
[735.         792.           8.73430056  23.        ]
[202.       795.         8.750725   5.      ]
[ 56.         754.           8.80460099   8.        ]
[777.         381.           8.81152937  11.        ]
[264.         802.           8.88887407  12.        ]
[726.         772.           8.89223132  18.        ]
[593.         730.           8.89523319   8.        ]
[578.         779.           8.90649706  13.        ]
[805.         439.           8.91970991   9.        ]
[418.         804.           8.93135784  19.        ]
[  1.         806.           8.94658701  14.        ]
[773.         463.           8.95408938   5.        ]
[ 51.        776.          9.0201115   6.       ]
[621.         796.           9.02430916  17.        ]
[788.         660.           9.02918888   8.        ]
[171.         764.           9.03769227  16.        ]
[789.          53.           9.05560319  13.        ]
[815.         656.           9.08325972  15.        ]
[162.        757.          9.0895187   7.       ]
[400.         798.           9.10474503  16.        ]
[ 62.         810.           9.13375657   6.        ]
[369.         814.           9.17019287  17.        ]
[260.         279.           9.18508695   2.        ]
[289.         809.           9.18843866  15.        ]
[603.        803.          9.2102618  14.       ]
[743.         761.           9.21175214   7.        ]
[ 86.         808.           9.22074195  20.        ]
[210.         799.           9.22990624  24.        ]
[632.         601.           9.23418142   4.        ]
[746.         787.           9.24358523   9.        ]
[766.         619.           9.26443133   6.        ]
[339.         820.           9.28760423  18.        ]
[816.         826.           9.28977421  39.        ]
[785.         700.           9.29019821  14.        ]
[ 66.         797.           9.31059326  21.        ]
[ 20.       832.         9.363474  15.      ]
[801.         834.           9.50503167  23.        ]
[683.         741.           9.59624462   8.        ]
[408.         817.           9.59776347   8.        ]
[836.        823.          9.6280725  22.       ]
[762.         782.           9.69223669  21.        ]
[590.         818.           9.69895598  18.        ]
[115.         830.           9.70663657  19.        ]
[827.         837.           9.71024171  12.        ]
[ 22.         828.           9.72935303  10.        ]
[703.         839.           9.74682905  24.        ]
[800.         583.           9.76928323   7.        ]
[213.         841.           9.77054194  20.        ]
[781.         813.           9.85220262  13.        ]
[838.         825.           9.89700179  42.        ]
[732.         791.           9.90352004  16.        ]
[793.         357.           9.90572688  12.        ]
[675.         711.           9.96254274  19.        ]
[850.         848.          10.00633276  54.        ]
[105.        812.         10.0978973  18.       ]
[145.         847.          10.10076479  14.        ]
[ 98.         840.          10.19578458  19.        ]
[245.          2.         10.2223849   2.       ]
[831.         835.          10.22245232  62.        ]
[771.         833.          10.24110259  31.        ]
[807.         784.          10.29378491  11.        ]
[853.          68.          10.32584448  19.        ]
[637.         857.          10.36388057  70.        ]
[860.         432.          10.37982501  20.        ]
[858.         600.          10.44589546  33.        ]
[331.         843.          10.45619697  11.        ]
[846.         758.          10.48269095  29.        ]
[845.         855.          10.48491166  26.        ]
[819.         854.          10.49334807  20.        ]
[865.         829.          10.55490938  35.        ]
[844.         332.          10.55711862  25.        ]
[238.        863.         10.5843335  34.       ]
[246.         859.          10.59081548  12.        ]
[294.         870.          10.62314687  35.        ]
[867.         866.          10.69228773  46.        ]
[  6.         869.          10.70027407  26.        ]
[170.         849.          10.73311033  17.        ]
[871.         655.          10.73547539  14.        ]
[ 19.         811.          10.76008081   7.        ]
[622.         581.          10.76427088   6.        ]
[177.        877.         10.7881701   8.       ]
[852.         508.          10.79274783  56.        ]
[262.         824.          10.80087322   8.        ]
[344.         436.          10.82959483   2.        ]
[861.         588.          10.85390326  72.        ]
[883.         455.          10.89411145  73.        ]
[864.         856.          10.89676212  13.        ]
[635.         515.          10.98640116   5.        ]
[ 63.         874.          11.00178742  27.        ]
[ 78.        885.         11.0593878  14.       ]
[862.         880.          11.07421856  76.        ]
[689.         868.          11.08089371  40.        ]
[875.         59.         11.1222194  18.       ]
[876.         354.          11.12716999  15.        ]
[842.         638.          11.21357512  14.        ]
[873.         103.          11.24484306  47.        ]
[165.         872.          11.25604902  36.        ]
[891.         130.          11.28115206  19.        ]
[ 77.         879.          11.32710746   9.        ]
[ 28.         894.          11.37448317  48.        ]
[229.        888.         11.4072713  15.       ]
[896.          17.          11.48464262  20.        ]
[334.         887.          11.48674976  28.        ]
[900.         366.          11.67804522  21.        ]
[  9.         878.          11.73758813   7.        ]
[483.         890.          11.75154362  41.        ]
[822.         904.          11.85535285  56.        ]
[360.         821.          11.85734461   3.        ]
[851.        903.         11.9526802  26.       ]
[300.         889.          11.96280172  77.        ]
[899.        893.         12.0001606  29.       ]
[897.         895.          12.03289662  45.        ]
[380.         906.          12.03831631   4.        ]
[217.        907.         12.0789664  27.       ]
[ 26.         898.          12.10373042  49.        ]
[ 67.         892.          12.10656148  16.        ]
[901.         882.          12.10668405  30.        ]
[915.         403.          12.13845156  31.        ]
[ 69.         427.          12.27200855   2.        ]
[383.        913.         12.3483999  50.       ]
[310.         910.          12.41144265  46.        ]
[886.         884.          12.41508792  78.        ]
[909.         919.          12.60243787  75.        ]
[308.         908.          12.66012675  78.        ]
[428.         916.          12.96045733  32.        ]
[640.         918.          13.14935266  52.        ]
[282.         921.          13.18520068  76.        ]
[358.         902.          13.23190438  22.        ]
[911.         406.          13.29281998   5.        ]
[328.         912.          13.32127641  28.        ]
[377.         923.          13.43829263  33.        ]
[348.         920.          13.49912018  79.        ]
[259.         914.          13.62497576  17.        ]
[271.         905.          13.62567585  57.        ]
[ 64.         924.          13.66274445  53.        ]
[285.         932.          13.69168227  58.        ]
[101.         881.          13.75192464   9.        ]
[934.         309.          13.89339474  59.        ]
[936.         931.          13.93656159  76.        ]
[594.         930.          13.94594513  81.        ]
[938.         933.          14.22454006 134.        ]
[326.        926.         14.2893034  23.       ]
[928.         922.          14.30373916 106.        ]
[927.         940.          14.33064746  28.        ]
[438.         939.          14.39007904 135.        ]
[168.         937.          14.44326786  77.        ]
[460.         929.          14.64818553  34.        ]
[359.         943.          14.87679224 136.        ]
[420.         944.          15.21992639  78.        ]
[441.         925.          15.35363839  77.        ]
[110.         946.          15.42568057 137.        ]
[ 61.         948.          15.54193085  78.        ]
[367.         941.          15.56077167 107.        ]
[917.         951.          15.68833792 109.        ]
[ 18.         949.          16.12254988 138.        ]
[935.         953.          16.16818998 147.        ]
[947.         942.          16.55732019 106.        ]
[419.        955.         16.7589441 107.       ]
[945.         954.          17.08958295 181.        ]
[950.         957.          17.97124839 259.        ]
[952.         958.          18.94223221 368.        ]
[158.         959.          19.35863594 369.        ]
[956.         960.          19.54322774 476.        ]
[961.         679.          20.09453835 479.        ]
[272.         962.          20.11331101 480.        ]
[350.         963.          21.39595769 481.        ]
[340.         964.          25.10843273 482.        ]
[387.         437.          26.01696531   2.        ]
[965.        966.         26.6624433 484.       ]
[967.         412.          29.38046502 485.        ]
