[30. 31.  0.  2.]
[70. 71.  0.  2.]
[486.  72.   0.   3.]
[487.  73.   0.   4.]
[488.  74.   0.   5.]
[93. 94.  0.  2.]
[490.  95.   0.   3.]
[491.  96.   0.   4.]
[132. 133.   0.   2.]
[493. 135.   0.   3.]
[179. 181.   0.   2.]
[182. 184.   0.   2.]
[192. 197.   0.   2.]
[205. 211.   0.   2.]
[206. 207.   0.   2.]
[499. 498.   0.   4.]
[209. 500.   0.   5.]
[212. 221.   0.   2.]
[233. 235.   0.   2.]
[503. 236.   0.   3.]
[504. 239.   0.   4.]
[505. 240.   0.   5.]
[506. 243.   0.   6.]
[286. 298.   0.   2.]
[311. 325.   0.   2.]
[316. 318.   0.   2.]
[510. 321.   0.   3.]
[319. 320.   0.   2.]
[512. 324.   0.   3.]
[430. 431.   0.   2.]
[440. 449.   0.   2.]
[443. 444.   0.   2.]
[516. 445.   0.   3.]
[448. 453.   0.   2.]
[450. 452.   0.   2.]
[519. 459.   0.   3.]
[520. 518.   0.   5.]
[470. 521.   0.   6.]
[473. 474.   0.   2.]
[8.10000000e+01 8.20000000e+01 2.38418579e-07 2.00000000e+00]
[5.24000000e+02 8.50000000e+01 2.38418579e-07 3.00000000e+00]
[1.13000000e+02 1.16000000e+02 2.38418579e-07 2.00000000e+00]
[5.26000000e+02 1.27000000e+02 2.38418579e-07 3.00000000e+00]
[2.42000000e+02 2.44000000e+02 2.38418579e-07 2.00000000e+00]
[2.99000000e+02 3.01000000e+02 2.38418579e-07 2.00000000e+00]
[3.75000000e+02 3.76000000e+02 2.38418579e-07 2.00000000e+00]
[1.40000000e+01 1.50000000e+01 3.37174788e-07 2.00000000e+00]
[1.14000000e+02 5.30000000e+02 3.37174788e-07 3.00000000e+00]
[1.12000000e+02 1.17000000e+02 3.37174788e-07 2.00000000e+00]
[5.33000000e+02 5.27000000e+02 3.37174788e-07 5.00000000e+00]
[1.25000000e+02 5.34000000e+02 3.37174788e-07 6.00000000e+00]
[1.23000000e+02 1.24000000e+02 3.37174788e-07 2.00000000e+00]
[5.36000000e+02 1.28000000e+02 3.37174788e-07 3.00000000e+00]
[1.36000000e+02 1.37000000e+02 3.37174788e-07 2.00000000e+00]
[1.49000000e+02 1.50000000e+02 3.37174788e-07 2.00000000e+00]
[5.39000000e+02 1.51000000e+02 3.37174788e-07 3.00000000e+00]
[5.40000000e+02 1.53000000e+02 3.37174788e-07 4.00000000e+00]
[1.72000000e+02 1.74000000e+02 3.37174788e-07 2.00000000e+00]
[1.80000000e+02 4.96000000e+02 3.37174788e-07 3.00000000e+00]
[1.98000000e+02 1.99000000e+02 3.37174788e-07 2.00000000e+00]
[2.25000000e+02 2.27000000e+02 3.37174788e-07 2.00000000e+00]
[2.91000000e+02 2.97000000e+02 3.37174788e-07 2.00000000e+00]
[3.61000000e+02 3.63000000e+02 3.37174788e-07 2.00000000e+00]
[3.64000000e+02 5.47000000e+02 3.37174788e-07 3.00000000e+00]
[3.70000000e+02 5.07000000e+02 3.37174788e-07 7.00000000e+00]
[3.79000000e+02 3.85000000e+02 3.37174788e-07 2.00000000e+00]
[5.50000000e+02 3.86000000e+02 3.37174788e-07 3.00000000e+00]
[5.51000000e+02 3.88000000e+02 3.37174788e-07 4.00000000e+00]
[5.52000000e+02 3.99000000e+02 3.37174788e-07 5.00000000e+00]
[5.53000000e+02 4.11000000e+02 3.37174788e-07 6.00000000e+00]
[3.95000000e+02 3.96000000e+02 3.37174788e-07 2.00000000e+00]
[5.55000000e+02 4.01000000e+02 3.37174788e-07 3.00000000e+00]
[4.56000000e+02 4.58000000e+02 3.37174788e-07 2.00000000e+00]
[5.57000000e+02 4.64000000e+02 3.37174788e-07 3.00000000e+00]
[1.57000000e+02 2.15000000e+02 4.76837158e-07 2.00000000e+00]
[5.59000000e+02 2.16000000e+02 4.76837158e-07 3.00000000e+00]
[5.60000000e+02 2.18000000e+02 4.76837158e-07 4.00000000e+00]
[5.61000000e+02 2.19000000e+02 4.76837158e-07 5.00000000e+00]
[5.62000000e+02 5.32000000e+02 4.76837158e-07 8.00000000e+00]
[2.84000000e+02 3.03000000e+02 4.76837158e-07 2.00000000e+00]
[3.33000000e+02 3.41000000e+02 4.76837158e-07 2.00000000e+00]
[4.75000000e+02 4.76000000e+02 4.76837158e-07 2.00000000e+00]
[4.67000000e+02 5.22000000e+02 3.88620785e-01 7.00000000e+00]
[208.         501.           0.55611157   6.        ]
[543.         495.           0.71616587   5.        ]
[106.         107.           0.85914268   2.        ]
[120.         535.           0.90324934   7.        ]
[362.         548.           1.37228475   4.        ]
[139.         140.           1.40077996   2.        ]
[538.        138.          1.4145242   3.       ]
[178.         569.           1.43680227   6.        ]
[531.         16.          1.5693165   3.       ]
[447.         514.           1.57250185   3.        ]
[421.         423.           1.62115995   2.        ]
[263.         556.           1.70625308   4.        ]
[397.         413.           1.74758903   2.        ]
[342.         565.           1.75138858   3.        ]
[ 80.         525.           1.75587264   4.        ]
[141.         574.           1.94362381   4.        ]
[563.         222.           1.98683956   9.        ]
[167.         517.           2.06044155   4.        ]
[37.         39.          2.17184225  2.        ]
[160.         554.           2.22239698   7.        ]
[41.         43.          2.31486861  2.        ]
[183.         575.           2.38033355   7.        ]
[353.         558.           2.47695078   4.        ]
[196.         544.           2.55730685   3.        ]
[578.         571.           2.62473509   9.        ]
[372.         373.           2.73618027   2.        ]
[482.         591.           2.74259607   4.        ]
[389.        580.          2.7961423   3.       ]
[267.        270.          2.8104798   2.       ]
[234.         237.           2.84561683   2.        ]
[292.         304.           2.84816094   2.        ]
[347.         549.           2.85851233   8.        ]
[258.       584.         2.883864  10.      ]
[287.         598.           2.88443966   3.        ]
[355.         572.           2.89077204   5.        ]
[469.        523.          2.9046361   3.       ]
[315.         511.           2.95171584   4.        ]
[545.         226.           2.96141823   3.        ]
[276.         564.           2.96392073   3.        ]
[461.        484.          2.9672747   2.       ]
[251.         252.           2.98679691   2.        ]
[425.         426.           3.00856131   2.        ]
[241.         528.           3.04164866   3.        ]
[ 75.         497.           3.04740557   3.        ]
[529.         605.           3.07458533   5.        ]
[462.         465.           3.09642131   2.        ]
[494.         134.           3.14554165   4.        ]
[148.         541.           3.16517185   5.        ]
[472.         566.           3.18612007   3.        ]
[173.        187.          3.2336249   2.       ]
[154.         155.           3.35457341   2.        ]
[ 40.         588.           3.43195453   3.        ]
[581.         343.           3.46538078   4.        ]
[176.         589.           3.60244179   8.        ]
[435.         567.           3.61335503   8.        ]
[573.         583.           3.71543849   6.        ]
[570.         108.           3.73128146   3.        ]
[ 58.         585.           3.73447815   5.        ]
[189.         611.           3.81914935   4.        ]
[604.         513.           3.88004641   7.        ]
[190.         626.           3.90040009   5.        ]
[415.         416.           3.91071511   2.        ]
[142.         623.           3.92512761   7.        ]
[87.        88.         4.0068572  2.       ]
[485.         610.           4.11777512   5.        ]
[471.         595.           4.14565471   4.        ]
[314.         627.           4.14606865   8.        ]
[398.        600.          4.2497564  11.       ]
[230.         231.           4.29436739   2.        ]
[446.         577.           4.35871191   4.        ]
[302.         306.           4.38408665   2.        ]
[147.         615.           4.59034518   6.        ]
[121.         537.           4.65963587   4.        ]
[614.         631.           4.67337643   6.        ]
[275.        278.          4.6865307   2.       ]
[261.        579.          4.7370176   5.       ]
[248.         249.           4.73980858   2.        ]
[479.         466.           4.83080362   2.        ]
[283.         601.           4.92858851   4.        ]
[630.         143.           4.99004718   8.        ]
[502.         214.           5.09932741   3.        ]
[628.         191.           5.10032697   6.        ]
[612.         111.           5.23709978   6.        ]
[587.         644.           5.41478043   9.        ]
[295.         382.           5.51791893   2.        ]
[477.         269.           5.53085251   2.        ]
[322.         323.           5.56155229   2.        ]
[650.         223.           5.59550938   7.        ]
[390.        391.          5.6023141   2.       ]
[622.         442.           5.65153564   9.        ]
[592.         210.           5.65331277  10.        ]
[645.         277.           5.73151079   3.        ]
[352.         590.           5.73445105   5.        ]
[ 3.         57.          5.74671117  2.        ]
[451.         633.           5.77470643   5.        ]
[637.         478.           5.78743224   5.        ]
[356.         374.           5.81398113   2.        ]
[131.         641.           5.97061463   7.        ]
[658.          34.           6.02090678  11.        ]
[351.         602.           6.02417572   6.        ]
[433.         613.           6.03818664   3.        ]
[594.         193.           6.04531697   5.        ]
[407.         546.           6.11023344   3.        ]
[ 12.         659.           6.14155567   4.        ]
[599.         232.           6.14838332   9.        ]
[ 92.         608.           6.16550838   3.        ]
[ 33.         596.           6.16677881   3.        ]
[481.         337.           6.16724897   2.        ]
[651.         253.           6.17178281  10.        ]
[  7.         675.           6.17272095   3.        ]
[220.         648.           6.21216621   4.        ]
[655.         156.           6.21296866   8.        ]
[  4.         671.           6.21921441   5.        ]
[424.         492.           6.22236092   5.        ]
[336.         670.           6.25281368   4.        ]
[25.         54.          6.27342008  2.        ]
[162.         163.           6.27954231   2.        ]
[509.         634.           6.29927827  10.        ]
[195.         664.           6.30914126   3.        ]
[ 55.         625.           6.34090214   6.        ]
[330.        682.          6.3758199   5.       ]
[647.         683.           6.38079864  10.        ]
[666.         652.           6.38523244  13.        ]
[409.         402.           6.39274778   2.        ]
[ 83.         639.           6.42586582   7.        ]
[672.          84.           6.47956343  10.        ]
[679.         188.           6.48485862   9.        ]
[152.         681.           6.53119337   6.        ]
[  8.        175.          6.5683659   2.       ]
[676.        568.          6.5786174  16.       ]
[686.         265.           6.64645178   4.        ]
[693.         368.           6.67009454  11.        ]
[273.         366.           6.67053989   2.        ]
[678.         250.           6.69128288   5.        ]
[194.         680.           6.70358653   6.        ]
[669.         200.           6.71089935   6.        ]
[646.         643.           6.72238422   9.        ]
[104.         119.           6.73742497   2.        ]
[694.          65.           6.78409564  10.        ]
[410.         690.           6.80815637  14.        ]
[ 44.         688.           6.82746485   6.        ]
[290.         394.           6.83500883   2.        ]
[109.         489.           6.84143154   6.        ]
[642.         307.           6.84651328   3.        ]
[349.         346.           6.85472399   2.        ]
[689.         702.           6.87729951  16.        ]
[ 29.         632.           6.93426395   6.        ]
[619.         687.           6.94949325   9.        ]
[706.          13.           6.96214707  11.        ]
[576.         698.           6.96934674   7.        ]
[126.         586.           7.02488858   3.        ]
[365.         692.           7.11515818   8.        ]
[699.         700.           7.12100208  13.        ]
[186.         204.           7.12946037   2.        ]
[146.         661.           7.13056234   3.        ]
[673.         721.           7.15578877   5.        ]
[429.         719.           7.16658871   9.        ]
[468.         653.           7.20552533   3.        ]
[293.         716.           7.21062258  12.        ]
[21.         36.          7.23674044  2.        ]
[657.         454.           7.23786756  10.        ]
[ 89.         649.           7.25644837   7.        ]
[696.          47.           7.26057636   3.        ]
[457.         695.           7.27103942   7.        ]
[ 10.         705.           7.28082725   3.        ]
[317.        663.          7.3045779   6.       ]
[ 38.        712.          7.3135593   3.       ]
[708.         609.           7.38768024   8.        ]
[703.          98.           7.41743714   7.        ]
[621.         725.           7.43402573  11.        ]
[161.         710.           7.43510032   7.        ]
[313.         707.           7.44987272  15.        ]
[268.         620.           7.46474921   5.        ]
[280.         730.           7.46666781   4.        ]
[715.          45.           7.51029654  10.        ]
[266.         734.           7.53984726   4.        ]
[723.         169.           7.62915425   6.        ]
[406.         414.           7.64690862   2.        ]
[607.         743.           7.68276806   6.        ]
[ 32.         636.           7.70368532   3.        ]
[ 11.         582.           7.70635828   5.        ]
[129.         735.           7.73083733   9.        ]
[257.        635.          7.7429018  12.       ]
[224.         667.           7.75593029   7.        ]
[736.         731.           7.78848098  14.        ]
[  0.         738.           7.80726638   8.        ]
[247.         254.           7.81578054   2.        ]
[737.         732.           7.81803701  14.        ]
[697.         755.           7.81937033  30.        ]
[720.         201.           7.82372271  14.        ]
[405.         668.           7.91647983   4.        ]
[727.         747.           7.91810015   5.        ]
[371.        744.          7.9221576   7.       ]
[ 35.         606.           7.94532586   4.        ]
[ 24.         691.           7.98164664   3.        ]
[288.         709.           7.98415693   3.        ]
[717.         228.           7.99161501   8.        ]
[144.         713.           8.01543391  17.        ]
[ 19.         674.           8.03101273   4.        ]
[404.         749.           8.05194716  10.        ]
[757.          23.           8.05396019  15.        ]
[542.          60.           8.08902849   3.        ]
[203.         753.           8.08941388   9.        ]
[102.        665.          8.0975782   8.       ]
[ 99.         722.           8.12769047   4.        ]
[597.         724.           8.12864447  11.        ]
[ 50.         764.           8.13564485   9.        ]
[439.         733.           8.14241424   7.        ]
[384.         741.           8.16961437   5.        ]
[ 90.         617.           8.17270908   3.        ]
[256.         369.           8.18589608   2.        ]
[768.         185.           8.18900942  16.        ]
[662.         767.           8.23638307  15.        ]
[769.          49.           8.23644024   4.        ]
[ 97.         773.           8.30394335  12.        ]
[393.         704.           8.32632517  10.        ]
[335.         603.           8.37759107   4.        ]
[345.         779.           8.40000728  17.        ]
[754.         656.           8.40530082   4.        ]
[52.          5.          8.43910911  2.        ]
[159.         756.           8.48170721  31.        ]
[ 79.         760.           8.49771944   8.        ]
[762.         775.           8.50031677  10.        ]
[ 59.         780.           8.50867198  16.        ]
[255.         790.           8.51206909  11.        ]
[ 27.         770.           8.51478399  10.        ]
[100.         746.           8.52099373   7.        ]
[264.         726.           8.54935185  13.        ]
[274.         259.           8.57467544   2.        ]
[777.         772.           8.58544884   7.        ]
[118.         640.           8.62810777   5.        ]
[422.         748.           8.67208844   6.        ]
[378.         778.           8.70996368   3.        ]
[357.        740.          8.7109262   6.       ]
[463.         784.           8.74312269   5.        ]
[ 76.         105.           8.74994336   2.        ]
[202.       752.         8.750725  15.      ]
[400.         677.           8.76447793   4.        ]
[781.         103.           8.78675765   5.        ]
[166.         789.           8.80352699   9.        ]
[805.         800.           8.86927441   7.        ]
[329.        776.          8.8700145   6.       ]
[593.         792.           8.89523319  13.        ]
[684.        765.          8.9148942  19.       ]
[296.         807.           8.91595044  10.        ]
[ 86.         797.           8.93135784   8.        ]
[ 51.         794.           8.93504854   8.        ]
[  1.         783.           8.94658701  11.        ]
[729.         786.           8.97311162  11.        ]
[327.        774.          9.0000038  10.       ]
[806.         802.           9.03408004  10.        ]
[751.         795.           9.03607884  20.        ]
[171.         814.           9.03769227   9.        ]
[417.         818.           9.13864487  11.        ]
[759.         793.           9.16178525  15.        ]
[260.         787.           9.18508695   3.        ]
[289.         815.           9.18843866  12.        ]
[ 56.         808.           9.19056478   8.        ]
[819.         381.           9.20506924  21.        ]
[758.         822.           9.21175214  19.        ]
[408.         629.           9.23418142   3.        ]
[750.         766.           9.23866254  16.        ]
[761.         799.           9.24358523  10.        ]
[803.          48.           9.25325895   3.        ]
[338.         801.           9.29597108   7.        ]
[ 66.         165.           9.31059326   2.        ]
[339.         820.           9.31985338  10.        ]
[831.         432.           9.33521976   4.        ]
[798.         830.           9.33535012  15.        ]
[ 20.         714.           9.35400824   7.        ]
[ 42.         624.           9.38191876   4.        ]
[616.         834.           9.38381666  13.        ]
[281.         782.           9.39843641  13.        ]
[294.         771.           9.41390499   9.        ]
[ 53.         816.           9.44279465  12.        ]
[813.          91.           9.46278516   9.        ]
[842.         455.           9.50325697  13.        ]
[ 46.         817.           9.57807913  11.        ]
[791.         164.           9.63230406  17.        ]
[305.         826.           9.69238439  22.        ]
[145.         821.           9.70663657  12.        ]
[843.         847.           9.70799929  31.        ]
[804.         812.           9.70863066  25.        ]
[ 22.         829.           9.72935303  17.        ]
[718.         845.           9.74682905  14.        ]
[115.         840.           9.75053103  14.        ]
[728.        742.          9.8089386  20.       ]
[810.         711.           9.83671326  16.        ]
[434.         850.           9.90326623  26.        ]
[508.         849.          10.09459497  33.        ]
[246.         855.          10.14484822  17.        ]
[332.         853.          10.18468238  15.        ]
[839.         312.          10.20526925  14.        ]
[763.         841.          10.21445264  12.        ]
[331.        836.         10.2223849  16.       ]
[825.         796.          10.32148663  10.        ]
[856.         838.          10.32186853  30.        ]
[809.         861.          10.36730464  18.        ]
[122.        827.         10.3787678  20.       ]
[245.         851.          10.45068465  18.        ]
[213.         860.          10.48988885  15.        ]
[279.         823.          10.62320612   4.        ]
[862.         867.          10.65917989  34.        ]
[ 62.         848.          10.67311571  13.        ]
[864.         28.         10.6997969  31.       ]
[  6.         852.          10.70027407  15.        ]
[865.         833.          10.70564324  20.        ]
[874.         785.          10.71389028  37.        ]
[857.         832.          10.71817892  40.        ]
[334.         863.          10.76427088  11.        ]
[872.         871.          10.76945262  44.        ]
[739.         866.          10.77728523  35.        ]
[177.        788.         10.7881701  32.       ]
[858.         701.          10.80870544  22.        ]
[344.         859.          10.82959483  16.        ]
[876.         418.          10.92935255  41.        ]
[828.         811.          10.93497022  22.        ]
[ 78.         870.          10.98224928  35.        ]
[238.         875.          10.98702179  38.        ]
[ 63.         873.          11.00178742  16.        ]
[868.         638.          11.17721434  17.        ]
[419.         878.          11.19824993  45.        ]
[ 77.         884.          11.32710746  23.        ]
[308.         854.          11.36884014  21.        ]
[837.         844.          11.37285208  20.        ]
[ 69.         885.          11.52980427  36.        ]
[887.       403.        11.533992  17.      ]
[  9.        892.         11.5393923  21.       ]
[881.         835.          11.55670811  26.        ]
[436.        894.         11.6196679  18.       ]
[ 17.         886.          11.70933853  39.        ]
[877.         897.          11.74215633  29.        ]
[285.        824.         11.7471865  13.       ]
[483.         896.          11.75154362  27.        ]
[101.         893.          11.78358523  37.        ]
[326.         846.          11.85734461  18.        ]
[229.         890.          11.91787841  24.        ]
[358.         883.          11.96280172  42.        ]
[895.         882.          11.99881857  37.        ]
[420.         898.          12.03831631  40.        ]
[217.        888.         12.0789664  18.       ]
[360.         903.          12.14277285  19.        ]
[282.        901.         12.3324377  28.       ]
[460.         906.          12.41144265  38.        ]
[300.         905.          12.51723499  43.        ]
[170.        880.         12.5689785  33.       ]
[745.         909.          12.61371825  21.        ]
[515.         911.          12.71417895  40.        ]
[902.         915.          12.72905887  77.        ]
[359.         910.          12.77877329  29.        ]
[130.        913.         12.8097136  34.       ]
[271.         889.          12.82772896  46.        ]
[618.         899.          12.88630576  31.        ]
[ 67.         917.          12.89640806  30.        ]
[380.         907.          12.90365335  41.        ]
[  2.         912.          12.92698659  44.        ]
[869.         920.          13.04531493  35.        ]
[900.         919.          13.16357413  59.        ]
[383.         908.          13.19040113  19.        ]
[685.         879.          13.29640789  45.        ]
[328.         923.          13.32127641  45.        ]
[377.         916.          13.43829263  78.        ]
[310.         918.          13.44413962  35.        ]
[348.         480.          13.48000721   2.        ]
[ 26.         926.          13.48837329  20.        ]
[904.         930.          13.53267518  59.        ]
[ 64.         932.          13.66274445  21.        ]
[654.         921.          13.86903224  32.        ]
[660.         924.          13.91636852  40.        ]
[922.         928.          14.23249482  86.        ]
[891.        934.         14.3676022  42.       ]
[925.         935.          14.40649696  91.        ]
[933.          61.          14.44407151  60.        ]
[940.         392.          14.45480699  61.        ]
[931.         438.          14.64694779   3.        ]
[262.        428.         14.8259725   2.       ]
[937.         914.          15.13702637 107.        ]
[110.         927.          15.35363839  46.        ]
[309.         944.          15.49831911 108.        ]
[929.         936.          15.67152459 118.        ]
[939.         946.          15.77221145 199.        ]
[943.         941.          16.05641283  63.        ]
[947.         938.          16.11319938 160.        ]
[ 18.         949.          16.12254988  64.        ]
[945.         951.          16.20466906 110.        ]
[272.         950.          16.20880161 161.        ]
[948.         354.          16.39086643 200.        ]
[954.         942.          16.40372717 203.        ]
[955.         953.          16.47107828 364.        ]
[441.         956.          17.12573367 365.        ]
[952.         957.          18.12463932 475.        ]
[427.       437.        18.151826   2.      ]
[ 68.         958.          19.01521423 476.        ]
[959.         960.          19.36052984 478.        ]
[350.         961.          21.39595769 479.        ]
[340.        962.         21.6459633 480.       ]
[963.         168.          23.49556455 481.        ]
[964.         367.          23.50017008 482.        ]
[965.         387.          25.81716061 483.        ]
[158.         966.          26.23335294 484.        ]
[967.         412.          31.86792407 485.        ]
