[30. 31.  0.  2.]
[70. 71.  0.  2.]
[486.  72.   0.   3.]
[487.  73.   0.   4.]
[488.  74.   0.   5.]
[93. 94.  0.  2.]
[490.  95.   0.   3.]
[491.  96.   0.   4.]
[132. 133.   0.   2.]
[493. 135.   0.   3.]
[179. 181.   0.   2.]
[182. 184.   0.   2.]
[192. 197.   0.   2.]
[205. 211.   0.   2.]
[206. 207.   0.   2.]
[499. 498.   0.   4.]
[208. 209.   0.   2.]
[212. 221.   0.   2.]
[233. 235.   0.   2.]
[503. 236.   0.   3.]
[504. 239.   0.   4.]
[505. 240.   0.   5.]
[506. 243.   0.   6.]
[286. 298.   0.   2.]
[311. 325.   0.   2.]
[316. 318.   0.   2.]
[510. 321.   0.   3.]
[319. 320.   0.   2.]
[512. 324.   0.   3.]
[430. 431.   0.   2.]
[440. 449.   0.   2.]
[443. 444.   0.   2.]
[516. 445.   0.   3.]
[448. 453.   0.   2.]
[450. 452.   0.   2.]
[519. 459.   0.   3.]
[520. 518.   0.   5.]
[470. 521.   0.   6.]
[473. 474.   0.   2.]
[8.10000000e+01 8.20000000e+01 2.38418579e-07 2.00000000e+00]
[5.24000000e+02 8.50000000e+01 2.38418579e-07 3.00000000e+00]
[1.13000000e+02 1.16000000e+02 2.38418579e-07 2.00000000e+00]
[5.26000000e+02 1.27000000e+02 2.38418579e-07 3.00000000e+00]
[2.42000000e+02 2.44000000e+02 2.38418579e-07 2.00000000e+00]
[2.99000000e+02 3.01000000e+02 2.38418579e-07 2.00000000e+00]
[3.75000000e+02 3.76000000e+02 2.38418579e-07 2.00000000e+00]
[1.40000000e+01 1.50000000e+01 3.37174788e-07 2.00000000e+00]
[1.09000000e+02 1.14000000e+02 3.37174788e-07 2.00000000e+00]
[1.12000000e+02 1.17000000e+02 3.37174788e-07 2.00000000e+00]
[5.33000000e+02 5.27000000e+02 3.37174788e-07 5.00000000e+00]
[1.20000000e+02 1.25000000e+02 3.37174788e-07 2.00000000e+00]
[1.23000000e+02 1.24000000e+02 3.37174788e-07 2.00000000e+00]
[5.36000000e+02 1.28000000e+02 3.37174788e-07 3.00000000e+00]
[1.36000000e+02 1.37000000e+02 3.37174788e-07 2.00000000e+00]
[1.49000000e+02 1.50000000e+02 3.37174788e-07 2.00000000e+00]
[5.39000000e+02 1.51000000e+02 3.37174788e-07 3.00000000e+00]
[5.40000000e+02 1.53000000e+02 3.37174788e-07 4.00000000e+00]
[1.72000000e+02 1.74000000e+02 3.37174788e-07 2.00000000e+00]
[1.78000000e+02 1.80000000e+02 3.37174788e-07 2.00000000e+00]
[1.98000000e+02 1.99000000e+02 3.37174788e-07 2.00000000e+00]
[2.25000000e+02 2.27000000e+02 3.37174788e-07 2.00000000e+00]
[2.91000000e+02 2.97000000e+02 3.37174788e-07 2.00000000e+00]
[3.61000000e+02 3.63000000e+02 3.37174788e-07 2.00000000e+00]
[3.62000000e+02 3.64000000e+02 3.37174788e-07 2.00000000e+00]
[3.68000000e+02 3.70000000e+02 3.37174788e-07 2.00000000e+00]
[3.79000000e+02 3.85000000e+02 3.37174788e-07 2.00000000e+00]
[5.50000000e+02 3.86000000e+02 3.37174788e-07 3.00000000e+00]
[5.51000000e+02 3.88000000e+02 3.37174788e-07 4.00000000e+00]
[5.52000000e+02 3.99000000e+02 3.37174788e-07 5.00000000e+00]
[5.53000000e+02 4.11000000e+02 3.37174788e-07 6.00000000e+00]
[3.95000000e+02 3.96000000e+02 3.37174788e-07 2.00000000e+00]
[5.55000000e+02 4.01000000e+02 3.37174788e-07 3.00000000e+00]
[4.56000000e+02 4.58000000e+02 3.37174788e-07 2.00000000e+00]
[5.57000000e+02 4.64000000e+02 3.37174788e-07 3.00000000e+00]
[1.57000000e+02 2.15000000e+02 4.76837158e-07 2.00000000e+00]
[5.59000000e+02 2.16000000e+02 4.76837158e-07 3.00000000e+00]
[5.60000000e+02 2.18000000e+02 4.76837158e-07 4.00000000e+00]
[5.61000000e+02 2.19000000e+02 4.76837158e-07 5.00000000e+00]
[5.62000000e+02 2.22000000e+02 4.76837158e-07 6.00000000e+00]
[2.84000000e+02 3.03000000e+02 4.76837158e-07 2.00000000e+00]
[3.33000000e+02 3.41000000e+02 4.76837158e-07 2.00000000e+00]
[4.75000000e+02 4.76000000e+02 4.76837158e-07 2.00000000e+00]
[4.67000000e+02 5.22000000e+02 3.88620785e-01 7.00000000e+00]
[106.         107.           0.85914268   2.        ]
[500.         501.           1.25125103   6.        ]
[139.         140.           1.40077996   2.        ]
[538.        138.          1.4145242   3.       ]
[531.         16.          1.5693165   3.       ]
[446.         447.           1.57250185   2.        ]
[421.         423.           1.62115995   2.        ]
[261.         263.           1.70625308   2.        ]
[397.         413.           1.74758903   2.        ]
[342.         343.           1.75138858   2.        ]
[ 80.         525.           1.75587264   4.        ]
[543.         496.           1.79041418   4.        ]
[570.         141.           1.94362381   3.        ]
[534.         535.           1.98714815   7.        ]
[166.         167.           2.06044155   2.        ]
[37.         39.          2.17184225  2.        ]
[159.         160.           2.22239698   2.        ]
[41.         43.          2.31486861  2.        ]
[183.         579.           2.38033355   5.        ]
[352.         353.           2.47695078   2.        ]
[374.         530.           2.49337656   3.        ]
[193.         196.           2.55730685   2.        ]
[410.         574.           2.62473509   3.        ]
[232.         507.           2.63404937   7.        ]
[372.         373.           2.73618027   2.        ]
[480.         482.           2.74259607   2.        ]
[389.        576.          2.7961423   3.       ]
[442.         517.           2.81038725   4.        ]
[267.        270.          2.8104798   2.       ]
[234.         237.           2.84561683   2.        ]
[292.         304.           2.84816094   2.        ]
[345.         347.           2.85851233   2.        ]
[257.       258.         2.883864   2.      ]
[283.         287.           2.88443966   2.        ]
[351.         355.           2.89077204   2.        ]
[469.        523.          2.9046361   3.       ]
[393.         556.           2.91579842   4.        ]
[544.         497.           2.91592887   4.        ]
[314.         315.           2.95171584   2.        ]
[545.         226.           2.96141823   3.        ]
[276.         564.           2.96392073   3.        ]
[461.        484.          2.9672747   2.       ]
[251.         252.           2.98679691   2.        ]
[425.         426.           3.00856131   2.        ]
[241.         528.           3.04164866   3.        ]
[75.         76.          3.04740557  2.        ]
[293.         529.           3.07458533   3.        ]
[462.         465.           3.09642131   2.        ]
[494.         134.           3.14554165   4.        ]
[148.         541.           3.16517185   5.        ]
[472.         566.           3.18612007   3.        ]
[173.        187.          3.2336249   2.       ]
[514.         434.           3.29509687   3.        ]
[154.         155.           3.35457341   2.        ]
[547.         548.           3.43071137   4.        ]
[ 40.         585.           3.43195453   3.        ]
[176.         586.           3.50371978   6.        ]
[191.         605.           3.57419449   5.        ]
[568.         108.           3.73128146   3.        ]
[55.         58.          3.73447815  2.        ]
[190.         625.           3.81914935   6.        ]
[415.         416.           3.91071511   2.        ]
[142.         580.           3.92512761   4.        ]
[571.         144.           3.92859552   4.        ]
[87.        88.         4.0068572  2.       ]
[ 29.         485.           4.11777512   3.        ]
[451.         471.           4.14565471   2.        ]
[392.        398.          4.2497564   2.       ]
[230.         231.           4.29436739   2.        ]
[302.         306.           4.38408665   2.        ]
[147.         617.           4.59034518   6.        ]
[121.         537.           4.65963587   4.        ]
[131.         616.           4.67337643   5.        ]
[275.        278.          4.6865307   2.       ]
[189.         628.           4.71604755   7.        ]
[248.         249.           4.73980858   2.        ]
[435.         595.           4.81780671   5.        ]
[479.         466.           4.83080362   2.        ]
[630.         143.           4.84942388   5.        ]
[511.         513.           4.85019996   6.        ]
[606.         647.           4.98014816   8.        ]
[573.         478.           5.06153201   3.        ]
[502.         214.           5.09932741   3.        ]
[565.         577.           5.11074962   4.        ]
[454.         567.           5.48068069   8.        ]
[295.         382.           5.51791893   2.        ]
[322.         323.           5.56155229   2.        ]
[390.        391.          5.6023141   2.       ]
[356.         588.           5.62654376   4.        ]
[223.         607.           5.68914212   4.        ]
[645.         277.           5.73151079   3.        ]
[ 3.         57.          5.74671117  2.        ]
[643.         253.           5.89081792   3.        ]
[360.         622.           5.94656571   5.        ]
[591.          84.           5.99081453   8.        ]
[428.         433.           6.03818664   2.        ]
[  1.         601.           6.08206255   3.        ]
[407.         546.           6.11023344   3.        ]
[ 12.         658.           6.14155567   4.        ]
[ 92.         563.           6.16550838   7.        ]
[19.         33.          6.16677881  2.        ]
[481.         337.           6.16724897   2.        ]
[161.         612.           6.17272095   4.        ]
[220.         250.           6.21216621   2.        ]
[194.         670.           6.21921441   5.        ]
[424.         492.           6.22236092   5.        ]
[624.         495.           6.23993715   8.        ]
[336.         665.           6.25281368   4.        ]
[25.         54.          6.27342008  2.        ]
[163.         662.           6.27954231   9.        ]
[509.         313.           6.29927827   3.        ]
[195.         656.           6.30914126   5.        ]
[330.        675.          6.3758199   5.       ]
[188.         409.           6.39274778   2.        ]
[631.        646.          6.4247762   9.       ]
[ 83.         638.           6.42586582   7.        ]
[ 34.         676.           6.44536251   3.        ]
[  4.         672.           6.49094688   6.        ]
[152.         673.           6.53119337   6.        ]
[  8.        594.          6.5683659   4.       ]
[346.         615.           6.56854009   3.        ]
[269.        477.          6.6306703   2.       ]
[666.         119.           6.63888557   5.        ]
[185.         674.           6.67053989   9.        ]
[679.         532.           6.70996109   7.        ]
[273.         549.           6.74755582   3.        ]
[669.         457.           6.76694223   3.        ]
[ 44.         680.           6.82746485   6.        ]
[290.         394.           6.83500883   2.        ]
[307.         694.           6.84651328   4.        ]
[349.         688.           6.85472399   4.        ]
[265.         692.           6.86643774   8.        ]
[623.         627.           6.94949325   5.        ]
[572.         228.           6.96934674   4.        ]
[126.         583.           7.02488858   3.        ]
[689.         468.           7.09471138   3.        ]
[111.         614.           7.09490718   4.        ]
[ 10.         104.           7.09857879   2.        ]
[365.         683.           7.11515818   8.        ]
[204.         705.           7.12946037   3.        ]
[146.         707.           7.13056234   4.        ]
[700.          45.           7.13172617   6.        ]
[429.         706.           7.16658871   9.        ]
[653.         695.           7.19425279   8.        ]
[ 79.         667.           7.19715516   8.        ]
[21.         36.          7.23674044  2.        ]
[ 89.         455.           7.25644837   2.        ]
[156.         619.           7.27877303   3.        ]
[317.        649.          7.3045779   4.       ]
[256.         581.           7.30794481   8.        ]
[ 38.        690.          7.3135593   6.       ]
[711.         611.           7.41821852  10.        ]
[681.         575.           7.43590843   4.        ]
[186.         685.           7.44814861   7.        ]
[268.         357.           7.46474921   2.        ]
[280.         703.           7.46666781   4.        ]
[266.         699.           7.53984726   9.        ]
[200.         642.           7.54355089   8.        ]
[ 24.         684.           7.55088894   4.        ]
[641.         439.           7.57673928   3.        ]
[671.         708.           7.61452254   6.        ]
[406.         414.           7.64690862   2.        ]
[609.         724.           7.68276806  11.        ]
[687.         634.           7.69236311   6.        ]
[632.        677.          7.6949378  11.       ]
[ 32.         636.           7.70368532   3.        ]
[ 11.         712.           7.70635828   9.        ]
[ 13.         657.           7.71134097   5.        ]
[129.         730.           7.73083733  12.        ]
[  7.         721.           7.73324682   8.        ]
[686.         558.           7.74065675   9.        ]
[604.         598.           7.74989868   6.        ]
[224.         661.           7.75593029   6.        ]
[203.         489.           7.80726638   6.        ]
[247.         723.           7.81578054   5.        ]
[660.         691.           7.83442999  12.        ]
[201.         693.           7.90122792   4.        ]
[713.         733.           7.91810015   5.        ]
[371.        732.          7.9221576  12.       ]
[ 65.         651.           7.92908849   5.        ]
[726.         719.           7.93294356  14.        ]
[ 35.         608.           7.94532586   4.        ]
[288.         720.           7.98415693   5.        ]
[327.         698.           8.02200453   5.        ]
[ 90.         716.           8.02544554   5.        ]
[ 47.         743.           8.02758333  13.        ]
[404.         736.           8.05194716  13.        ]
[748.         254.           8.08560297  15.        ]
[542.          60.           8.08902849   3.        ]
[644.         652.           8.09246899  13.        ]
[102.        746.          8.0975782  13.       ]
[  0.         741.           8.10102555   7.        ]
[ 50.         751.           8.11809606   6.        ]
[597.         710.           8.12864447  11.        ]
[717.         755.           8.16795406  23.        ]
[384.         731.           8.16961437   7.        ]
[305.         762.           8.18276272  24.        ]
[738.         378.           8.23275329  10.        ]
[756.          49.           8.23644024   4.        ]
[169.         739.           8.23879914   7.        ]
[718.         742.           8.27631319  11.        ]
[175.         753.           8.27931957  14.        ]
[ 97.         761.           8.30394335  12.        ]
[735.         704.           8.32452884   9.        ]
[335.         603.           8.37759107   4.        ]
[ 46.         754.           8.39464311  14.        ]
[737.         767.           8.43862306  15.        ]
[696.         750.           8.50128326   7.        ]
[ 59.         763.           8.50867198   8.        ]
[255.         281.           8.51206909   2.        ]
[ 27.         759.           8.51478399   8.        ]
[100.         768.           8.52099373  12.        ]
[752.         715.           8.55426805   8.        ]
[  5.         770.           8.57350216  13.        ]
[ 56.         210.           8.57467544   2.        ]
[596.         758.           8.60431549  15.        ]
[ 52.         781.           8.61257023  14.        ]
[118.         701.           8.62810777   5.        ]
[584.         569.           8.64583827   8.        ]
[664.         613.           8.66733465   5.        ]
[422.         734.           8.67208844  10.        ]
[589.         725.           8.68256012  10.        ]
[338.         744.           8.68619066   5.        ]
[610.         728.           8.69415841   8.        ]
[775.         402.           8.71425287   8.        ]
[790.         366.           8.71701066   6.        ]
[ 42.         764.           8.72768188  25.        ]
[ 28.       697.         8.750725   5.      ]
[122.         774.           8.76447793  16.        ]
[ 51.         779.           8.78285937  13.        ]
[766.         103.           8.78675765   5.        ]
[405.         797.           8.82679812  14.        ]
[381.         740.           8.88715059   7.        ]
[602.         771.           8.88887407  11.        ]
[296.       626.         8.890808   4.      ]
[592.         795.           8.89523319   7.        ]
[418.         780.           8.93135784   9.        ]
[772.         463.           8.95408938   5.        ]
[ 86.        804.          8.9763873  10.       ]
[162.         682.           9.00653415  10.        ]
[578.         788.           9.02221216  14.        ]
[620.         419.           9.02430916   4.        ]
[798.         805.           9.03408004  10.        ]
[785.         639.           9.03462705   9.        ]
[171.         760.           9.03769227   7.        ]
[745.         778.           9.08737841  13.        ]
[ 23.         793.           9.09273782   7.        ]
[ 91.         784.           9.11295784  15.        ]
[ 98.         789.           9.11584355  11.        ]
[274.         773.           9.12479083  15.        ]
[800.         801.           9.13406431  18.        ]
[417.         810.           9.13864487  11.        ]
[796.         400.           9.16872011  17.        ]
[369.         791.           9.17019287   9.        ]
[260.         279.           9.18508695   2.        ]
[289.         787.           9.18843866   6.        ]
[818.         815.           9.23109295  33.        ]
[629.         600.           9.23418142   4.        ]
[749.         811.           9.24358523  13.        ]
[ 66.         769.           9.31059326  15.        ]
[618.         820.           9.31985338  20.        ]
[ 20.         813.           9.35400824  14.        ]
[ 53.         554.           9.41912966   7.        ]
[809.         816.           9.45909731  15.        ]
[264.         824.           9.56740467  34.        ]
[782.         812.           9.57174469   9.        ]
[ 48.         792.           9.58110219   9.        ]
[ 61.         640.           9.59776347   6.        ]
[115.         821.           9.61605829  10.        ]
[659.         794.           9.62338267  27.        ]
[590.         833.           9.70598915  12.        ]
[825.         635.           9.71024171   6.        ]
[202.         802.           9.72062513   5.        ]
[ 22.         826.           9.72935303  14.        ]
[164.         776.           9.74423931   9.        ]
[702.         817.           9.74682905  18.        ]
[238.         827.           9.76700387  16.        ]
[807.         783.           9.80566791  25.        ]
[806.         837.           9.86245391  37.        ]
[145.         819.           9.86657618  12.        ]
[844.         834.           9.87094517  25.        ]
[727.         803.           9.92789472  10.        ]
[329.         848.           9.94579516  26.        ]
[655.        828.          9.9669298  22.       ]
[668.         845.           9.99307577  27.        ]
[846.         508.          10.01553721  39.        ]
[722.         747.          10.05362217   7.        ]
[339.         836.          10.07416381  11.        ]
[853.          99.          10.11127802  40.        ]
[855.         777.          10.13312848  13.        ]
[714.         851.          10.15850396  24.        ]
[245.          2.         10.2223849   2.       ]
[105.         831.          10.25989014  16.        ]
[814.         850.          10.28258263  33.        ]
[843.         332.          10.29057171  19.        ]
[678.         648.          10.33413725  11.        ]
[857.         312.          10.35463412  14.        ]
[582.         765.          10.37891906  12.        ]
[864.         331.          10.44726913  15.        ]
[829.         799.          10.46124317  28.        ]
[839.         852.          10.47346742  33.        ]
[213.         856.          10.48293524  41.        ]
[408.         868.          10.51067712  34.        ]
[757.         709.          10.55207088  19.        ]
[599.         861.          10.58853953  35.        ]
[165.         872.          10.62314687  36.        ]
[354.         849.          10.65907187  11.        ]
[847.         840.          10.66549514  17.        ]
[  6.         862.          10.70027407  20.        ]
[621.         334.          10.76427088   3.        ]
[ 77.        835.         10.7881701   7.       ]
[838.         867.          10.80386193  40.        ]
[436.         663.          10.82959483   3.        ]
[860.          68.          10.86475853  17.        ]
[246.         874.          10.87366636  12.        ]
[ 62.         879.          10.87696274  41.        ]
[432.         873.          10.89479723  37.        ]
[854.         869.          10.95951886  48.        ]
[633.         830.          10.98640116  10.        ]
[294.         884.          10.99966625  38.        ]
[ 63.         876.          11.00178742  21.        ]
[ 78.         808.          11.00359293  15.        ]
[308.         871.          11.02299614  20.        ]
[832.        885.         11.1891143  82.       ]
[  9.         889.          11.23561058  16.        ]
[271.        823.         11.4183301   7.       ]
[842.         891.          11.45269202  91.        ]
[177.         878.          11.54730116   8.        ]
[344.         892.          11.61263199  17.        ]
[888.         841.          11.70042258  35.        ]
[786.       170.        11.713405   9.      ]
[ 17.         130.          11.73431352   2.        ]
[282.         887.          11.75154362  39.        ]
[858.         883.          11.81982807  65.        ]
[383.         875.          11.84704888  18.        ]
[822.         340.          11.94756162   3.        ]
[897.         896.          11.95724612  52.        ]
[300.         515.          11.96280172   3.        ]
[865.         901.          12.03214324  77.        ]
[380.         894.          12.03831631  92.        ]
[217.        866.         12.0789664  16.       ]
[310.         870.          12.09278021  35.        ]
[ 67.         900.          12.10656148  40.        ]
[587.        906.         12.1817683  79.       ]
[229.        895.         12.2516592   9.       ]
[ 69.         904.          12.27200855  53.        ]
[403.         913.          12.31027181  54.        ]
[101.        908.         12.4669731  17.       ]
[898.         911.          12.52704954  88.        ]
[882.        654.         12.5351503  14.       ]
[377.       914.        12.636979  55.      ]
[893.        881.         12.7003959  24.       ]
[907.         729.          12.70962192  94.        ]
[902.         650.          12.75569254  21.        ]
[886.         916.          12.88737384  98.        ]
[909.         912.          12.93987784  44.        ]
[920.         420.          13.04868156  95.        ]
[359.         910.          13.14935266  41.        ]
[915.         859.          13.17444655  19.        ]
[899.         923.          13.20782838  46.        ]
[ 64.         921.          13.23190438  22.        ]
[328.         367.          13.32127641   2.        ]
[877.       918.        13.380412  58.      ]
[438.         922.          13.48837329  99.        ]
[348.         593.          13.49912018   3.        ]
[460.         930.          13.62497576  59.        ]
[168.         919.          13.69168227  25.        ]
[ 26.         931.          13.86185379 100.        ]
[637.        935.         14.1333695 102.       ]
[880.        933.         14.2199847  62.       ]
[905.         928.          14.25273909  25.        ]
[938.         358.          14.25816336  26.        ]
[924.         903.          14.32863181  98.        ]
[925.         483.          14.40676839  42.        ]
[309.         940.          14.43361516  99.        ]
[890.         936.          14.50603096 122.        ]
[934.        285.         14.5349495  26.       ]
[259.         937.          14.69492237  63.        ]
[939.         943.          14.74158596 148.        ]
[262.         945.          15.12992198  64.        ]
[441.         946.          15.35363839 149.        ]
[110.         948.          15.42568057 150.        ]
[926.        949.         15.4873684 169.       ]
[927.         950.          15.91988529 215.        ]
[941.         951.          15.95089361 257.        ]
[ 18.         158.          16.12254988   2.        ]
[942.        944.         16.5488755 125.       ]
[954.         952.          17.00773049 382.        ]
[932.         350.          17.22417745   4.        ]
[917.         955.          17.29615012 396.        ]
[272.         957.          17.70078118 397.        ]
[326.         958.          17.82322176 398.        ]
[427.       437.        18.151826   2.      ]
[947.         959.          18.88279082 462.        ]
[863.        961.         19.5461416 473.       ]
[929.         960.          19.76945227   4.        ]
[962.         956.          21.08720916 477.        ]
[964.         387.          21.10604223 478.        ]
[953.         965.          21.88693153 480.        ]
[966.        963.         24.9038771 484.       ]
[967.         412.          32.27890804 485.        ]
