[  1. 113.   0.   2.]
[540. 216.   0.   3.]
[  6. 129.   0.   2.]
[64. 68.  0.  2.]
[543.  93.   0.   3.]
[544. 123.   0.   4.]
[545. 214.   0.   5.]
[546. 261.   0.   6.]
[ 78. 125.   0.   2.]
[548. 315.   0.   3.]
[ 90. 518.   0.   2.]
[103. 196.   0.   2.]
[136. 336.   0.   2.]
[220. 295.   0.   2.]
[270. 271.   0.   2.]
[554. 400.   0.   3.]
[300. 468.   0.   2.]
[359. 413.   0.   2.]
[5.00000000e+01 1.35000000e+02 1.49011612e-08 2.00000000e+00]
[5.58000000e+02 3.29000000e+02 1.49011612e-08 3.00000000e+00]
[7.20000000e+01 4.37000000e+02 1.49011612e-08 2.00000000e+00]
[1.40000000e+02 3.80000000e+02 1.49011612e-08 2.00000000e+00]
[1.78000000e+02 2.45000000e+02 1.49011612e-08 2.00000000e+00]
[7.40000000e+01 9.10000000e+01 2.10734243e-08 2.00000000e+00]
[5.63000000e+02 3.17000000e+02 2.10734243e-08 3.00000000e+00]
[8.10000000e+01 9.50000000e+01 2.10734243e-08 2.00000000e+00]
[5.65000000e+02 1.52000000e+02 2.10734243e-08 3.00000000e+00]
[5.66000000e+02 2.40000000e+02 2.10734243e-08 4.00000000e+00]
[5.67000000e+02 3.01000000e+02 2.10734243e-08 5.00000000e+00]
[5.68000000e+02 3.07000000e+02 2.10734243e-08 6.00000000e+00]
[5.69000000e+02 3.08000000e+02 2.10734243e-08 7.00000000e+00]
[6.10000000e+01 2.36000000e+02 3.94247668e-08 2.00000000e+00]
[5.56000000e+02 3.02000000e+02 5.77119491e-08 3.00000000e+00]
[5.70000000e+02 5.53000000e+02 6.49526558e-08 9.00000000e+00]
[5.64000000e+02 2.74000000e+02 8.09340216e-08 4.00000000e+00]
[3.09000000e+02 3.94000000e+02 4.40797821e-02 2.00000000e+00]
[1.70000000e+02 5.55000000e+02 6.38717648e-02 4.00000000e+00]
[21.         40.          0.06705018  2.        ]
[2.18000000e+02 5.03000000e+02 7.03795074e-02 2.00000000e+00]
[2.0600000e+02 3.2200000e+02 7.4490596e-02 2.0000000e+00]
[5.59000000e+02 1.30000000e+02 7.90573588e-02 4.00000000e+00]
[3.0000000e+01 2.0900000e+02 7.9391993e-02 2.0000000e+00]
[3.39000000e+02 4.73000000e+02 8.23962141e-02 2.00000000e+00]
[4.90000000e+01 2.46000000e+02 8.54421194e-02 2.00000000e+00]
[3.66000000e+02 5.17000000e+02 8.76558573e-02 2.00000000e+00]
[4.92000000e+02 5.23000000e+02 1.05684793e-01 2.00000000e+00]
[1.24000000e+02 3.05000000e+02 1.05965791e-01 2.00000000e+00]
[3.2000000e+02 4.0600000e+02 1.1045668e-01 2.0000000e+00]
[3.97000000e+02 4.44000000e+02 1.12343295e-01 2.00000000e+00]
[2.90000000e+01 4.86000000e+02 1.15354064e-01 2.00000000e+00]
[1.28000000e+02 2.91000000e+02 1.15444485e-01 2.00000000e+00]
[3.46000000e+02 4.38000000e+02 1.18011473e-01 2.00000000e+00]
[1.43000000e+02 4.45000000e+02 1.18053992e-01 2.00000000e+00]
[2.48000000e+02 5.16000000e+02 1.19805078e-01 2.00000000e+00]
[5.61000000e+02 2.98000000e+02 1.20382012e-01 3.00000000e+00]
[2.90000000e+02 5.30000000e+02 1.21386851e-01 2.00000000e+00]
[6.30000000e+01 4.26000000e+02 1.25541344e-01 2.00000000e+00]
[3.48000000e+02 3.67000000e+02 1.27458337e-01 2.00000000e+00]
[4.3600000e+02 5.2200000e+02 1.3066916e-01 2.0000000e+00]
[5.40000000e+01 1.48000000e+02 1.34200882e-01 2.00000000e+00]
[4.02000000e+02 4.89000000e+02 1.34571689e-01 2.00000000e+00]
[5.74000000e+02 1.64000000e+02 1.34970612e-01 5.00000000e+00]
[4.00000000e+00 2.62000000e+02 1.39243855e-01 2.00000000e+00]
[2.13000000e+02 3.86000000e+02 1.39819423e-01 2.00000000e+00]
[3.03000000e+02 3.69000000e+02 1.40759234e-01 2.00000000e+00]
[3.00000000e+00 2.51000000e+02 1.41794566e-01 2.00000000e+00]
[4.10000000e+01 3.82000000e+02 1.41836437e-01 2.00000000e+00]
[5.76000000e+02 2.29000000e+02 1.44093935e-01 5.00000000e+00]
[1.6000000e+01 4.3900000e+02 1.4494577e-01 2.0000000e+00]
[3.96000000e+02 4.14000000e+02 1.46116969e-01 2.00000000e+00]
[5.52000000e+02 1.76000000e+02 1.46279306e-01 3.00000000e+00]
[2.70000000e+01 1.72000000e+02 1.46613989e-01 2.00000000e+00]
[8.00000000e+01 4.09000000e+02 1.50613459e-01 2.00000000e+00]
[2.47000000e+02 2.49000000e+02 1.52692348e-01 2.00000000e+00]
[5.8000000e+02 5.7300000e+02 1.5378639e-01 1.3000000e+01]
[65.         76.          0.15416388  2.        ]
[9.00000000e+00 5.49000000e+02 1.55069213e-01 4.00000000e+00]
[1.85000000e+02 1.95000000e+02 1.61942766e-01 2.00000000e+00]
[1.44000000e+02 5.57000000e+02 1.62010199e-01 3.00000000e+00]
[6.01000000e+02 2.04000000e+02 1.62082117e-01 6.00000000e+00]
[6.06000000e+02 5.20000000e+01 1.66450665e-01 3.00000000e+00]
[2.97000000e+02 4.27000000e+02 1.68130508e-01 2.00000000e+00]
[4.18000000e+02 4.61000000e+02 1.80110536e-01 2.00000000e+00]
[2.05000000e+02 5.72000000e+02 1.81753381e-01 4.00000000e+00]
[2.30000000e+02 5.32000000e+02 1.88025421e-01 2.00000000e+00]
[6.14000000e+02 3.28000000e+02 1.91861107e-01 1.40000000e+01]
[5.90000000e+02 1.65000000e+02 1.92872994e-01 3.00000000e+00]
[2.76000000e+02 3.45000000e+02 1.93039637e-01 2.00000000e+00]
[3.18000000e+02 5.09000000e+02 1.93084068e-01 2.00000000e+00]
[9.20000000e+01 2.69000000e+02 1.93901082e-01 2.00000000e+00]
[6.25000000e+02 2.39000000e+02 2.01284109e-01 1.50000000e+01]
[3.8100000e+02 4.0500000e+02 2.0361799e-01 2.0000000e+00]
[5.00000000e+00 2.07000000e+02 2.04622847e-01 2.00000000e+00]
[1.70000000e+01 2.83000000e+02 2.04829074e-01 2.00000000e+00]
[1.80000000e+02 2.33000000e+02 2.07488491e-01 2.00000000e+00]
[3.93000000e+02 5.11000000e+02 2.16626106e-01 2.00000000e+00]
[6.16000000e+02 1.56000000e+02 2.20971015e-01 5.00000000e+00]
[6.07000000e+02 3.34000000e+02 2.28343854e-01 6.00000000e+00]
[ 33.         122.           0.23155899   2.        ]
[1.15000000e+02 6.26000000e+02 2.31560426e-01 4.00000000e+00]
[6.24000000e+02 4.77000000e+02 2.37311311e-01 3.00000000e+00]
[1.42000000e+02 5.19000000e+02 2.41889701e-01 2.00000000e+00]
[4.15000000e+02 4.60000000e+02 2.45873091e-01 2.00000000e+00]
[ 19.        104.          0.2465701   2.       ]
[6.10000000e+02 1.86000000e+02 2.51523598e-01 4.00000000e+00]
[6.30000000e+02 1.94000000e+02 2.51890674e-01 1.60000000e+01]
[1.40000000e+01 4.33000000e+02 2.52086754e-01 2.00000000e+00]
[1.55000000e+02 2.72000000e+02 2.55870401e-01 2.00000000e+00]
[4.08000000e+02 4.50000000e+02 2.56590723e-01 2.00000000e+00]
[3.65000000e+02 4.43000000e+02 2.61254439e-01 2.00000000e+00]
[117.         153.           0.26250485   2.        ]
[2.37000000e+02 4.90000000e+02 2.67194806e-01 2.00000000e+00]
[9.80000000e+01 6.47000000e+02 2.67231725e-01 3.00000000e+00]
[6.20000000e+01 6.34000000e+02 2.67303339e-01 3.00000000e+00]
[5.47000000e+02 3.24000000e+02 2.67779431e-01 7.00000000e+00]
[6.39000000e+02 3.33000000e+02 2.67915445e-01 5.00000000e+00]
[6.36000000e+02 1.99000000e+02 2.69723252e-01 6.00000000e+00]
[ 70.         183.           0.27451336   2.        ]
[6.45000000e+02 4.80000000e+02 2.75554123e-01 1.70000000e+01]
[1.09000000e+02 6.23000000e+02 2.77222289e-01 5.00000000e+00]
[4.51000000e+02 5.08000000e+02 2.89098766e-01 2.00000000e+00]
[6.53000000e+02 6.55000000e+02 2.92213311e-01 8.00000000e+00]
[6.41000000e+02 5.84000000e+02 2.96314408e-01 4.00000000e+00]
[3.560000e+02 4.670000e+02 3.009205e-01 2.000000e+00]
[5.94000000e+02 6.37000000e+02 3.02440964e-01 9.00000000e+00]
[ 67.         150.           0.30371485   2.        ]
[ 35.         160.           0.30594008   2.        ]
[6.56000000e+02 6.44000000e+02 3.13639443e-01 1.00000000e+01]
[2.27000000e+02 3.40000000e+02 3.14963939e-01 2.00000000e+00]
[5.90000000e+01 6.19000000e+02 3.17010665e-01 7.00000000e+00]
[6.32000000e+02 2.56000000e+02 3.22593858e-01 3.00000000e+00]
[154.         182.           0.32370503   2.        ]
[4.60000000e+01 3.27000000e+02 3.23768359e-01 2.00000000e+00]
[6.52000000e+02 2.19000000e+02 3.24179705e-01 4.00000000e+00]
[3.91000000e+02 4.10000000e+02 3.25245196e-01 2.00000000e+00]
[3.61000000e+02 5.27000000e+02 3.26488171e-01 2.00000000e+00]
[5.62000000e+02 2.85000000e+02 3.27272779e-01 3.00000000e+00]
[2.00000000e+01 4.95000000e+02 3.27766902e-01 2.00000000e+00]
[ 83.         159.           0.32833414   2.        ]
[6.3800000e+02 5.1200000e+02 3.2976771e-01 3.0000000e+00]
[5.97000000e+02 5.26000000e+02 3.35813242e-01 3.00000000e+00]
[6.58000000e+02 2.52000000e+02 3.38482701e-01 1.80000000e+01]
[6.43000000e+02 4.69000000e+02 3.47432979e-01 3.00000000e+00]
[3.35000000e+02 4.42000000e+02 3.48532329e-01 2.00000000e+00]
[6.61000000e+02 2.08000000e+02 3.49584585e-01 9.00000000e+00]
[6.05000000e+02 2.21000000e+02 3.50510316e-01 3.00000000e+00]
[6.57000000e+02 6.71000000e+02 3.58236183e-01 4.00000000e+00]
[6.70000000e+02 6.66000000e+02 3.58428873e-01 5.00000000e+00]
[5.95000000e+02 4.83000000e+02 3.61385969e-01 3.00000000e+00]
[0.00000000e+00 4.65000000e+02 3.63006914e-01 2.00000000e+00]
[5.79000000e+02 2.25000000e+02 3.63468061e-01 3.00000000e+00]
[23.         32.          0.36626671  2.        ]
[3.49000000e+02 5.38000000e+02 3.66531215e-01 2.00000000e+00]
[6.5400000e+02 6.5900000e+02 3.6940042e-01 1.2000000e+01]
[ 82.        265.          0.3703111   2.       ]
[6.82000000e+02 6.64000000e+02 3.70409137e-01 1.20000000e+01]
[6.29000000e+02 1.92000000e+02 3.72569729e-01 3.00000000e+00]
[4.70000000e+01 5.83000000e+02 3.74678195e-01 3.00000000e+00]
[6.81000000e+02 1.27000000e+02 3.76445834e-01 1.90000000e+01]
[6.69000000e+02 1.21000000e+02 3.77620457e-01 8.00000000e+00]
[1.3700000e+02 4.9100000e+02 3.7837572e-01 2.0000000e+00]
[6.77000000e+02 6.68000000e+02 3.79852422e-01 4.00000000e+00]
[102.         141.           0.38096261   2.        ]
[8.70000000e+01 6.50000000e+02 3.82605316e-01 3.00000000e+00]
[8.80000000e+01 5.91000000e+02 3.84355927e-01 3.00000000e+00]
[6.78000000e+02 1.84000000e+02 3.85683034e-01 3.00000000e+00]
[6.84000000e+02 1.12000000e+02 3.87841972e-01 1.00000000e+01]
[193.         279.           0.39109862   2.        ]
[6.79000000e+02 6.40000000e+02 3.91111313e-01 6.00000000e+00]
[6.88000000e+02 2.99000000e+02 3.94059225e-01 4.00000000e+00]
[5.75000000e+02 6.83000000e+02 3.94359396e-01 4.00000000e+00]
[ 18.         273.           0.39462788   2.        ]
[6.9900000e+02 1.7400000e+02 4.0499708e-01 9.0000000e+00]
[7.06000000e+02 2.02000000e+02 4.05833454e-01 1.10000000e+01]
[2.58000000e+02 5.87000000e+02 4.06528444e-01 3.00000000e+00]
[ 75.         100.           0.40904946   2.        ]
[6.73000000e+02 6.31000000e+02 4.10592313e-01 6.00000000e+00]
[3.72000000e+02 4.54000000e+02 4.14137096e-01 2.00000000e+00]
[6.95000000e+02 6.98000000e+02 4.14589036e-01 3.10000000e+01]
[4.63000000e+02 5.05000000e+02 4.17454276e-01 2.00000000e+00]
[6.22000000e+02 5.37000000e+02 4.20458391e-01 3.00000000e+00]
[6.72000000e+02 4.87000000e+02 4.20786669e-01 3.00000000e+00]
[2.60000000e+02 6.35000000e+02 4.21548504e-01 3.00000000e+00]
[6.91000000e+02 3.50000000e+02 4.21644571e-01 3.00000000e+00]
[6.89000000e+02 7.00000000e+02 4.22052427e-01 4.00000000e+00]
[1.68000000e+02 4.32000000e+02 4.22163373e-01 2.00000000e+00]
[ 10.         188.           0.42343035   2.        ]
[5.81000000e+02 4.41000000e+02 4.24594687e-01 3.00000000e+00]
[7.10000000e+01 4.62000000e+02 4.26382192e-01 2.00000000e+00]
[2.50000000e+01 5.98000000e+02 4.26459184e-01 3.00000000e+00]
[6.87000000e+02 7.01000000e+02 4.26468584e-01 9.00000000e+00]
[6.02000000e+02 6.86000000e+02 4.28441884e-01 6.00000000e+00]
[3.63000000e+02 5.21000000e+02 4.30420023e-01 2.00000000e+00]
[7.03000000e+02 2.80000000e+02 4.31644991e-01 4.00000000e+00]
[7.04000000e+02 2.32000000e+02 4.32590497e-01 4.00000000e+00]
[5.96000000e+02 2.38000000e+02 4.33054177e-01 3.00000000e+00]
[6.76000000e+02 3.10000000e+02 4.34566104e-01 4.00000000e+00]
[ 48.        157.          0.4361647   2.       ]
[6.20000000e+02 7.07000000e+02 4.40016594e-01 5.00000000e+00]
[3.38000000e+02 6.42000000e+02 4.42895785e-01 3.00000000e+00]
[210.         383.           0.44553962   2.        ]
[7.34000000e+02 6.62000000e+02 4.46734718e-01 8.00000000e+00]
[4.76000000e+02 4.98000000e+02 4.46765603e-01 2.00000000e+00]
[5.42000000e+02 6.27000000e+02 4.47021733e-01 4.00000000e+00]
[ 28.         326.           0.44734832   2.        ]
[119.         259.           0.44773219   2.        ]
[139.         253.           0.44807967   2.        ]
[1.50000000e+01 7.02000000e+02 4.48352715e-01 3.00000000e+00]
[7.21000000e+02 1.05000000e+02 4.50050465e-01 4.00000000e+00]
[6.80000000e+02 5.01000000e+02 4.50337631e-01 4.00000000e+00]
[6.08000000e+02 7.14000000e+02 4.51418602e-01 5.00000000e+00]
[7.11000000e+02 2.94000000e+02 4.51918824e-01 3.00000000e+00]
[7.08000000e+02 5.28000000e+02 4.53652734e-01 7.00000000e+00]
[5.8200000e+02 4.6400000e+02 4.5482104e-01 3.0000000e+00]
[7.23000000e+02 7.16000000e+02 4.55154226e-01 9.00000000e+00]
[7.18000000e+02 2.66000000e+02 4.56322585e-01 3.20000000e+01]
[203.        358.          0.4563384   2.       ]
[133.         267.           0.46017982   2.        ]
[ 51.         395.           0.46186645   2.        ]
[1.98000000e+02 5.07000000e+02 4.64026257e-01 2.00000000e+00]
[5.99000000e+02 6.65000000e+02 4.68053325e-01 4.00000000e+00]
[6.67000000e+02 1.32000000e+02 4.68395638e-01 1.10000000e+01]
[6.28000000e+02 6.74000000e+02 4.69423794e-01 4.00000000e+00]
[ 34.         330.           0.47003895   2.        ]
[7.50000000e+02 7.54000000e+02 4.70598472e-01 1.40000000e+01]
[7.5700000e+02 6.7500000e+02 4.7068436e-01 4.0000000e+00]
[7.31000000e+02 1.46000000e+02 4.71008622e-01 7.00000000e+00]
[7.24000000e+02 4.34000000e+02 4.71984227e-01 5.00000000e+00]
[7.4400000e+02 3.1000000e+01 4.7347174e-01 3.0000000e+00]
[7.55000000e+02 2.64000000e+02 4.74300898e-01 3.30000000e+01]
[7.47000000e+02 2.84000000e+02 4.76953204e-01 4.00000000e+00]
[5.51000000e+02 6.13000000e+02 4.79484303e-01 4.00000000e+00]
[7.69000000e+02 4.48000000e+02 4.79709561e-01 3.40000000e+01]
[6.93000000e+02 2.87000000e+02 4.79978915e-01 1.30000000e+01]
[ 26.         163.           0.48023665   2.        ]
[7.48000000e+02 3.47000000e+02 4.80803355e-01 5.00000000e+00]
[1.90000000e+02 7.56000000e+02 4.80870158e-01 3.00000000e+00]
[3.52000000e+02 4.94000000e+02 4.82159472e-01 2.00000000e+00]
[7.5200000e+02 2.7800000e+02 4.8265738e-01 8.0000000e+00]
[7.13000000e+02 4.25000000e+02 4.82741648e-01 1.20000000e+01]
[5.86000000e+02 3.75000000e+02 4.83597056e-01 3.00000000e+00]
[6.00000000e+01 5.04000000e+02 4.83673236e-01 2.00000000e+00]
[7.51000000e+02 4.72000000e+02 4.84237732e-01 4.00000000e+00]
[6.9200000e+02 4.5300000e+02 4.8455429e-01 3.0000000e+00]
[7.27000000e+02 9.60000000e+01 4.85294073e-01 4.00000000e+00]
[ 79.         337.           0.48573603   2.        ]
[116.         376.           0.48680393   2.        ]
[7.67000000e+02 7.22000000e+02 4.87359724e-01 8.00000000e+00]
[6.85000000e+02 7.61000000e+02 4.87477109e-01 1.40000000e+01]
[3.51000000e+02 5.29000000e+02 4.87842567e-01 2.00000000e+00]
[3.73000000e+02 7.20000000e+02 4.88507784e-01 4.00000000e+00]
[6.51000000e+02 4.28000000e+02 4.89687914e-01 3.00000000e+00]
[7.64000000e+02 7.36000000e+02 4.89720842e-01 1.80000000e+01]
[2.96000000e+02 6.49000000e+02 4.90834854e-01 3.00000000e+00]
[7.380000e+02 7.410000e+02 4.920735e-01 1.300000e+01]
[111.         241.           0.49448627   2.        ]
[7.26000000e+02 7.60000000e+02 4.94651635e-01 6.00000000e+00]
[7.78000000e+02 3.21000000e+02 4.97200637e-01 9.00000000e+00]
[255.         407.           0.49843155   2.        ]
[5.70000000e+01 5.15000000e+02 4.99050667e-01 2.00000000e+00]
[7.30000000e+02 1.73000000e+02 5.00265966e-01 1.00000000e+01]
[435.         479.           0.50062248   2.        ]
[131.         304.           0.50234821   2.        ]
[1.20000000e+02 7.53000000e+02 5.02427065e-01 4.00000000e+00]
[1.07000000e+02 6.60000000e+02 5.02600791e-01 3.00000000e+00]
[4.55000000e+02 5.36000000e+02 5.03858222e-01 2.00000000e+00]
[5.78000000e+02 2.92000000e+02 5.04509127e-01 3.00000000e+00]
[ 53.         401.           0.50471941   2.        ]
[250.         254.           0.50499455   2.        ]
[3.90000000e+01 7.09000000e+02 5.05951901e-01 5.00000000e+00]
[7.91000000e+02 3.57000000e+02 5.07367182e-01 4.00000000e+00]
[5.71000000e+02 5.39000000e+02 5.08194201e-01 3.00000000e+00]
[7.68000000e+02 7.39000000e+02 5.08349248e-01 6.00000000e+00]
[6.94000000e+02 7.19000000e+02 5.09835709e-01 4.00000000e+00]
[7.85000000e+02 7.65000000e+02 5.10060073e-01 6.00000000e+00]
[114.       226.         0.513376   2.      ]
[ 86.         481.           0.51472501   2.        ]
[ 73.         200.           0.51592674   2.        ]
[ 38.         387.           0.51666703   2.        ]
[118.         385.           0.51766294   2.        ]
[7.29000000e+02 1.58000000e+02 5.18874726e-01 4.00000000e+00]
[ 44.         281.           0.51906767   2.        ]
[8.02000000e+02 7.49000000e+02 5.20765239e-01 6.00000000e+00]
[224.         331.           0.52186953   2.        ]
[8.00000000e+02 4.30000000e+01 5.22421741e-01 1.10000000e+01]
[7.72000000e+02 2.75000000e+02 5.22974297e-01 3.50000000e+01]
[7.84000000e+02 7.83000000e+02 5.25325464e-01 7.00000000e+00]
[7.7400000e+02 1.1000000e+02 5.2542013e-01 3.0000000e+00]
[7.96000000e+02 7.95000000e+02 5.26770179e-01 8.00000000e+00]
[371.         510.           0.52712182   2.        ]
[7.63000000e+02 8.01000000e+02 5.27480174e-01 4.00000000e+00]
[7.87000000e+02 4.50000000e+01 5.28497075e-01 9.00000000e+00]
[ 99.         332.           0.53001621   2.        ]
[2.68000000e+02 7.42000000e+02 5.31663062e-01 3.00000000e+00]
[7.12000000e+02 6.96000000e+02 5.31714662e-01 1.20000000e+01]
[7.75000000e+02 7.76000000e+02 5.32459734e-01 8.00000000e+00]
[3.70000000e+01 6.15000000e+02 5.32765053e-01 3.00000000e+00]
[6.18000000e+02 6.21000000e+02 5.33013399e-01 5.00000000e+00]
[7.58000000e+02 7.98000000e+02 5.33165586e-01 4.00000000e+00]
[6.33000000e+02 5.24000000e+02 5.34255371e-01 3.00000000e+00]
[8.31000000e+02 3.60000000e+02 5.34943837e-01 1.00000000e+01]
[7.80000000e+02 1.75000000e+02 5.34965329e-01 4.00000000e+00]
[ 58.         390.           0.53559231   2.        ]
[6.1100000e+02 4.1600000e+02 5.3630204e-01 3.0000000e+00]
[5.89000000e+02 3.14000000e+02 5.36599706e-01 3.00000000e+00]
[  7.         457.           0.53679724   2.        ]
[8.08000000e+02 5.35000000e+02 5.37475504e-01 3.00000000e+00]
[ 94.        223.          0.5386665   2.       ]
[7.05000000e+02 6.03000000e+02 5.39334921e-01 5.00000000e+00]
[7.89000000e+02 4.21000000e+02 5.39403463e-01 3.00000000e+00]
[6.97000000e+02 7.37000000e+02 5.40357774e-01 5.00000000e+00]
[ 36.         506.           0.54090119   2.        ]
[191.         403.           0.54231192   2.        ]
[8.12000000e+02 2.93000000e+02 5.42440805e-01 7.00000000e+00]
[7.88000000e+02 7.82000000e+02 5.43105507e-01 1.80000000e+01]
[7.15000000e+02 5.34000000e+02 5.43225941e-01 3.00000000e+00]
[7.97000000e+02 3.41000000e+02 5.44106388e-01 1.00000000e+01]
[7.79000000e+02 1.67000000e+02 5.44265701e-01 1.30000000e+01]
[8.25000000e+02 2.11000000e+02 5.46380717e-01 3.60000000e+01]
[8.03000000e+02 1.66000000e+02 5.46588338e-01 5.00000000e+00]
[7.70000000e+02 1.97000000e+02 5.47110535e-01 5.00000000e+00]
[7.66000000e+02 6.48000000e+02 5.47248105e-01 9.00000000e+00]
[8.19000000e+02 3.74000000e+02 5.47800744e-01 3.00000000e+00]
[7.94000000e+02 5.85000000e+02 5.50388057e-01 1.50000000e+01]
[1.26000000e+02 7.10000000e+02 5.50524029e-01 5.00000000e+00]
[222.         353.           0.55079419   2.        ]
[6.1700000e+02 2.3100000e+02 5.5249081e-01 3.0000000e+00]
[7.59000000e+02 8.05000000e+02 5.53521458e-01 4.00000000e+00]
[8.54000000e+02 2.86000000e+02 5.53723143e-01 1.90000000e+01]
[8.58000000e+02 8.13000000e+02 5.54446994e-01 4.00000000e+01]
[8.1700000e+02 8.5000000e+01 5.5649247e-01 3.0000000e+00]
[7.33000000e+02 8.04000000e+02 5.56872747e-01 7.00000000e+00]
[5.60000000e+01 8.14000000e+02 5.57801589e-01 7.00000000e+00]
[179.         417.           0.55838978   2.        ]
[8.45000000e+02 8.48000000e+02 5.58894468e-01 7.00000000e+00]
[8.40000000e+02 4.22000000e+02 5.59062612e-01 1.10000000e+01]
[7.43000000e+02 8.28000000e+02 5.59682913e-01 1.20000000e+01]
[8.24000000e+02 7.71000000e+02 5.59753002e-01 1.50000000e+01]
[8.5500000e+02 7.8600000e+02 5.6201637e-01 5.0000000e+00]
[8.09000000e+02 8.35000000e+02 5.62146987e-01 1.30000000e+01]
[8.63000000e+02 4.96000000e+02 5.62346514e-01 1.60000000e+01]
[8.2700000e+02 8.3800000e+02 5.6448931e-01 7.0000000e+00]
[8.18000000e+02 7.73000000e+02 5.64651458e-01 1.50000000e+01]
[8.06000000e+02 2.43000000e+02 5.64964881e-01 4.00000000e+00]
[6.46000000e+02 2.20000000e+01 5.65868088e-01 3.00000000e+00]
[7.35000000e+02 8.29000000e+02 5.66280746e-01 5.00000000e+00]
[8.75000000e+02 7.92000000e+02 5.67917343e-01 2.90000000e+01]
[7.40000000e+02 8.83000000e+02 5.69270486e-01 6.00000000e+00]
[8.2000000e+02 2.2800000e+02 5.6994054e-01 5.0000000e+00]
[8.6900000e+02 6.0400000e+02 5.7148665e-01 4.2000000e+01]
[8.53000000e+02 8.49000000e+02 5.71780587e-01 1.00000000e+01]
[7.93000000e+02 4.82000000e+02 5.72068498e-01 4.00000000e+00]
[8.61000000e+02 3.89000000e+02 5.74326213e-01 1.00000000e+01]
[8.36000000e+02 8.65000000e+02 5.74573547e-01 5.00000000e+00]
[8.33000000e+02 4.31000000e+02 5.77960332e-01 4.00000000e+00]
[8.680000e+02 7.450000e+02 5.785025e-01 2.100000e+01]
[8.23000000e+02 4.75000000e+02 5.79647549e-01 3.00000000e+00]
[134.         355.           0.58125855   2.        ]
[8.44000000e+02 8.26000000e+02 5.81428162e-01 1.00000000e+01]
[8.11000000e+02 7.17000000e+02 5.81774204e-01 5.00000000e+00]
[8.16000000e+02 5.13000000e+02 5.83221328e-01 3.00000000e+00]
[8.76000000e+02 7.46000000e+02 5.84727264e-01 1.40000000e+01]
[1.06000000e+02 7.90000000e+02 5.85010117e-01 5.00000000e+00]
[5.9300000e+02 5.8800000e+02 5.8595852e-01 4.0000000e+00]
[8.3400000e+02 8.7100000e+02 5.8707909e-01 1.9000000e+01]
[8.70000000e+02 3.54000000e+02 5.87641029e-01 4.00000000e+00]
[5.92000000e+02 4.93000000e+02 5.91315415e-01 3.00000000e+00]
[306.         458.           0.59172794   2.        ]
[8.51000000e+02 5.50000000e+02 5.92414435e-01 4.00000000e+00]
[8.74000000e+02 8.91000000e+02 5.96319408e-01 1.10000000e+01]
[8.60000000e+02 8.43000000e+02 5.96607938e-01 8.00000000e+00]
[9.01000000e+02 1.89000000e+02 5.96623876e-01 1.50000000e+01]
[8.81000000e+02 4.40000000e+02 5.96639361e-01 8.00000000e+00]
[217.         533.           0.59692523   2.        ]
[8.37000000e+02 7.62000000e+02 5.97241593e-01 9.00000000e+00]
[8.21000000e+02 7.99000000e+02 5.98693917e-01 4.00000000e+00]
[8.86000000e+02 8.46000000e+02 6.00055964e-01 3.20000000e+01]
[169.         257.           0.60141555   2.        ]
[8.59000000e+02 6.09000000e+02 6.01467863e-01 7.00000000e+00]
[8.79000000e+02 8.78000000e+02 6.01713539e-01 1.80000000e+01]
[7.28000000e+02 4.24000000e+02 6.02544991e-01 3.00000000e+00]
[8.42000000e+02 5.31000000e+02 6.03233747e-01 3.00000000e+00]
[9.16000000e+02 7.81000000e+02 6.04089387e-01 3.40000000e+01]
[7.77000000e+02 4.74000000e+02 6.04796844e-01 3.00000000e+00]
[1.8100000e+02 8.9400000e+02 6.0523584e-01 5.0000000e+00]
[8.62000000e+02 3.92000000e+02 6.09512195e-01 4.00000000e+00]
[8.15000000e+02 7.25000000e+02 6.09656275e-01 4.00000000e+00]
[9.00000000e+02 1.47000000e+02 6.11818925e-01 4.00000000e+00]
[8.50000000e+02 5.20000000e+02 6.11900411e-01 6.00000000e+00]
[8.92000000e+02 8.89000000e+02 6.12989137e-01 5.20000000e+01]
[9.22000000e+02 8.22000000e+02 6.13632968e-01 4.00000000e+01]
[8.30000000e+02 5.50000000e+01 6.14220495e-01 5.00000000e+00]
[8.8000000e+02 8.4700000e+02 6.1427355e-01 1.8000000e+01]
[ 42.         313.           0.61548488   2.        ]
[8.73000000e+02 2.63000000e+02 6.15968153e-01 3.00000000e+00]
[9.12000000e+02 5.14000000e+02 6.18265941e-01 9.00000000e+00]
[8.57000000e+02 8.52000000e+02 6.20651116e-01 1.50000000e+01]
[560.         388.           0.62105003   3.        ]
[344.         499.           0.62107696   2.        ]
[8.90000000e+02 9.19000000e+02 6.22030274e-01 2.80000000e+01]
[8.77000000e+02 8.87000000e+02 6.23134504e-01 2.10000000e+01]
[8.9500000e+02 8.3200000e+02 6.2427626e-01 2.3000000e+01]
[8.72000000e+02 9.23000000e+02 6.25257534e-01 1.00000000e+01]
[138.         471.           0.62636186   2.        ]
[9.06000000e+02 4.12000000e+02 6.27088112e-01 4.00000000e+00]
[8.07000000e+02 4.56000000e+02 6.28484009e-01 3.00000000e+00]
[9.30000000e+02 9.26000000e+02 6.30234448e-01 4.40000000e+01]
[215.        343.          0.6305092   2.       ]
[8.88000000e+02 4.04000000e+02 6.33847308e-01 6.00000000e+00]
[9.150e+02 9.030e+02 6.339e-01 8.000e+00]
[9.32000000e+02 4.20000000e+02 6.36375897e-01 1.90000000e+01]
[8.84000000e+02 9.36000000e+02 6.43983532e-01 1.80000000e+01]
[101.         525.           0.64453336   2.        ]
[9.10000000e+02 9.49000000e+02 6.48460501e-01 1.60000000e+01]
[9.41000000e+02 8.82000000e+02 6.48538529e-01 3.80000000e+01]
[9.40000000e+02 6.90000000e+02 6.51784385e-01 2.40000000e+01]
[9.2900000e+02 3.9800000e+02 6.5380115e-01 5.3000000e+01]
[9.09000000e+02 8.39000000e+02 6.55366187e-01 1.40000000e+01]
[325.         384.           0.65639556   2.        ]
[8.41000000e+02 9.44000000e+02 6.56564077e-01 8.00000000e+00]
[612.         289.           0.66206487   3.        ]
[9.11000000e+02 8.00000000e+00 6.62733936e-01 1.60000000e+01]
[9.70000000e+01 9.17000000e+02 6.64264211e-01 3.00000000e+00]
[9.5400000e+02 9.0500000e+02 6.6604848e-01 4.2000000e+01]
[9.31000000e+02 8.64000000e+02 6.66696554e-01 1.00000000e+01]
[8.96000000e+02 6.00000000e+02 6.68773976e-01 5.00000000e+00]
[13.         69.          0.67051547  2.        ]
[8.99000000e+02 4.59000000e+02 6.70818788e-01 6.00000000e+00]
[9.25000000e+02 3.99000000e+02 6.71960575e-01 5.00000000e+00]
[312.         497.           0.67216008   2.        ]
[9.28000000e+02 9.37000000e+02 6.73106799e-01 9.00000000e+00]
[162.         478.           0.67315587   2.        ]
[9.50000000e+02 9.24000000e+02 6.73935047e-01 2.40000000e+01]
[9.39000000e+02 8.85000000e+02 6.76595551e-01 3.30000000e+01]
[663.         370.           0.67822931   3.        ]
[9.42000000e+02 8.66000000e+02 6.78375856e-01 1.30000000e+01]
[9.53000000e+02 9.72000000e+02 6.79565965e-01 4.00000000e+01]
[9.46000000e+02 9.55000000e+02 6.80251304e-01 6.80000000e+01]
[9.61000000e+02 9.18000000e+02 6.81519989e-01 2.30000000e+01]
[8.40000000e+01 9.62000000e+02 6.88471383e-01 4.00000000e+00]
[9.040000e+02 1.770000e+02 6.900023e-01 2.000000e+01]
[9.48000000e+02 9.14000000e+02 6.91854168e-01 1.50000000e+01]
[9.35000000e+02 9.69000000e+02 6.92148631e-01 1.10000000e+01]
[541.         282.           0.69376578   4.        ]
[244.         452.           0.69436535   2.        ]
[9.02000000e+02 9.68000000e+02 6.96835349e-01 1.00000000e+01]
[9.73000000e+02 9.64000000e+02 6.98585545e-01 4.30000000e+01]
[9.27000000e+02 9.13000000e+02 7.00226089e-01 6.00000000e+00]
[9.67000000e+02 4.11000000e+02 7.00487368e-01 7.00000000e+00]
[8.93000000e+02 9.45000000e+02 7.04965114e-01 8.00000000e+00]
[9.78000000e+02 8.98000000e+02 7.08079319e-01 3.30000000e+01]
[362.        466.          0.7099539   2.       ]
[378.         485.           0.71108603   2.        ]
[9.57000000e+02 9.87000000e+02 7.11723812e-01 2.00000000e+01]
[9.76000000e+02 1.61000000e+02 7.15388483e-01 4.10000000e+01]
[9.60000000e+02 9.47000000e+02 7.15507202e-01 5.00000000e+00]
[9.63000000e+02 9.89000000e+02 7.17200245e-01 5.00000000e+01]
[9.20000000e+02 4.46000000e+02 7.18229338e-01 4.00000000e+00]
[9.83000000e+02 1.10000000e+01 7.19116119e-01 5.00000000e+00]
[9.70000000e+02 1.71000000e+02 7.22863188e-01 1.00000000e+01]
[9.88000000e+02 7.70000000e+01 7.24972772e-01 8.00000000e+00]
[9.7700000e+02 9.8200000e+02 7.2804857e-01 7.9000000e+01]
[8.90000000e+01 9.84000000e+02 7.28445869e-01 3.00000000e+00]
[9.56000000e+02 9.85000000e+02 7.29797516e-01 6.30000000e+01]
[9.99000000e+02 9.79000000e+02 7.35019441e-01 1.40000000e+01]
[9.75000000e+02 4.30000000e+02 7.35230334e-01 1.40000000e+01]
[9.94000000e+02 8.67000000e+02 7.38416285e-01 4.50000000e+01]
[1.00100000e+03 9.96000000e+02 7.38612586e-01 1.29000000e+02]
[1.00000000e+03 7.32000000e+02 7.44103166e-01 1.00000000e+01]
[1.20000000e+01 9.21000000e+02 7.44210789e-01 4.00000000e+00]
[5.77000000e+02 9.43000000e+02 7.44869426e-01 4.00000000e+00]
[9.81000000e+02 9.08000000e+02 7.45558292e-01 1.90000000e+01]
[9.58000000e+02 3.64000000e+02 7.45680023e-01 3.00000000e+00]
[9.38000000e+02 4.49000000e+02 7.45930713e-01 3.00000000e+00]
[9.51000000e+02 9.80000000e+02 7.47351771e-01 3.80000000e+01]
[8.56000000e+02 8.10000000e+02 7.52773915e-01 1.40000000e+01]
[151.         500.           0.75277592   2.        ]
[1.00500000e+03 9.95000000e+02 7.55983169e-01 1.90000000e+01]
[1.01000000e+03 9.86000000e+02 7.59603569e-01 4.70000000e+01]
[9.97000000e+02 1.49000000e+02 7.65330845e-01 5.00000000e+00]
[1.00700000e+03 4.70000000e+02 7.65893985e-01 1.30000000e+02]
[1.00600000e+03 9.71000000e+02 7.68673105e-01 4.70000000e+01]
[1.01700000e+03 9.91000000e+02 7.69049977e-01 2.10000000e+01]
[1.01100000e+03 9.65000000e+02 7.70237073e-01 2.40000000e+01]
[235.         423.           0.77616085   2.        ]
[9.52000000e+02 2.88000000e+02 7.78014289e-01 3.00000000e+00]
[1.02100000e+03 9.92000000e+02 7.79137244e-01 4.90000000e+01]
[9.66000000e+02 6.60000000e+01 7.79364485e-01 3.00000000e+00]
[9.98000000e+02 1.00800000e+03 7.81735856e-01 1.50000000e+01]
[9.90000000e+02 8.97000000e+02 7.85151445e-01 3.50000000e+01]
[1.02000000e+03 1.01400000e+03 7.85347099e-01 1.68000000e+02]
[2.34000000e+02 1.01300000e+03 7.86038917e-01 4.00000000e+00]
[1.02900000e+03 1.00400000e+03 8.00793233e-01 4.90000000e+01]
[1.02200000e+03 1.02400000e+03 8.01892342e-01 2.30000000e+01]
[1.03000000e+03 1.03200000e+03 8.04223788e-01 2.17000000e+02]
[9.93000000e+02 1.01800000e+03 8.06906693e-01 6.70000000e+01]
[1.02800000e+03 3.68000000e+02 8.14803805e-01 1.60000000e+01]
[311.         379.           0.81677567   2.        ]
[1.0260000e+03 1.8700000e+02 8.2638662e-01 5.0000000e+01]
[1.03600000e+03 1.01900000e+03 8.27115405e-01 2.10000000e+01]
[1.03400000e+03 1.00900000e+03 8.28593009e-01 2.21000000e+02]
[1.0020000e+03 9.7400000e+02 8.2935766e-01 6.0000000e+00]
[1.04000000e+03 2.12000000e+02 8.32021936e-01 2.22000000e+02]
[1.00300000e+03 9.59000000e+02 8.44001588e-01 7.10000000e+01]
[1.03800000e+03 1.02300000e+03 8.45590164e-01 7.40000000e+01]
[1.04200000e+03 1.03900000e+03 8.49308352e-01 2.43000000e+02]
[1.03300000e+03 1.02500000e+03 8.59186617e-01 2.60000000e+01]
[1.04100000e+03 4.19000000e+02 8.77165508e-01 7.00000000e+00]
[1.04600000e+03 1.01200000e+03 8.78571936e-01 2.90000000e+01]
[1.03100000e+03 4.84000000e+02 8.78642039e-01 5.00000000e+00]
[1.04500000e+03 1.04700000e+03 8.80331564e-01 2.50000000e+02]
[ 24.         323.           0.88340033   2.        ]
[1.05000000e+03 1.04300000e+03 8.86003646e-01 3.21000000e+02]
[1.03500000e+03 1.04800000e+03 8.86057829e-01 9.60000000e+01]
[9.33000000e+02 3.19000000e+02 8.94329029e-01 3.00000000e+00]
[1.05200000e+03 1.02700000e+03 9.08010818e-01 3.24000000e+02]
[1.05400000e+03 4.47000000e+02 9.14818957e-01 4.00000000e+00]
[1.05500000e+03 2.01000000e+02 9.24163906e-01 3.25000000e+02]
[1.0570000e+03 1.0440000e+03 9.3712256e-01 3.9900000e+02]
[1.05300000e+03 1.04900000e+03 9.39499204e-01 1.01000000e+02]
[1.05800000e+03 1.03700000e+03 9.56497265e-01 4.01000000e+02]
[1.05900000e+03 9.07000000e+02 9.57920204e-01 1.03000000e+02]
[108.         277.           0.95919402   2.        ]
[1.06000000e+03 2.00000000e+00 9.68247815e-01 4.02000000e+02]
[316.        488.          0.9729105   2.       ]
[1.06300000e+03 1.06100000e+03 9.82249032e-01 5.05000000e+02]
[242.         502.           0.99602888   2.        ]
[1.06500000e+03 1.06600000e+03 1.02040884e+00 5.07000000e+02]
[1016.          342.            1.02224988    3.        ]
[1.06700000e+03 1.06400000e+03 1.06083327e+00 5.09000000e+02]
[1069.         1056.            1.07043601  513.        ]
[1070.          377.            1.13684045  514.        ]
[1062.         1068.            1.14510602    5.        ]
[1051.          934.            1.14792963    5.        ]
[1073.         1015.            1.15935963   19.        ]
[1071.          145.            1.20068825  515.        ]
[1075.         1074.            1.20370759  534.        ]
[1076.        1072.           1.2564154  539.       ]
[1077.          429.            1.42068289  540.        ]
