[  1. 216.   0.   2.]
[540. 113.   0.   3.]
[  6. 129.   0.   2.]
[64. 68.  0.  2.]
[543.  93.   0.   3.]
[544. 123.   0.   4.]
[545. 214.   0.   5.]
[546. 261.   0.   6.]
[ 78. 125.   0.   2.]
[548. 315.   0.   3.]
[ 90. 518.   0.   2.]
[103. 196.   0.   2.]
[136. 336.   0.   2.]
[220. 295.   0.   2.]
[270. 271.   0.   2.]
[554. 170.   0.   3.]
[300. 302.   0.   2.]
[359. 413.   0.   2.]
[5.00000000e+01 1.35000000e+02 1.49011612e-08 2.00000000e+00]
[5.58000000e+02 5.53000000e+02 1.49011612e-08 4.00000000e+00]
[7.20000000e+01 4.37000000e+02 1.49011612e-08 2.00000000e+00]
[1.40000000e+02 5.55000000e+02 1.49011612e-08 4.00000000e+00]
[1.78000000e+02 2.45000000e+02 1.49011612e-08 2.00000000e+00]
[5.56000000e+02 4.68000000e+02 1.89139771e-08 3.00000000e+00]
[7.40000000e+01 9.10000000e+01 2.10734243e-08 2.00000000e+00]
[5.64000000e+02 3.17000000e+02 2.10734243e-08 3.00000000e+00]
[9.50000000e+01 1.52000000e+02 2.10734243e-08 2.00000000e+00]
[5.66000000e+02 2.40000000e+02 2.10734243e-08 3.00000000e+00]
[5.67000000e+02 3.01000000e+02 2.10734243e-08 4.00000000e+00]
[5.68000000e+02 3.08000000e+02 2.10734243e-08 5.00000000e+00]
[5.69000000e+02 5.59000000e+02 2.10734243e-08 9.00000000e+00]
[3.07000000e+02 5.70000000e+02 2.10734243e-08 1.00000000e+01]
[6.10000000e+01 2.36000000e+02 3.94247668e-08 2.00000000e+00]
[5.65000000e+02 2.74000000e+02 8.09340216e-08 4.00000000e+00]
[5.71000000e+02 3.29000000e+02 1.45176713e-02 1.10000000e+01]
[5.74000000e+02 1.30000000e+02 2.57587667e-02 1.20000000e+01]
[5.75000000e+02 3.28000000e+02 3.69533764e-02 1.30000000e+01]
[3.09000000e+02 3.94000000e+02 4.40797821e-02 2.00000000e+00]
[5.7600000e+02 2.3900000e+02 4.7141516e-02 1.4000000e+01]
[5.78000000e+02 1.94000000e+02 5.67201056e-02 1.50000000e+01]
[8.10000000e+01 5.79000000e+02 6.59020507e-02 1.60000000e+01]
[21.         40.          0.06705018  2.        ]
[2.18000000e+02 5.03000000e+02 7.03795074e-02 2.00000000e+00]
[2.0600000e+02 3.2200000e+02 7.4490596e-02 2.0000000e+00]
[3.0000000e+01 2.0900000e+02 7.9391993e-02 2.0000000e+00]
[3.39000000e+02 4.73000000e+02 8.23962141e-02 2.00000000e+00]
[4.90000000e+01 2.46000000e+02 8.54421194e-02 2.00000000e+00]
[3.66000000e+02 5.17000000e+02 8.76558573e-02 2.00000000e+00]
[4.92000000e+02 5.23000000e+02 1.05684793e-01 2.00000000e+00]
[1.24000000e+02 3.05000000e+02 1.05965791e-01 2.00000000e+00]
[3.2000000e+02 4.0600000e+02 1.1045668e-01 2.0000000e+00]
[3.97000000e+02 4.44000000e+02 1.12343295e-01 2.00000000e+00]
[2.90000000e+01 4.86000000e+02 1.15354064e-01 2.00000000e+00]
[1.28000000e+02 2.91000000e+02 1.15444485e-01 2.00000000e+00]
[3.46000000e+02 4.38000000e+02 1.18011473e-01 2.00000000e+00]
[1.43000000e+02 4.45000000e+02 1.18053992e-01 2.00000000e+00]
[2.48000000e+02 5.16000000e+02 1.19805078e-01 2.00000000e+00]
[2.98000000e+02 5.61000000e+02 1.20382012e-01 5.00000000e+00]
[2.90000000e+02 5.30000000e+02 1.21386851e-01 2.00000000e+00]
[5.9700000e+02 2.2900000e+02 1.2154527e-01 6.0000000e+00]
[6.30000000e+01 4.26000000e+02 1.25541344e-01 2.00000000e+00]
[3.48000000e+02 3.67000000e+02 1.27458337e-01 2.00000000e+00]
[4.3600000e+02 5.2200000e+02 1.3066916e-01 2.0000000e+00]
[5.40000000e+01 1.48000000e+02 1.34200882e-01 2.00000000e+00]
[4.02000000e+02 4.89000000e+02 1.34571689e-01 2.00000000e+00]
[5.73000000e+02 1.64000000e+02 1.34970612e-01 5.00000000e+00]
[4.00000000e+00 2.62000000e+02 1.39243855e-01 2.00000000e+00]
[2.13000000e+02 3.86000000e+02 1.39819423e-01 2.00000000e+00]
[3.03000000e+02 3.69000000e+02 1.40759234e-01 2.00000000e+00]
[3.00000000e+00 2.51000000e+02 1.41794566e-01 2.00000000e+00]
[3.82000000e+02 5.94000000e+02 1.41836437e-01 3.00000000e+00]
[5.20000000e+01 6.10000000e+02 1.41932911e-01 4.00000000e+00]
[1.6000000e+01 4.3900000e+02 1.4494577e-01 2.0000000e+00]
[3.96000000e+02 4.14000000e+02 1.46116969e-01 2.00000000e+00]
[5.52000000e+02 5.49000000e+02 1.46279306e-01 5.00000000e+00]
[2.70000000e+01 1.72000000e+02 1.46613989e-01 2.00000000e+00]
[5.99000000e+02 3.34000000e+02 1.50119687e-01 7.00000000e+00]
[8.00000000e+01 4.09000000e+02 1.50613459e-01 2.00000000e+00]
[2.47000000e+02 2.49000000e+02 1.52692348e-01 2.00000000e+00]
[65.         76.          0.15416388  2.        ]
[1.85000000e+02 1.95000000e+02 1.61942766e-01 2.00000000e+00]
[1.44000000e+02 5.57000000e+02 1.62010199e-01 3.00000000e+00]
[6.05000000e+02 2.04000000e+02 1.62082117e-01 6.00000000e+00]
[2.97000000e+02 4.27000000e+02 1.68130508e-01 2.00000000e+00]
[6.16000000e+02 1.04000000e+02 1.77690727e-01 8.00000000e+00]
[4.18000000e+02 4.61000000e+02 1.80110536e-01 2.00000000e+00]
[5.63000000e+02 5.47000000e+02 1.81753381e-01 9.00000000e+00]
[5.32000000e+02 4.77000000e+02 1.88025421e-01 2.00000000e+00]
[5.93000000e+02 1.65000000e+02 1.92872994e-01 3.00000000e+00]
[2.76000000e+02 3.45000000e+02 1.93039637e-01 2.00000000e+00]
[3.18000000e+02 5.09000000e+02 1.93084068e-01 2.00000000e+00]
[4.10000000e+01 6.11000000e+02 1.93568929e-01 5.00000000e+00]
[9.20000000e+01 2.69000000e+02 1.93901082e-01 2.00000000e+00]
[6.24000000e+02 1.90000000e+01 2.01629106e-01 9.00000000e+00]
[3.8100000e+02 4.0500000e+02 2.0361799e-01 2.0000000e+00]
[5.00000000e+00 2.07000000e+02 2.04622847e-01 2.00000000e+00]
[1.70000000e+01 2.83000000e+02 2.04829074e-01 2.00000000e+00]
[1.80000000e+02 6.28000000e+02 2.07488491e-01 4.00000000e+00]
[6.14000000e+02 1.76000000e+02 2.09165397e-01 6.00000000e+00]
[6.27000000e+02 1.22000000e+02 2.11731853e-01 3.00000000e+00]
[6.37000000e+02 6.20000000e+01 2.15624927e-01 5.00000000e+00]
[9.00000000e+00 6.38000000e+02 2.15754881e-01 7.00000000e+00]
[3.93000000e+02 5.11000000e+02 2.16626106e-01 2.00000000e+00]
[2.05000000e+02 6.26000000e+02 2.20630132e-01 1.00000000e+01]
[6.33000000e+02 3.80000000e+02 2.23593651e-01 1.00000000e+01]
[6.40000000e+02 3.33000000e+02 2.39549483e-01 6.00000000e+00]
[1.42000000e+02 5.87000000e+02 2.41889701e-01 3.00000000e+00]
[6.45000000e+02 1.15000000e+02 2.43849293e-01 7.00000000e+00]
[2.30000000e+02 6.39000000e+02 2.45122275e-01 4.00000000e+00]
[4.00000000e+02 5.80000000e+02 2.45259834e-01 1.70000000e+01]
[6.41000000e+02 1.56000000e+02 2.45750403e-01 8.00000000e+00]
[4.15000000e+02 4.60000000e+02 2.45873091e-01 2.00000000e+00]
[1.40000000e+01 4.33000000e+02 2.52086754e-01 2.00000000e+00]
[6.47000000e+02 2.08000000e+02 2.52639189e-01 8.00000000e+00]
[155.         98.          0.2558704   2.       ]
[4.08000000e+02 4.50000000e+02 2.56590723e-01 2.00000000e+00]
[1.99000000e+02 6.50000000e+02 2.60717659e-01 9.00000000e+00]
[3.65000000e+02 4.43000000e+02 2.61254439e-01 2.00000000e+00]
[6.54000000e+02 2.19000000e+02 2.62056013e-01 3.00000000e+00]
[1.53000000e+02 6.22000000e+02 2.62504845e-01 7.00000000e+00]
[6.53000000e+02 2.02000000e+02 2.62644818e-01 9.00000000e+00]
[2.37000000e+02 4.90000000e+02 2.67194806e-01 2.00000000e+00]
[6.60000000e+02 1.12000000e+02 2.74394404e-01 1.00000000e+01]
[7.00000000e+01 6.06000000e+02 2.74513357e-01 3.00000000e+00]
[6.58000000e+02 2.72000000e+02 2.88871747e-01 4.00000000e+00]
[5.08000000e+02 6.64000000e+02 2.89098766e-01 5.00000000e+00]
[6.62000000e+02 2.33000000e+02 2.94664277e-01 1.10000000e+01]
[6.46000000e+02 5.19000000e+02 2.96226192e-01 4.00000000e+00]
[1.86000000e+02 6.56000000e+02 2.96595382e-01 1.00000000e+01]
[3.560000e+02 4.670000e+02 3.009205e-01 2.000000e+00]
[ 67.         150.           0.30371485   2.        ]
[6.43000000e+02 6.09000000e+02 3.05598058e-01 1.20000000e+01]
[3.50000000e+01 6.35000000e+02 3.05940078e-01 3.00000000e+00]
[6.4900000e+02 6.4400000e+02 3.0886735e-01 2.7000000e+01]
[2.27000000e+02 3.40000000e+02 3.14963939e-01 2.00000000e+00]
[1.82000000e+02 6.63000000e+02 3.23705031e-01 4.00000000e+00]
[4.60000000e+01 4.87000000e+02 3.23768359e-01 2.00000000e+00]
[4.10000000e+02 6.30000000e+02 3.25245196e-01 3.00000000e+00]
[3.61000000e+02 5.27000000e+02 3.26488171e-01 2.00000000e+00]
[5.62000000e+02 2.85000000e+02 3.27272779e-01 3.00000000e+00]
[4.95000000e+02 6.65000000e+02 3.27766902e-01 6.00000000e+00]
[1.60000000e+02 6.73000000e+02 3.27952347e-01 2.80000000e+01]
[ 83.         184.           0.32833414   2.        ]
[2.00000000e+01 6.80000000e+02 3.30737242e-01 7.00000000e+00]
[6.75000000e+02 1.83000000e+02 3.34020709e-01 5.00000000e+00]
[1.09000000e+02 6.71000000e+02 3.34745123e-01 1.30000000e+01]
[2.56000000e+02 6.83000000e+02 3.35573283e-01 8.00000000e+00]
[6.01000000e+02 5.26000000e+02 3.35813242e-01 3.00000000e+00]
[6.84000000e+02 6.55000000e+02 3.45656323e-01 7.00000000e+00]
[4.42000000e+02 5.77000000e+02 3.48532329e-01 3.00000000e+00]
[1.17000000e+02 6.59000000e+02 3.49249927e-01 8.00000000e+00]
[3.30000000e+01 6.48000000e+02 3.49973432e-01 5.00000000e+00]
[6.82000000e+02 8.60000000e+01 3.51247702e-01 3.00000000e+00]
[5.28000000e+02 6.91000000e+02 3.52389441e-01 6.00000000e+00]
[2.52000000e+02 6.81000000e+02 3.59015947e-01 2.90000000e+01]
[6.93000000e+02 3.21000000e+02 3.60539721e-01 7.00000000e+00]
[6.76000000e+02 3.27000000e+02 3.61370327e-01 3.00000000e+00]
[5.98000000e+02 2.30000000e+01 3.61385969e-01 3.00000000e+00]
[0.00000000e+00 4.65000000e+02 3.63006914e-01 2.00000000e+00]
[5.83000000e+02 6.86000000e+02 3.63468061e-01 1.00000000e+01]
[1.54000000e+02 6.88000000e+02 3.65670724e-01 8.00000000e+00]
[3.49000000e+02 5.84000000e+02 3.66531215e-01 3.00000000e+00]
[6.89000000e+02 3.51000000e+02 3.67399489e-01 4.00000000e+00]
[2.65000000e+02 6.94000000e+02 3.70311099e-01 3.00000000e+01]
[4.69000000e+02 4.48000000e+02 3.71593024e-01 2.00000000e+00]
[6.97000000e+02 5.90000000e+02 3.72379373e-01 5.00000000e+00]
[6.32000000e+02 6.90000000e+02 3.72569729e-01 1.00000000e+01]
[6.95000000e+02 2.78000000e+02 3.73442759e-01 8.00000000e+00]
[5.86000000e+02 4.80000000e+01 3.74678195e-01 3.00000000e+00]
[7.07000000e+02 3.41000000e+02 3.78275827e-01 9.00000000e+00]
[1.3700000e+02 6.9800000e+02 3.7837572e-01 3.0000000e+00]
[102.          15.           0.38096261   2.        ]
[5.90000000e+01 7.06000000e+02 3.83094626e-01 1.10000000e+01]
[7.10000000e+02 2.60000000e+02 3.88416727e-01 4.00000000e+00]
[3.24000000e+02 6.85000000e+02 3.89653959e-01 1.40000000e+01]
[2.79000000e+02 6.31000000e+02 3.91098622e-01 6.00000000e+00]
[5.12000000e+02 7.09000000e+02 3.91735633e-01 1.00000000e+01]
[7.05000000e+02 4.83000000e+02 3.92666482e-01 6.00000000e+00]
[1.80000000e+01 6.74000000e+02 3.94627882e-01 3.00000000e+00]
[3.9100000e+02 6.7700000e+02 3.9703724e-01 4.0000000e+00]
[7.0200000e+02 3.1000000e+01 3.9761377e-01 5.0000000e+00]
[6.92000000e+02 2.96000000e+02 4.04448423e-01 4.00000000e+00]
[7.13000000e+02 4.91000000e+02 4.05340332e-01 5.00000000e+00]
[2.80000000e+02 6.12000000e+02 4.07614444e-01 3.00000000e+00]
[100.          51.           0.40904946   2.        ]
[4.54000000e+02 6.34000000e+02 4.14137096e-01 3.00000000e+00]
[7.11000000e+02 6.15000000e+02 4.15043095e-01 4.00000000e+00]
[1.93000000e+02 7.15000000e+02 4.15638336e-01 7.00000000e+00]
[7.01000000e+02 5.38000000e+02 4.16428121e-01 4.00000000e+00]
[2.66000000e+02 7.04000000e+02 4.16603754e-01 3.00000000e+00]
[4.63000000e+02 7.03000000e+02 4.17454276e-01 3.10000000e+01]
[3.35000000e+02 7.20000000e+02 4.19051966e-01 6.00000000e+00]
[6.25000000e+02 3.73000000e+02 4.20458391e-01 3.00000000e+00]
[8.80000000e+01 7.27000000e+02 4.20475433e-01 8.00000000e+00]
[1.68000000e+02 4.32000000e+02 4.22163373e-01 2.00000000e+00]
[4.70000000e+01 7.08000000e+02 4.23272049e-01 4.00000000e+00]
[1.88000000e+02 6.03000000e+02 4.23430351e-01 3.00000000e+00]
[3.20000000e+01 6.96000000e+02 4.24961024e-01 4.00000000e+00]
[3.500000e+02 6.790000e+02 4.259381e-01 4.000000e+00]
[7.10000000e+01 4.62000000e+02 4.26382192e-01 2.00000000e+00]
[2.50000000e+01 6.02000000e+02 4.26459184e-01 3.00000000e+00]
[3.63000000e+02 5.72000000e+02 4.30420023e-01 3.00000000e+00]
[7.21000000e+02 7.00000000e+00 4.32023922e-01 5.00000000e+00]
[6.00000000e+02 2.38000000e+02 4.33054177e-01 3.00000000e+00]
[8.2000000e+01 7.3000000e+02 4.3385127e-01 3.2000000e+01]
[7.32000000e+02 3.85000000e+02 4.36502664e-01 4.00000000e+00]
[7.37000000e+02 3.58000000e+02 4.38444604e-01 5.00000000e+00]
[7.17000000e+02 6.18000000e+02 4.40822047e-01 8.00000000e+00]
[7.42000000e+02 6.07000000e+02 4.42156545e-01 7.00000000e+00]
[6.51000000e+02 4.82000000e+02 4.42895785e-01 3.00000000e+00]
[2.10000000e+02 7.47000000e+02 4.45539624e-01 9.00000000e+00]
[4.98000000e+02 4.55000000e+02 4.46765603e-01 2.00000000e+00]
[2.21000000e+02 7.25000000e+02 4.46838437e-01 4.00000000e+00]
[5.42000000e+02 7.36000000e+02 4.47021733e-01 5.00000000e+00]
[326.         116.           0.44734832   2.        ]
[2.59000000e+02 7.22000000e+02 4.47732186e-01 6.00000000e+00]
[1.39000000e+02 7.53000000e+02 4.48079668e-01 6.00000000e+00]
[3.38000000e+02 7.31000000e+02 4.49594322e-01 7.00000000e+00]
[6.87000000e+02 7.46000000e+02 4.50337631e-01 8.00000000e+00]
[6.72000000e+02 7.18000000e+02 4.51528641e-01 6.00000000e+00]
[8.70000000e+01 7.12000000e+02 4.52261053e-01 1.20000000e+01]
[1.2700000e+02 7.4400000e+02 4.5280444e-01 3.3000000e+01]
[7.45000000e+02 5.88000000e+02 4.53597246e-01 6.00000000e+00]
[5.8500000e+02 4.6400000e+02 4.5482104e-01 3.0000000e+00]
[1.32000000e+02 6.68000000e+02 4.55105927e-01 1.10000000e+01]
[7.38000000e+02 3.10000000e+02 4.55217693e-01 5.00000000e+00]
[6.4200000e+02 7.5500000e+02 4.5556104e-01 8.0000000e+00]
[7.50000000e+01 7.24000000e+02 4.57577551e-01 3.00000000e+00]
[2.67000000e+02 6.78000000e+02 4.60179823e-01 3.00000000e+00]
[2.32000000e+02 7.33000000e+02 4.60830374e-01 9.00000000e+00]
[2.03000000e+02 7.58000000e+02 4.62828196e-01 9.00000000e+00]
[6.7000000e+02 6.9900000e+02 4.6345318e-01 1.2000000e+01]
[1.57000000e+02 7.71000000e+02 4.63559351e-01 1.30000000e+01]
[5.07000000e+02 6.67000000e+02 4.64026257e-01 5.00000000e+00]
[1.33000000e+02 7.68000000e+02 4.66270995e-01 4.00000000e+00]
[3.40000000e+01 7.69000000e+02 4.70038952e-01 1.00000000e+01]
[7.62000000e+02 1.58000000e+02 4.71514005e-01 7.00000000e+00]
[7.48000000e+02 4.57000000e+02 4.72571961e-01 8.00000000e+00]
[7.26000000e+02 1.97000000e+02 4.74441188e-01 5.00000000e+00]
[7.14000000e+02 7.52000000e+02 4.76559909e-01 1.80000000e+01]
[6.66000000e+02 1.67000000e+02 4.76726452e-01 1.20000000e+01]
[7.57000000e+02 7.49000000e+02 4.76817886e-01 1.00000000e+01]
[3.47000000e+02 7.61000000e+02 4.78250444e-01 3.40000000e+01]
[2.80000000e+01 7.81000000e+02 4.79048427e-01 1.10000000e+01]
[2.60000000e+01 7.67000000e+02 4.80236647e-01 4.00000000e+00]
[7.65000000e+02 7.66000000e+02 4.81061918e-01 1.30000000e+01]
[7.76000000e+02 4.96000000e+02 4.81977528e-01 8.00000000e+00]
[4.94000000e+02 7.74000000e+02 4.82159472e-01 5.00000000e+00]
[5.89000000e+02 5.95000000e+02 4.83597056e-01 4.00000000e+00]
[6.00000000e+01 7.50000000e+02 4.83673236e-01 1.00000000e+01]
[7.28000000e+02 6.29000000e+02 4.84283096e-01 6.00000000e+00]
[7.77000000e+02 6.57000000e+02 4.85465971e-01 1.00000000e+01]
[3.37000000e+02 7.54000000e+02 4.85736033e-01 3.00000000e+00]
[2.99000000e+02 7.72000000e+02 4.86142895e-01 1.40000000e+01]
[2.64000000e+02 7.82000000e+02 4.86424244e-01 3.50000000e+01]
[7.80000000e+02 4.25000000e+02 4.86866205e-01 1.30000000e+01]
[7.64000000e+02 2.73000000e+02 4.87509724e-01 1.20000000e+01]
[1.20000000e+02 7.63000000e+02 4.88360804e-01 4.00000000e+00]
[7.88000000e+02 1.63000000e+02 4.88686546e-01 5.00000000e+00]
[6.61000000e+02 4.28000000e+02 4.89687914e-01 3.00000000e+00]
[7.78000000e+02 1.41000000e+02 4.90065372e-01 6.00000000e+00]
[1.11000000e+02 7.56000000e+02 4.90132523e-01 7.00000000e+00]
[7.86000000e+02 5.37000000e+02 4.92505232e-01 9.00000000e+00]
[7.51000000e+02 4.40000000e+01 4.94390961e-01 3.00000000e+00]
[7.00000000e+02 4.35000000e+02 4.94588752e-01 9.00000000e+00]
[4.53000000e+02 8.01000000e+02 4.95863733e-01 8.00000000e+00]
[7.700000e+02 4.340000e+02 4.959601e-01 1.000000e+01]
[2.55000000e+02 7.84000000e+02 4.98431553e-01 5.00000000e+00]
[2.58000000e+02 7.85000000e+02 4.98654764e-01 1.40000000e+01]
[5.15000000e+02 5.60000000e+01 4.99050667e-01 2.00000000e+00]
[1.21000000e+02 7.60000000e+02 5.00201807e-01 1.30000000e+01]
[5.01000000e+02 8.06000000e+02 5.00321952e-01 1.10000000e+01]
[107.         192.           0.50094337   2.        ]
[3.04000000e+02 8.08000000e+02 5.02348209e-01 1.50000000e+01]
[7.73000000e+02 5.36000000e+02 5.04056229e-01 6.00000000e+00]
[5.82000000e+02 2.92000000e+02 5.04509127e-01 3.00000000e+00]
[4.01000000e+02 8.07000000e+02 5.04719412e-01 6.00000000e+00]
[250.         254.           0.50499455   2.        ]
[7.91000000e+02 5.13000000e+02 5.05576854e-01 1.10000000e+01]
[4.72000000e+02 7.23000000e+02 5.06983488e-01 4.00000000e+00]
[7.99000000e+02 8.04000000e+02 5.07367182e-01 1.20000000e+01]
[7.29000000e+02 7.94000000e+02 5.07933865e-01 3.80000000e+01]
[7.59000000e+02 7.93000000e+02 5.08953358e-01 2.00000000e+01]
[3.52000000e+02 7.87000000e+02 5.09175921e-01 6.00000000e+00]
[1.05000000e+02 7.35000000e+02 5.09890884e-01 5.00000000e+00]
[2.84000000e+02 8.00000000e+02 5.12817263e-01 7.00000000e+00]
[114.       191.         0.513376   2.      ]
[200.         73.          0.5143072   2.       ]
[4.76000000e+02 8.03000000e+02 5.15571416e-01 4.00000000e+00]
[8.18000000e+02 4.81000000e+02 5.15753971e-01 1.20000000e+01]
[7.79000000e+02 3.80000000e+01 5.16252222e-01 1.90000000e+01]
[8.22000000e+02 8.19000000e+02 5.16967682e-01 2.40000000e+01]
[8.10000000e+02 8.12000000e+02 5.18964256e-01 1.50000000e+01]
[5.70000000e+01 8.09000000e+02 5.19544465e-01 3.00000000e+00]
[4.41000000e+02 7.97000000e+02 5.21816743e-01 5.00000000e+00]
[2.24000000e+02 7.75000000e+02 5.21869528e-01 1.10000000e+01]
[8.3000000e+02 1.1900000e+02 5.2391835e-01 2.0000000e+01]
[7.98000000e+02 4.12000000e+02 5.25190346e-01 6.00000000e+00]
[3.71000000e+02 7.43000000e+02 5.27121817e-01 4.00000000e+00]
[6.60000000e+01 5.51000000e+02 5.27324857e-01 3.00000000e+00]
[7.92000000e+02 7.83000000e+02 5.28672348e-01 1.40000000e+01]
[1.59000000e+02 8.40000000e+02 5.29066038e-01 1.50000000e+01]
[392.         505.           0.52920567   2.        ]
[3.32000000e+02 7.96000000e+02 5.30016211e-01 1.30000000e+01]
[8.14000000e+02 8.28000000e+02 5.30647201e-01 1.00000000e+01]
[8.31000000e+02 2.94000000e+02 5.32116861e-01 2.50000000e+01]
[6.19000000e+02 3.53000000e+02 5.32765053e-01 3.00000000e+00]
[6.21000000e+02 7.19000000e+02 5.33013399e-01 7.00000000e+00]
[8.36000000e+02 2.75000000e+02 5.34009182e-01 2.10000000e+01]
[3.74000000e+02 8.02000000e+02 5.34140244e-01 1.00000000e+01]
[5.24000000e+02 8.41000000e+02 5.34255371e-01 1.60000000e+01]
[8.23000000e+02 4.74000000e+02 5.34690582e-01 7.00000000e+00]
[ 58.         390.           0.53559231   2.        ]
[8.45000000e+02 8.13000000e+02 5.36004098e-01 4.00000000e+01]
[8.47000000e+02 5.96000000e+02 5.36265308e-01 9.00000000e+00]
[5.92000000e+02 7.90000000e+02 5.36599706e-01 8.00000000e+00]
[7.41000000e+02 5.21000000e+02 5.36742183e-01 4.00000000e+00]
[8.32000000e+02 6.52000000e+02 5.36995051e-01 1.70000000e+01]
[8.17000000e+02 8.11000000e+02 5.37475504e-01 1.30000000e+01]
[ 97.         407.           0.53804835   2.        ]
[7.89000000e+02 8.15000000e+02 5.38597607e-01 1.30000000e+01]
[ 94.        281.          0.5386665   2.       ]
[8.4800000e+02 1.3800000e+02 5.4080692e-01 2.2000000e+01]
[5.06000000e+02 7.40000000e+02 5.40901191e-01 4.00000000e+00]
[8.46000000e+02 4.24000000e+02 5.41753239e-01 4.00000000e+00]
[8.35000000e+02 3.31000000e+02 5.41838562e-01 1.20000000e+01]
[8.21000000e+02 2.11000000e+02 5.42738998e-01 3.90000000e+01]
[1.10000000e+02 8.16000000e+02 5.43406105e-01 7.00000000e+00]
[8.66000000e+02 6.08000000e+02 5.44391955e-01 4.10000000e+01]
[4.51000000e+02 7.95000000e+02 5.44396582e-01 1.40000000e+01]
[7.9000000e+01 8.5100000e+02 5.4487771e-01 8.0000000e+00]
[2.87000000e+02 8.62000000e+02 5.45881441e-01 2.30000000e+01]
[9.60000000e+01 8.05000000e+02 5.46091548e-01 9.00000000e+00]
[8.65000000e+02 4.79000000e+02 5.46295582e-01 1.30000000e+01]
[8.68000000e+02 1.73000000e+02 5.46461144e-01 4.20000000e+01]
[8.74000000e+02 8.50000000e+01 5.47666931e-01 4.30000000e+01]
[8.5400000e+02 6.2300000e+02 5.4966885e-01 1.1000000e+01]
[6.2000000e+02 2.3100000e+02 5.5249081e-01 3.0000000e+00]
[8.75000000e+02 8.42000000e+02 5.53042051e-01 4.50000000e+01]
[8.38000000e+02 5.10000000e+02 5.53485573e-01 5.00000000e+00]
[4.80000000e+02 8.78000000e+02 5.54814817e-01 4.60000000e+01]
[8.5500000e+02 8.3400000e+02 5.5530743e-01 1.3000000e+01]
[293.         499.           0.55588422   2.        ]
[2.41000000e+02 8.72000000e+02 5.56723981e-01 1.00000000e+01]
[4.21000000e+02 8.77000000e+02 5.57050433e-01 4.00000000e+00]
[4.17000000e+02 8.52000000e+02 5.58389781e-01 3.00000000e+00]
[2.57000000e+02 8.59000000e+02 5.58809945e-01 3.00000000e+00]
[8.37000000e+02 4.93000000e+02 5.60486362e-01 7.00000000e+00]
[8.57000000e+02 1.74000000e+02 5.63061122e-01 1.80000000e+01]
[3.90000000e+01 8.24000000e+02 5.63081008e-01 6.00000000e+00]
[8.64000000e+02 8.67000000e+02 5.63567578e-01 1.10000000e+01]
[4.50000000e+01 7.34000000e+02 5.63902036e-01 3.00000000e+00]
[5.50000000e+02 8.63000000e+02 5.64225107e-01 6.00000000e+00]
[8.60000000e+02 5.04000000e+02 5.64242525e-01 1.40000000e+01]
[3.60000000e+01 8.73000000e+02 5.65142295e-01 1.40000000e+01]
[8.43000000e+02 8.53000000e+02 5.65814015e-01 5.30000000e+01]
[2.26000000e+02 8.26000000e+02 5.67096949e-01 3.00000000e+00]
[8.58000000e+02 1.31000000e+02 5.75880236e-01 1.40000000e+01]
[8.81000000e+02 6.13000000e+02 5.78789531e-01 1.50000000e+01]
[5.50000000e+01 8.97000000e+02 5.79706753e-01 1.50000000e+01]
[8.93000000e+02 5.35000000e+02 5.79900652e-01 1.50000000e+01]
[6.36000000e+02 8.50000000e+02 5.80543104e-01 1.80000000e+01]
[8.87000000e+02 3.75000000e+02 5.80908636e-01 8.00000000e+00]
[8.44000000e+02 8.25000000e+02 5.81214622e-01 1.70000000e+01]
[355.         403.           0.58125855   2.        ]
[5.30000000e+01 8.90000000e+02 5.82326886e-01 1.20000000e+01]
[8.91000000e+02 3.60000000e+02 5.82626664e-01 4.00000000e+00]
[1.90000000e+02 8.89000000e+02 5.83069823e-01 7.00000000e+00]
[2.22000000e+02 9.01000000e+02 5.86439117e-01 1.90000000e+01]
[2.53000000e+02 8.69000000e+02 5.86704776e-01 1.50000000e+01]
[3.87000000e+02 9.07000000e+02 5.88998218e-01 8.00000000e+00]
[9.00000000e+02 2.43000000e+02 5.90167986e-01 1.60000000e+01]
[1.81000000e+02 9.03000000e+02 5.90381453e-01 1.80000000e+01]
[306.         458.           0.59172794   2.        ]
[2.86000000e+02 8.95000000e+02 5.93062306e-01 5.40000000e+01]
[8.2000000e+02 3.5700000e+02 5.9364337e-01 1.3000000e+01]
[4.22000000e+02 8.96000000e+02 5.95333692e-01 4.00000000e+00]
[8.8400000e+02 1.4600000e+02 5.9656436e-01 5.0000000e+00]
[2.17000000e+02 8.29000000e+02 5.96925233e-01 1.30000000e+01]
[5.34000000e+02 9.16000000e+02 5.97643788e-01 5.00000000e+00]
[8.98000000e+02 8.83000000e+02 5.98449117e-01 2.50000000e+01]
[3.54000000e+02 9.14000000e+02 5.98987508e-01 5.50000000e+01]
[9.04000000e+02 4.30000000e+01 6.00699836e-01 3.00000000e+00]
[1.18000000e+02 8.49000000e+02 6.00961103e-01 1.10000000e+01]
[1.66000000e+02 8.86000000e+02 6.01685229e-01 4.00000000e+00]
[4.31000000e+02 9.12000000e+02 6.02085846e-01 1.90000000e+01]
[539.         372.           0.60387074   2.        ]
[3.30000000e+02 8.99000000e+02 6.04917792e-01 1.60000000e+01]
[8.61000000e+02 4.52000000e+02 6.06765527e-01 3.00000000e+00]
[3.76000000e+02 9.02000000e+02 6.07272678e-01 9.00000000e+00]
[5.3300000e+02 9.1800000e+02 6.1107601e-01 1.4000000e+01]
[9.17000000e+02 2.88000000e+02 6.14166243e-01 6.00000000e+00]
[3.13000000e+02 8.56000000e+02 6.15484879e-01 5.00000000e+00]
[5.91000000e+02 9.19000000e+02 6.16798049e-01 7.00000000e+00]
[2.63000000e+02 8.85000000e+02 6.17780319e-01 4.00000000e+00]
[3.88000000e+02 9.10000000e+02 6.21050025e-01 9.00000000e+00]
[2.28000000e+02 8.94000000e+02 6.21401581e-01 1.50000000e+01]
[5.29000000e+02 8.70000000e+02 6.24089127e-01 9.00000000e+00]
[9.22000000e+02 9.24000000e+02 6.25834025e-01 7.00000000e+00]
[5.31000000e+02 9.09000000e+02 6.26738179e-01 1.60000000e+01]
[514.          11.           0.62954488   2.        ]
[3.9800000e+02 8.8000000e+02 6.2987742e-01 4.7000000e+01]
[3.43000000e+02 9.37000000e+02 6.30509205e-01 1.00000000e+01]
[3.12000000e+02 9.33000000e+02 6.30791682e-01 8.00000000e+00]
[9.25000000e+02 1.98000000e+02 6.32411297e-01 2.00000000e+01]
[1.34000000e+02 9.38000000e+02 6.34699279e-01 8.00000000e+00]
[9.2000000e+02 3.1400000e+02 6.3789644e-01 2.6000000e+01]
[2.23000000e+02 9.44000000e+02 6.39904838e-01 2.10000000e+01]
[8.33000000e+02 6.17000000e+02 6.41675439e-01 5.00000000e+00]
[1.00000000e+01 9.46000000e+02 6.44425978e-01 2.70000000e+01]
[5.25000000e+02 9.29000000e+02 6.44533362e-01 1.00000000e+01]
[3.70000000e+01 9.08000000e+02 6.45041981e-01 2.00000000e+01]
[9.90000000e+01 9.21000000e+02 6.46876232e-01 5.60000000e+01]
[8.27000000e+02 9.27000000e+02 6.49445489e-01 1.80000000e+01]
[1.20000000e+01 9.47000000e+02 6.51369147e-01 2.20000000e+01]
[1.79000000e+02 9.34000000e+02 6.55939323e-01 5.00000000e+00]
[3.84000000e+02 9.15000000e+02 6.56395559e-01 1.40000000e+01]
[9.11000000e+02 8.39000000e+02 6.56658611e-01 1.90000000e+01]
[9.30000000e+02 1.26000000e+02 6.57375627e-01 1.50000000e+01]
[9.39000000e+02 9.45000000e+02 6.58569999e-01 2.40000000e+01]
[3.83000000e+02 9.57000000e+02 6.58833693e-01 2.00000000e+01]
[5.6000000e+02 9.3500000e+02 6.5891818e-01 1.1000000e+01]
[9.49000000e+02 8.00000000e+00 6.60115474e-01 2.80000000e+01]
[9.26000000e+02 9.32000000e+02 6.61524641e-01 7.00000000e+00]
[9.62000000e+02 4.40000000e+02 6.62668493e-01 2.90000000e+01]
[9.59000000e+02 9.06000000e+02 6.65541616e-01 2.80000000e+01]
[8.82000000e+02 3.44000000e+02 6.65960855e-01 3.00000000e+00]
[9.2800000e+02 9.5400000e+02 6.6648478e-01 2.5000000e+01]
[9.64000000e+02 1.89000000e+02 6.67568894e-01 3.00000000e+01]
[9.58000000e+02 3.89000000e+02 6.67940493e-01 1.60000000e+01]
[1.30000000e+01 9.67000000e+02 6.70515471e-01 2.60000000e+01]
[4.78000000e+02 8.79000000e+02 6.73155867e-01 6.00000000e+00]
[9.50000000e+02 9.43000000e+02 6.74517589e-01 1.80000000e+01]
[9.72000000e+02 9.31000000e+02 6.77148487e-01 2.40000000e+01]
[6.69000000e+02 9.05000000e+02 6.78229314e-01 1.40000000e+01]
[3.95000000e+02 9.61000000e+02 6.79278046e-01 1.20000000e+01]
[2.20000000e+01 9.65000000e+02 6.84513736e-01 2.90000000e+01]
[9.69000000e+02 9.13000000e+02 6.87488969e-01 1.80000000e+01]
[8.76000000e+02 9.36000000e+02 6.88927349e-01 2.60000000e+01]
[1.69000000e+02 9.75000000e+02 6.89769395e-01 1.30000000e+01]
[9.71000000e+02 4.85000000e+02 6.92990472e-01 7.00000000e+00]
[5.4100000e+02 9.7400000e+02 6.9376578e-01 1.7000000e+01]
[9.48000000e+02 9.42000000e+02 6.94869447e-01 1.50000000e+01]
[2.44000000e+02 9.51000000e+02 6.95374875e-01 2.10000000e+01]
[3.99000000e+02 9.41000000e+02 6.95476677e-01 4.80000000e+01]
[1.47000000e+02 9.77000000e+02 6.96450005e-01 1.90000000e+01]
[9.40000000e+02 9.73000000e+02 6.97992629e-01 2.60000000e+01]
[1.71000000e+02 9.76000000e+02 7.01940966e-01 3.00000000e+01]
[8.88000000e+02 9.52000000e+02 7.08685013e-01 7.40000000e+01]
[7.70000000e+01 9.63000000e+02 7.09878901e-01 8.00000000e+00]
[3.62000000e+02 9.82000000e+02 7.09953902e-01 1.60000000e+01]
[4.04000000e+02 9.23000000e+02 7.10745052e-01 1.20000000e+01]
[4.7500000e+02 9.8000000e+02 7.1416594e-01 8.0000000e+00]
[2.68000000e+02 9.70000000e+02 7.15582946e-01 2.70000000e+01]
[9.91000000e+02 9.84000000e+02 7.19576197e-01 6.00000000e+01]
[2.15000000e+02 9.90000000e+02 7.23674783e-01 1.70000000e+01]
[2.82000000e+02 8.71000000e+02 7.25127892e-01 2.40000000e+01]
[9.66000000e+02 9.83000000e+02 7.30794278e-01 2.40000000e+01]
[1.61000000e+02 9.78000000e+02 7.31653782e-01 2.70000000e+01]
[8.4000000e+01 9.8700000e+02 7.3811888e-01 3.1000000e+01]
[4.5900000e+02 9.9600000e+02 7.3941547e-01 2.5000000e+01]
[1.06000000e+02 9.94000000e+02 7.39595558e-01 6.10000000e+01]
[4.46000000e+02 9.86000000e+02 7.40068804e-01 2.70000000e+01]
[2.35000000e+02 1.00000000e+03 7.40279253e-01 2.60000000e+01]
[4.71000000e+02 9.97000000e+02 7.42593398e-01 2.50000000e+01]
[6.04000000e+02 1.00100000e+03 7.43560565e-01 6.30000000e+01]
[4.66000000e+02 1.00300000e+03 7.46753154e-01 2.70000000e+01]
[3.64000000e+02 9.95000000e+02 7.47546703e-01 1.80000000e+01]
[9.5600000e+02 1.0050000e+03 7.4974248e-01 7.7000000e+01]
[2.12000000e+02 9.88000000e+02 7.50945243e-01 7.50000000e+01]
[1.51000000e+02 1.00700000e+03 7.52775924e-01 1.90000000e+01]
[5.200000e+02 9.990000e+02 7.555146e-01 3.200000e+01]
[4.200000e+02 9.980000e+02 7.565594e-01 2.800000e+01]
[7.39000000e+02 1.00200000e+03 7.64064877e-01 2.90000000e+01]
[3.68000000e+02 9.81000000e+02 7.66225186e-01 1.80000000e+01]
[1.00400000e+03 9.53000000e+02 7.66686339e-01 4.30000000e+01]
[3.78000000e+02 9.93000000e+02 7.67531843e-01 2.80000000e+01]
[9.6800000e+02 9.6000000e+02 7.7075968e-01 5.0000000e+01]
[4.56000000e+02 1.00900000e+03 7.75259735e-01 7.60000000e+01]
[2.25000000e+02 1.01700000e+03 7.77769266e-01 5.10000000e+01]
[5.81000000e+02 1.01500000e+03 7.79002914e-01 4.50000000e+01]
[1.01200000e+03 1.01600000e+03 7.86174022e-01 5.60000000e+01]
[1.01100000e+03 1.01900000e+03 7.90892129e-01 8.30000000e+01]
[4.49000000e+02 1.01400000e+03 7.92672382e-01 1.90000000e+01]
[2.01000000e+02 9.89000000e+02 8.00015736e-01 9.00000000e+00]
[3.2500000e+02 1.0080000e+03 8.0084989e-01 7.8000000e+01]
[470.         497.           0.80331721   2.        ]
[8.92000000e+02 7.16000000e+02 8.05122598e-01 1.60000000e+01]
[1.013000e+03 1.006000e+03 8.072783e-01 5.600000e+01]
[289.         175.           0.81121779   2.        ]
[1.49000000e+02 1.02800000e+03 8.15009636e-01 5.70000000e+01]
[379.         187.           0.81677567   2.        ]
[9.92000000e+02 1.02100000e+03 8.24092621e-01 6.40000000e+01]
[1.02000000e+03 4.30000000e+02 8.24557827e-01 4.60000000e+01]
[9.79000000e+02 1.02200000e+03 8.30681488e-01 9.60000000e+01]
[8.90000000e+01 1.03300000e+03 8.30694168e-01 4.70000000e+01]
[1.02600000e+03 1.01800000e+03 8.40785968e-01 7.80000000e+01]
[4.23000000e+02 1.03000000e+03 8.44426504e-01 5.80000000e+01]
[4.1100000e+02 1.0230000e+03 8.4494245e-01 2.0000000e+01]
[1.031000e+03 1.010000e+02 8.509459e-01 3.000000e+00]
[1.03200000e+03 1.03500000e+03 8.55388871e-01 1.11000000e+02]
[1.02400000e+03 1.03600000e+03 8.64921583e-01 8.70000000e+01]
[4.20000000e+01 1.03700000e+03 8.65234389e-01 5.90000000e+01]
[1.03900000e+03 1.04100000e+03 8.75648984e-01 9.00000000e+01]
[3.23000000e+02 1.02700000e+03 8.83400328e-01 1.70000000e+01]
[9.85000000e+02 2.34000000e+02 8.85470295e-01 2.00000000e+01]
[6.90000000e+01 1.04000000e+03 8.91437419e-01 1.12000000e+02]
[1.03800000e+03 1.04200000e+03 9.01021302e-01 7.90000000e+01]
[4.84000000e+02 1.01000000e+03 9.01140666e-01 2.00000000e+01]
[3.11000000e+02 1.04300000e+03 9.13245417e-01 9.10000000e+01]
[1.04900000e+03 1.04600000e+03 9.19375791e-01 2.03000000e+02]
[2.00000000e+00 1.03400000e+03 9.19519264e-01 9.70000000e+01]
[4.47000000e+02 1.04700000e+03 9.30170654e-01 8.00000000e+01]
[1.62000000e+02 1.05000000e+03 9.43638051e-01 2.04000000e+02]
[4.19000000e+02 1.05100000e+03 9.49690364e-01 9.80000000e+01]
[2.42000000e+02 1.05400000e+03 9.54572646e-01 9.90000000e+01]
[1.05200000e+03 1.77000000e+02 9.59154508e-01 8.10000000e+01]
[1.0800000e+02 1.0250000e+03 9.5919402e-01 7.9000000e+01]
[1.05600000e+03 1.02900000e+03 9.59750222e-01 8.30000000e+01]
[1.05800000e+03 1.05500000e+03 9.67217877e-01 1.82000000e+02]
[4.88000000e+02 1.04500000e+03 9.72910495e-01 2.10000000e+01]
[1.04800000e+03 1.05300000e+03 9.84714231e-01 2.24000000e+02]
[3.70000000e+02 1.05900000e+03 9.85342029e-01 1.83000000e+02]
[1.04400000e+03 9.55000000e+02 1.01041618e+00 2.20000000e+01]
[3.42000000e+02 1.06100000e+03 1.01174617e+00 2.25000000e+02]
[2.4000000e+01 1.0640000e+03 1.0372614e+00 2.2600000e+02]
[1.06000000e+03 1.06200000e+03 1.03820919e+00 2.04000000e+02]
[1066.        1057.           1.0691994  283.       ]
[ 316.         1067.            1.10306636  284.        ]
[1065.         1063.            1.11177978  248.        ]
[ 319.         1069.            1.12155857  249.        ]
[1068.         1070.            1.14457982  533.        ]
[ 416.         1071.            1.15545357  534.        ]
[ 145.         1072.            1.16133114  535.        ]
[ 502.         1073.            1.16654205  536.        ]
[377.         429.           1.17192387   2.        ]
[277.         500.           1.21691049   2.        ]
[1075.         1074.            1.31279138  538.        ]
[1076.         1077.            1.43716956  540.        ]
