[  1. 216.   0.   2.]
[540. 113.   0.   3.]
[  6. 129.   0.   2.]
[64. 68.  0.  2.]
[543.  93.   0.   3.]
[544. 123.   0.   4.]
[545. 214.   0.   5.]
[546. 261.   0.   6.]
[ 78. 125.   0.   2.]
[548. 315.   0.   3.]
[ 90. 518.   0.   2.]
[103. 196.   0.   2.]
[136. 336.   0.   2.]
[220. 295.   0.   2.]
[270. 271.   0.   2.]
[554. 400.   0.   3.]
[300. 302.   0.   2.]
[359. 413.   0.   2.]
[5.00000000e+01 1.35000000e+02 1.49011612e-08 2.00000000e+00]
[5.58000000e+02 3.29000000e+02 1.49011612e-08 3.00000000e+00]
[7.20000000e+01 4.37000000e+02 1.49011612e-08 2.00000000e+00]
[1.40000000e+02 3.80000000e+02 1.49011612e-08 2.00000000e+00]
[1.78000000e+02 2.45000000e+02 1.49011612e-08 2.00000000e+00]
[5.56000000e+02 4.68000000e+02 1.89139771e-08 3.00000000e+00]
[7.40000000e+01 9.10000000e+01 2.10734243e-08 2.00000000e+00]
[5.64000000e+02 3.17000000e+02 2.10734243e-08 3.00000000e+00]
[9.50000000e+01 1.52000000e+02 2.10734243e-08 2.00000000e+00]
[5.66000000e+02 2.40000000e+02 2.10734243e-08 3.00000000e+00]
[5.67000000e+02 3.01000000e+02 2.10734243e-08 4.00000000e+00]
[5.68000000e+02 3.08000000e+02 2.10734243e-08 5.00000000e+00]
[5.69000000e+02 5.53000000e+02 2.10734243e-08 7.00000000e+00]
[3.07000000e+02 5.70000000e+02 2.10734243e-08 8.00000000e+00]
[8.10000000e+01 5.71000000e+02 2.56238631e-08 9.00000000e+00]
[6.10000000e+01 2.36000000e+02 3.94247668e-08 2.00000000e+00]
[5.65000000e+02 2.74000000e+02 8.09340216e-08 4.00000000e+00]
[3.09000000e+02 3.94000000e+02 4.40797821e-02 2.00000000e+00]
[1.70000000e+02 5.55000000e+02 6.38717648e-02 4.00000000e+00]
[21.         40.          0.06705018  2.        ]
[2.18000000e+02 5.03000000e+02 7.03795074e-02 2.00000000e+00]
[2.0600000e+02 3.2200000e+02 7.4490596e-02 2.0000000e+00]
[5.59000000e+02 1.30000000e+02 7.90573588e-02 4.00000000e+00]
[3.0000000e+01 2.0900000e+02 7.9391993e-02 2.0000000e+00]
[3.39000000e+02 4.73000000e+02 8.23962141e-02 2.00000000e+00]
[4.90000000e+01 2.46000000e+02 8.54421194e-02 2.00000000e+00]
[3.66000000e+02 5.17000000e+02 8.76558573e-02 2.00000000e+00]
[4.92000000e+02 5.23000000e+02 1.05684793e-01 2.00000000e+00]
[1.24000000e+02 3.05000000e+02 1.05965791e-01 2.00000000e+00]
[3.2000000e+02 4.0600000e+02 1.1045668e-01 2.0000000e+00]
[3.97000000e+02 4.44000000e+02 1.12343295e-01 2.00000000e+00]
[2.90000000e+01 4.86000000e+02 1.15354064e-01 2.00000000e+00]
[1.28000000e+02 2.91000000e+02 1.15444485e-01 2.00000000e+00]
[3.46000000e+02 4.38000000e+02 1.18011473e-01 2.00000000e+00]
[1.43000000e+02 4.45000000e+02 1.18053992e-01 2.00000000e+00]
[2.48000000e+02 5.16000000e+02 1.19805078e-01 2.00000000e+00]
[5.61000000e+02 2.98000000e+02 1.20382012e-01 3.00000000e+00]
[2.90000000e+02 5.30000000e+02 1.21386851e-01 2.00000000e+00]
[6.30000000e+01 4.26000000e+02 1.25541344e-01 2.00000000e+00]
[3.48000000e+02 3.67000000e+02 1.27458337e-01 2.00000000e+00]
[4.3600000e+02 5.2200000e+02 1.3066916e-01 2.0000000e+00]
[5.40000000e+01 1.48000000e+02 1.34200882e-01 2.00000000e+00]
[4.02000000e+02 4.89000000e+02 1.34571689e-01 2.00000000e+00]
[5.74000000e+02 1.64000000e+02 1.34970612e-01 5.00000000e+00]
[4.00000000e+00 2.62000000e+02 1.39243855e-01 2.00000000e+00]
[2.13000000e+02 3.86000000e+02 1.39819423e-01 2.00000000e+00]
[3.03000000e+02 3.69000000e+02 1.40759234e-01 2.00000000e+00]
[3.00000000e+00 2.51000000e+02 1.41794566e-01 2.00000000e+00]
[3.82000000e+02 5.91000000e+02 1.41836437e-01 3.00000000e+00]
[41.         52.          0.14193291  2.        ]
[5.76000000e+02 2.29000000e+02 1.44093935e-01 5.00000000e+00]
[1.6000000e+01 4.3900000e+02 1.4494577e-01 2.0000000e+00]
[3.96000000e+02 4.14000000e+02 1.46116969e-01 2.00000000e+00]
[5.52000000e+02 1.76000000e+02 1.46279306e-01 3.00000000e+00]
[2.70000000e+01 1.72000000e+02 1.46613989e-01 2.00000000e+00]
[8.00000000e+01 4.09000000e+02 1.50613459e-01 2.00000000e+00]
[2.47000000e+02 2.49000000e+02 1.52692348e-01 2.00000000e+00]
[5.80000000e+02 5.72000000e+02 1.53786391e-01 1.30000000e+01]
[65.         76.          0.15416388  2.        ]
[9.00000000e+00 5.49000000e+02 1.55069213e-01 4.00000000e+00]
[1.85000000e+02 1.95000000e+02 1.61942766e-01 2.00000000e+00]
[1.44000000e+02 5.57000000e+02 1.62010199e-01 3.00000000e+00]
[6.01000000e+02 2.04000000e+02 1.62082117e-01 6.00000000e+00]
[2.97000000e+02 4.27000000e+02 1.68130508e-01 2.00000000e+00]
[4.18000000e+02 4.61000000e+02 1.80110536e-01 2.00000000e+00]
[5.63000000e+02 5.47000000e+02 1.81753381e-01 9.00000000e+00]
[5.32000000e+02 4.77000000e+02 1.88025421e-01 2.00000000e+00]
[6.15000000e+02 3.28000000e+02 1.91861107e-01 1.40000000e+01]
[5.90000000e+02 1.65000000e+02 1.92872994e-01 3.00000000e+00]
[2.76000000e+02 3.45000000e+02 1.93039637e-01 2.00000000e+00]
[3.18000000e+02 5.09000000e+02 1.93084068e-01 2.00000000e+00]
[9.20000000e+01 2.69000000e+02 1.93901082e-01 2.00000000e+00]
[6.25000000e+02 2.39000000e+02 2.01284109e-01 1.50000000e+01]
[3.8100000e+02 4.0500000e+02 2.0361799e-01 2.0000000e+00]
[5.00000000e+00 2.07000000e+02 2.04622847e-01 2.00000000e+00]
[1.70000000e+01 2.83000000e+02 2.04829074e-01 2.00000000e+00]
[1.80000000e+02 6.26000000e+02 2.07488491e-01 4.00000000e+00]
[2.30000000e+02 6.24000000e+02 2.11731853e-01 3.00000000e+00]
[6.34000000e+02 6.20000000e+01 2.15624927e-01 5.00000000e+00]
[3.93000000e+02 5.11000000e+02 2.16626106e-01 2.00000000e+00]
[2.05000000e+02 6.23000000e+02 2.20630132e-01 1.00000000e+01]
[6.17000000e+02 6.11000000e+02 2.20971015e-01 7.00000000e+00]
[6.08000000e+02 5.94000000e+02 2.28343854e-01 8.00000000e+00]
[1.22000000e+02 6.35000000e+02 2.31558986e-01 4.00000000e+00]
[6.36000000e+02 3.33000000e+02 2.39549483e-01 6.00000000e+00]
[1.42000000e+02 5.84000000e+02 2.41889701e-01 3.00000000e+00]
[6.42000000e+02 1.15000000e+02 2.43849293e-01 7.00000000e+00]
[4.15000000e+02 4.60000000e+02 2.45873091e-01 2.00000000e+00]
[6.39000000e+02 1.56000000e+02 2.46414786e-01 8.00000000e+00]
[ 19.        104.          0.2465701   2.       ]
[6.30000000e+02 6.40000000e+02 2.51890674e-01 2.30000000e+01]
[1.40000000e+01 4.33000000e+02 2.52086754e-01 2.00000000e+00]
[6.44000000e+02 2.33000000e+02 2.52639189e-01 8.00000000e+00]
[155.         98.          0.2558704   2.       ]
[4.08000000e+02 4.50000000e+02 2.56590723e-01 2.00000000e+00]
[1.99000000e+02 6.46000000e+02 2.60717659e-01 9.00000000e+00]
[3.65000000e+02 4.43000000e+02 2.61254439e-01 2.00000000e+00]
[6.51000000e+02 2.19000000e+02 2.62056013e-01 3.00000000e+00]
[117.         153.           0.26250485   2.        ]
[2.37000000e+02 4.90000000e+02 2.67194806e-01 2.00000000e+00]
[7.00000000e+01 6.02000000e+02 2.74513357e-01 3.00000000e+00]
[6.07000000e+02 6.06000000e+02 2.79501862e-01 5.00000000e+00]
[6.55000000e+02 2.72000000e+02 2.88871747e-01 4.00000000e+00]
[4.51000000e+02 5.08000000e+02 2.89098766e-01 2.00000000e+00]
[6.43000000e+02 5.19000000e+02 2.96226192e-01 4.00000000e+00]
[6.48000000e+02 1.94000000e+02 2.96775781e-01 2.40000000e+01]
[1.8600e+02 6.5300e+02 2.9783e-01 1.0000e+01]
[3.560000e+02 4.670000e+02 3.009205e-01 2.000000e+00]
[3.30000000e+01 6.41000000e+02 3.01939348e-01 5.00000000e+00]
[ 67.         150.           0.30371485   2.        ]
[6.63000000e+02 2.52000000e+02 3.05462655e-01 2.50000000e+01]
[6.38000000e+02 6.05000000e+02 3.05598058e-01 1.20000000e+01]
[1.60000000e+02 6.68000000e+02 3.05940078e-01 2.60000000e+01]
[3.34000000e+02 6.47000000e+02 3.09168273e-01 3.00000000e+00]
[3.50000000e+01 6.70000000e+02 3.13377437e-01 2.70000000e+01]
[2.27000000e+02 3.40000000e+02 3.14963939e-01 2.00000000e+00]
[6.20000000e+02 6.56000000e+02 3.17010665e-01 8.00000000e+00]
[6.32000000e+02 6.72000000e+02 3.22593858e-01 2.90000000e+01]
[1.82000000e+02 6.58000000e+02 3.23705031e-01 4.00000000e+00]
[4.60000000e+01 3.27000000e+02 3.23768359e-01 2.00000000e+00]
[6.71000000e+02 1.27000000e+02 3.24474155e-01 4.00000000e+00]
[3.91000000e+02 4.10000000e+02 3.25245196e-01 2.00000000e+00]
[3.61000000e+02 5.27000000e+02 3.26488171e-01 2.00000000e+00]
[5.62000000e+02 2.85000000e+02 3.27272779e-01 3.00000000e+00]
[4.95000000e+02 6.60000000e+02 3.27766902e-01 5.00000000e+00]
[ 83.         184.           0.32833414   2.        ]
[2.00000000e+01 6.82000000e+02 3.30737242e-01 6.00000000e+00]
[1.54000000e+02 6.76000000e+02 3.34020709e-01 5.00000000e+00]
[1.09000000e+02 6.69000000e+02 3.34745123e-01 1.30000000e+01]
[6.67000000e+02 2.56000000e+02 3.35573283e-01 3.00000000e+00]
[5.97000000e+02 5.26000000e+02 3.35813242e-01 3.00000000e+00]
[6.50000000e+02 2.08000000e+02 3.41784383e-01 9.00000000e+00]
[6.66000000e+02 5.28000000e+02 3.45923271e-01 6.00000000e+00]
[6.9000000e+02 5.1200000e+02 3.4684701e-01 7.0000000e+00]
[4.42000000e+02 5.75000000e+02 3.48532329e-01 3.00000000e+00]
[6.74000000e+02 1.21000000e+02 3.51122468e-01 9.00000000e+00]
[6.83000000e+02 1.59000000e+02 3.51247702e-01 3.00000000e+00]
[6.78000000e+02 2.66000000e+02 3.56656208e-01 5.00000000e+00]
[6.95000000e+02 4.69000000e+02 3.59145677e-01 6.00000000e+00]
[5.95000000e+02 2.30000000e+01 3.61385969e-01 3.00000000e+00]
[5.9000000e+01 6.9300000e+02 3.6140351e-01 1.0000000e+01]
[0.00000000e+00 4.65000000e+02 3.63006914e-01 2.00000000e+00]
[5.79000000e+02 6.84000000e+02 3.63468061e-01 8.00000000e+00]
[3.49000000e+02 5.81000000e+02 3.66531215e-01 3.00000000e+00]
[3.35000000e+02 6.92000000e+02 3.67399489e-01 4.00000000e+00]
[2.65000000e+02 6.75000000e+02 3.70311099e-01 3.00000000e+01]
[6.97000000e+02 5.87000000e+02 3.72379373e-01 5.00000000e+00]
[6.29000000e+02 1.92000000e+02 3.72569729e-01 3.00000000e+00]
[4.70000000e+01 5.83000000e+02 3.74678195e-01 3.00000000e+00]
[1.3700000e+02 6.9900000e+02 3.7837572e-01 3.0000000e+00]
[102.          15.           0.38096261   2.        ]
[6.8900000e+02 2.0200000e+02 3.8680341e-01 1.0000000e+01]
[7.07000000e+02 2.60000000e+02 3.88416727e-01 4.00000000e+00]
[3.24000000e+02 6.86000000e+02 3.89653959e-01 1.40000000e+01]
[1.93000000e+02 6.59000000e+02 3.91098622e-01 6.00000000e+00]
[7.04000000e+02 4.83000000e+02 3.92666482e-01 6.00000000e+00]
[1.80000000e+01 6.73000000e+02 3.94627882e-01 3.00000000e+00]
[3.20000000e+01 6.88000000e+02 4.03841675e-01 4.00000000e+00]
[7.10000000e+02 4.91000000e+02 4.05340332e-01 5.00000000e+00]
[6.85000000e+02 6.52000000e+02 4.05380775e-01 7.00000000e+00]
[2.80000000e+02 6.09000000e+02 4.07614444e-01 3.00000000e+00]
[100.          51.           0.40904946   2.        ]
[6.98000000e+02 1.74000000e+02 4.09976563e-01 1.10000000e+01]
[4.48000000e+02 6.96000000e+02 4.13841396e-01 7.00000000e+00]
[4.54000000e+02 6.31000000e+02 4.14137096e-01 3.00000000e+00]
[7.08000000e+02 6.12000000e+02 4.15043095e-01 4.00000000e+00]
[7.01000000e+02 5.38000000e+02 4.16428121e-01 4.00000000e+00]
[5.05000000e+02 6.77000000e+02 4.17454276e-01 3.00000000e+00]
[7.17000000e+02 1.83000000e+02 4.18832649e-01 8.00000000e+00]
[1.12000000e+02 7.09000000e+02 4.19861427e-01 1.10000000e+01]
[6.22000000e+02 5.37000000e+02 4.20458391e-01 3.00000000e+00]
[8.80000000e+01 7.12000000e+02 4.20475433e-01 7.00000000e+00]
[1.68000000e+02 4.32000000e+02 4.22163373e-01 2.00000000e+00]
[1.88000000e+02 5.99000000e+02 4.23430351e-01 3.00000000e+00]
[3.500000e+02 7.130000e+02 4.259381e-01 7.000000e+00]
[7.10000000e+01 4.62000000e+02 4.26382192e-01 2.00000000e+00]
[2.50000000e+01 5.98000000e+02 4.26459184e-01 3.00000000e+00]
[4.87000000e+02 7.25000000e+02 4.28071578e-01 4.00000000e+00]
[3.63000000e+02 5.21000000e+02 4.30420023e-01 2.00000000e+00]
[5.96000000e+02 2.38000000e+02 4.33054177e-01 3.00000000e+00]
[6.81000000e+02 3.10000000e+02 4.34566104e-01 4.00000000e+00]
[1.57000000e+02 6.87000000e+02 4.36164698e-01 4.00000000e+00]
[7.21000000e+02 4.80000000e+02 4.40502022e-01 8.00000000e+00]
[6.45000000e+02 4.82000000e+02 4.42895785e-01 3.00000000e+00]
[2.10000000e+02 6.14000000e+02 4.45539624e-01 3.00000000e+00]
[4.98000000e+02 4.55000000e+02 4.46765603e-01 2.00000000e+00]
[2.21000000e+02 7.00000000e+02 4.46838437e-01 9.00000000e+00]
[6.27000000e+02 7.24000000e+02 4.47021733e-01 6.00000000e+00]
[3.1000000e+01 7.1500000e+02 4.4720442e-01 5.0000000e+00]
[326.         116.           0.44734832   2.        ]
[1.19000000e+02 7.44000000e+02 4.47732186e-01 1.00000000e+01]
[1.39000000e+02 5.42000000e+02 4.48079668e-01 3.00000000e+00]
[3.47000000e+02 7.35000000e+02 4.48105307e-01 5.00000000e+00]
[3.38000000e+02 7.41000000e+02 4.49594322e-01 4.00000000e+00]
[7.31000000e+02 7.45000000e+02 4.50164419e-01 9.00000000e+00]
[7.18000000e+02 7.39000000e+02 4.52261053e-01 7.00000000e+00]
[5.8200000e+02 4.6400000e+02 4.5482104e-01 3.0000000e+00]
[3.580000e+02 7.380000e+02 4.563384e-01 5.000000e+00]
[6.64000000e+02 7.14000000e+02 4.56538346e-01 1.30000000e+01]
[7.50000000e+01 7.19000000e+02 4.57577551e-01 3.00000000e+00]
[7.29000000e+02 2.79000000e+02 4.57831388e-01 8.00000000e+00]
[8.20000000e+01 7.03000000e+02 4.59932218e-01 3.10000000e+01]
[2.67000000e+02 6.80000000e+02 4.60179823e-01 3.00000000e+00]
[2.32000000e+02 7.58000000e+02 4.60830374e-01 9.00000000e+00]
[2.03000000e+02 7.16000000e+02 4.62828196e-01 6.00000000e+00]
[5.07000000e+02 6.62000000e+02 4.64026257e-01 5.00000000e+00]
[7.3200000e+02 6.3700000e+02 4.6498954e-01 9.0000000e+00]
[1.33000000e+02 7.60000000e+02 4.66270995e-01 4.00000000e+00]
[6.79000000e+02 7.61000000e+02 4.69423794e-01 1.10000000e+01]
[6.91000000e+02 3.21000000e+02 4.69659793e-01 8.00000000e+00]
[ 34.         330.           0.47003895   2.        ]
[7.23000000e+02 1.97000000e+02 4.74441188e-01 5.00000000e+00]
[2.87000000e+02 7.11000000e+02 4.76559909e-01 1.50000000e+01]
[1.32000000e+02 7.56000000e+02 4.77871187e-01 1.40000000e+01]
[2.80000000e+01 7.51000000e+02 4.79048427e-01 5.00000000e+00]
[7.6200000e+02 4.3400000e+02 4.7910394e-01 7.0000000e+00]
[7.67000000e+02 2.78000000e+02 4.79805956e-01 9.00000000e+00]
[2.60000000e+01 7.57000000e+02 4.80236647e-01 4.00000000e+00]
[7.48000000e+02 2.59000000e+02 4.81263611e-01 1.10000000e+01]
[7.22000000e+02 3.72000000e+02 4.81384189e-01 4.00000000e+00]
[4.94000000e+02 7.65000000e+02 4.82159472e-01 5.00000000e+00]
[5.86000000e+02 5.92000000e+02 4.83597056e-01 4.00000000e+00]
[6.00000000e+01 7.64000000e+02 4.83673236e-01 1.00000000e+01]
[7.71000000e+02 2.73000000e+02 4.85660147e-01 1.50000000e+01]
[3.37000000e+02 7.47000000e+02 4.85736033e-01 3.00000000e+00]
[2.99000000e+02 7.53000000e+02 4.86142895e-01 8.00000000e+00]
[2.64000000e+02 7.59000000e+02 4.86424244e-01 3.20000000e+01]
[1.11000000e+02 7.49000000e+02 4.86490135e-01 4.00000000e+00]
[3.51000000e+02 7.72000000e+02 4.87842567e-01 6.00000000e+00]
[1.20000000e+02 7.54000000e+02 4.88360804e-01 4.00000000e+00]
[7.28000000e+02 5.85000000e+02 4.88507784e-01 5.00000000e+00]
[7.79000000e+02 3.75000000e+02 4.88686546e-01 5.00000000e+00]
[4.28000000e+02 7.26000000e+02 4.89687914e-01 9.00000000e+00]
[1.41000000e+02 7.66000000e+02 4.90065372e-01 1.20000000e+01]
[6.54000000e+02 7.86000000e+02 4.90834854e-01 8.00000000e+00]
[7.43000000e+02 4.40000000e+01 4.94390961e-01 3.00000000e+00]
[4.25000000e+02 7.27000000e+02 4.94600885e-01 1.20000000e+01]
[4.53000000e+02 7.85000000e+02 4.95863733e-01 5.00000000e+00]
[2.55000000e+02 7.75000000e+02 4.98431553e-01 5.00000000e+00]
[5.15000000e+02 5.60000000e+01 4.99050667e-01 2.00000000e+00]
[5.01000000e+02 7.46000000e+02 5.00321952e-01 6.00000000e+00]
[4.35000000e+02 7.50000000e+02 5.00622476e-01 6.00000000e+00]
[1.31000000e+02 7.55000000e+02 5.02348209e-01 6.00000000e+00]
[6.61000000e+02 7.80000000e+02 5.02600791e-01 1.20000000e+01]
[8.00000000e+02 7.98000000e+02 5.03311389e-01 1.20000000e+01]
[5.36000000e+02 7.91000000e+02 5.04056229e-01 1.30000000e+01]
[5.78000000e+02 7.42000000e+02 5.04509127e-01 5.00000000e+00]
[ 53.         401.           0.50471941   2.        ]
[250.         254.           0.50499455   2.        ]
[472.         286.           0.50698349   2.        ]
[5.39000000e+02 7.77000000e+02 5.08194201e-01 5.00000000e+00]
[7.02000000e+02 7.92000000e+02 5.08475495e-01 1.20000000e+01]
[3.52000000e+02 7.78000000e+02 5.09175921e-01 6.00000000e+00]
[1.05000000e+02 7.06000000e+02 5.09890884e-01 4.00000000e+00]
[7.68000000e+02 7.99000000e+02 5.10354766e-01 8.00000000e+00]
[6.57000000e+02 3.57000000e+02 5.10789837e-01 3.00000000e+00]
[2.84000000e+02 7.69000000e+02 5.12817263e-01 6.00000000e+00]
[114.       258.         0.513376   2.      ]
[8.60000000e+01 6.94000000e+02 5.14725014e-01 4.00000000e+00]
[7.52000000e+02 7.95000000e+02 5.15003789e-01 1.40000000e+01]
[7.63000000e+02 8.03000000e+02 5.15524053e-01 1.80000000e+01]
[4.76000000e+02 7.93000000e+02 5.15571416e-01 4.00000000e+00]
[7.30000000e+01 8.08000000e+02 5.15926743e-01 6.00000000e+00]
[ 38.         275.           0.51666703   2.        ]
[3.85000000e+02 7.88000000e+02 5.17662941e-01 6.00000000e+00]
[7.34000000e+02 1.58000000e+02 5.18874726e-01 4.00000000e+00]
[5.70000000e+01 7.97000000e+02 5.19544465e-01 3.00000000e+00]
[4.41000000e+02 7.87000000e+02 5.21816743e-01 5.00000000e+00]
[224.         331.           0.52186953   2.        ]
[1.63000000e+02 8.25000000e+02 5.22701283e-01 6.00000000e+00]
[7.83000000e+02 8.70000000e+01 5.25695097e-01 9.00000000e+00]
[8.02000000e+02 8.06000000e+02 5.26077589e-01 1.40000000e+01]
[3.71000000e+02 7.37000000e+02 5.27121817e-01 4.00000000e+00]
[5.51000000e+02 8.01000000e+02 5.27324857e-01 1.40000000e+01]
[8.15000000e+02 7.73000000e+02 5.27505146e-01 9.00000000e+00]
[7.20000000e+02 7.05000000e+02 5.28113266e-01 1.40000000e+01]
[7.82000000e+02 5.29000000e+02 5.28672348e-01 4.00000000e+00]
[7.96000000e+02 4.07000000e+02 5.28914716e-01 6.00000000e+00]
[3.32000000e+02 7.81000000e+02 5.30016211e-01 1.60000000e+01]
[4.30000000e+01 8.28000000e+02 5.32105799e-01 1.00000000e+01]
[6.16000000e+02 3.53000000e+02 5.32765053e-01 3.00000000e+00]
[6.21000000e+02 8.23000000e+02 5.33013399e-01 6.00000000e+00]
[1.18000000e+02 8.22000000e+02 5.34140244e-01 7.00000000e+00]
[5.24000000e+02 8.34000000e+02 5.34255371e-01 5.00000000e+00]
[8.10000000e+02 4.74000000e+02 5.34690582e-01 7.00000000e+00]
[ 58.         390.           0.53559231   2.        ]
[5.89000000e+02 3.14000000e+02 5.36599706e-01 3.00000000e+00]
[4.57000000e+02 6.03000000e+02 5.36797241e-01 3.00000000e+00]
[1.00000000e+01 8.17000000e+02 5.37205577e-01 1.50000000e+01]
[2.00000000e+02 8.21000000e+02 5.37398447e-01 3.00000000e+00]
[ 94.        281.          0.5386665   2.       ]
[2.94000000e+02 8.36000000e+02 5.39167447e-01 1.70000000e+01]
[8.04000000e+02 8.31000000e+02 5.39879896e-01 1.90000000e+01]
[3.60000000e+01 5.50000000e+02 5.40901191e-01 3.00000000e+00]
[8.3500000e+02 5.1400000e+02 5.4156451e-01 7.0000000e+00]
[8.38000000e+02 4.24000000e+02 5.41753239e-01 4.00000000e+00]
[3.87000000e+02 8.09000000e+02 5.41812451e-01 1.30000000e+01]
[8.29000000e+02 3.04000000e+02 5.42199135e-01 1.50000000e+01]
[1.91000000e+02 8.11000000e+02 5.42311918e-01 5.00000000e+00]
[7.74000000e+02 3.41000000e+02 5.43032007e-01 1.00000000e+01]
[4.81000000e+02 8.16000000e+02 5.43352559e-01 5.00000000e+00]
[1.10000000e+02 8.52000000e+02 5.43406105e-01 8.00000000e+00]
[7.9000000e+01 8.4200000e+02 5.4487771e-01 8.0000000e+00]
[8.32000000e+02 2.26000000e+02 5.46537008e-01 1.00000000e+01]
[8.49000000e+02 8.07000000e+02 5.52324237e-01 1.90000000e+01]
[8.12000000e+02 4.79000000e+02 5.52344892e-01 9.00000000e+00]
[6.1800000e+02 2.3100000e+02 5.5249081e-01 3.0000000e+00]
[8.30000000e+02 5.10000000e+02 5.53485573e-01 5.00000000e+00]
[1.07000000e+02 8.33000000e+02 5.53768059e-01 1.50000000e+01]
[5.04000000e+02 8.50000000e+02 5.54792761e-01 2.00000000e+01]
[2.93000000e+02 8.54000000e+02 5.55884217e-01 1.40000000e+01]
[7.84000000e+02 7.40000000e+02 5.56103295e-01 4.00000000e+01]
[1.81000000e+02 8.14000000e+02 5.56891531e-01 7.00000000e+00]
[8.39000000e+02 6.19000000e+02 5.58249804e-01 9.00000000e+00]
[4.17000000e+02 8.43000000e+02 5.58389781e-01 3.00000000e+00]
[166.         257.           0.55880994   2.        ]
[8.46000000e+02 2.41000000e+02 5.59596922e-01 1.60000000e+01]
[8.61000000e+02 3.60000000e+02 5.60830821e-01 1.10000000e+01]
[4.63000000e+02 8.69000000e+02 5.61126949e-01 4.10000000e+01]
[8.45000000e+02 4.71000000e+02 5.61249155e-01 4.00000000e+00]
[7.00000000e+00 8.77000000e+02 5.61275089e-01 5.00000000e+00]
[3.90000000e+01 8.56000000e+02 5.63081008e-01 6.00000000e+00]
[8.37000000e+02 4.80000000e+01 5.63086617e-01 1.10000000e+01]
[8.19000000e+02 8.70000000e+02 5.63257884e-01 1.10000000e+01]
[8.53000000e+02 8.59000000e+02 5.63567578e-01 1.20000000e+01]
[4.96000000e+02 5.88000000e+02 5.64714378e-01 3.00000000e+00]
[2.20000000e+01 7.94000000e+02 5.65868088e-01 1.30000000e+01]
[ 69.         373.           0.56720309   2.        ]
[8.40000000e+02 3.74000000e+02 5.68614711e-01 8.00000000e+00]
[8.50000000e+01 7.76000000e+02 5.69234284e-01 1.20000000e+01]
[8.27000000e+02 4.40000000e+02 5.69313111e-01 7.00000000e+00]
[5.13000000e+02 7.90000000e+02 5.70276702e-01 1.00000000e+01]
[2.96000000e+02 8.78000000e+02 5.72221606e-01 6.00000000e+00]
[4.50000000e+01 8.75000000e+02 5.74927881e-01 1.20000000e+01]
[1.6700000e+02 8.8400000e+02 5.7769682e-01 1.4000000e+01]
[7.30000000e+02 8.91000000e+02 5.77945708e-01 1.40000000e+01]
[8.26000000e+02 8.63000000e+02 5.79647549e-01 1.10000000e+01]
[8.76000000e+02 1.73000000e+02 5.80526618e-01 4.20000000e+01]
[3.55000000e+02 8.73000000e+02 5.81258555e-01 3.00000000e+00]
[8.64000000e+02 4.21000000e+02 5.82726975e-01 4.00000000e+00]
[8.71000000e+02 6.28000000e+02 5.83151232e-01 1.10000000e+01]
[8.95000000e+02 6.04000000e+02 5.83241982e-01 4.40000000e+01]
[8.41000000e+02 8.68000000e+02 5.83819792e-01 1.90000000e+01]
[8.51000000e+02 5.06000000e+02 5.84057952e-01 4.00000000e+00]
[2.11000000e+02 8.99000000e+02 5.84692314e-01 4.50000000e+01]
[8.18000000e+02 8.81000000e+02 5.84818944e-01 2.90000000e+01]
[2.23000000e+02 8.83000000e+02 5.85547846e-01 4.00000000e+00]
[2.22000000e+02 9.00000000e+02 5.86439117e-01 2.00000000e+01]
[4.03000000e+02 8.92000000e+02 5.89366595e-01 1.50000000e+01]
[2.43000000e+02 9.06000000e+02 5.91436136e-01 1.60000000e+01]
[306.         458.           0.59172794   2.        ]
[8.89000000e+02 8.13000000e+02 5.92518921e-01 1.30000000e+01]
[8.20000000e+02 8.87000000e+02 5.94268177e-01 1.80000000e+01]
[9.60000000e+01 8.93000000e+02 5.95228538e-01 1.50000000e+01]
[1.89000000e+02 8.74000000e+02 5.95632141e-01 1.70000000e+01]
[1.90000000e+02 8.55000000e+02 5.96913814e-01 1.60000000e+01]
[2.17000000e+02 8.90000000e+02 5.96925233e-01 7.00000000e+00]
[5.34000000e+02 8.79000000e+02 5.97643788e-01 7.00000000e+00]
[7.89000000e+02 8.86000000e+02 5.98226029e-01 1.30000000e+01]
[5.35000000e+02 8.67000000e+02 6.00190609e-01 2.10000000e+01]
[8.98000000e+02 5.93000000e+02 6.01720015e-01 1.30000000e+01]
[2.68000000e+02 9.03000000e+02 6.02085846e-01 3.00000000e+01]
[8.58000000e+02 9.14000000e+02 6.04515103e-01 1.20000000e+01]
[1.46000000e+02 9.09000000e+02 6.06192979e-01 1.40000000e+01]
[3.76000000e+02 8.82000000e+02 6.07272678e-01 1.30000000e+01]
[9.10000000e+02 8.47000000e+02 6.09233701e-01 2.10000000e+01]
[2.28000000e+02 9.18000000e+02 6.10585184e-01 1.40000000e+01]
[3.54000000e+02 8.62000000e+02 6.11075465e-01 2.00000000e+01]
[5.3300000e+02 9.2000000e+02 6.1107601e-01 1.3000000e+01]
[3.13000000e+02 7.36000000e+02 6.15484879e-01 3.00000000e+00]
[5.50000000e+01 8.66000000e+02 6.16023022e-01 1.60000000e+01]
[4.22000000e+02 9.28000000e+02 6.16805331e-01 1.70000000e+01]
[8.8000000e+02 9.0700000e+02 6.1772024e-01 2.7000000e+01]
[2.63000000e+02 8.72000000e+02 6.17780319e-01 4.00000000e+00]
[6.49000000e+02 6.65000000e+02 6.18892612e-01 4.00000000e+00]
[5.60000000e+02 9.05000000e+02 6.21050025e-01 2.20000000e+01]
[4.99000000e+02 8.97000000e+02 6.21076965e-01 5.00000000e+00]
[9.19000000e+02 4.31000000e+02 6.21615411e-01 3.10000000e+01]
[8.9600000e+02 9.3000000e+02 6.2269725e-01 3.0000000e+01]
[1.4700000e+02 9.2600000e+02 6.2502628e-01 1.4000000e+01]
[5.73000000e+02 9.27000000e+02 6.25423197e-01 5.00000000e+00]
[6.10000000e+02 8.88000000e+02 6.26509335e-01 9.00000000e+00]
[8.05000000e+02 4.56000000e+02 6.28484009e-01 3.00000000e+00]
[3.43000000e+02 8.60000000e+02 6.30509205e-01 9.00000000e+00]
[1.34000000e+02 9.36000000e+02 6.34699279e-01 3.10000000e+01]
[8.94000000e+02 9.21000000e+02 6.39771737e-01 2.50000000e+01]
[8.24000000e+02 9.41000000e+02 6.41675439e-01 1.20000000e+01]
[5.25000000e+02 9.22000000e+02 6.44533362e-01 1.40000000e+01]
[4.2000000e+02 9.0400000e+02 6.4553644e-01 5.0000000e+00]
[2.53000000e+02 9.42000000e+02 6.45713065e-01 3.20000000e+01]
[ 99.         419.           0.64687623   2.        ]
[4.12000000e+02 9.46000000e+02 6.48233228e-01 6.00000000e+00]
[9.02000000e+02 3.92000000e+02 6.50382305e-01 4.60000000e+01]
[ 97.         520.           0.65046426   2.        ]
[9.13000000e+02 9.15000000e+02 6.52561678e-01 2.30000000e+01]
[9.23000000e+02 9.25000000e+02 6.54745165e-01 4.10000000e+01]
[8.48000000e+02 8.65000000e+02 6.55704359e-01 7.00000000e+00]
[1.79000000e+02 9.31000000e+02 6.55939323e-01 5.00000000e+00]
[3.25000000e+02 9.24000000e+02 6.56395559e-01 1.50000000e+01]
[9.50000000e+02 1.06000000e+02 6.58481898e-01 4.70000000e+01]
[9.57000000e+02 3.99000000e+02 6.61314404e-01 4.80000000e+01]
[9.58000000e+02 3.98000000e+02 6.61559363e-01 4.90000000e+01]
[6.13000000e+02 9.44000000e+02 6.62064871e-01 1.40000000e+01]
[9.52000000e+02 9.11000000e+02 6.62516953e-01 3.80000000e+01]
[3.88000000e+02 9.61000000e+02 6.64551233e-01 3.90000000e+01]
[4.97000000e+02 9.45000000e+02 6.67034038e-01 1.50000000e+01]
[9.39000000e+02 9.12000000e+02 6.69341065e-01 2.60000000e+01]
[4.52000000e+02 9.17000000e+02 6.71747529e-01 2.20000000e+01]
[9.5400000e+02 2.4400000e+02 6.7190254e-01 8.0000000e+00]
[9.34000000e+02 6.33000000e+02 6.71924861e-01 7.00000000e+00]
[8.00000000e+00 9.47000000e+02 6.72223378e-01 3.30000000e+01]
[1.62000000e+02 9.35000000e+02 6.73155867e-01 3.20000000e+01]
[1.10000e+01 9.53000e+02 6.74422e-01 4.20000e+01]
[9.43000000e+02 6.00000000e+02 6.76446412e-01 2.70000000e+01]
[3.12000000e+02 9.64000000e+02 6.76800972e-01 2.70000000e+01]
[3.95000000e+02 9.33000000e+02 6.79278046e-01 2.30000000e+01]
[1.38000000e+02 9.70000000e+02 6.80320441e-01 4.30000000e+01]
[9.71000000e+02 4.75000000e+02 6.85893313e-01 2.80000000e+01]
[8.40000000e+01 9.51000000e+02 6.89769395e-01 3.00000000e+00]
[3.44000000e+02 9.67000000e+02 6.90700212e-01 8.00000000e+00]
[3.89000000e+02 9.59000000e+02 6.91081916e-01 5.00000000e+01]
[212.         292.           0.69334701   2.        ]
[9.60000000e+02 2.89000000e+02 6.93350542e-01 1.50000000e+01]
[5.4100000e+02 9.7400000e+02 6.9376578e-01 4.6000000e+01]
[9.32000000e+02 9.29000000e+02 6.94987867e-01 2.10000000e+01]
[9.38000000e+02 4.59000000e+02 6.95563825e-01 6.00000000e+00]
[9.76000000e+02 9.72000000e+02 6.96669892e-01 3.00000000e+01]
[9.40000000e+02 9.73000000e+02 6.98095266e-01 2.60000000e+01]
[9.16000000e+02 9.49000000e+02 6.99603417e-01 1.90000000e+01]
[4.78000000e+02 9.69000000e+02 7.03491217e-01 3.30000000e+01]
[362.        466.          0.7099539   2.       ]
[485.         493.           0.71108603   2.        ]
[9.80000000e+02 9.88000000e+02 7.15629617e-01 1.70000000e+01]
[9.66000000e+02 9.62000000e+02 7.15919244e-01 4.70000000e+01]
[3.84000000e+02 9.56000000e+02 7.17086783e-01 1.60000000e+01]
[9.81000000e+02 7.70000000e+02 7.17171775e-01 6.10000000e+01]
[1.6100000e+02 9.9100000e+02 7.1740623e-01 4.8000000e+01]
[2.82000000e+02 9.93000000e+02 7.20184812e-01 6.20000000e+01]
[7.70000000e+01 9.95000000e+02 7.20692418e-01 6.30000000e+01]
[9.90000000e+02 9.89000000e+02 7.21211917e-01 1.90000000e+01]
[3.70000000e+01 9.85000000e+02 7.21679048e-01 2.70000000e+01]
[8.8500000e+02 9.6500000e+02 7.2313123e-01 2.4000000e+01]
[2.15000000e+02 9.97000000e+02 7.23674783e-01 2.00000000e+01]
[4.04000000e+02 9.86000000e+02 7.26148907e-01 2.00000000e+01]
[9.99000000e+02 6.60000000e+01 7.27769658e-01 2.50000000e+01]
[9.83000000e+02 9.96000000e+02 7.30218459e-01 6.90000000e+01]
[1.30000000e+01 1.00200000e+03 7.31123326e-01 2.60000000e+01]
[7.33000000e+02 1.00300000e+03 7.40068804e-01 7.10000000e+01]
[5.31000000e+02 9.68000000e+02 7.43473908e-01 3.40000000e+01]
[3.64000000e+02 1.00000000e+03 7.47546703e-01 2.10000000e+01]
[9.87000000e+02 1.20000000e+01 7.50266294e-01 3.40000000e+01]
[9.82000000e+02 1.77000000e+02 7.52394229e-01 2.20000000e+01]
[3.7800000e+02 1.0080000e+03 7.5250482e-01 3.5000000e+01]
[151.         500.           0.75277592   2.        ]
[4.11000000e+02 1.00500000e+03 7.66225186e-01 7.20000000e+01]
[9.98000000e+02 9.63000000e+02 7.67359158e-01 4.20000000e+01]
[9.84000000e+02 8.44000000e+02 7.68114259e-01 3.30000000e+01]
[9.77000000e+02 4.49000000e+02 7.69304093e-01 9.00000000e+00]
[1.01400000e+03 1.69000000e+02 7.76141381e-01 3.40000000e+01]
[235.         149.           0.77616085   2.        ]
[3.83000000e+02 1.01600000e+03 7.76496432e-01 3.50000000e+01]
[5.77000000e+02 9.94000000e+02 7.79002914e-01 5.00000000e+01]
[9.75000000e+02 9.78000000e+02 7.81694628e-01 7.80000000e+01]
[1.01000000e+02 1.01900000e+03 7.82557945e-01 5.10000000e+01]
[1.01300000e+03 9.48000000e+02 7.86694301e-01 4.40000000e+01]
[1.02000000e+03 9.92000000e+02 7.89752507e-01 9.40000000e+01]
[1.00600000e+03 1.00900000e+03 7.90047155e-01 5.60000000e+01]
[1.00100000e+03 1.02300000e+03 7.95133117e-01 1.14000000e+02]
[9.79000000e+02 1.02400000e+03 8.02546485e-01 5.80000000e+01]
[1.01500000e+03 2.88000000e+02 8.04447774e-01 1.00000000e+01]
[1.01700000e+03 1.01200000e+03 8.04669378e-01 7.40000000e+01]
[1.26000000e+02 1.02100000e+03 8.04790679e-01 5.20000000e+01]
[1.9800000e+02 1.0100000e+03 8.0603865e-01 3.6000000e+01]
[9.3700000e+02 9.0800000e+02 8.0946545e-01 1.6000000e+01]
[1.02200000e+03 8.90000000e+01 8.14818603e-01 4.50000000e+01]
[1.0270000e+03 1.0290000e+03 8.1493153e-01 6.2000000e+01]
[379.         187.           0.81677567   2.        ]
[4.30000000e+02 1.03300000e+03 8.17091878e-01 6.30000000e+01]
[2.25000000e+02 1.03200000e+03 8.18094784e-01 4.60000000e+01]
[1.01800000e+03 1.03600000e+03 8.26758485e-01 8.10000000e+01]
[4.70000000e+02 1.03700000e+03 8.33271637e-01 8.20000000e+01]
[1.034000e+03 1.026000e+03 8.509459e-01 6.000000e+01]
[9.01000000e+02 1.02500000e+03 8.52599258e-01 1.18000000e+02]
[4.46000000e+02 1.03800000e+03 8.53110348e-01 8.30000000e+01]
[1.02800000e+03 1.04100000e+03 8.59047546e-01 1.57000000e+02]
[1.03000000e+03 1.03500000e+03 8.59657014e-01 9.90000000e+01]
[ 42.         488.           0.86523439   2.        ]
[201.        368.          0.8722478   2.       ]
[1.04300000e+03 4.16000000e+02 8.77310538e-01 1.00000000e+02]
[1.71000000e+02 1.03900000e+03 8.80888561e-01 6.10000000e+01]
[ 24.         323.           0.88340033   2.        ]
[2.34000000e+02 1.00700000e+03 8.84439689e-01 2.20000000e+01]
[4.84000000e+02 1.00400000e+03 9.01140666e-01 2.70000000e+01]
[4.23000000e+02 1.04200000e+03 9.10843938e-01 1.58000000e+02]
[1.04700000e+03 1.04500000e+03 9.10896764e-01 6.30000000e+01]
[1.05200000e+03 3.11000000e+02 9.14313276e-01 6.40000000e+01]
[1.05300000e+03 2.42000000e+02 9.17295436e-01 6.50000000e+01]
[4.47000000e+02 1.05100000e+03 9.30170654e-01 1.59000000e+02]
[1.04000000e+03 1.05000000e+03 9.49245281e-01 1.45000000e+02]
[1.05400000e+03 1.04400000e+03 9.56000074e-01 6.70000000e+01]
[1.05700000e+03 1.05500000e+03 9.58710727e-01 2.26000000e+02]
[1.0800000e+02 1.0490000e+03 9.5919402e-01 2.3000000e+01]
[3.70000000e+02 1.05800000e+03 9.85342029e-01 2.27000000e+02]
[1.05600000e+03 1.04600000e+03 9.86390284e-01 2.45000000e+02]
[1.01100000e+03 1.05900000e+03 1.02224988e+00 2.50000000e+01]
[2.00000000e+00 1.06100000e+03 1.02972799e+00 2.46000000e+02]
[1.06300000e+03 8.57000000e+02 1.04916795e+00 2.56000000e+02]
[1.06400000e+03 1.75000000e+02 1.04952522e+00 2.57000000e+02]
[1.06000000e+03 1.04800000e+03 1.05026201e+00 2.29000000e+02]
[1.06600000e+03 1.06500000e+03 1.05145158e+00 4.86000000e+02]
[ 342.         1067.            1.09039357  487.        ]
[ 319.         1068.            1.12155857  488.        ]
[ 316.         1069.            1.12383123  489.        ]
[1062.         1031.            1.13029294   41.        ]
[ 145.         1070.            1.16133114  490.        ]
[ 502.         1072.            1.16654205  491.        ]
[ 377.         1073.            1.17192387  492.        ]
[1071.          277.            1.17942499   42.        ]
[1075.          955.            1.29770926   47.        ]
[1074.          429.            1.32296757  493.        ]
[1076.         1077.            1.35469624  540.        ]
