[  1. 216.   0.   2.]
[540. 113.   0.   3.]
[  6. 129.   0.   2.]
[64. 68.  0.  2.]
[543.  93.   0.   3.]
[544. 123.   0.   4.]
[545. 214.   0.   5.]
[546. 261.   0.   6.]
[ 78. 125.   0.   2.]
[548. 315.   0.   3.]
[ 90. 518.   0.   2.]
[103. 196.   0.   2.]
[136. 336.   0.   2.]
[220. 295.   0.   2.]
[270. 271.   0.   2.]
[554. 400.   0.   3.]
[300. 302.   0.   2.]
[359. 413.   0.   2.]
[5.00000000e+01 1.35000000e+02 1.49011612e-08 2.00000000e+00]
[5.58000000e+02 3.29000000e+02 1.49011612e-08 3.00000000e+00]
[7.20000000e+01 4.37000000e+02 1.49011612e-08 2.00000000e+00]
[1.40000000e+02 3.80000000e+02 1.49011612e-08 2.00000000e+00]
[1.78000000e+02 2.45000000e+02 1.49011612e-08 2.00000000e+00]
[5.56000000e+02 4.68000000e+02 1.89139771e-08 3.00000000e+00]
[7.40000000e+01 9.10000000e+01 2.10734243e-08 2.00000000e+00]
[5.64000000e+02 3.17000000e+02 2.10734243e-08 3.00000000e+00]
[9.50000000e+01 1.52000000e+02 2.10734243e-08 2.00000000e+00]
[5.66000000e+02 2.40000000e+02 2.10734243e-08 3.00000000e+00]
[5.67000000e+02 3.01000000e+02 2.10734243e-08 4.00000000e+00]
[5.68000000e+02 3.08000000e+02 2.10734243e-08 5.00000000e+00]
[5.69000000e+02 5.53000000e+02 2.10734243e-08 7.00000000e+00]
[3.07000000e+02 5.70000000e+02 2.10734243e-08 8.00000000e+00]
[8.10000000e+01 5.71000000e+02 2.56238631e-08 9.00000000e+00]
[6.10000000e+01 2.36000000e+02 3.94247668e-08 2.00000000e+00]
[5.65000000e+02 2.74000000e+02 8.09340216e-08 4.00000000e+00]
[3.09000000e+02 3.94000000e+02 4.40797821e-02 2.00000000e+00]
[1.70000000e+02 5.55000000e+02 6.38717648e-02 4.00000000e+00]
[21.         40.          0.06705018  2.        ]
[2.18000000e+02 5.03000000e+02 7.03795074e-02 2.00000000e+00]
[2.0600000e+02 3.2200000e+02 7.4490596e-02 2.0000000e+00]
[5.59000000e+02 1.30000000e+02 7.90573588e-02 4.00000000e+00]
[3.0000000e+01 2.0900000e+02 7.9391993e-02 2.0000000e+00]
[3.39000000e+02 4.73000000e+02 8.23962141e-02 2.00000000e+00]
[4.90000000e+01 2.46000000e+02 8.54421194e-02 2.00000000e+00]
[3.66000000e+02 5.17000000e+02 8.76558573e-02 2.00000000e+00]
[4.92000000e+02 5.23000000e+02 1.05684793e-01 2.00000000e+00]
[1.24000000e+02 3.05000000e+02 1.05965791e-01 2.00000000e+00]
[3.2000000e+02 4.0600000e+02 1.1045668e-01 2.0000000e+00]
[3.97000000e+02 4.44000000e+02 1.12343295e-01 2.00000000e+00]
[2.90000000e+01 4.86000000e+02 1.15354064e-01 2.00000000e+00]
[1.28000000e+02 2.91000000e+02 1.15444485e-01 2.00000000e+00]
[3.46000000e+02 4.38000000e+02 1.18011473e-01 2.00000000e+00]
[1.43000000e+02 4.45000000e+02 1.18053992e-01 2.00000000e+00]
[2.48000000e+02 5.16000000e+02 1.19805078e-01 2.00000000e+00]
[5.61000000e+02 2.98000000e+02 1.20382012e-01 3.00000000e+00]
[2.90000000e+02 5.30000000e+02 1.21386851e-01 2.00000000e+00]
[6.30000000e+01 4.26000000e+02 1.25541344e-01 2.00000000e+00]
[3.48000000e+02 3.67000000e+02 1.27458337e-01 2.00000000e+00]
[4.3600000e+02 5.2200000e+02 1.3066916e-01 2.0000000e+00]
[5.40000000e+01 1.48000000e+02 1.34200882e-01 2.00000000e+00]
[4.02000000e+02 4.89000000e+02 1.34571689e-01 2.00000000e+00]
[5.74000000e+02 1.64000000e+02 1.34970612e-01 5.00000000e+00]
[4.00000000e+00 2.62000000e+02 1.39243855e-01 2.00000000e+00]
[2.13000000e+02 3.86000000e+02 1.39819423e-01 2.00000000e+00]
[3.03000000e+02 3.69000000e+02 1.40759234e-01 2.00000000e+00]
[3.00000000e+00 2.51000000e+02 1.41794566e-01 2.00000000e+00]
[3.82000000e+02 5.91000000e+02 1.41836437e-01 3.00000000e+00]
[41.         52.          0.14193291  2.        ]
[5.76000000e+02 2.29000000e+02 1.44093935e-01 5.00000000e+00]
[1.6000000e+01 4.3900000e+02 1.4494577e-01 2.0000000e+00]
[3.96000000e+02 4.14000000e+02 1.46116969e-01 2.00000000e+00]
[5.52000000e+02 1.76000000e+02 1.46279306e-01 3.00000000e+00]
[2.70000000e+01 1.72000000e+02 1.46613989e-01 2.00000000e+00]
[8.00000000e+01 4.09000000e+02 1.50613459e-01 2.00000000e+00]
[2.47000000e+02 2.49000000e+02 1.52692348e-01 2.00000000e+00]
[5.80000000e+02 5.72000000e+02 1.53786391e-01 1.30000000e+01]
[65.         76.          0.15416388  2.        ]
[9.00000000e+00 5.49000000e+02 1.55069213e-01 4.00000000e+00]
[1.85000000e+02 1.95000000e+02 1.61942766e-01 2.00000000e+00]
[1.44000000e+02 5.57000000e+02 1.62010199e-01 3.00000000e+00]
[6.01000000e+02 2.04000000e+02 1.62082117e-01 6.00000000e+00]
[2.97000000e+02 4.27000000e+02 1.68130508e-01 2.00000000e+00]
[4.18000000e+02 4.61000000e+02 1.80110536e-01 2.00000000e+00]
[2.05000000e+02 5.63000000e+02 1.81753381e-01 4.00000000e+00]
[5.32000000e+02 4.77000000e+02 1.88025421e-01 2.00000000e+00]
[6.15000000e+02 3.28000000e+02 1.91861107e-01 1.40000000e+01]
[5.90000000e+02 1.65000000e+02 1.92872994e-01 3.00000000e+00]
[2.76000000e+02 3.45000000e+02 1.93039637e-01 2.00000000e+00]
[3.18000000e+02 5.09000000e+02 1.93084068e-01 2.00000000e+00]
[9.20000000e+01 2.69000000e+02 1.93901082e-01 2.00000000e+00]
[6.25000000e+02 2.39000000e+02 2.01284109e-01 1.50000000e+01]
[3.8100000e+02 4.0500000e+02 2.0361799e-01 2.0000000e+00]
[5.00000000e+00 2.07000000e+02 2.04622847e-01 2.00000000e+00]
[1.70000000e+01 2.83000000e+02 2.04829074e-01 2.00000000e+00]
[1.80000000e+02 6.26000000e+02 2.07488491e-01 4.00000000e+00]
[2.30000000e+02 6.24000000e+02 2.11731853e-01 3.00000000e+00]
[6.34000000e+02 2.33000000e+02 2.15624927e-01 5.00000000e+00]
[3.93000000e+02 5.11000000e+02 2.16626106e-01 2.00000000e+00]
[6.17000000e+02 1.56000000e+02 2.20971015e-01 5.00000000e+00]
[6.08000000e+02 3.34000000e+02 2.28343854e-01 6.00000000e+00]
[ 33.         122.           0.23155899   2.        ]
[1.42000000e+02 5.84000000e+02 2.41889701e-01 3.00000000e+00]
[4.15000000e+02 4.60000000e+02 2.45873091e-01 2.00000000e+00]
[ 19.        104.          0.2465701   2.       ]
[6.11000000e+02 6.38000000e+02 2.51523598e-01 8.00000000e+00]
[6.30000000e+02 1.94000000e+02 2.51890674e-01 1.60000000e+01]
[1.40000000e+01 4.33000000e+02 2.52086754e-01 2.00000000e+00]
[155.         98.          0.2558704   2.       ]
[4.08000000e+02 4.50000000e+02 2.56590723e-01 2.00000000e+00]
[6.20000000e+01 6.36000000e+02 2.59927143e-01 6.00000000e+00]
[186.         199.           0.26071766   2.        ]
[3.65000000e+02 4.43000000e+02 2.61254439e-01 2.00000000e+00]
[6.47000000e+02 2.72000000e+02 2.62056013e-01 3.00000000e+00]
[117.         153.           0.26250485   2.        ]
[2.37000000e+02 4.90000000e+02 2.67194806e-01 2.00000000e+00]
[5.47000000e+02 3.24000000e+02 2.67779431e-01 7.00000000e+00]
[ 70.         183.           0.27451336   2.        ]
[6.45000000e+02 4.80000000e+02 2.75554123e-01 1.70000000e+01]
[1.09000000e+02 6.23000000e+02 2.77222289e-01 5.00000000e+00]
[6.07000000e+02 6.06000000e+02 2.79501862e-01 5.00000000e+00]
[4.51000000e+02 5.08000000e+02 2.89098766e-01 2.00000000e+00]
[1.15000000e+02 6.49000000e+02 2.92675405e-01 7.00000000e+00]
[6.41000000e+02 5.19000000e+02 2.96226192e-01 4.00000000e+00]
[6.61000000e+02 3.33000000e+02 2.98827789e-01 8.00000000e+00]
[3.560000e+02 4.670000e+02 3.009205e-01 2.000000e+00]
[6.39000000e+02 6.57000000e+02 3.02440964e-01 2.30000000e+01]
[ 67.         150.           0.30371485   2.        ]
[3.50000000e+01 6.32000000e+02 3.05940078e-01 3.00000000e+00]
[6.44000000e+02 6.50000000e+02 3.07660119e-01 1.00000000e+01]
[2.27000000e+02 3.40000000e+02 3.14963939e-01 2.00000000e+00]
[6.20000000e+02 6.53000000e+02 3.17010665e-01 8.00000000e+00]
[6.52000000e+02 2.19000000e+02 3.23649323e-01 4.00000000e+00]
[154.         182.           0.32370503   2.        ]
[4.60000000e+01 3.27000000e+02 3.23768359e-01 2.00000000e+00]
[3.91000000e+02 4.10000000e+02 3.25245196e-01 2.00000000e+00]
[3.61000000e+02 5.27000000e+02 3.26488171e-01 2.00000000e+00]
[5.62000000e+02 2.85000000e+02 3.27272779e-01 3.00000000e+00]
[4.95000000e+02 6.71000000e+02 3.27766902e-01 5.00000000e+00]
[6.67000000e+02 1.60000000e+02 3.27952347e-01 4.00000000e+00]
[ 83.         159.           0.32833414   2.        ]
[6.4000000e+02 5.1200000e+02 3.2976771e-01 3.0000000e+00]
[ 20.         221.           0.33073724   2.        ]
[6.66000000e+02 2.56000000e+02 3.35573283e-01 3.00000000e+00]
[5.97000000e+02 5.26000000e+02 3.35813242e-01 3.00000000e+00]
[6.63000000e+02 2.08000000e+02 3.37788514e-01 9.00000000e+00]
[5.94000000e+02 6.65000000e+02 3.42029526e-01 2.60000000e+01]
[6.43000000e+02 4.69000000e+02 3.47432979e-01 3.00000000e+00]
[3.35000000e+02 4.42000000e+02 3.48532329e-01 2.00000000e+00]
[6.70000000e+02 1.21000000e+02 3.51122468e-01 9.00000000e+00]
[6.56000000e+02 6.72000000e+02 3.58236183e-01 4.00000000e+00]
[2.52000000e+02 4.63000000e+02 3.59015947e-01 2.00000000e+00]
[5.95000000e+02 2.30000000e+01 3.61385969e-01 3.00000000e+00]
[5.9000000e+01 6.8800000e+02 3.6140351e-01 1.0000000e+01]
[0.00000000e+00 4.65000000e+02 3.63006914e-01 2.00000000e+00]
[5.79000000e+02 2.25000000e+02 3.63468061e-01 3.00000000e+00]
[3.49000000e+02 5.38000000e+02 3.66531215e-01 2.00000000e+00]
[6.5500000e+02 6.5800000e+02 3.6940042e-01 1.2000000e+01]
[ 82.        265.          0.3703111   2.       ]
[6.91000000e+02 4.83000000e+02 3.72379373e-01 4.00000000e+00]
[6.29000000e+02 1.92000000e+02 3.72569729e-01 3.00000000e+00]
[4.70000000e+01 5.83000000e+02 3.74678195e-01 3.00000000e+00]
[6.84000000e+02 2.02000000e+02 3.75675784e-01 1.00000000e+01]
[1.3700000e+02 4.9100000e+02 3.7837572e-01 2.0000000e+00]
[102.         141.           0.38096261   2.        ]
[6.79000000e+02 1.84000000e+02 3.85683034e-01 3.00000000e+00]
[6.80000000e+02 6.35000000e+02 3.87549718e-01 6.00000000e+00]
[6.86000000e+02 6.85000000e+02 3.89667398e-01 2.90000000e+01]
[193.         279.           0.39109862   2.        ]
[5.75000000e+02 6.87000000e+02 3.94359396e-01 4.00000000e+00]
[ 18.         273.           0.39462788   2.        ]
[3.20000000e+01 6.69000000e+02 4.03841675e-01 3.00000000e+00]
[5.87000000e+02 6.98000000e+02 4.06528444e-01 6.00000000e+00]
[6.90000000e+02 5.05000000e+02 4.06787746e-01 3.00000000e+00]
[6.81000000e+02 6.77000000e+02 4.06867422e-01 7.00000000e+00]
[ 87.         280.           0.40761444   2.        ]
[ 75.         100.           0.40904946   2.        ]
[6.92000000e+02 1.74000000e+02 4.09976563e-01 1.10000000e+01]
[1.12000000e+02 7.01000000e+02 4.13933051e-01 1.10000000e+01]
[3.72000000e+02 4.54000000e+02 4.14137096e-01 2.00000000e+00]
[6.22000000e+02 5.37000000e+02 4.20458391e-01 3.00000000e+00]
[8.80000000e+01 6.62000000e+02 4.20475433e-01 5.00000000e+00]
[6.73000000e+02 4.87000000e+02 4.20786669e-01 3.00000000e+00]
[2.60000000e+02 6.37000000e+02 4.21548504e-01 3.00000000e+00]
[6.05000000e+02 6.68000000e+02 4.21817753e-01 1.20000000e+01]
[6.93000000e+02 7.02000000e+02 4.22052427e-01 4.00000000e+00]
[1.68000000e+02 4.32000000e+02 4.22163373e-01 2.00000000e+00]
[7.06000000e+02 1.27000000e+02 4.22271138e-01 3.00000000e+01]
[ 10.         188.           0.42343035   2.        ]
[5.81000000e+02 4.41000000e+02 4.24594687e-01 3.00000000e+00]
[5.510000e+02 3.500000e+02 4.259381e-01 3.000000e+00]
[7.10000000e+01 4.62000000e+02 4.26382192e-01 2.00000000e+00]
[2.50000000e+01 5.98000000e+02 4.26459184e-01 3.00000000e+00]
[6.02000000e+02 7.26000000e+02 4.28441884e-01 3.20000000e+01]
[3.63000000e+02 5.21000000e+02 4.30420023e-01 2.00000000e+00]
[6.78000000e+02 1.73000000e+02 4.32148597e-01 5.00000000e+00]
[5.96000000e+02 2.38000000e+02 4.33054177e-01 3.00000000e+00]
[6.76000000e+02 3.10000000e+02 4.34566104e-01 4.00000000e+00]
[ 48.        157.          0.4361647   2.       ]
[6.42000000e+02 4.82000000e+02 4.42895785e-01 3.00000000e+00]
[7.20000000e+02 6.59000000e+02 4.43692777e-01 1.00000000e+01]
[210.         383.           0.44553962   2.        ]
[4.76000000e+02 4.98000000e+02 4.46765603e-01 2.00000000e+00]
[5.42000000e+02 5.99000000e+02 4.47021733e-01 4.00000000e+00]
[ 28.         326.           0.44734832   2.        ]
[2.59000000e+02 7.10000000e+02 4.47732186e-01 4.00000000e+00]
[139.         253.           0.44807967   2.        ]
[1.50000000e+01 7.24000000e+02 4.48352715e-01 5.00000000e+00]
[6.89000000e+02 6.48000000e+02 4.49182754e-01 6.00000000e+00]
[3.38000000e+02 7.38000000e+02 4.49594322e-01 4.00000000e+00]
[7.21000000e+02 3.47000000e+02 4.50050465e-01 4.00000000e+00]
[6.83000000e+02 5.01000000e+02 4.50337631e-01 4.00000000e+00]
[7.09000000e+02 2.94000000e+02 4.51918824e-01 3.00000000e+00]
[2.32000000e+02 7.39000000e+02 4.53123433e-01 1.10000000e+01]
[7.05000000e+02 5.28000000e+02 4.53936114e-01 7.00000000e+00]
[4.6400000e+02 7.2800000e+02 4.5482104e-01 4.0000000e+00]
[6.09000000e+02 7.11000000e+02 4.55686775e-01 8.00000000e+00]
[6.27000000e+02 6.95000000e+02 4.55718704e-01 4.00000000e+00]
[7.55000000e+02 7.22000000e+02 4.56275573e-01 1.10000000e+01]
[3.580000e+02 7.360000e+02 4.563384e-01 5.000000e+00]
[2.67000000e+02 6.75000000e+02 4.60179823e-01 3.00000000e+00]
[ 51.         395.           0.46186645   2.        ]
[2.03000000e+02 5.85000000e+02 4.62828196e-01 3.00000000e+00]
[1.98000000e+02 5.07000000e+02 4.64026257e-01 2.00000000e+00]
[1.33000000e+02 7.59000000e+02 4.66270995e-01 4.00000000e+00]
[7.13000000e+02 7.34000000e+02 4.67787175e-01 1.20000000e+01]
[7.57000000e+02 2.58000000e+02 4.68306377e-01 1.20000000e+01]
[6.28000000e+02 6.74000000e+02 4.69423794e-01 4.00000000e+00]
[3.40000000e+01 7.46000000e+02 4.70038952e-01 6.00000000e+00]
[7.49000000e+02 1.05000000e+02 4.73429393e-01 5.00000000e+00]
[7.4300000e+02 3.1000000e+01 4.7347174e-01 3.0000000e+00]
[1.20000000e+02 7.54000000e+02 4.75589048e-01 5.00000000e+00]
[7.29000000e+02 6.14000000e+02 4.77118143e-01 5.00000000e+00]
[7.3200000e+02 2.7500000e+02 4.7878014e-01 3.3000000e+01]
[6.96000000e+02 2.87000000e+02 4.79978915e-01 1.30000000e+01]
[ 26.         163.           0.48023665   2.        ]
[3.52000000e+02 4.94000000e+02 4.82159472e-01 2.00000000e+00]
[7.4200000e+02 6.8200000e+02 4.8283973e-01 7.0000000e+00]
[7.53000000e+02 2.78000000e+02 4.83414457e-01 8.00000000e+00]
[5.86000000e+02 3.75000000e+02 4.83597056e-01 3.00000000e+00]
[6.00000000e+01 5.04000000e+02 4.83673236e-01 2.00000000e+00]
[7.51000000e+02 4.72000000e+02 4.84237732e-01 4.00000000e+00]
[6.97000000e+02 7.12000000e+02 4.84648516e-01 5.00000000e+00]
[7.76000000e+02 1.11000000e+02 4.85367858e-01 8.00000000e+00]
[7.90000000e+01 7.63000000e+02 4.85736033e-01 5.00000000e+00]
[ 43.         299.           0.48614289   2.        ]
[116.         376.           0.48680393   2.        ]
[3.51000000e+02 7.48000000e+02 4.87842567e-01 5.00000000e+00]
[7.72000000e+02 2.64000000e+02 4.88181649e-01 3.40000000e+01]
[7.03000000e+02 7.52000000e+02 4.88397859e-01 1.30000000e+01]
[3.73000000e+02 7.19000000e+02 4.88507784e-01 4.00000000e+00]
[6.54000000e+02 4.28000000e+02 4.89687914e-01 3.00000000e+00]
[2.96000000e+02 6.51000000e+02 4.90834854e-01 3.00000000e+00]
[7.87000000e+02 2.66000000e+02 4.91110018e-01 3.50000000e+01]
[4.55000000e+02 7.62000000e+02 4.92508629e-01 3.00000000e+00]
[4.25000000e+02 7.17000000e+02 4.94600885e-01 1.20000000e+01]
[4.53000000e+02 7.70000000e+02 4.95863733e-01 6.00000000e+00]
[7.77000000e+02 3.21000000e+02 4.96834703e-01 9.00000000e+00]
[4.07000000e+02 7.60000000e+02 4.98431553e-01 3.00000000e+00]
[5.70000000e+01 5.15000000e+02 4.99050667e-01 2.00000000e+00]
[4.35000000e+02 7.47000000e+02 5.00622476e-01 7.00000000e+00]
[1.31000000e+02 7.58000000e+02 5.02348209e-01 6.00000000e+00]
[1.07000000e+02 6.60000000e+02 5.02600791e-01 3.00000000e+00]
[3.04000000e+02 7.65000000e+02 5.03311389e-01 1.30000000e+01]
[5.78000000e+02 2.92000000e+02 5.04509127e-01 3.00000000e+00]
[ 53.         401.           0.50471941   2.        ]
[2.50000000e+02 7.67000000e+02 5.04994549e-01 7.00000000e+00]
[7.83000000e+02 3.37000000e+02 5.05533843e-01 6.00000000e+00]
[2.5500000e+02 7.9700000e+02 5.0593147e-01 4.0000000e+00]
[7.90000000e+02 3.57000000e+02 5.07367182e-01 4.00000000e+00]
[5.39000000e+02 6.94000000e+02 5.08194201e-01 4.00000000e+00]
[7.44000000e+02 7.64000000e+02 5.10829161e-01 1.60000000e+01]
[1.90000000e+02 7.68000000e+02 5.11497408e-01 6.00000000e+00]
[9.6000000e+01 7.9500000e+02 5.1227226e-01 7.0000000e+00]
[6.31000000e+02 8.10000000e+02 5.12558404e-01 1.80000000e+01]
[7.50000000e+02 8.00000000e+02 5.12803491e-01 1.00000000e+01]
[268.        284.          0.5129503   2.       ]
[114.       226.         0.513376   2.      ]
[7.86000000e+02 7.69000000e+02 5.14233016e-01 8.00000000e+00]
[3.30000000e+02 7.08000000e+02 5.14307202e-01 5.00000000e+00]
[ 86.         481.           0.51472501   2.        ]
[ 73.         200.           0.51592674   2.        ]
[ 38.         387.           0.51666703   2.        ]
[3.85000000e+02 7.89000000e+02 5.17662941e-01 5.00000000e+00]
[7.45000000e+02 7.82000000e+02 5.18329208e-01 1.00000000e+01]
[7.31000000e+02 1.58000000e+02 5.18874726e-01 4.00000000e+00]
[ 44.         281.           0.51906767   2.        ]
[4.34000000e+02 8.02000000e+02 5.19152629e-01 1.40000000e+01]
[7.23000000e+02 8.13000000e+02 5.21117487e-01 3.00000000e+01]
[224.         331.           0.52186953   2.        ]
[7.27000000e+02 8.23000000e+02 5.21913788e-01 1.20000000e+01]
[254.         392.           0.52416391   2.        ]
[8.29000000e+02 2.41000000e+02 5.24851883e-01 1.30000000e+01]
[7.7400000e+02 8.1200000e+02 5.2542013e-01 9.0000000e+00]
[371.         510.           0.52712182   2.        ]
[7.16000000e+02 6.99000000e+02 5.28113266e-01 1.40000000e+01]
[ 99.         332.           0.53001621   2.        ]
[1.46000000e+02 7.99000000e+02 5.30030512e-01 8.00000000e+00]
[5.8200000e+02 7.0000000e+02 5.3105892e-01 5.0000000e+00]
[3.70000000e+01 6.16000000e+02 5.32765053e-01 3.00000000e+00]
[6.19000000e+02 6.21000000e+02 5.33013399e-01 5.00000000e+00]
[118.         374.           0.53414024   2.        ]
[6.33000000e+02 5.24000000e+02 5.34255371e-01 3.00000000e+00]
[7.78000000e+02 1.75000000e+02 5.34965329e-01 4.00000000e+00]
[ 58.         390.           0.53559231   2.        ]
[6.1200000e+02 7.8800000e+02 5.3630204e-01 1.5000000e+01]
[5.89000000e+02 3.14000000e+02 5.36599706e-01 3.00000000e+00]
[7.00000000e+00 7.04000000e+02 5.36797241e-01 4.00000000e+00]
[7.93000000e+02 5.36000000e+02 5.36808034e-01 4.00000000e+00]
[1.19000000e+02 8.05000000e+02 5.37524633e-01 8.00000000e+00]
[8.32000000e+02 7.15000000e+02 5.37567654e-01 1.10000000e+01]
[7.41000000e+02 8.25000000e+02 5.37786492e-01 4.00000000e+00]
[8.07000000e+02 5.14000000e+02 5.38230122e-01 5.00000000e+00]
[ 94.        223.          0.5386665   2.       ]
[ 36.         506.           0.54090119   2.        ]
[191.         403.           0.54231192   2.        ]
[7.96000000e+02 3.41000000e+02 5.43276971e-01 1.00000000e+01]
[7.37000000e+02 7.14000000e+02 5.44374875e-01 4.00000000e+00]
[8.46000000e+02 4.57000000e+02 5.45843614e-01 5.00000000e+00]
[7.80000000e+02 8.27000000e+02 5.46611274e-01 3.40000000e+01]
[7.61000000e+02 8.26000000e+02 5.47856768e-01 1.70000000e+01]
[222.         353.           0.55079419   2.        ]
[8.06000000e+02 7.75000000e+02 5.51116064e-01 8.00000000e+00]
[6.1800000e+02 2.3100000e+02 5.5249081e-01 3.0000000e+00]
[7.92000000e+02 8.36000000e+02 5.52733481e-01 4.30000000e+01]
[8.58000000e+02 1.32000000e+02 5.53320208e-01 3.50000000e+01]
[8.17000000e+02 2.93000000e+02 5.53607242e-01 9.00000000e+00]
[7.07000000e+02 8.59000000e+02 5.55135458e-01 1.90000000e+01]
[8.28000000e+02 4.79000000e+02 5.56150198e-01 3.00000000e+00]
[8.2000000e+02 8.5000000e+01 5.5649247e-01 3.0000000e+00]
[8.64000000e+02 2.86000000e+02 5.56623728e-01 3.60000000e+01]
[8.16000000e+02 7.25000000e+02 5.56887428e-01 4.00000000e+00]
[5.29000000e+02 8.65000000e+02 5.57050433e-01 1.00000000e+01]
[1.10000000e+02 8.51000000e+02 5.57993701e-01 6.00000000e+00]
[179.         417.           0.55838978   2.        ]
[1.66000000e+02 8.37000000e+02 5.58809945e-01 6.00000000e+00]
[5.60000000e+01 8.61000000e+02 5.59201607e-01 9.00000000e+00]
[6.03000000e+02 8.75000000e+02 5.59902089e-01 1.10000000e+01]
[8.56000000e+02 7.84000000e+02 5.61555774e-01 6.00000000e+00]
[4.21000000e+02 8.71000000e+02 5.62010409e-01 1.10000000e+01]
[3.90000000e+01 8.11000000e+02 5.63081008e-01 7.00000000e+00]
[8.44000000e+02 8.33000000e+02 5.63315205e-01 1.70000000e+01]
[4.50000000e+01 8.66000000e+02 5.63902036e-01 2.00000000e+01]
[8.21000000e+02 7.73000000e+02 5.64651458e-01 1.50000000e+01]
[2.43000000e+02 8.77000000e+02 5.64964881e-01 7.00000000e+00]
[6.46000000e+02 2.20000000e+01 5.65868088e-01 3.00000000e+00]
[7.40000000e+02 8.03000000e+02 5.68321586e-01 5.00000000e+00]
[4.96000000e+02 8.22000000e+02 5.68761581e-01 6.00000000e+00]
[8.2400000e+02 2.2800000e+02 5.6994054e-01 5.0000000e+00]
[1.81000000e+02 8.50000000e+02 5.71678839e-01 5.00000000e+00]
[7.18000000e+02 3.54000000e+02 5.73177239e-01 3.00000000e+00]
[8.38000000e+02 8.60000000e+02 5.74573547e-01 5.00000000e+00]
[3.60000000e+02 8.81000000e+02 5.74829487e-01 2.10000000e+01]
[8.57000000e+02 7.91000000e+02 5.76331553e-01 8.00000000e+00]
[1.6700000e+02 7.9400000e+02 5.7769682e-01 1.3000000e+01]
[7.81000000e+02 8.63000000e+02 5.77764782e-01 4.80000000e+01]
[5.50000000e+01 8.30000000e+02 5.80037036e-01 3.00000000e+00]
[6.60000000e+01 7.71000000e+02 5.80154874e-01 6.00000000e+00]
[5.34000000e+02 8.14000000e+02 5.80355688e-01 1.10000000e+01]
[1.26000000e+02 8.18000000e+02 5.80742787e-01 6.00000000e+00]
[134.         355.           0.58125855   2.        ]
[8.19000000e+02 8.92000000e+02 5.83221328e-01 1.00000000e+01]
[5.9300000e+02 8.8000000e+02 5.8595852e-01 1.9000000e+01]
[8.4800000e+02 4.2200000e+02 5.8933672e-01 9.0000000e+00]
[398.         448.           0.58940553   2.        ]
[535.         588.           0.58949439   3.        ]
[5.92000000e+02 8.42000000e+02 5.91315415e-01 6.00000000e+00]
[306.         458.           0.59172794   2.        ]
[8.88000000e+02 8.47000000e+02 5.92331651e-01 9.00000000e+00]
[8.53000000e+02 8.87000000e+02 5.92414435e-01 7.00000000e+00]
[8.62000000e+02 1.97000000e+02 5.92777117e-01 4.00000000e+00]
[7.35000000e+02 8.78000000e+02 5.95035371e-01 1.40000000e+01]
[7.5600000e+02 8.3100000e+02 5.9551439e-01 1.7000000e+01]
[5.33000000e+02 9.00000000e+02 5.96925233e-01 1.10000000e+01]
[8.08000000e+02 5.13000000e+02 5.97100253e-01 5.00000000e+00]
[8.39000000e+02 9.01000000e+02 5.97241593e-01 2.40000000e+01]
[1.89000000e+02 9.11000000e+02 6.00339059e-01 1.80000000e+01]
[2.57000000e+02 8.83000000e+02 6.01415554e-01 8.00000000e+00]
[4.31000000e+02 9.07000000e+02 6.01804768e-01 1.00000000e+01]
[8.67000000e+02 4.75000000e+02 6.02339775e-01 4.00000000e+00]
[4.24000000e+02 8.72000000e+02 6.02544991e-01 7.00000000e+00]
[5.31000000e+02 8.93000000e+02 6.03233747e-01 1.40000000e+01]
[5.7300000e+02 8.8900000e+02 6.0435084e-01 5.0000000e+00]
[8.70000000e+02 8.91000000e+02 6.06421298e-01 2.50000000e+01]
[8.15000000e+02 9.17000000e+02 6.08977975e-01 1.20000000e+01]
[9.0800000e+02 7.6600000e+02 6.1114135e-01 1.1000000e+01]
[6.04000000e+02 8.94000000e+02 6.11533956e-01 5.00000000e+01]
[8.74000000e+02 9.16000000e+02 6.13283361e-01 1.40000000e+01]
[7.85000000e+02 4.93000000e+02 6.13618631e-01 3.00000000e+00]
[2.1100000e+02 9.2500000e+02 6.1453781e-01 5.1000000e+01]
[ 42.         313.           0.61548488   2.        ]
[8.73000000e+02 2.63000000e+02 6.15968153e-01 3.00000000e+00]
[8.54000000e+02 9.26000000e+02 6.20574452e-01 1.60000000e+01]
[560.         388.           0.62105003   3.        ]
[344.         499.           0.62107696   2.        ]
[8.01000000e+02 9.20000000e+02 6.21979741e-01 1.70000000e+01]
[4.40000000e+02 8.49000000e+02 6.25452097e-01 1.20000000e+01]
[1.38000000e+02 8.82000000e+02 6.26361862e-01 1.60000000e+01]
[610.         416.           0.62650934   3.        ]
[9.0200000e+02 9.3600000e+02 6.2723465e-01 2.5000000e+01]
[7.79000000e+02 8.96000000e+02 6.28114237e-01 8.00000000e+00]
[8.04000000e+02 4.56000000e+02 6.28484009e-01 3.00000000e+00]
[8.76000000e+02 4.71000000e+02 6.29161727e-01 1.20000000e+01]
[215.        343.          0.6305092   2.       ]
[8.97000000e+02 9.22000000e+02 6.31194115e-01 3.60000000e+01]
[7.98000000e+02 4.85000000e+02 6.34688363e-01 3.00000000e+00]
[9.12000000e+02 8.98000000e+02 6.35393896e-01 1.70000000e+01]
[5.25000000e+02 9.04000000e+02 6.36736264e-01 4.00000000e+00]
[1.10000000e+01 8.85000000e+02 6.38467111e-01 6.00000000e+00]
[8.79000000e+02 9.10000000e+02 6.39473116e-01 2.10000000e+01]
[9.2700000e+02 9.0500000e+02 6.4045072e-01 9.0000000e+00]
[4.2000000e+02 9.2400000e+02 6.4553644e-01 1.2000000e+01]
[8.09000000e+02 8.69000000e+02 6.47964188e-01 4.00000000e+01]
[412.         452.           0.64823323   2.        ]
[ 97.         520.           0.65046426   2.        ]
[8.34000000e+02 1.77000000e+02 6.50668655e-01 1.50000000e+01]
[325.         384.           0.65639556   2.        ]
[9.35000000e+02 9.31000000e+02 6.58994942e-01 2.80000000e+01]
[4.46000000e+02 9.46000000e+02 6.59662386e-01 5.00000000e+00]
[9.28000000e+02 8.86000000e+02 6.61898193e-01 5.70000000e+01]
[613.         289.           0.66206487   3.        ]
[8.35000000e+02 4.19000000e+02 6.63312079e-01 3.00000000e+00]
[9.18000000e+02 9.50000000e+02 6.64082864e-01 1.60000000e+01]
[1.20000000e+01 8.52000000e+02 6.64615077e-01 3.00000000e+00]
[8.40000000e+02 3.99000000e+02 6.64952271e-01 3.00000000e+00]
[9.09000000e+02 9.48000000e+02 6.65603486e-01 2.50000000e+01]
[8.84000000e+02 9.34000000e+02 6.65791677e-01 2.00000000e+01]
[9.13000000e+02 6.00000000e+02 6.68304215e-01 7.00000000e+00]
[8.68000000e+02 9.51000000e+02 6.69508764e-01 4.30000000e+01]
[9.19000000e+02 9.56000000e+02 6.69859064e-01 3.50000000e+01]
[13.         69.          0.67051547  2.        ]
[2.17000000e+02 9.45000000e+02 6.70664829e-01 1.80000000e+01]
[8.95000000e+02 2.44000000e+02 6.71514854e-01 4.00000000e+00]
[8.00000000e+00 8.99000000e+02 6.71530918e-01 3.00000000e+00]
[312.         497.           0.67216008   2.        ]
[9.21000000e+02 9.67000000e+02 6.72341816e-01 4.80000000e+01]
[162.         478.           0.67315587   2.        ]
[9.58000000e+02 9.03000000e+02 6.75601285e-01 5.90000000e+01]
[664.         370.           0.67822931   3.        ]
[8.40000000e+01 9.53000000e+02 6.89769395e-01 3.00000000e+00]
[9.41000000e+02 9.64000000e+02 6.90577882e-01 3.70000000e+01]
[541.         282.           0.69376578   4.        ]
[9.78000000e+02 1.69000000e+02 6.96669892e-01 4.00000000e+00]
[1.47000000e+02 9.70000000e+02 6.99937885e-01 1.90000000e+01]
[8.41000000e+02 9.79000000e+02 7.00143513e-01 4.00000000e+01]
[8.90000000e+02 9.40000000e+02 7.04965114e-01 8.00000000e+00]
[9.73000000e+02 9.68000000e+02 7.07735548e-01 3.70000000e+01]
[8.4300000e+02 9.3700000e+02 7.0799492e-01 5.0000000e+00]
[362.        466.          0.7099539   2.       ]
[9.39000000e+02 9.76000000e+02 7.12784299e-01 6.70000000e+01]
[9.59000000e+02 9.44000000e+02 7.13036338e-01 6.00000000e+00]
[9.4300000e+02 9.8500000e+02 7.1357275e-01 7.3000000e+01]
[9.74000000e+02 9.80000000e+02 7.15737622e-01 5.20000000e+01]
[9.91000000e+02 7.70000000e+01 7.16236967e-01 5.30000000e+01]
[9.89000000e+02 9.42000000e+02 7.18542969e-01 8.00000000e+00]
[9.38000000e+02 9.47000000e+02 7.19950508e-01 3.10000000e+01]
[9.23000000e+02 3.78000000e+02 7.21713804e-01 1.30000000e+01]
[9.4900000e+02 9.5200000e+02 7.2383836e-01 1.1000000e+01]
[8.45000000e+02 9.15000000e+02 7.23900404e-01 2.10000000e+01]
[9.7100000e+02 9.9400000e+02 7.2546473e-01 3.5000000e+01]
[4.04000000e+02 8.55000000e+02 7.26148907e-01 1.10000000e+01]
[9.93000000e+02 4.74000000e+02 7.27649109e-01 9.00000000e+00]
[161.         187.           0.73165378   2.        ]
[9.92000000e+02 4.59000000e+02 7.35332019e-01 5.40000000e+01]
[9.90000000e+02 9.96000000e+02 7.36775624e-01 8.40000000e+01]
[9.83000000e+02 5.77000000e+02 7.43691212e-01 4.20000000e+01]
[1.00400000e+03 9.84000000e+02 7.45296289e-01 5.00000000e+01]
[9.55000000e+02 9.66000000e+02 7.45680023e-01 9.00000000e+00]
[9.33000000e+02 1.00100000e+03 7.45930713e-01 4.00000000e+00]
[364.        430.          0.7475467   2.       ]
[9.65000000e+02 1.00300000e+03 7.48278719e-01 1.04000000e+02]
[9.32000000e+02 9.77000000e+02 7.48986417e-01 6.00000000e+00]
[9.86000000e+02 1.00900000e+03 7.50710191e-01 1.09000000e+02]
[151.         500.           0.75277592   2.        ]
[9.63000000e+02 9.88000000e+02 7.53801261e-01 7.00000000e+01]
[9.54000000e+02 4.70000000e+02 7.58138071e-01 1.60000000e+01]
[9.62000000e+02 9.95000000e+02 7.60157305e-01 1.60000000e+01]
[7.30000000e+02 1.00200000e+03 7.64064877e-01 5.60000000e+01]
[368.         411.           0.76622519   2.        ]
[9.14000000e+02 9.61000000e+02 7.68163317e-01 4.00000000e+01]
[9.81000000e+02 9.97000000e+02 7.70229799e-01 2.50000000e+01]
[235.         423.           0.77616085   2.        ]
[9.69000000e+02 5.50000000e+02 7.78783909e-01 4.00000000e+00]
[7.33000000e+02 1.01600000e+03 7.80036389e-01 5.80000000e+01]
[1.01000000e+02 1.00500000e+03 7.82557945e-01 5.10000000e+01]
[1.06000000e+02 1.01300000e+03 7.83834728e-01 7.10000000e+01]
[ 89.         449.           0.79267238   2.        ]
[1.0230000e+03 2.8800000e+02 7.9420812e-01 5.2000000e+01]
[1.49000000e+02 1.01700000e+03 7.97146067e-01 3.00000000e+00]
[1.00000000e+03 9.87000000e+02 8.01481933e-01 1.10000000e+01]
[1.01000000e+03 9.98000000e+02 8.07195982e-01 4.10000000e+01]
[311.         379.           0.81677567   2.        ]
[9.72000000e+02 1.01900000e+03 8.18016543e-01 2.80000000e+01]
[1.01500000e+03 1.01100000e+03 8.18616682e-01 1.25000000e+02]
[1.01400000e+03 2.01000000e+02 8.19640849e-01 1.70000000e+01]
[1.02400000e+03 3.89000000e+02 8.19874068e-01 7.20000000e+01]
[1.02900000e+03 9.60000000e+02 8.21678313e-01 4.40000000e+01]
[1.0310000e+03 1.7100000e+02 8.2948564e-01 2.9000000e+01]
[9.82000000e+02 9.06000000e+02 8.38005871e-01 2.10000000e+01]
[9.57000000e+02 1.02200000e+03 8.39667995e-01 6.30000000e+01]
[1.00700000e+03 1.02600000e+03 8.39724534e-01 5.60000000e+01]
[2.00000000e+00 1.03400000e+03 8.44096817e-01 7.30000000e+01]
[1.02800000e+03 1.02000000e+03 8.48510165e-01 1.30000000e+01]
[1.02700000e+03 1.03800000e+03 8.61800801e-01 6.60000000e+01]
[1.03300000e+03 1.03500000e+03 8.68578624e-01 6.10000000e+01]
[1.0250000e+03 1.0390000e+03 8.6883092e-01 5.8000000e+01]
[ 24.         323.           0.88340033   2.        ]
[9.99000000e+02 1.04000000e+03 8.86517455e-01 8.40000000e+01]
[1.00600000e+03 1.00800000e+03 8.87552293e-01 1.10000000e+01]
[1.03700000e+03 2.34000000e+02 8.90927858e-01 2.20000000e+01]
[1.03600000e+03 2.42000000e+02 8.91308963e-01 3.00000000e+01]
[9.29000000e+02 3.19000000e+02 8.94329029e-01 3.00000000e+00]
[1.04300000e+03 1.03200000e+03 8.98642511e-01 1.86000000e+02]
[342.         484.           0.90114067   2.        ]
[1.05100000e+03 1.04200000e+03 9.03359116e-01 2.52000000e+02]
[1.01800000e+03 9.75000000e+02 9.04418969e-01 4.20000000e+01]
[2.12000000e+02 1.05300000e+03 9.13897181e-01 2.53000000e+02]
[1.05000000e+03 4.47000000e+02 9.14818957e-01 4.00000000e+00]
[1.05400000e+03 1.04400000e+03 9.25771639e-01 1.00000000e+02]
[1.04100000e+03 1.05700000e+03 9.30475413e-01 1.13000000e+02]
[1.04900000e+03 1.05500000e+03 9.44207792e-01 2.83000000e+02]
[108.         277.           0.95919402   2.        ]
[1.0590000e+03 5.0200000e+02 9.6060368e-01 2.8400000e+02]
[316.        488.          0.9729105   2.       ]
[1.04700000e+03 1.04600000e+03 9.75236037e-01 9.50000000e+01]
[1.0120000e+03 1.0520000e+03 9.9050595e-01 4.0000000e+00]
[1.03000000e+03 1.06100000e+03 1.03057613e+00 2.86000000e+02]
[1.06500000e+03 3.77000000e+02 1.03145322e+00 2.87000000e+02]
[1.05800000e+03 1.06000000e+03 1.05234947e+00 1.15000000e+02]
[1.02100000e+03 1.06600000e+03 1.05278013e+00 2.91000000e+02]
[1067.         1063.            1.07642308  210.        ]
[1048.         1062.            1.07755033   24.        ]
[1068.         1069.            1.10601696  501.        ]
[1045.          930.            1.14792963    5.        ]
[1071.         1072.            1.16254078  506.        ]
[1073.         1056.            1.16348821  510.        ]
[1074.          145.            1.19990086  511.        ]
[1075.         1064.            1.26121925  515.        ]
[1076.        1070.           1.2859128  539.       ]
[1077.          429.            1.39353667  540.        ]
