[  1. 216.   0.   2.]
[540. 113.   0.   3.]
[  6. 129.   0.   2.]
[64. 68.  0.  2.]
[543.  93.   0.   3.]
[544. 123.   0.   4.]
[545. 214.   0.   5.]
[546. 261.   0.   6.]
[ 78. 125.   0.   2.]
[548. 315.   0.   3.]
[ 90. 518.   0.   2.]
[103. 196.   0.   2.]
[136. 336.   0.   2.]
[220. 295.   0.   2.]
[270. 271.   0.   2.]
[554. 400.   0.   3.]
[300. 302.   0.   2.]
[359. 413.   0.   2.]
[5.00000000e+01 1.35000000e+02 1.49011612e-08 2.00000000e+00]
[5.58000000e+02 3.29000000e+02 1.49011612e-08 3.00000000e+00]
[7.20000000e+01 4.37000000e+02 1.49011612e-08 2.00000000e+00]
[1.40000000e+02 3.80000000e+02 1.49011612e-08 2.00000000e+00]
[1.78000000e+02 2.45000000e+02 1.49011612e-08 2.00000000e+00]
[5.56000000e+02 4.68000000e+02 1.89139771e-08 3.00000000e+00]
[7.40000000e+01 9.10000000e+01 2.10734243e-08 2.00000000e+00]
[5.64000000e+02 3.17000000e+02 2.10734243e-08 3.00000000e+00]
[9.50000000e+01 1.52000000e+02 2.10734243e-08 2.00000000e+00]
[5.66000000e+02 2.40000000e+02 2.10734243e-08 3.00000000e+00]
[5.67000000e+02 3.01000000e+02 2.10734243e-08 4.00000000e+00]
[5.68000000e+02 3.08000000e+02 2.10734243e-08 5.00000000e+00]
[5.69000000e+02 5.53000000e+02 2.10734243e-08 7.00000000e+00]
[3.07000000e+02 5.70000000e+02 2.10734243e-08 8.00000000e+00]
[8.10000000e+01 5.71000000e+02 2.56238631e-08 9.00000000e+00]
[6.10000000e+01 2.36000000e+02 3.94247668e-08 2.00000000e+00]
[5.65000000e+02 2.74000000e+02 8.09340216e-08 4.00000000e+00]
[3.09000000e+02 3.94000000e+02 4.40797821e-02 2.00000000e+00]
[1.70000000e+02 5.55000000e+02 6.38717648e-02 4.00000000e+00]
[21.         40.          0.06705018  2.        ]
[2.18000000e+02 5.03000000e+02 7.03795074e-02 2.00000000e+00]
[2.0600000e+02 3.2200000e+02 7.4490596e-02 2.0000000e+00]
[5.59000000e+02 1.30000000e+02 7.90573588e-02 4.00000000e+00]
[3.0000000e+01 2.0900000e+02 7.9391993e-02 2.0000000e+00]
[3.39000000e+02 4.73000000e+02 8.23962141e-02 2.00000000e+00]
[4.90000000e+01 2.46000000e+02 8.54421194e-02 2.00000000e+00]
[3.66000000e+02 5.17000000e+02 8.76558573e-02 2.00000000e+00]
[4.92000000e+02 5.23000000e+02 1.05684793e-01 2.00000000e+00]
[1.24000000e+02 3.05000000e+02 1.05965791e-01 2.00000000e+00]
[3.2000000e+02 4.0600000e+02 1.1045668e-01 2.0000000e+00]
[3.97000000e+02 4.44000000e+02 1.12343295e-01 2.00000000e+00]
[2.90000000e+01 4.86000000e+02 1.15354064e-01 2.00000000e+00]
[1.28000000e+02 2.91000000e+02 1.15444485e-01 2.00000000e+00]
[3.46000000e+02 4.38000000e+02 1.18011473e-01 2.00000000e+00]
[1.43000000e+02 4.45000000e+02 1.18053992e-01 2.00000000e+00]
[2.48000000e+02 5.16000000e+02 1.19805078e-01 2.00000000e+00]
[5.61000000e+02 2.98000000e+02 1.20382012e-01 3.00000000e+00]
[2.90000000e+02 5.30000000e+02 1.21386851e-01 2.00000000e+00]
[6.30000000e+01 4.26000000e+02 1.25541344e-01 2.00000000e+00]
[3.48000000e+02 3.67000000e+02 1.27458337e-01 2.00000000e+00]
[4.3600000e+02 5.2200000e+02 1.3066916e-01 2.0000000e+00]
[5.40000000e+01 1.48000000e+02 1.34200882e-01 2.00000000e+00]
[4.02000000e+02 4.89000000e+02 1.34571689e-01 2.00000000e+00]
[5.74000000e+02 1.64000000e+02 1.34970612e-01 5.00000000e+00]
[4.00000000e+00 2.62000000e+02 1.39243855e-01 2.00000000e+00]
[2.13000000e+02 3.86000000e+02 1.39819423e-01 2.00000000e+00]
[3.03000000e+02 3.69000000e+02 1.40759234e-01 2.00000000e+00]
[3.00000000e+00 2.51000000e+02 1.41794566e-01 2.00000000e+00]
[3.82000000e+02 5.91000000e+02 1.41836437e-01 3.00000000e+00]
[41.         52.          0.14193291  2.        ]
[5.76000000e+02 2.29000000e+02 1.44093935e-01 5.00000000e+00]
[1.6000000e+01 4.3900000e+02 1.4494577e-01 2.0000000e+00]
[3.96000000e+02 4.14000000e+02 1.46116969e-01 2.00000000e+00]
[5.52000000e+02 1.76000000e+02 1.46279306e-01 3.00000000e+00]
[2.70000000e+01 1.72000000e+02 1.46613989e-01 2.00000000e+00]
[8.00000000e+01 4.09000000e+02 1.50613459e-01 2.00000000e+00]
[2.47000000e+02 2.49000000e+02 1.52692348e-01 2.00000000e+00]
[5.80000000e+02 5.72000000e+02 1.53786391e-01 1.30000000e+01]
[65.         76.          0.15416388  2.        ]
[9.00000000e+00 5.49000000e+02 1.55069213e-01 4.00000000e+00]
[1.85000000e+02 1.95000000e+02 1.61942766e-01 2.00000000e+00]
[1.44000000e+02 5.57000000e+02 1.62010199e-01 3.00000000e+00]
[6.01000000e+02 2.04000000e+02 1.62082117e-01 6.00000000e+00]
[2.97000000e+02 4.27000000e+02 1.68130508e-01 2.00000000e+00]
[4.18000000e+02 4.61000000e+02 1.80110536e-01 2.00000000e+00]
[2.05000000e+02 5.63000000e+02 1.81753381e-01 4.00000000e+00]
[5.32000000e+02 4.77000000e+02 1.88025421e-01 2.00000000e+00]
[6.15000000e+02 3.28000000e+02 1.91861107e-01 1.40000000e+01]
[5.90000000e+02 1.65000000e+02 1.92872994e-01 3.00000000e+00]
[2.76000000e+02 3.45000000e+02 1.93039637e-01 2.00000000e+00]
[3.18000000e+02 5.09000000e+02 1.93084068e-01 2.00000000e+00]
[9.20000000e+01 2.69000000e+02 1.93901082e-01 2.00000000e+00]
[6.25000000e+02 2.39000000e+02 2.01284109e-01 1.50000000e+01]
[3.8100000e+02 4.0500000e+02 2.0361799e-01 2.0000000e+00]
[5.00000000e+00 2.07000000e+02 2.04622847e-01 2.00000000e+00]
[1.70000000e+01 2.83000000e+02 2.04829074e-01 2.00000000e+00]
[1.80000000e+02 6.26000000e+02 2.07488491e-01 4.00000000e+00]
[2.30000000e+02 6.24000000e+02 2.11731853e-01 3.00000000e+00]
[6.34000000e+02 6.20000000e+01 2.15624927e-01 5.00000000e+00]
[3.93000000e+02 5.11000000e+02 2.16626106e-01 2.00000000e+00]
[6.17000000e+02 1.56000000e+02 2.20971015e-01 5.00000000e+00]
[6.08000000e+02 3.34000000e+02 2.28343854e-01 6.00000000e+00]
[ 33.         122.           0.23155899   2.        ]
[6.36000000e+02 2.33000000e+02 2.39549483e-01 6.00000000e+00]
[1.42000000e+02 5.84000000e+02 2.41889701e-01 3.00000000e+00]
[4.15000000e+02 4.60000000e+02 2.45873091e-01 2.00000000e+00]
[ 19.        104.          0.2465701   2.       ]
[6.11000000e+02 6.38000000e+02 2.51523598e-01 8.00000000e+00]
[6.30000000e+02 6.39000000e+02 2.51890674e-01 2.10000000e+01]
[1.40000000e+01 4.33000000e+02 2.52086754e-01 2.00000000e+00]
[155.         98.          0.2558704   2.       ]
[4.08000000e+02 4.50000000e+02 2.56590723e-01 2.00000000e+00]
[186.         199.           0.26071766   2.        ]
[3.65000000e+02 4.43000000e+02 2.61254439e-01 2.00000000e+00]
[6.48000000e+02 2.72000000e+02 2.62056013e-01 3.00000000e+00]
[117.         153.           0.26250485   2.        ]
[2.37000000e+02 4.90000000e+02 2.67194806e-01 2.00000000e+00]
[5.47000000e+02 3.24000000e+02 2.67779431e-01 7.00000000e+00]
[ 70.         183.           0.27451336   2.        ]
[1.09000000e+02 6.23000000e+02 2.77222289e-01 5.00000000e+00]
[6.07000000e+02 6.06000000e+02 2.79501862e-01 5.00000000e+00]
[6.41000000e+02 3.33000000e+02 2.84891713e-01 7.00000000e+00]
[6.46000000e+02 5.94000000e+02 2.88819925e-01 2.40000000e+01]
[4.51000000e+02 5.08000000e+02 2.89098766e-01 2.00000000e+00]
[6.42000000e+02 5.19000000e+02 2.96226192e-01 4.00000000e+00]
[1.15000000e+02 6.59000000e+02 2.97450484e-01 8.00000000e+00]
[3.560000e+02 4.670000e+02 3.009205e-01 2.000000e+00]
[ 67.         150.           0.30371485   2.        ]
[1.60000000e+02 6.60000000e+02 3.05940078e-01 2.50000000e+01]
[6.45000000e+02 6.50000000e+02 3.07660119e-01 1.00000000e+01]
[1.94000000e+02 4.80000000e+02 3.11930348e-01 2.00000000e+00]
[3.50000000e+01 6.66000000e+02 3.13377437e-01 2.60000000e+01]
[2.27000000e+02 3.40000000e+02 3.14963939e-01 2.00000000e+00]
[6.20000000e+02 6.53000000e+02 3.17010665e-01 8.00000000e+00]
[6.32000000e+02 6.69000000e+02 3.22593858e-01 2.80000000e+01]
[6.52000000e+02 2.19000000e+02 3.23649323e-01 4.00000000e+00]
[1.82000000e+02 6.56000000e+02 3.23705031e-01 3.00000000e+00]
[4.60000000e+01 3.27000000e+02 3.23768359e-01 2.00000000e+00]
[3.91000000e+02 4.10000000e+02 3.25245196e-01 2.00000000e+00]
[3.61000000e+02 5.27000000e+02 3.26488171e-01 2.00000000e+00]
[5.62000000e+02 2.85000000e+02 3.27272779e-01 3.00000000e+00]
[4.95000000e+02 6.73000000e+02 3.27766902e-01 5.00000000e+00]
[ 83.         159.           0.32833414   2.        ]
[6.4000000e+02 6.3500000e+02 3.2976771e-01 5.0000000e+00]
[6.63000000e+02 2.08000000e+02 3.30147352e-01 9.00000000e+00]
[2.00000000e+01 6.79000000e+02 3.30737242e-01 6.00000000e+00]
[1.54000000e+02 6.74000000e+02 3.32197831e-01 4.00000000e+00]
[6.65000000e+02 2.56000000e+02 3.35573283e-01 3.00000000e+00]
[5.97000000e+02 5.26000000e+02 3.35813242e-01 3.00000000e+00]
[6.44000000e+02 1.27000000e+02 3.47432979e-01 3.00000000e+00]
[3.35000000e+02 4.42000000e+02 3.48532329e-01 2.00000000e+00]
[6.05000000e+02 2.21000000e+02 3.50510316e-01 3.00000000e+00]
[6.71000000e+02 1.21000000e+02 3.51122468e-01 9.00000000e+00]
[5.28000000e+02 6.81000000e+02 3.52389441e-01 6.00000000e+00]
[5.12000000e+02 6.91000000e+02 3.55703188e-01 7.00000000e+00]
[2.52000000e+02 4.63000000e+02 3.59015947e-01 2.00000000e+00]
[5.95000000e+02 2.30000000e+01 3.61385969e-01 3.00000000e+00]
[5.9000000e+01 6.9000000e+02 3.6140351e-01 1.0000000e+01]
[0.00000000e+00 4.65000000e+02 3.63006914e-01 2.00000000e+00]
[5.79000000e+02 2.25000000e+02 3.63468061e-01 3.00000000e+00]
[3.49000000e+02 5.38000000e+02 3.66531215e-01 2.00000000e+00]
[6.5500000e+02 6.5700000e+02 3.6940042e-01 1.2000000e+01]
[ 82.        265.          0.3703111   2.       ]
[6.82000000e+02 2.02000000e+02 3.71319754e-01 1.00000000e+01]
[2.66000000e+02 6.87000000e+02 3.71593024e-01 4.00000000e+00]
[6.94000000e+02 5.87000000e+02 3.72379373e-01 5.00000000e+00]
[6.29000000e+02 1.92000000e+02 3.72569729e-01 3.00000000e+00]
[4.70000000e+01 5.83000000e+02 3.74678195e-01 3.00000000e+00]
[7.0200000e+02 4.6900000e+02 3.7601923e-01 5.0000000e+00]
[1.3700000e+02 6.9600000e+02 3.7837572e-01 3.0000000e+00]
[102.         141.           0.38096261   2.        ]
[6.80000000e+02 1.84000000e+02 3.85683034e-01 3.00000000e+00]
[7.07000000e+02 4.91000000e+02 3.88416727e-01 4.00000000e+00]
[193.         279.           0.39109862   2.        ]
[7.03000000e+02 4.83000000e+02 3.92666482e-01 6.00000000e+00]
[5.75000000e+02 6.88000000e+02 3.94359396e-01 4.00000000e+00]
[2.73000000e+02 6.67000000e+02 3.94627882e-01 1.10000000e+01]
[6.83000000e+02 6.70000000e+02 3.94719154e-01 8.00000000e+00]
[3.20000000e+01 6.86000000e+02 4.03841675e-01 4.00000000e+00]
[6.93000000e+02 5.05000000e+02 4.06787746e-01 3.00000000e+00]
[ 87.         280.           0.40761444   2.        ]
[ 75.         100.           0.40904946   2.        ]
[6.95000000e+02 1.74000000e+02 4.09976563e-01 1.10000000e+01]
[4.54000000e+02 6.89000000e+02 4.14137096e-01 4.00000000e+00]
[1.80000000e+01 7.14000000e+02 4.17703409e-01 1.20000000e+01]
[6.22000000e+02 5.37000000e+02 4.20458391e-01 3.00000000e+00]
[8.80000000e+01 6.62000000e+02 4.20475433e-01 5.00000000e+00]
[6.75000000e+02 4.87000000e+02 4.20786669e-01 3.00000000e+00]
[2.60000000e+02 7.10000000e+02 4.21548504e-01 5.00000000e+00]
[1.68000000e+02 4.32000000e+02 4.22163373e-01 2.00000000e+00]
[6.02000000e+02 6.84000000e+02 4.23389215e-01 6.00000000e+00]
[ 10.         188.           0.42343035   2.        ]
[5.81000000e+02 4.41000000e+02 4.24594687e-01 3.00000000e+00]
[3.500000e+02 6.780000e+02 4.259381e-01 4.000000e+00]
[7.10000000e+01 4.62000000e+02 4.26382192e-01 2.00000000e+00]
[2.50000000e+01 5.98000000e+02 4.26459184e-01 3.00000000e+00]
[1.12000000e+02 7.01000000e+02 4.26552989e-01 1.10000000e+01]
[3.63000000e+02 5.21000000e+02 4.30420023e-01 2.00000000e+00]
[5.96000000e+02 2.38000000e+02 4.33054177e-01 3.00000000e+00]
[1.57000000e+02 7.15000000e+02 4.36164698e-01 9.00000000e+00]
[7.12000000e+02 2.99000000e+02 4.40822047e-01 7.00000000e+00]
[6.43000000e+02 4.82000000e+02 4.42895785e-01 3.00000000e+00]
[7.24000000e+02 6.58000000e+02 4.43692777e-01 1.00000000e+01]
[6.37000000e+02 7.26000000e+02 4.43920757e-01 7.00000000e+00]
[2.10000000e+02 7.38000000e+02 4.45539624e-01 8.00000000e+00]
[4.98000000e+02 4.55000000e+02 4.46765603e-01 2.00000000e+00]
[5.42000000e+02 5.99000000e+02 4.47021733e-01 4.00000000e+00]
[3.1000000e+01 7.1600000e+02 4.4720442e-01 5.0000000e+00]
[ 28.         326.           0.44734832   2.        ]
[6.72000000e+02 1.73000000e+02 4.47484801e-01 2.90000000e+01]
[119.         259.           0.44773219   2.        ]
[139.         253.           0.44807967   2.        ]
[1.50000000e+01 7.08000000e+02 4.48352715e-01 3.00000000e+00]
[3.38000000e+02 7.39000000e+02 4.49594322e-01 4.00000000e+00]
[7.25000000e+02 3.47000000e+02 4.50050465e-01 4.00000000e+00]
[4.6400000e+02 7.3000000e+02 4.5482104e-01 4.0000000e+00]
[6.09000000e+02 7.41000000e+02 4.55686775e-01 9.00000000e+00]
[6.27000000e+02 7.44000000e+02 4.55718704e-01 6.00000000e+00]
[6.85000000e+02 7.37000000e+02 4.55821967e-01 1.20000000e+01]
[7.4000000e+02 7.1100000e+02 4.5615391e-01 1.2000000e+01]
[3.580000e+02 7.310000e+02 4.563384e-01 5.000000e+00]
[2.78000000e+02 6.92000000e+02 4.57281911e-01 8.00000000e+00]
[2.67000000e+02 6.77000000e+02 4.60179823e-01 3.00000000e+00]
[2.32000000e+02 7.57000000e+02 4.60830374e-01 1.30000000e+01]
[ 51.         395.           0.46186645   2.        ]
[2.03000000e+02 5.85000000e+02 4.62828196e-01 3.00000000e+00]
[6.68000000e+02 4.48000000e+02 4.62969924e-01 3.00000000e+00]
[1.98000000e+02 5.07000000e+02 4.64026257e-01 2.00000000e+00]
[3.10000000e+02 7.54000000e+02 4.65024723e-01 1.00000000e+01]
[1.33000000e+02 7.60000000e+02 4.66270995e-01 4.00000000e+00]
[7.28000000e+02 1.46000000e+02 4.69357077e-01 7.00000000e+00]
[6.28000000e+02 6.76000000e+02 4.69423794e-01 4.00000000e+00]
[3.40000000e+01 7.50000000e+02 4.70038952e-01 4.00000000e+00]
[7.52000000e+02 1.05000000e+02 4.73429393e-01 5.00000000e+00]
[1.20000000e+02 7.53000000e+02 4.75589048e-01 5.00000000e+00]
[7.42000000e+02 6.14000000e+02 4.77209883e-01 1.00000000e+01]
[6.99000000e+02 2.87000000e+02 4.79978915e-01 1.30000000e+01]
[2.60000000e+01 7.19000000e+02 4.80236647e-01 3.00000000e+00]
[4.94000000e+02 7.67000000e+02 4.82159472e-01 5.00000000e+00]
[7.22000000e+02 2.94000000e+02 4.82962992e-01 1.30000000e+01]
[5.86000000e+02 5.92000000e+02 4.83597056e-01 4.00000000e+00]
[6.00000000e+01 5.04000000e+02 4.83673236e-01 2.00000000e+00]
[6.9800000e+02 7.5500000e+02 4.8455429e-01 8.0000000e+00]
[7.00000000e+02 7.47000000e+02 4.84648516e-01 3.10000000e+01]
[3.37000000e+02 5.29000000e+02 4.85736033e-01 2.00000000e+00]
[2.64000000e+02 7.81000000e+02 4.86424244e-01 3.20000000e+01]
[116.         376.           0.48680393   2.        ]
[3.73000000e+02 7.23000000e+02 4.88507784e-01 4.00000000e+00]
[7.78000000e+02 3.75000000e+02 4.88686546e-01 5.00000000e+00]
[6.54000000e+02 4.28000000e+02 4.89687914e-01 3.00000000e+00]
[6.51000000e+02 7.51000000e+02 4.90834854e-01 6.00000000e+00]
[7.21000000e+02 6.31000000e+02 4.92292913e-01 6.00000000e+00]
[7.77000000e+02 1.32000000e+02 4.92752202e-01 1.40000000e+01]
[7.43000000e+02 4.40000000e+01 4.94390961e-01 3.00000000e+00]
[1.1100000e+02 7.5600000e+02 4.9448627e-01 1.3000000e+01]
[4.25000000e+02 7.34000000e+02 4.94600885e-01 1.20000000e+01]
[4.53000000e+02 7.80000000e+02 4.95863733e-01 9.00000000e+00]
[3.5100000e+02 7.8200000e+02 4.9764495e-01 3.0000000e+00]
[7.90000000e+02 4.72000000e+02 4.97910097e-01 1.50000000e+01]
[2.55000000e+02 7.75000000e+02 4.98431553e-01 4.00000000e+00]
[5.70000000e+01 5.15000000e+02 4.99050667e-01 2.00000000e+00]
[7.6600000e+02 7.5800000e+02 4.9930728e-01 1.5000000e+01]
[5.01000000e+02 7.45000000e+02 5.00321952e-01 6.00000000e+00]
[4.35000000e+02 7.68000000e+02 5.00622476e-01 8.00000000e+00]
[131.         304.           0.50234821   2.        ]
[6.61000000e+02 7.93000000e+02 5.02600791e-01 1.40000000e+01]
[2.58000000e+02 7.99000000e+02 5.03889993e-01 1.60000000e+01]
[5.78000000e+02 2.92000000e+02 5.04509127e-01 3.00000000e+00]
[ 53.         401.           0.50471941   2.        ]
[2.50000000e+02 7.48000000e+02 5.04994549e-01 3.00000000e+00]
[7.30000000e+01 7.89000000e+02 5.06194895e-01 7.00000000e+00]
[7.87000000e+02 3.57000000e+02 5.07367182e-01 4.00000000e+00]
[5.73000000e+02 5.39000000e+02 5.08194201e-01 3.00000000e+00]
[3.52000000e+02 7.76000000e+02 5.09175921e-01 6.00000000e+00]
[7.61000000e+02 7.70000000e+02 5.10762831e-01 1.70000000e+01]
[1.90000000e+02 7.71000000e+02 5.11497408e-01 6.00000000e+00]
[7.5900000e+02 3.2100000e+02 5.1170013e-01 9.0000000e+00]
[2.84000000e+02 7.91000000e+02 5.12817263e-01 4.00000000e+00]
[114.       434.         0.513376   2.      ]
[3.30000000e+02 7.13000000e+02 5.14307202e-01 5.00000000e+00]
[8.60000000e+01 7.09000000e+02 5.14725014e-01 4.00000000e+00]
[7.46000000e+02 7.95000000e+02 5.15492161e-01 5.00000000e+00]
[3.80000000e+01 7.74000000e+02 5.16667034e-01 1.40000000e+01]
[2.96000000e+02 7.88000000e+02 5.17262255e-01 7.00000000e+00]
[3.85000000e+02 7.85000000e+02 5.17662941e-01 5.00000000e+00]
[7.05000000e+02 4.80000000e+01 5.17763712e-01 4.00000000e+00]
[7.49000000e+02 7.92000000e+02 5.18329208e-01 1.50000000e+01]
[7.33000000e+02 1.58000000e+02 5.18874726e-01 4.00000000e+00]
[7.62000000e+02 7.97000000e+02 5.21836597e-01 6.00000000e+00]
[3.31000000e+02 6.21000000e+02 5.21869528e-01 3.00000000e+00]
[7.29000000e+02 8.24000000e+02 5.21913788e-01 1.70000000e+01]
[1.63000000e+02 7.72000000e+02 5.22701283e-01 6.00000000e+00]
[7.83000000e+02 7.06000000e+02 5.23220081e-01 3.70000000e+01]
[5.82000000e+02 3.55000000e+02 5.23750543e-01 3.00000000e+00]
[3.92000000e+02 8.22000000e+02 5.24163908e-01 6.00000000e+00]
[8.30000000e+02 7.17000000e+02 5.24489062e-01 4.00000000e+01]
[8.28000000e+02 2.41000000e+02 5.25526565e-01 1.80000000e+01]
[3.71000000e+02 8.12000000e+02 5.27121817e-01 1.80000000e+01]
[5.51000000e+02 8.04000000e+02 5.27324857e-01 1.80000000e+01]
[8.26000000e+02 4.07000000e+02 5.27778758e-01 7.00000000e+00]
[7.20000000e+02 7.04000000e+02 5.28113266e-01 1.40000000e+01]
[ 99.         332.           0.53001621   2.        ]
[8.33000000e+02 2.75000000e+02 5.31957449e-01 4.10000000e+01]
[3.70000000e+01 6.16000000e+02 5.32765053e-01 3.00000000e+00]
[4.76000000e+02 8.15000000e+02 5.33385244e-01 5.00000000e+00]
[118.         374.           0.53414024   2.        ]
[6.33000000e+02 5.24000000e+02 5.34255371e-01 3.00000000e+00]
[7.90000000e+01 8.11000000e+02 5.34332197e-01 7.00000000e+00]
[4.79000000e+02 8.01000000e+02 5.34335385e-01 9.00000000e+00]
[ 58.         390.           0.53559231   2.        ]
[6.1200000e+02 8.3500000e+02 5.3630204e-01 2.0000000e+01]
[5.89000000e+02 3.14000000e+02 5.36599706e-01 3.00000000e+00]
[  7.         457.           0.53679724   2.        ]
[3.87000000e+02 8.20000000e+02 5.37398447e-01 1.50000000e+01]
[2.23000000e+02 8.07000000e+02 5.38666501e-01 4.00000000e+00]
[8.37000000e+02 1.10000000e+02 5.38989323e-01 8.00000000e+00]
[5.06000000e+02 8.25000000e+02 5.40901191e-01 5.00000000e+00]
[2.54000000e+02 8.00000000e+02 5.41690097e-01 7.00000000e+00]
[191.         403.           0.54231192   2.        ]
[8.1600000e+02 7.6300000e+02 5.4259589e-01 5.0000000e+00]
[147.         481.           0.54335256   2.        ]
[8.42000000e+02 5.36000000e+02 5.45721874e-01 6.00000000e+00]
[7.73000000e+02 8.36000000e+02 5.46658019e-01 2.80000000e+01]
[1.81000000e+02 8.59000000e+02 5.49827187e-01 7.00000000e+00]
[3.53000000e+02 8.41000000e+02 5.50794188e-01 4.00000000e+00]
[6.1800000e+02 2.3100000e+02 5.5249081e-01 3.0000000e+00]
[2.24000000e+02 8.46000000e+02 5.53349104e-01 1.00000000e+01]
[1.07000000e+02 8.03000000e+02 5.53768059e-01 1.50000000e+01]
[7.96000000e+02 2.86000000e+02 5.54416834e-01 1.60000000e+01]
[3.72000000e+02 8.10000000e+02 5.54797638e-01 4.00000000e+00]
[8.57000000e+02 2.26000000e+02 5.55201308e-01 6.00000000e+00]
[2.93000000e+02 8.19000000e+02 5.55884217e-01 6.00000000e+00]
[9.60000000e+01 7.94000000e+02 5.57059294e-01 1.00000000e+01]
[9.4000000e+01 8.4800000e+02 5.5816978e-01 2.1000000e+01]
[179.         417.           0.55838978   2.        ]
[1.66000000e+02 8.31000000e+02 5.58809945e-01 4.00000000e+00]
[5.60000000e+01 8.45000000e+02 5.59201607e-01 8.00000000e+00]
[6.03000000e+02 4.71000000e+02 5.59902089e-01 3.00000000e+00]
[2.00000000e+02 8.08000000e+02 5.60601726e-01 8.00000000e+00]
[6.49000000e+02 8.09000000e+02 5.61235565e-01 6.00000000e+00]
[8.60000000e+02 8.05000000e+02 5.61481326e-01 3.10000000e+01]
[7.36000000e+02 8.13000000e+02 5.62010409e-01 9.00000000e+00]
[2.22000000e+02 8.62000000e+02 5.62221517e-01 5.00000000e+00]
[3.90000000e+01 8.69000000e+02 5.63081008e-01 7.00000000e+00]
[3.60000000e+02 8.68000000e+02 5.63902036e-01 7.00000000e+00]
[5.50000000e+02 8.54000000e+02 5.64225107e-01 7.00000000e+00]
[7.18000000e+02 8.38000000e+02 5.65016662e-01 1.60000000e+01]
[6.47000000e+02 2.20000000e+01 5.65868088e-01 3.00000000e+00]
[8.50000000e+01 8.40000000e+02 5.67004285e-01 4.20000000e+01]
[8.7800000e+02 7.7900000e+02 5.6781157e-01 3.3000000e+01]
[8.14000000e+02 3.41000000e+02 5.69697681e-01 1.00000000e+01]
[8.83000000e+02 4.96000000e+02 5.71966544e-01 8.00000000e+00]
[8.18000000e+02 5.13000000e+02 5.73019333e-01 5.00000000e+00]
[4.30000000e+01 8.87000000e+02 5.73863496e-01 3.40000000e+01]
[4.50000000e+01 8.82000000e+02 5.74927881e-01 8.00000000e+00]
[8.29000000e+02 8.70000000e+02 5.75139979e-01 1.60000000e+01]
[134.         167.           0.57769682   2.        ]
[3.60000000e+01 8.89000000e+02 5.79141884e-01 9.00000000e+00]
[8.52000000e+02 4.22000000e+02 5.80258522e-01 5.00000000e+00]
[7.84000000e+02 8.81000000e+02 5.80355688e-01 9.00000000e+00]
[1.26000000e+02 8.17000000e+02 5.80742787e-01 6.00000000e+00]
[8.55000000e+02 8.02000000e+02 5.81537385e-01 9.00000000e+00]
[8.61000000e+02 5.93000000e+02 5.81898448e-01 9.00000000e+00]
[8.63000000e+02 4.21000000e+02 5.82726975e-01 4.00000000e+00]
[8.71000000e+02 5.10000000e+02 5.82955869e-01 2.20000000e+01]
[306.         458.           0.59172794   2.        ]
[8.23000000e+02 8.73000000e+02 5.93271249e-01 8.00000000e+00]
[8.21000000e+02 8.44000000e+02 5.93278261e-01 1.00000000e+01]
[2.11000000e+02 8.32000000e+02 5.94609952e-01 7.00000000e+00]
[5.50000000e+01 8.65000000e+02 5.95159498e-01 1.60000000e+01]
[8.76000000e+02 8.86000000e+02 5.95686566e-01 5.00000000e+01]
[1.97000000e+02 9.01000000e+02 5.96554848e-01 5.00000000e+00]
[2.17000000e+02 9.05000000e+02 5.96925233e-01 1.10000000e+01]
[7.86000000e+02 1.75000000e+02 5.98226029e-01 6.00000000e+00]
[5.35000000e+02 8.91000000e+02 6.00190609e-01 3.50000000e+01]
[6.19000000e+02 7.69000000e+02 6.00981932e-01 7.00000000e+00]
[7.64000000e+02 9.06000000e+02 6.01129301e-01 1.00000000e+01]
[2.57000000e+02 8.53000000e+02 6.01415554e-01 9.00000000e+00]
[4.31000000e+02 9.00000000e+02 6.02085846e-01 1.00000000e+01]
[4.24000000e+02 8.80000000e+02 6.02544991e-01 6.00000000e+00]
[5.34000000e+02 8.97000000e+02 6.02618622e-01 1.00000000e+01]
[5.31000000e+02 9.07000000e+02 6.03233747e-01 1.70000000e+01]
[8.50000000e+02 9.10000000e+02 6.05698619e-01 1.30000000e+01]
[8.92000000e+02 8.96000000e+02 6.06803108e-01 1.30000000e+01]
[8.5800000e+02 9.2000000e+02 6.1132848e-01 1.5000000e+01]
[8.34000000e+02 1.89000000e+02 6.11494903e-01 1.90000000e+01]
[8.74000000e+02 7.98000000e+02 6.15032296e-01 1.00000000e+01]
[ 42.         313.           0.61548488   2.        ]
[8.72000000e+02 2.63000000e+02 6.15968153e-01 3.00000000e+00]
[8.51000000e+02 9.08000000e+02 6.16149784e-01 6.50000000e+01]
[2.43000000e+02 9.04000000e+02 6.17950875e-01 9.00000000e+00]
[560.         388.           0.62105003   3.        ]
[4.99000000e+02 9.09000000e+02 6.21076965e-01 6.00000000e+00]
[8.66000000e+02 3.54000000e+02 6.21243422e-01 1.70000000e+01]
[9.15000000e+02 9.28000000e+02 6.23363428e-01 1.80000000e+01]
[6.10000000e+02 8.93000000e+02 6.25452097e-01 1.80000000e+01]
[8.64000000e+02 8.27000000e+02 6.25454268e-01 1.30000000e+01]
[6.04000000e+02 9.19000000e+02 6.26141159e-01 1.90000000e+01]
[7.27000000e+02 9.21000000e+02 6.26608416e-01 1.50000000e+01]
[9.02000000e+02 2.28000000e+02 6.26788818e-01 2.30000000e+01]
[2.68000000e+02 9.16000000e+02 6.27069762e-01 1.10000000e+01]
[8.06000000e+02 4.56000000e+02 6.28484009e-01 3.00000000e+00]
[9.33000000e+02 8.56000000e+02 6.28597412e-01 2.00000000e+01]
[4.40000000e+02 9.40000000e+02 6.29544879e-01 2.10000000e+01]
[9.34000000e+02 6.00000000e+02 6.29877009e-01 1.50000000e+01]
[215.        343.          0.6305092   2.       ]
[6.97000000e+02 9.31000000e+02 6.30846894e-01 2.00000000e+01]
[9.24000000e+02 4.74000000e+02 6.32019823e-01 1.10000000e+01]
[9.3700000e+02 4.1200000e+02 6.3274537e-01 2.4000000e+01]
[2.81000000e+02 9.46000000e+02 6.35280092e-01 2.50000000e+01]
[8.99000000e+02 9.12000000e+02 6.38781566e-01 4.40000000e+01]
[ 11.         514.           0.64038828   2.        ]
[9.42000000e+02 4.75000000e+02 6.43708725e-01 1.60000000e+01]
[525.         588.           0.64453336   3.        ]
[8.90000000e+02 9.22000000e+02 6.49068268e-01 2.00000000e+01]
[3.98000000e+02 8.88000000e+02 6.50039483e-01 1.10000000e+01]
[9.70000000e+01 9.32000000e+02 6.50464263e-01 1.90000000e+01]
[3.12000000e+02 9.41000000e+02 6.54612639e-01 2.20000000e+01]
[8.94000000e+02 8.84000000e+02 6.55483899e-01 1.80000000e+01]
[325.         384.           0.65639556   2.        ]
[9.18000000e+02 8.79000000e+02 6.59105312e-01 1.90000000e+01]
[6.13000000e+02 9.45000000e+02 6.62064871e-01 1.30000000e+01]
[8.39000000e+02 4.19000000e+02 6.63312079e-01 3.00000000e+00]
[1.38000000e+02 9.27000000e+02 6.64919224e-01 6.60000000e+01]
[8.43000000e+02 3.99000000e+02 6.64952271e-01 3.00000000e+00]
[6.64000000e+02 9.17000000e+02 6.65791677e-01 8.00000000e+00]
[9.49000000e+02 3.83000000e+02 6.66627846e-01 3.00000000e+00]
[4.52000000e+02 9.48000000e+02 6.68858641e-01 4.50000000e+01]
[13.         69.          0.67051547  2.        ]
[9.30000000e+02 8.75000000e+02 6.70519631e-01 9.00000000e+00]
[2.44000000e+02 9.65000000e+02 6.72799688e-01 4.60000000e+01]
[8.00000000e+00 9.23000000e+02 6.73088431e-01 2.00000000e+01]
[4.78000000e+02 9.36000000e+02 6.73155867e-01 1.60000000e+01]
[3.89000000e+02 8.77000000e+02 6.75265308e-01 7.00000000e+00]
[4.93000000e+02 9.58000000e+02 6.76615192e-01 2.00000000e+01]
[1.06000000e+02 9.14000000e+02 6.78430764e-01 1.10000000e+01]
[9.52000000e+02 5.33000000e+02 6.80010851e-01 2.10000000e+01]
[9.54000000e+02 9.55000000e+02 6.84643929e-01 4.10000000e+01]
[9.51000000e+02 4.97000000e+02 6.89037422e-01 4.00000000e+00]
[8.40000000e+01 9.75000000e+02 6.89769395e-01 4.20000000e+01]
[3.44000000e+02 9.47000000e+02 6.90700212e-01 2.60000000e+01]
[2.8200000e+02 9.6100000e+02 6.9376578e-01 6.7000000e+01]
[8.6700000e+02 7.3200000e+02 6.9391347e-01 6.0000000e+00]
[9.5900000e+02 2.8900000e+02 7.0452397e-01 1.4000000e+01]
[9.8100000e+02 9.4300000e+02 7.0886394e-01 1.6000000e+01]
[9.78000000e+02 3.78000000e+02 7.09376965e-01 2.70000000e+01]
[362.        466.          0.7099539   2.       ]
[9.83000000e+02 9.67000000e+02 7.14689348e-01 3.60000000e+01]
[4.85000000e+02 9.72000000e+02 7.16052058e-01 2.10000000e+01]
[9.77000000e+02 8.49000000e+02 7.18084632e-01 4.50000000e+01]
[9.44000000e+02 9.69000000e+02 7.21252528e-01 4.00000000e+01]
[9.63000000e+02 9.68000000e+02 7.22630431e-01 5.40000000e+01]
[5.41000000e+02 9.79000000e+02 7.23364359e-01 7.00000000e+01]
[4.04000000e+02 9.53000000e+02 7.26148907e-01 1.20000000e+01]
[9.87000000e+02 9.56000000e+02 7.29504631e-01 6.30000000e+01]
[9.76000000e+02 9.86000000e+02 7.30199389e-01 2.50000000e+01]
[1.61000000e+02 9.85000000e+02 7.31653782e-01 3.70000000e+01]
[9.73000000e+02 9.35000000e+02 7.32181232e-01 3.00000000e+01]
[8.47000000e+02 9.95000000e+02 7.33015624e-01 3.20000000e+01]
[9.80000000e+02 7.35000000e+02 7.34010355e-01 8.00000000e+00]
[9.1300000e+02 8.9500000e+02 7.3436669e-01 1.6000000e+01]
[5.20000000e+02 9.92000000e+02 7.35412686e-01 6.40000000e+01]
[8.85000000e+02 9.89000000e+02 7.35682375e-01 5.70000000e+01]
[1.2000000e+01 9.7000000e+02 7.3981007e-01 1.7000000e+01]
[9.29000000e+02 1.00000000e+03 7.41143776e-01 6.00000000e+01]
[9.90000000e+02 9.64000000e+02 7.41928055e-01 7.30000000e+01]
[1.00300000e+03 9.39000000e+02 7.43539236e-01 7.60000000e+01]
[1.00400000e+03 9.97000000e+02 7.44586107e-01 8.40000000e+01]
[9.57000000e+02 9.50000000e+02 7.45680023e-01 1.80000000e+01]
[1.00500000e+03 9.60000000e+02 7.45876157e-01 8.70000000e+01]
[364.        430.          0.7475467   2.       ]
[1.00700000e+03 9.88000000e+02 7.47825511e-01 1.27000000e+02]
[1.69000000e+02 9.99000000e+02 7.51881208e-01 6.50000000e+01]
[151.         500.           0.75277592   2.        ]
[9.38000000e+02 9.94000000e+02 7.57261948e-01 4.80000000e+01]
[4.20000000e+02 1.01200000e+03 7.59707149e-01 4.90000000e+01]
[1.00900000e+03 1.00200000e+03 7.61557436e-01 1.87000000e+02]
[9.93000000e+02 1.00100000e+03 7.64406163e-01 4.20000000e+01]
[368.         411.           0.76622519   2.        ]
[7.70000000e+01 1.01400000e+03 7.68917955e-01 1.88000000e+02]
[4.46000000e+02 1.01500000e+03 7.69825261e-01 4.30000000e+01]
[8.98000000e+02 9.74000000e+02 7.74861773e-01 2.70000000e+01]
[4.23000000e+02 9.82000000e+02 7.76160846e-01 1.70000000e+01]
[4.7000000e+02 1.0180000e+03 7.7910277e-01 4.4000000e+01]
[9.66000000e+02 6.60000000e+01 7.79364485e-01 3.00000000e+00]
[9.98000000e+02 1.01300000e+03 7.80464495e-01 6.50000000e+01]
[101.         288.           0.78255794   2.        ]
[1.02300000e+03 1.00600000e+03 7.84671759e-01 8.30000000e+01]
[4.49000000e+02 9.84000000e+02 7.92672382e-01 3.00000000e+00]
[9.62000000e+02 9.96000000e+02 7.96586954e-01 3.50000000e+01]
[1.49000000e+02 1.02100000e+03 7.97146067e-01 4.50000000e+01]
[2.01000000e+02 1.01600000e+03 8.00015736e-01 3.00000000e+00]
[4.59000000e+02 1.01700000e+03 8.00025834e-01 1.89000000e+02]
[2.35000000e+02 1.02000000e+03 8.03313892e-01 1.80000000e+01]
[7.65000000e+02 1.02500000e+03 8.04071231e-01 8.50000000e+01]
[1.01900000e+03 9.71000000e+02 8.05622946e-01 3.40000000e+01]
[311.         379.           0.81677567   2.        ]
[177.         187.           0.81983518   2.        ]
[1.02400000e+03 1.03300000e+03 8.33500916e-01 3.60000000e+01]
[1.01000000e+03 1.71000000e+02 8.34149723e-01 6.60000000e+01]
[8.90000000e+01 1.02600000e+03 8.41158179e-01 4.00000000e+00]
[1.02700000e+03 9.91000000e+02 8.42579948e-01 4.70000000e+01]
[5.77000000e+02 1.03600000e+03 8.44624899e-01 3.80000000e+01]
[2.00000000e+00 1.03700000e+03 8.49180344e-01 6.70000000e+01]
[1.03900000e+03 9.11000000e+02 8.61748515e-01 5.30000000e+01]
[1.02900000e+03 1.03000000e+03 8.65727061e-01 1.92000000e+02]
[1.03200000e+03 4.16000000e+02 8.78351533e-01 8.60000000e+01]
[ 24.         323.           0.88340033   2.        ]
[9.25000000e+02 1.04300000e+03 8.94329029e-01 1.94000000e+02]
[1.02800000e+03 1.04600000e+03 8.97425465e-01 2.39000000e+02]
[3.42000000e+02 1.03800000e+03 9.01140666e-01 5.00000000e+00]
[2.12000000e+02 1.04200000e+03 9.13897181e-01 5.40000000e+01]
[1.04700000e+03 1.03100000e+03 9.21227879e-01 2.57000000e+02]
[4.84000000e+02 1.04800000e+03 9.27018093e-01 6.00000000e+00]
[319.         447.           0.93017065   2.        ]
[1.0340000e+03 1.0500000e+03 9.3069755e-01 2.5900000e+02]
[1.05300000e+03 1.04900000e+03 9.31638061e-01 3.13000000e+02]
[1.62000000e+02 1.04400000e+03 9.35054347e-01 8.70000000e+01]
[9.03000000e+02 1.04000000e+03 9.39389432e-01 4.00000000e+01]
[1.05400000e+03 1.02200000e+03 9.39567112e-01 3.16000000e+02]
[1.03500000e+03 1.05700000e+03 9.39673706e-01 3.18000000e+02]
[2.34000000e+02 1.05600000e+03 9.40341414e-01 4.10000000e+01]
[2.42000000e+02 1.04100000e+03 9.54572646e-01 6.80000000e+01]
[108.         277.           0.95919402   2.        ]
[4.88000000e+02 1.05800000e+03 9.72910495e-01 3.19000000e+02]
[1.01100000e+03 1.05100000e+03 9.83787426e-01 8.00000000e+00]
[316.         370.           0.98534203   2.        ]
[1.00800000e+03 1.06200000e+03 9.87669981e-01 3.21000000e+02]
[1.06000000e+03 5.02000000e+02 1.03605122e+00 6.90000000e+01]
[1.05900000e+03 1.06500000e+03 1.05748077e+00 3.62000000e+02]
[1066.         1055.            1.08423151  156.        ]
[1063.         1067.            1.14300229  370.        ]
[1045.          926.            1.14792963    5.        ]
[1061.         1069.            1.15873556  372.        ]
[1068.         1064.            1.16125333  158.        ]
[1072.         1070.            1.16223678  163.        ]
[1073.        1052.           1.1668919  165.       ]
[1074.          377.            1.16741251  166.        ]
[ 145.         1075.            1.25282906  167.        ]
[1071.         1076.            1.28021248  539.        ]
[1077.          429.            1.35447884  540.        ]
