[64. 68.  0.  2.]
[540.  93.   0.   3.]
[541. 123.   0.   4.]
[542. 214.   0.   5.]
[543. 261.   0.   6.]
[ 78. 125.   0.   2.]
[ 95. 152.   0.   2.]
[546. 240.   0.   3.]
[547. 301.   0.   4.]
[548. 308.   0.   5.]
[549. 220.   0.   6.]
[307. 550.   0.   7.]
[ 90. 518.   0.   2.]
[196.  66.   0.   2.]
[136. 336.   0.   2.]
[140. 271.   0.   2.]
[178. 245.   0.   2.]
[251. 221.   0.   2.]
[270. 555.   0.   3.]
[300. 302.   0.   2.]
[5.51000000e+02 2.95000000e+02 4.33857667e-09 8.00000000e+00]
[3.59000000e+02 4.13000000e+02 1.05367121e-08 2.00000000e+00]
[5.60000000e+02 5.00000000e+01 1.11678177e-08 9.00000000e+00]
[1.00000000e+00 2.16000000e+02 1.49011612e-08 2.00000000e+00]
[5.63000000e+02 3.45000000e+02 1.49011612e-08 3.00000000e+00]
[5.45000000e+02 3.15000000e+02 1.49011612e-08 3.00000000e+00]
[5.5800000e+02 1.7000000e+02 1.6313995e-08 4.0000000e+00]
[1.29000000e+02 5.64000000e+02 2.10734243e-08 4.00000000e+00]
[4.23000000e+02 4.63000000e+02 2.10734243e-08 2.00000000e+00]
[7.40000000e+01 9.10000000e+01 2.10734243e-08 2.00000000e+00]
[5.69000000e+02 3.17000000e+02 2.10734243e-08 3.00000000e+00]
[5.59000000e+02 1.09000000e+02 2.48352687e-08 3.00000000e+00]
[7.20000000e+01 4.37000000e+02 2.58095683e-08 2.00000000e+00]
[3.29000000e+02 5.62000000e+02 2.58095683e-08 1.00000000e+01]
[2.36000000e+02 1.51000000e+02 3.65002415e-08 2.00000000e+00]
[4.00000000e+02 5.66000000e+02 5.37269007e-08 5.00000000e+00]
[5.70000000e+02 2.74000000e+02 5.67419313e-08 4.00000000e+00]
[5.75000000e+02 2.98000000e+02 7.10900258e-03 6.00000000e+00]
[5.77000000e+02 2.29000000e+02 2.77100971e-02 7.00000000e+00]
[5.71000000e+02 2.05000000e+02 3.58512495e-02 4.00000000e+00]
[5.7800000e+02 2.6200000e+02 4.4351606e-02 8.0000000e+00]
[5.80000000e+02 4.00000000e+00 6.05566861e-02 9.00000000e+00]
[5.79000000e+02 3.00000000e+00 6.09003306e-02 5.00000000e+00]
[1.35000000e+02 5.73000000e+02 7.50063006e-02 1.10000000e+01]
[5.81000000e+02 7.00000000e+01 7.73326668e-02 1.00000000e+01]
[5.0300000e+02 1.1000000e+01 8.7211259e-02 2.0000000e+00]
[2.06000000e+02 3.22000000e+02 8.86922706e-02 2.00000000e+00]
[5.84000000e+02 3.34000000e+02 8.95703669e-02 1.10000000e+01]
[5.82000000e+02 5.44000000e+02 9.18616888e-02 1.10000000e+01]
[21.         40.          0.09350565  2.        ]
[5.87000000e+02 1.90000000e+01 1.02915456e-01 1.20000000e+01]
[5.53000000e+02 3.50000000e+02 1.10294825e-01 3.00000000e+00]
[3.09000000e+02 3.60000000e+02 1.12224508e-01 2.00000000e+00]
[6.10000000e+01 5.74000000e+02 1.12519155e-01 3.00000000e+00]
[1.30000000e+02 5.83000000e+02 1.15752231e-01 1.20000000e+01]
[1.65000000e+02 2.91000000e+02 1.18331128e-01 2.00000000e+00]
[5.90000000e+02 1.04000000e+02 1.20291883e-01 1.30000000e+01]
[5.76000000e+02 1.64000000e+02 1.27776511e-01 5.00000000e+00]
[8.10000000e+01 5.94000000e+02 1.33817757e-01 1.30000000e+01]
[3.80000000e+02 5.96000000e+02 1.35479635e-01 1.40000000e+01]
[5.97000000e+02 1.21000000e+02 1.35532393e-01 6.00000000e+00]
[1.2400000e+02 3.0500000e+02 1.4955632e-01 2.0000000e+00]
[5.4000000e+01 5.5700000e+02 1.5697852e-01 3.0000000e+00]
[5.540e+02 1.760e+02 1.574e-01 3.000e+00]
[1.28000000e+02 5.95000000e+02 1.58230341e-01 3.00000000e+00]
[5.88000000e+02 6.02000000e+02 1.62558726e-01 1.40000000e+01]
[4.36000000e+02 5.22000000e+02 1.62587302e-01 2.00000000e+00]
[5.98000000e+02 3.28000000e+02 1.65704663e-01 1.40000000e+01]
[6.07000000e+02 2.39000000e+02 1.69100302e-01 1.50000000e+01]
[3.39000000e+02 4.73000000e+02 1.69118312e-01 2.00000000e+00]
[3.20000000e+02 4.06000000e+02 1.69709512e-01 2.00000000e+00]
[2.10000000e+02 3.83000000e+02 1.70968334e-01 2.00000000e+00]
[6.08000000e+02 1.94000000e+02 1.74039088e-01 1.60000000e+01]
[9.00000000e+00 5.65000000e+02 1.75256852e-01 4.00000000e+00]
[6.00000000e+00 5.67000000e+02 1.76448072e-01 5.00000000e+00]
[5.32000000e+02 4.77000000e+02 1.79253896e-01 2.00000000e+00]
[2.19000000e+02 3.70000000e+01 1.79803073e-01 2.00000000e+00]
[1.43000000e+02 4.45000000e+02 1.80001928e-01 2.00000000e+00]
[4.9000000e+01 2.4600000e+02 1.8108457e-01 2.0000000e+00]
[3.0300000e+02 3.6900000e+02 1.8180906e-01 2.0000000e+00]
[6.12000000e+02 1.54000000e+02 1.82593525e-01 1.70000000e+01]
[6.20000000e+02 4.48000000e+02 1.85251122e-01 1.80000000e+01]
[2.09000000e+02 6.09000000e+02 1.85276753e-01 3.00000000e+00]
[4.89000000e+02 6.15000000e+02 1.87549653e-01 3.00000000e+00]
[6.05000000e+02 3.24000000e+02 1.90151462e-01 1.50000000e+01]
[1.03000000e+02 5.91000000e+02 1.91767876e-01 4.00000000e+00]
[6.21000000e+02 2.52000000e+02 1.93131431e-01 1.90000000e+01]
[3.48000000e+02 5.56000000e+02 1.96169944e-01 3.00000000e+00]
[6.00000000e+02 2.04000000e+02 1.98906219e-01 7.00000000e+00]
[6.26000000e+02 1.60000000e+02 1.99914105e-01 2.00000000e+01]
[6.24000000e+02 3.40000000e+02 2.00927103e-01 1.60000000e+01]
[1.80000000e+02 6.04000000e+02 2.00981783e-01 4.00000000e+00]
[9.20000000e+01 6.28000000e+02 2.03990406e-01 8.00000000e+00]
[4.92000000e+02 5.23000000e+02 2.05679554e-01 2.00000000e+00]
[6.29000000e+02 3.50000000e+01 2.05975402e-01 2.10000000e+01]
[5.92000000e+02 5.31000000e+02 2.06054701e-01 3.00000000e+00]
[6.30000000e+02 3.80000000e+01 2.07302406e-01 1.70000000e+01]
[5.86000000e+02 2.25000000e+02 2.10840301e-01 3.00000000e+00]
[6.34000000e+02 5.99000000e+02 2.11074778e-01 3.50000000e+01]
[6.36000000e+02 2.27000000e+02 2.14970741e-01 1.80000000e+01]
[1.22000000e+02 4.28000000e+02 2.19005482e-01 2.00000000e+00]
[2.47000000e+02 2.49000000e+02 2.22428302e-01 2.00000000e+00]
[6.39000000e+02 1.48000000e+02 2.22934681e-01 1.90000000e+01]
[4.26000000e+02 4.65000000e+02 2.23268164e-01 2.00000000e+00]
[3.97000000e+02 4.44000000e+02 2.24477733e-01 2.00000000e+00]
[2.18000000e+02 5.85000000e+02 2.25838063e-01 3.00000000e+00]
[3.27000000e+02 6.16000000e+02 2.27627898e-01 3.00000000e+00]
[1.53000000e+02 6.32000000e+02 2.28662463e-01 9.00000000e+00]
[3.9600000e+02 4.1400000e+02 2.3104327e-01 2.0000000e+00]
[2.00000000e+02 6.46000000e+02 2.32914407e-01 4.00000000e+00]
[6.40000000e+02 5.28000000e+02 2.34042774e-01 3.00000000e+00]
[6.42000000e+02 1.19000000e+02 2.34436896e-01 2.00000000e+01]
[65.         76.          0.23836196  2.        ]
[ 98.         155.           0.23975298   2.        ]
[1.70000000e+01 6.18000000e+02 2.40677947e-01 3.00000000e+00]
[6.5100000e+02 2.5900000e+02 2.4426136e-01 2.1000000e+01]
[4.15000000e+02 4.60000000e+02 2.45132734e-01 2.00000000e+00]
[6.55000000e+02 6.03000000e+02 2.52718324e-01 2.40000000e+01]
[6.38000000e+02 4.80000000e+02 2.53061535e-01 3.60000000e+01]
[6.20000000e+01 6.31000000e+02 2.53143627e-01 5.00000000e+00]
[4.10000000e+01 6.33000000e+02 2.55508854e-01 3.00000000e+00]
[2.07000000e+02 2.56000000e+02 2.55739465e-01 2.00000000e+00]
[3.66000000e+02 5.17000000e+02 2.57811161e-01 2.00000000e+00]
[6.50000000e+02 2.78000000e+02 2.58207529e-01 4.00000000e+00]
[5.68000000e+02 6.58000000e+02 2.58579834e-01 3.80000000e+01]
[1.4400000e+02 5.6100000e+02 2.6227702e-01 3.0000000e+00]
[185.         195.           0.26467016   2.        ]
[2.00000000e+01 6.57000000e+02 2.66087232e-01 2.50000000e+01]
[4.38000000e+02 6.66000000e+02 2.68507585e-01 3.00000000e+00]
[4.18000000e+02 6.06000000e+02 2.68693299e-01 3.00000000e+00]
[8.70000000e+01 6.47000000e+02 2.71291467e-01 1.00000000e+01]
[2.9000000e+01 4.8600000e+02 2.7167803e-01 2.0000000e+00]
[2.97000000e+02 4.27000000e+02 2.74158236e-01 2.00000000e+00]
[4.39000000e+02 6.53000000e+02 2.77025331e-01 3.00000000e+00]
[6.63000000e+02 5.12000000e+02 2.79101432e-01 5.00000000e+00]
[6.27000000e+02 2.85000000e+02 2.83272519e-01 4.00000000e+00]
[6.74000000e+02 3.21000000e+02 2.88024469e-01 6.00000000e+00]
[5.0000000e+00 6.6100000e+02 2.9121814e-01 3.0000000e+00]
[5.11000000e+02 6.13000000e+02 2.93669718e-01 5.00000000e+00]
[6.76000000e+02 4.04000000e+02 2.94450129e-01 7.00000000e+00]
[4.05000000e+02 6.73000000e+02 2.95526253e-01 4.00000000e+00]
[2.90000000e+02 6.68000000e+02 2.96749256e-01 4.00000000e+00]
[1.99000000e+02 6.78000000e+02 2.99903056e-01 6.00000000e+00]
[2.13000000e+02 6.56000000e+02 3.00697029e-01 3.00000000e+00]
[6.35000000e+02 4.71000000e+02 3.02235524e-01 4.00000000e+00]
[4.33000000e+02 5.21000000e+02 3.05118648e-01 2.00000000e+00]
[6.59000000e+02 1.12000000e+02 3.06570367e-01 6.00000000e+00]
[3.0000000e+01 6.2200000e+02 3.0754114e-01 4.0000000e+00]
[6.43000000e+02 5.08000000e+02 3.08311883e-01 3.00000000e+00]
[2.65000000e+02 6.77000000e+02 3.09371622e-01 4.00000000e+00]
[3.30000000e+01 6.79000000e+02 3.12834862e-01 8.00000000e+00]
[ 27.         172.           0.31794745   2.        ]
[3.18000000e+02 5.09000000e+02 3.19358317e-01 2.00000000e+00]
[6.75000000e+02 3.67000000e+02 3.20350911e-01 5.00000000e+00]
[3.81000000e+02 6.80000000e+02 3.20531923e-01 5.00000000e+00]
[8.00000000e+01 4.09000000e+02 3.20751908e-01 2.00000000e+00]
[6.69000000e+02 4.61000000e+02 3.21780234e-01 4.00000000e+00]
[248.         133.           0.32319419   2.        ]
[3.33000000e+02 2.02000000e+02 3.24160983e-01 2.00000000e+00]
[2.7500000e+02 6.8900000e+02 3.3071869e-01 5.0000000e+00]
[6.70000000e+02 1.92000000e+02 3.31566766e-01 1.10000000e+01]
[7.30000000e+01 6.49000000e+02 3.36382162e-01 5.00000000e+00]
[4.95000000e+02 6.37000000e+02 3.37887598e-01 4.00000000e+00]
[2.76000000e+02 6.14000000e+02 3.43548009e-01 6.00000000e+00]
[3.13000000e+02 6.85000000e+02 3.44314589e-01 3.00000000e+00]
[2.33000000e+02 6.98000000e+02 3.45710884e-01 3.00000000e+00]
[6.67000000e+02 1.50000000e+02 3.48348266e-01 2.60000000e+01]
[1.42000000e+02 5.19000000e+02 3.49140487e-01 2.00000000e+00]
[2.30000000e+01 6.10000000e+02 3.50901186e-01 3.00000000e+00]
[1.60000000e+01 7.03000000e+02 3.51236467e-01 7.00000000e+00]
[3.72000000e+02 4.54000000e+02 3.51968385e-01 2.00000000e+00]
[3.5600000e+02 4.6700000e+02 3.5307517e-01 2.0000000e+00]
[7.06000000e+02 1.80000000e+01 3.54715834e-01 2.70000000e+01]
[7.12000000e+02 4.68000000e+02 3.58670578e-01 2.80000000e+01]
[1.86000000e+02 6.82000000e+02 3.58954373e-01 7.00000000e+00]
[6.99000000e+02 2.64000000e+02 3.60806497e-01 6.00000000e+00]
[4.20000000e+01 4.84000000e+02 3.61092816e-01 2.00000000e+00]
[6.23000000e+02 6.90000000e+02 3.63638451e-01 1.10000000e+01]
[6.97000000e+02 5.16000000e+02 3.64140709e-01 3.00000000e+00]
[5.80000000e+01 4.17000000e+02 3.64232635e-01 2.00000000e+00]
[6.5400000e+02 7.0800000e+02 3.6629848e-01 6.0000000e+00]
[335.         338.           0.36722237   2.        ]
[1.15000000e+02 6.86000000e+02 3.68393022e-01 7.00000000e+00]
[6.84000000e+02 3.62000000e+02 3.69503278e-01 5.00000000e+00]
[6.88000000e+02 7.09000000e+02 3.71756839e-01 1.00000000e+01]
[1.32000000e+02 7.10000000e+02 3.74684238e-01 3.00000000e+00]
[3.58000000e+02 6.94000000e+02 3.75626834e-01 6.00000000e+00]
[7.05000000e+02 7.22000000e+02 3.80680464e-01 1.00000000e+01]
[5.20000000e+01 6.60000000e+02 3.80741292e-01 4.00000000e+00]
[7.15000000e+02 2.66000000e+02 3.81860445e-01 7.00000000e+00]
[2.37000000e+02 4.90000000e+02 3.83672311e-01 2.00000000e+00]
[4.60000000e+01 6.52000000e+02 3.85147814e-01 3.00000000e+00]
[7.28000000e+02 3.82000000e+02 3.86947328e-01 5.00000000e+00]
[118.         374.           0.38881556   2.        ]
[3.65000000e+02 7.31000000e+02 3.90934609e-01 4.00000000e+00]
[4.87000000e+02 8.80000000e+01 3.92391664e-01 2.00000000e+00]
[4.08000000e+02 4.50000000e+02 3.93550263e-01 2.00000000e+00]
[6.92000000e+02 5.13000000e+02 3.93844826e-01 3.00000000e+00]
[1.57000000e+02 7.02000000e+02 4.02005814e-01 5.00000000e+00]
[5.3800000e+02 7.2500000e+02 4.0393819e-01 4.0000000e+00]
[7.29000000e+02 8.30000000e+01 4.04724957e-01 8.00000000e+00]
[2.08000000e+02 7.27000000e+02 4.05547246e-01 1.10000000e+01]
[2.72000000e+02 7.41000000e+02 4.06256528e-01 1.20000000e+01]
[4.52000000e+02 4.01000000e+02 4.07503244e-01 2.00000000e+00]
[7.00000000e+02 1.17000000e+02 4.07921553e-01 1.20000000e+01]
[193.         279.           0.41049863   2.        ]
[1.00000000e+02 4.53000000e+02 4.15554745e-01 2.00000000e+00]
[7.23000000e+02 4.42000000e+02 4.15998993e-01 6.00000000e+00]
[2.50000000e+01 6.96000000e+02 4.17263419e-01 5.00000000e+00]
[2.60000000e+02 7.24000000e+02 4.17280524e-01 1.10000000e+01]
[7.50000000e+01 7.46000000e+02 4.17950548e-01 3.00000000e+00]
[1.46000000e+02 7.36000000e+02 4.18654647e-01 3.00000000e+00]
[7.16000000e+02 4.88000000e+02 4.18956264e-01 3.00000000e+00]
[7.44000000e+02 2.69000000e+02 4.19724266e-01 1.30000000e+01]
[2.41000000e+02 7.38000000e+02 4.21680751e-01 6.00000000e+00]
[5.52000000e+02 3.60000000e+01 4.23552759e-01 3.00000000e+00]
[ 82.         127.           0.42411755   2.        ]
[7.40000000e+02 1.83000000e+02 4.24457222e-01 9.00000000e+00]
[5.7200000e+02 3.9300000e+02 4.2464196e-01 3.0000000e+00]
[1.58000000e+02 7.48000000e+02 4.24791767e-01 6.00000000e+00]
[1.38000000e+02 7.01000000e+02 4.28101137e-01 6.00000000e+00]
[2.3000000e+02 7.1700000e+02 4.2889814e-01 1.2000000e+01]
[4.91000000e+02 7.21000000e+02 4.29751696e-01 3.00000000e+00]
[2.50000000e+02 7.26000000e+02 4.30973607e-01 7.00000000e+00]
[7.19000000e+02 1.98000000e+02 4.31436413e-01 3.00000000e+00]
[3.91000000e+02 7.51000000e+02 4.32327269e-01 4.00000000e+00]
[6.81000000e+02 5.30000000e+02 4.34964782e-01 5.00000000e+00]
[7.04000000e+02 3.78000000e+02 4.35409875e-01 4.00000000e+00]
[1.63000000e+02 6.17000000e+02 4.36622679e-01 3.00000000e+00]
[7.59000000e+02 4.10000000e+02 4.37239872e-01 7.00000000e+00]
[4.62000000e+02 7.11000000e+02 4.37781194e-01 3.00000000e+00]
[7.14000000e+02 7.63000000e+02 4.38112889e-01 1.40000000e+01]
[1.3900000e+02 7.4200000e+02 4.3848669e-01 1.3000000e+01]
[7.20000000e+02 7.50000000e+02 4.38817599e-01 9.00000000e+00]
[5.90000000e+01 7.53000000e+02 4.39664284e-01 1.40000000e+01]
[7.57000000e+02 7.56000000e+02 4.40261108e-01 1.10000000e+01]
[7.64000000e+02 6.48000000e+02 4.40387723e-01 5.00000000e+00]
[5.93000000e+02 3.95000000e+02 4.40494521e-01 4.00000000e+00]
[2.24000000e+02 7.69000000e+02 4.43086227e-01 8.00000000e+00]
[1.02000000e+02 4.83000000e+02 4.43161816e-01 2.00000000e+00]
[ 32.         254.           0.44470627   2.        ]
[5.10000000e+02 6.62000000e+02 4.44881209e-01 3.00000000e+00]
[6.93000000e+02 7.39000000e+02 4.45349811e-01 9.00000000e+00]
[7.13000000e+02 4.80000000e+01 4.45615083e-01 2.90000000e+01]
[2.80000000e+01 7.62000000e+02 4.47161689e-01 4.00000000e+00]
[1.37000000e+02 7.54000000e+02 4.47725122e-01 7.00000000e+00]
[4.79000000e+02 7.65000000e+02 4.48731584e-01 5.00000000e+00]
[1.68000000e+02 7.49000000e+02 4.49217171e-01 1.20000000e+01]
[5.39000000e+02 7.85000000e+02 4.49994203e-01 8.00000000e+00]
[6.83000000e+02 3.86000000e+02 4.53495269e-01 4.00000000e+00]
[1.67000000e+02 7.72000000e+02 4.54071747e-01 1.40000000e+01]
[7.58000000e+02 7.87000000e+02 4.55385837e-01 1.50000000e+01]
[4.69000000e+02 7.75000000e+02 4.56013083e-01 1.20000000e+01]
[6.30000000e+01 7.79000000e+02 4.58579236e-01 3.00000000e+00]
[ 97.        226.          0.4593133   2.       ]
[1.56000000e+02 7.91000000e+02 4.59391792e-01 1.60000000e+01]
[7.4700000e+02 3.9400000e+02 4.5977871e-01 7.0000000e+00]
[3.57000000e+02 7.78000000e+02 4.60123269e-01 9.00000000e+00]
[370.         459.           0.46343485   2.        ]
[7.92000000e+02 3.47000000e+02 4.66044707e-01 1.30000000e+01]
[5.10000000e+01 6.41000000e+02 4.69599226e-01 3.00000000e+00]
[7.70000000e+02 4.22000000e+02 4.70088007e-01 4.00000000e+00]
[ 10.         162.           0.47038985   2.        ]
[7.10000000e+01 8.01000000e+02 4.71584421e-01 5.00000000e+00]
[4.40000000e+01 7.43000000e+02 4.72686915e-01 3.00000000e+00]
[7.07000000e+02 5.07000000e+02 4.74174864e-01 3.00000000e+00]
[4.85000000e+02 7.95000000e+02 4.75805167e-01 1.70000000e+01]
[7.66000000e+02 4.03000000e+02 4.76163431e-01 6.00000000e+00]
[7.60000000e+02 2.84000000e+02 4.76456464e-01 7.00000000e+00]
[7.99000000e+02 1.82000000e+02 4.76472428e-01 1.40000000e+01]
[3.84000000e+02 7.86000000e+02 4.78542834e-01 6.00000000e+00]
[7.73000000e+02 8.06000000e+02 4.78935771e-01 2.60000000e+01]
[7.97000000e+02 7.55000000e+02 4.80924923e-01 1.20000000e+01]
[2.2800000e+02 8.1000000e+02 4.8189803e-01 7.0000000e+00]
[7.18000000e+02 9.60000000e+01 4.82135598e-01 4.00000000e+00]
[6.01000000e+02 3.52000000e+02 4.82727011e-01 3.00000000e+00]
[3.85000000e+02 8.09000000e+02 4.83717765e-01 1.50000000e+01]
[7.83000000e+02 6.70000000e+01 4.85923593e-01 3.00000000e+01]
[1.34000000e+02 7.88000000e+02 4.86060602e-01 9.00000000e+00]
[4.55000000e+02 5.26000000e+02 4.86131936e-01 2.00000000e+00]
[3.87000000e+02 8.17000000e+02 4.86680455e-01 3.10000000e+01]
[7.94000000e+02 4.24000000e+02 4.86956219e-01 3.00000000e+00]
[7.61000000e+02 7.37000000e+02 4.87090635e-01 1.50000000e+01]
[7.74000000e+02 1.74000000e+02 4.89035075e-01 1.50000000e+01]
[3.490000e+02 8.200000e+02 4.896033e-01 3.200000e+01]
[1.07000000e+02 8.23000000e+02 4.89628514e-01 1.60000000e+01]
[1.40000000e+01 8.03000000e+02 4.89858759e-01 6.00000000e+00]
[4.43000000e+02 7.34000000e+02 4.89928641e-01 5.00000000e+00]
[4.51000000e+02 8.27000000e+02 4.90834292e-01 6.00000000e+00]
[4.78000000e+02 8.00000000e+02 4.90947721e-01 4.00000000e+00]
[8.15000000e+02 1.75000000e+02 4.92730692e-01 4.00000000e+00]
[4.34000000e+02 7.90000000e+02 4.92767039e-01 1.50000000e+01]
[7.93000000e+02 1.97000000e+02 4.93846172e-01 4.00000000e+00]
[ 39.        346.          0.4945477   2.       ]
[4.50000000e+01 7.82000000e+02 4.95241477e-01 1.00000000e+01]
[4.20000000e+02 7.84000000e+02 4.96523744e-01 5.00000000e+00]
[7.76000000e+02 2.63000000e+02 4.98139701e-01 6.00000000e+00]
[449.         482.           0.49884936   2.        ]
[5.06000000e+02 8.22000000e+02 5.00516329e-01 1.60000000e+01]
[4.72000000e+02 7.80000000e+02 5.01462207e-01 3.00000000e+00]
[5.24000000e+02 8.11000000e+02 5.02960404e-01 2.70000000e+01]
[4.40000000e+02 8.05000000e+02 5.03222473e-01 4.00000000e+00]
[5.27000000e+02 7.67000000e+02 5.03648486e-01 5.00000000e+00]
[8.32000000e+02 8.35000000e+02 5.04793989e-01 9.00000000e+00]
[2.44000000e+02 8.34000000e+02 5.05698561e-01 1.10000000e+01]
[8.12000000e+02 8.38000000e+02 5.06427878e-01 2.80000000e+01]
[8.1800000e+02 2.4300000e+02 5.0819694e-01 1.0000000e+01]
[8.14000000e+02 4.12000000e+02 5.08666442e-01 5.00000000e+00]
[5.70000000e+01 8.21000000e+02 5.09650527e-01 4.00000000e+00]
[0.00000000e+00 8.40000000e+02 5.10235809e-01 2.80000000e+01]
[6.65000000e+02 8.45000000e+02 5.10800166e-01 3.10000000e+01]
[8.46000000e+02 5.14000000e+02 5.14456407e-01 1.10000000e+01]
[6.11000000e+02 6.45000000e+02 5.15488072e-01 5.00000000e+00]
[8.33000000e+02 4.32000000e+02 5.16992296e-01 3.00000000e+00]
[255.         296.           0.51781273   2.        ]
[7.52000000e+02 1.26000000e+02 5.19265473e-01 4.00000000e+00]
[231.         447.           0.51934928   2.        ]
[3.98000000e+02 6.72000000e+02 5.19649376e-01 3.00000000e+00]
[2.32000000e+02 7.45000000e+02 5.19680986e-01 3.00000000e+00]
[5.50000000e+01 8.25000000e+02 5.20946711e-01 1.70000000e+01]
[4.30000000e+02 8.36000000e+02 5.21023728e-01 7.00000000e+00]
[6.90000000e+01 8.51000000e+02 5.21735567e-01 1.20000000e+01]
[326.         343.           0.52254938   2.        ]
[6.95000000e+02 8.30000000e+02 5.22815621e-01 6.00000000e+00]
[3.55000000e+02 8.61000000e+02 5.23040396e-01 1.30000000e+01]
[ 60.         280.           0.52327411   2.        ]
[189.          85.           0.52365357   2.        ]
[3.31000000e+02 8.13000000e+02 5.24023078e-01 8.00000000e+00]
[7.68000000e+02 8.29000000e+02 5.24756849e-01 7.00000000e+00]
[8.50000000e+02 5.37000000e+02 5.24767848e-01 3.20000000e+01]
[ 31.         191.           0.52885071   2.        ]
[7.35000000e+02 8.67000000e+02 5.29189058e-01 1.00000000e+01]
[1.50000000e+01 8.52000000e+02 5.30509185e-01 6.00000000e+00]
[5.2900000e+02 8.5300000e+02 5.3425034e-01 4.0000000e+00]
[2.94000000e+02 8.08000000e+02 5.35651201e-01 8.00000000e+00]
[1.05000000e+02 8.24000000e+02 5.36670017e-01 3.30000000e+01]
[8.65000000e+02 8.07000000e+02 5.39553202e-01 8.00000000e+00]
[1.41000000e+02 8.68000000e+02 5.42006977e-01 8.00000000e+00]
[8.49000000e+02 8.43000000e+02 5.42436511e-01 3.70000000e+01]
[1.13000000e+02 8.54000000e+02 5.42902431e-01 3.00000000e+00]
[7.77000000e+02 2.99000000e+02 5.43194744e-01 5.00000000e+00]
[1.11000000e+02 7.71000000e+02 5.44249042e-01 1.50000000e+01]
[7.00000000e+00 7.81000000e+02 5.44758437e-01 4.00000000e+00]
[3.71000000e+02 8.41000000e+02 5.46645283e-01 5.00000000e+00]
[306.         458.           0.54955883   2.        ]
[3.10000000e+02 8.81000000e+02 5.50293783e-01 1.60000000e+01]
[2.22000000e+02 7.89000000e+02 5.50638924e-01 5.00000000e+00]
[6.91000000e+02 8.83000000e+02 5.51213421e-01 7.00000000e+00]
[2.86000000e+02 8.74000000e+02 5.56320255e-01 9.00000000e+00]
[4.96000000e+02 8.16000000e+02 5.57751378e-01 1.60000000e+01]
[8.62000000e+02 2.38000000e+02 5.58110583e-01 3.00000000e+00]
[4.46000000e+02 8.84000000e+02 5.63503601e-01 3.00000000e+00]
[5.30000000e+01 8.56000000e+02 5.64451523e-01 3.00000000e+00]
[3.63000000e+02 8.85000000e+02 5.66024209e-01 1.70000000e+01]
[3.3200000e+02 8.2800000e+02 5.6767176e-01 7.0000000e+00]
[2.03000000e+02 8.86000000e+02 5.68686634e-01 6.00000000e+00]
[8.44000000e+02 8.31000000e+02 5.70752827e-01 2.60000000e+01]
[2.58000000e+02 8.39000000e+02 5.71053296e-01 4.00000000e+00]
[8.6600000e+02 7.9000000e+01 5.7125483e-01 3.0000000e+00]
[8.71000000e+02 8.89000000e+02 5.71674594e-01 2.60000000e+01]
[3.44000000e+02 8.93000000e+02 5.73197584e-01 1.80000000e+01]
[8.70000000e+02 6.87000000e+02 5.74914156e-01 6.00000000e+00]
[ 26.         273.           0.57533499   2.        ]
[8.90000000e+02 8.48000000e+02 5.76399452e-01 7.00000000e+00]
[8.76000000e+02 3.37000000e+02 5.76626185e-01 9.00000000e+00]
[5.01000000e+02 8.94000000e+02 5.76790677e-01 8.00000000e+00]
[8.78000000e+02 8.75000000e+02 5.77666758e-01 7.00000000e+01]
[8.98000000e+02 5.35000000e+02 5.78576977e-01 4.00000000e+00]
[8.82000000e+02 1.59000000e+02 5.79490772e-01 5.00000000e+00]
[8.72000000e+02 1.16000000e+02 5.80806502e-01 7.00000000e+00]
[3.76000000e+02 9.03000000e+02 5.85765632e-01 8.00000000e+00]
[8.99000000e+02 8.58000000e+02 5.86709364e-01 2.90000000e+01]
[4.25000000e+02 8.96000000e+02 5.86879113e-01 2.70000000e+01]
[6.25000000e+02 9.09000000e+02 5.88227748e-01 1.10000000e+01]
[9.05000000e+02 8.97000000e+02 5.90054105e-01 1.20000000e+01]
[8.60000000e+02 3.90000000e+02 5.90488754e-01 8.00000000e+00]
[9.01000000e+02 4.64000000e+02 5.90901987e-01 7.00000000e+00]
[1.88000000e+02 9.06000000e+02 5.91254431e-01 7.10000000e+01]
[8.73000000e+02 9.08000000e+02 5.93941887e-01 9.00000000e+00]
[8.870000e+02 6.710000e+02 5.946806e-01 9.000000e+00]
[5.04000000e+02 9.04000000e+02 5.95899706e-01 1.00000000e+01]
[4.98000000e+02 8.26000000e+02 5.97783146e-01 7.00000000e+00]
[9.11000000e+02 1.84000000e+02 5.98177978e-01 3.00000000e+01]
[9.40000000e+01 9.15000000e+02 5.98304162e-01 9.00000000e+00]
[8.8800000e+02 8.7900000e+02 5.9842325e-01 1.2000000e+01]
[4.35000000e+02 9.22000000e+02 6.01165407e-01 3.10000000e+01]
[8.63000000e+02 8.77000000e+02 6.01427935e-01 1.40000000e+01]
[8.64000000e+02 4.70000000e+01 6.02303682e-01 1.40000000e+01]
[8.95000000e+02 8.80000000e+02 6.04789138e-01 1.10000000e+01]
[9.24000000e+02 9.17000000e+02 6.05681362e-01 8.30000000e+01]
[9.27000000e+02 4.41000000e+02 6.06660866e-01 1.50000000e+01]
[3.41000000e+02 8.69000000e+02 6.08298073e-01 3.30000000e+01]
[330.          22.           0.60851346   2.        ]
[2.83000000e+02 9.14000000e+02 6.09724178e-01 1.30000000e+01]
[3.53000000e+02 9.10000000e+02 6.10877618e-01 9.00000000e+00]
[3.89000000e+02 9.26000000e+02 6.12586417e-01 1.50000000e+01]
[8.57000000e+02 9.31000000e+02 6.15946431e-01 3.60000000e+01]
[8.37000000e+02 9.18000000e+02 6.16142458e-01 1.10000000e+01]
[6.64000000e+02 9.25000000e+02 6.23632633e-01 6.90000000e+01]
[9.19000000e+02 4.16000000e+02 6.23653643e-01 1.00000000e+01]
[3.25000000e+02 7.30000000e+02 6.24953217e-01 3.00000000e+00]
[1.90000000e+02 9.16000000e+02 6.24987581e-01 8.00000000e+00]
[3.51000000e+02 9.13000000e+02 6.25264276e-01 1.20000000e+01]
[9.34000000e+02 4.94000000e+02 6.25420426e-01 1.00000000e+01]
[2.53000000e+02 9.28000000e+02 6.28697861e-01 1.20000000e+01]
[5.60000000e+01 9.43000000e+02 6.30759565e-01 1.10000000e+01]
[1.3100000e+02 9.1200000e+02 6.3108979e-01 2.8000000e+01]
[2.87000000e+02 9.32000000e+02 6.31307335e-01 3.00000000e+00]
[9.00000000e+02 9.46000000e+02 6.32122333e-01 4.60000000e+01]
[4.56000000e+02 9.44000000e+02 6.34970055e-01 1.30000000e+01]
[2.67000000e+02 9.37000000e+02 6.36668236e-01 1.20000000e+01]
[149.         181.           0.63830814   2.        ]
[9.02000000e+02 9.29000000e+02 6.40531265e-01 8.50000000e+01]
[2.42000000e+02 8.91000000e+02 6.43361044e-01 4.00000000e+00]
[1.61000000e+02 9.48000000e+02 6.44041792e-01 4.70000000e+01]
[2.23000000e+02 9.41000000e+02 6.45407854e-01 9.00000000e+00]
[2.82000000e+02 9.33000000e+02 6.45744377e-01 1.40000000e+01]
[1.20000000e+02 9.39000000e+02 6.46737497e-01 1.10000000e+01]
[1.06000000e+02 7.32000000e+02 6.53544046e-01 6.00000000e+00]
[9.35000000e+02 7.33000000e+02 6.54287228e-01 1.70000000e+01]
[4.57000000e+02 9.55000000e+02 6.56557024e-01 1.00000000e+01]
[8.0200000e+02 2.6800000e+02 6.5758039e-01 3.0000000e+00]
[466.         500.           0.65951875   2.        ]
[9.52000000e+02 3.54000000e+02 6.61529878e-01 8.60000000e+01]
[4.76000000e+02 9.21000000e+02 6.62006919e-01 8.00000000e+00]
[3.40000000e+01 9.47000000e+02 6.62743232e-01 4.00000000e+00]
[8.04000000e+02 8.47000000e+02 6.66412232e-01 8.00000000e+00]
[3.64000000e+02 9.23000000e+02 6.69123778e-01 1.00000000e+01]
[8.4200000e+02 9.5600000e+02 6.6960539e-01 1.9000000e+01]
[505.         619.           0.67370643   3.        ]
[3.75000000e+02 9.59000000e+02 6.75825919e-01 1.80000000e+01]
[4.21000000e+02 9.45000000e+02 6.79850471e-01 1.20000000e+01]
[9.36000000e+02 9.40000000e+02 6.81125335e-01 3.90000000e+01]
[9.42000000e+02 9.63000000e+02 6.82861842e-01 9.80000000e+01]
[9.72000000e+02 2.00000000e+00 6.83524816e-01 4.00000000e+01]
[9.20000000e+02 9.54000000e+02 6.83825226e-01 5.70000000e+01]
[9.74000000e+02 9.58000000e+02 6.85806607e-01 4.60000000e+01]
[110.         388.           0.68634714   2.        ]
[9.68000000e+02 8.92000000e+02 6.92051164e-01 2.20000000e+01]
[9.71000000e+02 5.20000000e+02 7.00019702e-01 1.30000000e+01]
[9.76000000e+02 3.99000000e+02 7.00483357e-01 4.70000000e+01]
[2.17000000e+02 9.79000000e+02 7.01175922e-01 1.40000000e+01]
[3.61000000e+02 9.78000000e+02 7.01713675e-01 2.30000000e+01]
[5.15000000e+02 9.81000000e+02 7.02463972e-01 1.50000000e+01]
[3.73000000e+02 9.38000000e+02 7.02481819e-01 7.00000000e+01]
[8.00000000e+00 9.73000000e+02 7.02757559e-01 9.90000000e+01]
[4.11000000e+02 9.51000000e+02 7.03512611e-01 3.00000000e+00]
[9.07000000e+02 9.85000000e+02 7.06835156e-01 1.03000000e+02]
[4.31000000e+02 9.86000000e+02 7.13966405e-01 4.00000000e+00]
[1.14000000e+02 9.30000000e+02 7.15843834e-01 1.60000000e+01]
[9.66000000e+02 9.75000000e+02 7.17027506e-01 6.50000000e+01]
[7.70000000e+01 9.89000000e+02 7.17167725e-01 1.70000000e+01]
[2.92000000e+02 9.82000000e+02 7.17678895e-01 2.40000000e+01]
[9.50000000e+02 7.98000000e+02 7.17856975e-01 1.40000000e+01]
[5.89000000e+02 9.87000000e+02 7.20123466e-01 1.05000000e+02]
[2.35000000e+02 9.93000000e+02 7.20524183e-01 1.50000000e+01]
[9.60000000e+02 1.20000000e+01 7.22877046e-01 1.10000000e+01]
[4.07000000e+02 9.91000000e+02 7.25327251e-01 1.80000000e+01]
[9.57000000e+02 9.96000000e+02 7.27692047e-01 2.20000000e+01]
[3.68000000e+02 9.83000000e+02 7.32512345e-01 1.60000000e+01]
[8.5500000e+02 9.9200000e+02 7.3544198e-01 2.8000000e+01]
[9.49000000e+02 9.94000000e+02 7.36045543e-01 1.18000000e+02]
[2.93000000e+02 8.19000000e+02 7.36217899e-01 3.00000000e+00]
[4.30000000e+01 9.65000000e+02 7.36636939e-01 5.00000000e+00]
[2.88000000e+02 9.98000000e+02 7.37097203e-01 2.30000000e+01]
[9.64000000e+02 4.99000000e+02 7.37657147e-01 9.00000000e+00]
[5.36000000e+02 9.77000000e+02 7.38875668e-01 3.00000000e+00]
[9.69000000e+02 8.59000000e+02 7.39924887e-01 2.00000000e+01]
[9.90000000e+01 9.95000000e+02 7.41643733e-01 1.60000000e+01]
[9.67000000e+02 2.15000000e+02 7.44016182e-01 1.10000000e+01]
[4.93000000e+02 9.70000000e+02 7.48604103e-01 1.90000000e+01]
[ 84.         166.           0.75091222   2.        ]
[5.25000000e+02 9.53000000e+02 7.56340792e-01 5.00000000e+00]
[4.70000000e+02 1.00800000e+03 7.59884847e-01 1.70000000e+01]
[1.00900000e+03 9.84000000e+02 7.62097171e-01 8.10000000e+01]
[1.00200000e+03 9.90000000e+02 7.64091404e-01 6.80000000e+01]
[7.96000000e+02 1.01500000e+03 7.67638202e-01 7.50000000e+01]
[1.01100000e+03 9.97000000e+02 7.69877839e-01 2.00000000e+01]
[1.00000000e+03 1.00500000e+03 7.82717939e-01 3.70000000e+01]
[3.12000000e+02 1.00100000e+03 7.83829315e-01 1.19000000e+02]
[3.0400000e+02 1.0160000e+03 7.8565384e-01 7.6000000e+01]
[1.00700000e+03 1.00300000e+03 7.88004657e-01 2.50000000e+01]
[1.00600000e+03 1.02000000e+03 7.89753805e-01 7.90000000e+01]
[1.87000000e+02 9.62000000e+02 7.91165648e-01 3.00000000e+00]
[2.57000000e+02 9.61000000e+02 8.03052331e-01 4.00000000e+00]
[9.80000000e+02 1.01400000e+03 8.07054104e-01 1.28000000e+02]
[1.71000000e+02 1.01800000e+03 8.07198435e-01 3.80000000e+01]
[1.02100000e+03 4.74000000e+02 8.08924126e-01 2.60000000e+01]
[2.01000000e+02 1.02600000e+03 8.09269675e-01 3.90000000e+01]
[2.11000000e+02 1.02500000e+03 8.22855734e-01 1.29000000e+02]
[9.99000000e+02 1.02800000e+03 8.26538073e-01 5.50000000e+01]
[1.02200000e+03 1.01000000e+03 8.30169454e-01 9.80000000e+01]
[1.73000000e+02 1.02900000e+03 8.30254154e-01 1.30000000e+02]
[4.19000000e+02 1.01300000e+03 8.37106997e-01 1.80000000e+01]
[9.88000000e+02 1.03000000e+03 8.38402345e-01 5.90000000e+01]
[2.81000000e+02 1.03400000e+03 8.41582344e-01 6.00000000e+01]
[1.03200000e+03 4.75000000e+02 8.47024965e-01 1.31000000e+02]
[1.30000000e+01 1.03100000e+03 8.50079516e-01 9.90000000e+01]
[1.02300000e+03 1.03500000e+03 8.53681741e-01 6.30000000e+01]
[342.       481.         0.857463   2.      ]
[1.03600000e+03 1.02700000e+03 8.62233681e-01 1.57000000e+02]
[1.03700000e+03 1.00400000e+03 8.63745744e-01 1.22000000e+02]
[1.02400000e+03 1.01700000e+03 8.64234305e-01 2.40000000e+01]
[1.04000000e+03 3.92000000e+02 8.67876447e-01 1.58000000e+02]
[3.11000000e+02 1.04100000e+03 8.68195396e-01 1.23000000e+02]
[8.90000000e+01 1.03300000e+03 8.69263927e-01 1.90000000e+01]
[3.7900000e+02 1.0380000e+03 8.7218796e-01 6.4000000e+01]
[1.01200000e+03 6.44000000e+02 8.84542684e-01 7.00000000e+00]
[1.01900000e+03 1.04200000e+03 8.88207456e-01 1.43000000e+02]
[2.40000000e+01 1.03900000e+03 8.97924918e-01 3.00000000e+00]
[1.04800000e+03 2.12000000e+02 8.99603224e-01 1.44000000e+02]
[1.01000000e+02 1.05000000e+03 9.01191528e-01 1.45000000e+02]
[1.04400000e+03 1.04300000e+03 9.02595707e-01 2.81000000e+02]
[1.69000000e+02 1.05100000e+03 9.16876608e-01 1.46000000e+02]
[377.         533.           0.92384157   2.        ]
[1.0490000e+03 3.2300000e+02 9.2909341e-01 4.0000000e+00]
[5.34000000e+02 1.04600000e+03 9.42031744e-01 6.50000000e+01]
[4.97000000e+02 1.05300000e+03 9.54260512e-01 1.47000000e+02]
[1.47000000e+02 1.05600000e+03 9.54499222e-01 6.60000000e+01]
[1.04700000e+03 1.04500000e+03 9.58323025e-01 2.60000000e+01]
[1.05200000e+03 1.05900000e+03 9.64612412e-01 3.07000000e+02]
[1.06000000e+03 1.05400000e+03 9.78621155e-01 3.09000000e+02]
[1.06100000e+03 8.60000000e+01 9.80384876e-01 3.10000000e+02]
[1.06200000e+03 1.08000000e+02 9.81007224e-01 3.11000000e+02]
[1.06300000e+03 1.05700000e+03 9.81431213e-01 4.58000000e+02]
[1.45000000e+02 1.06400000e+03 9.94144706e-01 4.59000000e+02]
[1.05500000e+03 1.05800000e+03 1.01301014e+00 7.00000000e+01]
[2.34000000e+02 1.06500000e+03 1.03281791e+00 4.60000000e+02]
[3.16000000e+02 1.06600000e+03 1.03316999e+00 7.10000000e+01]
[2.77000000e+02 1.06800000e+03 1.03930275e+00 7.20000000e+01]
[3.19000000e+02 1.06700000e+03 1.04361521e+00 4.61000000e+02]
[1069.         1070.            1.10339909  533.        ]
[ 289.         1071.            1.11200806  534.        ]
[1072.          314.            1.14780342  535.        ]
[1073.          179.            1.18234919  536.        ]
[1074.          502.            1.18295888  537.        ]
[177.         402.           1.24309936   2.        ]
[1076.         1075.            1.28002913  539.        ]
[1077.          429.            1.44849571  540.        ]
