[64. 68.  0.  2.]
[540.  93.   0.   3.]
[541. 123.   0.   4.]
[542. 214.   0.   5.]
[543. 261.   0.   6.]
[ 78. 125.   0.   2.]
[ 95. 152.   0.   2.]
[546. 240.   0.   3.]
[547. 301.   0.   4.]
[548. 308.   0.   5.]
[549. 220.   0.   6.]
[307. 550.   0.   7.]
[ 90. 518.   0.   2.]
[103. 196.   0.   2.]
[136. 336.   0.   2.]
[140. 271.   0.   2.]
[178. 245.   0.   2.]
[205. 251.   0.   2.]
[270. 555.   0.   3.]
[300. 302.   0.   2.]
[5.51000000e+02 2.95000000e+02 4.33857667e-09 8.00000000e+00]
[3.59000000e+02 4.13000000e+02 1.05367121e-08 2.00000000e+00]
[8.10000000e+01 5.60000000e+02 1.11678177e-08 9.00000000e+00]
[1.00000000e+00 2.16000000e+02 1.49011612e-08 2.00000000e+00]
[5.63000000e+02 1.13000000e+02 1.49011612e-08 3.00000000e+00]
[5.45000000e+02 3.15000000e+02 1.49011612e-08 3.00000000e+00]
[5.5800000e+02 1.7000000e+02 1.6313995e-08 4.0000000e+00]
[6.00000000e+00 1.29000000e+02 2.10734243e-08 2.00000000e+00]
[2.40000000e+01 4.23000000e+02 2.10734243e-08 2.00000000e+00]
[7.40000000e+01 9.10000000e+01 2.10734243e-08 2.00000000e+00]
[5.69000000e+02 3.17000000e+02 2.10734243e-08 3.00000000e+00]
[5.59000000e+02 4.68000000e+02 2.48352687e-08 3.00000000e+00]
[5.00000000e+01 1.35000000e+02 2.58095683e-08 2.00000000e+00]
[7.20000000e+01 4.37000000e+02 2.58095683e-08 2.00000000e+00]
[5.72000000e+02 3.29000000e+02 2.58095683e-08 3.00000000e+00]
[6.10000000e+01 2.36000000e+02 3.65002415e-08 2.00000000e+00]
[4.00000000e+02 5.66000000e+02 5.37269007e-08 5.00000000e+00]
[5.70000000e+02 2.74000000e+02 5.67419313e-08 4.00000000e+00]
[3.80000000e+02 5.76000000e+02 7.10900258e-03 6.00000000e+00]
[4.00000000e+00 2.62000000e+02 7.76465778e-02 2.00000000e+00]
[2.1800000e+02 5.0300000e+02 8.7211259e-02 2.0000000e+00]
[2.06000000e+02 3.22000000e+02 8.86922706e-02 2.00000000e+00]
[21.         40.          0.09350565  2.        ]
[5.74000000e+02 1.30000000e+02 9.46658145e-02 4.00000000e+00]
[3.09000000e+02 3.94000000e+02 1.12224508e-01 2.00000000e+00]
[1.65000000e+02 2.91000000e+02 1.18331128e-01 2.00000000e+00]
[5.77000000e+02 1.64000000e+02 1.27776511e-01 5.00000000e+00]
[5.62000000e+02 4.80000000e+02 1.33817757e-01 1.00000000e+01]
[5.86000000e+02 1.21000000e+02 1.35532393e-01 6.00000000e+00]
[5.71000000e+02 5.57000000e+02 1.43404925e-01 5.00000000e+00]
[3.00000000e+00 2.21000000e+02 1.48691008e-01 2.00000000e+00]
[1.2400000e+02 3.0500000e+02 1.4955632e-01 2.0000000e+00]
[2.98000000e+02 5.78000000e+02 1.51089562e-01 7.00000000e+00]
[ 54.         148.           0.15697852   2.        ]
[5.540e+02 1.760e+02 1.574e-01 3.000e+00]
[1.28000000e+02 5.85000000e+02 1.58230341e-01 3.00000000e+00]
[4.36000000e+02 5.22000000e+02 1.62587302e-01 2.00000000e+00]
[3.39000000e+02 4.73000000e+02 1.69118312e-01 2.00000000e+00]
[1.09000000e+02 5.89000000e+02 1.69475524e-01 6.00000000e+00]
[3.20000000e+02 4.06000000e+02 1.69709512e-01 2.00000000e+00]
[2.10000000e+02 3.83000000e+02 1.70968334e-01 2.00000000e+00]
[9.00000000e+00 5.65000000e+02 1.75256852e-01 4.00000000e+00]
[5.32000000e+02 4.77000000e+02 1.79253896e-01 2.00000000e+00]
[2.19000000e+02 4.54000000e+02 1.79803073e-01 2.00000000e+00]
[1.43000000e+02 4.45000000e+02 1.80001928e-01 2.00000000e+00]
[4.9000000e+01 2.4600000e+02 1.8108457e-01 2.0000000e+00]
[3.0300000e+02 3.6900000e+02 1.8180906e-01 2.0000000e+00]
[5.92000000e+02 5.79000000e+02 1.82198358e-01 9.00000000e+00]
[5.83000000e+02 5.87000000e+02 1.82310878e-01 1.40000000e+01]
[3.00000000e+01 2.09000000e+02 1.85276753e-01 2.00000000e+00]
[4.02000000e+02 4.89000000e+02 1.87549653e-01 2.00000000e+00]
[2.29000000e+02 6.07000000e+02 1.95313403e-01 1.00000000e+01]
[3.48000000e+02 3.67000000e+02 1.96169944e-01 2.00000000e+00]
[5.88000000e+02 2.04000000e+02 1.98906219e-01 7.00000000e+00]
[ 62.         180.           0.20098178   2.        ]
[9.20000000e+01 2.69000000e+02 2.03990406e-01 2.00000000e+00]
[4.92000000e+02 5.23000000e+02 2.05679554e-01 2.00000000e+00]
[6.08000000e+02 3.28000000e+02 2.06150957e-01 1.50000000e+01]
[2.30000000e+02 6.02000000e+02 2.06557304e-01 3.00000000e+00]
[5.81000000e+02 2.25000000e+02 2.10840301e-01 3.00000000e+00]
[6.1700000e+02 1.5400000e+02 2.1170773e-01 1.6000000e+01]
[1.22000000e+02 4.28000000e+02 2.19005482e-01 2.00000000e+00]
[2.47000000e+02 2.49000000e+02 2.22428302e-01 2.00000000e+00]
[6.30000000e+01 4.26000000e+02 2.23268164e-01 2.00000000e+00]
[3.97000000e+02 4.44000000e+02 2.24477733e-01 2.00000000e+00]
[3.27000000e+02 5.38000000e+02 2.27627898e-01 2.00000000e+00]
[5.44000000e+02 5.98000000e+02 2.28508954e-01 1.20000000e+01]
[1.53000000e+02 6.13000000e+02 2.28662463e-01 8.00000000e+00]
[3.9600000e+02 4.1400000e+02 2.3104327e-01 2.0000000e+00]
[ 73.         200.           0.23291441   2.        ]
[6.21000000e+02 5.28000000e+02 2.34042774e-01 3.00000000e+00]
[65.         76.          0.23836196  2.        ]
[3.45000000e+02 5.67000000e+02 2.39024135e-01 3.00000000e+00]
[5.90000000e+02 6.26000000e+02 2.39646157e-01 1.40000000e+01]
[ 98.         155.           0.23975298   2.        ]
[1.70000000e+01 2.83000000e+02 2.40677947e-01 2.00000000e+00]
[8.70000000e+01 6.27000000e+02 2.45032067e-01 9.00000000e+00]
[4.15000000e+02 4.60000000e+02 2.45132734e-01 2.00000000e+00]
[2.39000000e+02 6.20000000e+02 2.47088274e-01 1.70000000e+01]
[6.110000e+02 3.340000e+02 2.525208e-01 1.100000e+01]
[5.95000000e+02 6.14000000e+02 2.53783725e-01 5.00000000e+00]
[4.10000000e+01 6.16000000e+02 2.55508854e-01 3.00000000e+00]
[2.07000000e+02 6.39000000e+02 2.55739465e-01 1.20000000e+01]
[3.66000000e+02 5.17000000e+02 2.57811161e-01 2.00000000e+00]
[6.30000000e+02 2.78000000e+02 2.58207529e-01 4.00000000e+00]
[1.4400000e+02 5.6100000e+02 2.6227702e-01 3.0000000e+00]
[119.          38.           0.26241497   2.        ]
[5.9300000e+02 6.3300000e+02 2.6456501e-01 1.6000000e+01]
[185.         195.           0.26467016   2.        ]
[2.00000000e+01 6.47000000e+02 2.66087232e-01 1.70000000e+01]
[3.46000000e+02 4.38000000e+02 2.68507585e-01 2.00000000e+00]
[4.18000000e+02 4.61000000e+02 2.68693299e-01 2.00000000e+00]
[2.9000000e+01 4.8600000e+02 2.7167803e-01 2.0000000e+00]
[2.97000000e+02 4.27000000e+02 2.74158236e-01 2.00000000e+00]
[6.38000000e+02 4.48000000e+02 2.76259246e-01 1.80000000e+01]
[4.39000000e+02 6.34000000e+02 2.77025331e-01 3.00000000e+00]
[6.44000000e+02 5.12000000e+02 2.79101432e-01 5.00000000e+00]
[ 19.        104.          0.2839697   2.       ]
[6.03000000e+02 5.94000000e+02 2.86131402e-01 5.00000000e+00]
[3.30000000e+01 6.56000000e+02 2.88024469e-01 6.00000000e+00]
[5.0000000e+00 6.4200000e+02 2.9121814e-01 1.3000000e+01]
[2.76000000e+02 6.32000000e+02 2.93574695e-01 4.00000000e+00]
[3.93000000e+02 5.11000000e+02 2.93669718e-01 2.00000000e+00]
[4.05000000e+02 6.58000000e+02 2.95526253e-01 6.00000000e+00]
[6.01000000e+02 1.56000000e+02 2.95705331e-01 5.00000000e+00]
[2.90000000e+02 5.30000000e+02 2.96749256e-01 2.00000000e+00]
[6.4000000e+02 1.1500000e+02 2.9733297e-01 6.0000000e+00]
[186.         199.           0.29990306   2.        ]
[2.13000000e+02 3.86000000e+02 3.00697029e-01 2.00000000e+00]
[6.660000e+02 3.330000e+02 3.042441e-01 7.000000e+00]
[1.40000000e+01 4.33000000e+02 3.05118648e-01 2.00000000e+00]
[6.69000000e+02 2.33000000e+02 3.06733711e-01 8.00000000e+00]
[2.65000000e+02 6.60000000e+02 3.09371622e-01 1.40000000e+01]
[1.6000000e+01 6.5500000e+02 3.0985478e-01 4.0000000e+00]
[6.49000000e+02 6.46000000e+02 3.14325067e-01 1.90000000e+01]
[ 27.         172.           0.31794745   2.        ]
[3.18000000e+02 5.09000000e+02 3.19358317e-01 2.00000000e+00]
[8.00000000e+01 4.09000000e+02 3.20751908e-01 2.00000000e+00]
[3.58000000e+02 6.73000000e+02 3.21195435e-01 5.00000000e+00]
[6.74000000e+02 1.50000000e+02 3.21272005e-01 2.00000000e+01]
[2.48000000e+02 5.16000000e+02 3.23194188e-01 2.00000000e+00]
[2.85000000e+02 6.78000000e+02 3.23726372e-01 6.00000000e+00]
[287.         324.           0.32672628   2.        ]
[2.7500000e+02 6.7200000e+02 3.3071869e-01 1.5000000e+01]
[6.60000000e+01 5.53000000e+02 3.30884475e-01 3.00000000e+00]
[3.5000000e+02 6.6300000e+02 3.3362914e-01 7.0000000e+00]
[5.75000000e+02 1.51000000e+02 3.37557389e-01 3.00000000e+00]
[4.95000000e+02 6.19000000e+02 3.37887598e-01 4.00000000e+00]
[202.         272.           0.34049011   2.        ]
[6.36000000e+02 6.15000000e+02 3.40571821e-01 1.10000000e+01]
[6.89000000e+02 1.92000000e+02 3.42398751e-01 1.20000000e+01]
[3.13000000e+02 3.78000000e+02 3.44314589e-01 2.00000000e+00]
[227.         259.           0.34566181   2.        ]
[1.42000000e+02 5.19000000e+02 3.49140487e-01 2.00000000e+00]
[3.50000000e+01 6.54000000e+02 3.49939598e-01 1.90000000e+01]
[6.57000000e+02 1.83000000e+02 3.50556225e-01 3.00000000e+00]
[1.32000000e+02 3.72000000e+02 3.51968385e-01 2.00000000e+00]
[6.59000000e+02 3.21000000e+02 3.52447751e-01 7.00000000e+00]
[3.5600000e+02 4.6700000e+02 3.5307517e-01 2.0000000e+00]
[6.85000000e+02 3.70000000e+01 3.53932312e-01 8.00000000e+00]
[6.92000000e+02 4.91000000e+02 3.56378394e-01 3.00000000e+00]
[2.30000000e+01 6.99000000e+02 3.57487227e-01 9.00000000e+00]
[6.94000000e+02 1.60000000e+02 3.57572808e-01 2.00000000e+01]
[3.40000000e+01 6.83000000e+02 3.59787791e-01 1.60000000e+01]
[2.60000000e+02 5.08000000e+02 3.61042347e-01 2.00000000e+00]
[4.20000000e+01 4.84000000e+02 3.61092816e-01 2.00000000e+00]
[6.79000000e+02 3.40000000e+02 3.61840261e-01 2.10000000e+01]
[ 58.         263.           0.36423263   2.        ]
[6.81000000e+02 7.01000000e+02 3.65159089e-01 1.50000000e+01]
[335.         338.           0.36722237   2.        ]
[7.00000000e+01 7.02000000e+02 3.68606096e-01 2.10000000e+01]
[2.50000000e+01 4.04000000e+02 3.74545897e-01 2.00000000e+00]
[5.56000000e+02 7.08000000e+02 3.75371337e-01 1.70000000e+01]
[6.71000000e+02 2.08000000e+02 3.76362087e-01 9.00000000e+00]
[5.20000000e+01 6.41000000e+02 3.80741292e-01 4.00000000e+00]
[2.37000000e+02 4.90000000e+02 3.83672311e-01 2.00000000e+00]
[194.         252.           0.38636186   2.        ]
[7.14000000e+02 3.82000000e+02 3.86947328e-01 5.00000000e+00]
[118.         374.           0.38881556   2.        ]
[3.65000000e+02 4.43000000e+02 3.90934609e-01 2.00000000e+00]
[5.84000000e+02 3.60000000e+02 3.91586125e-01 3.00000000e+00]
[1.73000000e+02 4.87000000e+02 3.92391664e-01 2.00000000e+00]
[6.64000000e+02 6.67000000e+02 3.92477909e-01 7.00000000e+00]
[4.08000000e+02 4.50000000e+02 3.93550263e-01 2.00000000e+00]
[6.76000000e+02 5.13000000e+02 3.93844826e-01 3.00000000e+00]
[6.95000000e+02 7.10000000e+02 3.97752459e-01 2.40000000e+01]
[4.60000000e+01 6.23000000e+02 3.98807526e-01 3.00000000e+00]
[5.9600000e+02 6.9700000e+02 4.0040026e-01 9.0000000e+00]
[4.6500000e+02 6.6100000e+02 4.0116958e-01 5.0000000e+00]
[1.57000000e+02 6.87000000e+02 4.02005814e-01 5.00000000e+00]
[4.40000000e+01 4.52000000e+02 4.07503244e-01 2.00000000e+00]
[7.13000000e+02 6.88000000e+02 4.07926202e-01 1.10000000e+01]
[11.         15.          0.40996473  2.        ]
[193.         279.           0.41049863   2.        ]
[1.80000000e+01 7.06000000e+02 4.13040601e-01 2.20000000e+01]
[3.84000000e+02 6.51000000e+02 4.13355455e-01 3.00000000e+00]
[7.25000000e+02 8.30000000e+01 4.14310029e-01 2.50000000e+01]
[4.53000000e+02 6.05000000e+02 4.15554745e-01 3.00000000e+00]
[5.90000000e+01 6.90000000e+02 4.17246364e-01 1.30000000e+01]
[7.50000000e+01 7.37000000e+02 4.17950548e-01 4.00000000e+00]
[6.91000000e+02 5.21000000e+02 4.18283349e-01 3.00000000e+00]
[146.         391.           0.41865465   2.        ]
[7.3600000e+02 1.2700000e+02 4.1881884e-01 2.6000000e+01]
[7.05000000e+02 4.88000000e+02 4.18956264e-01 3.00000000e+00]
[2.50000000e+02 6.62000000e+02 4.19854725e-01 3.00000000e+00]
[3.8100000e+02 7.2800000e+02 4.2160779e-01 6.0000000e+00]
[2.41000000e+02 7.29000000e+02 4.21680751e-01 6.00000000e+00]
[5.52000000e+02 3.60000000e+01 4.23552759e-01 3.00000000e+00]
[6.25000000e+02 7.12000000e+02 4.24244536e-01 1.90000000e+01]
[7.42000000e+02 4.69000000e+02 4.24311257e-01 2.70000000e+01]
[4.10000000e+02 6.45000000e+02 4.24791767e-01 4.00000000e+00]
[7.00000000e+02 7.34000000e+02 4.27834227e-01 2.50000000e+01]
[7.31000000e+02 7.04000000e+02 4.27966294e-01 1.30000000e+01]
[1.38000000e+02 6.29000000e+02 4.28101137e-01 3.00000000e+00]
[6.80000000e+02 4.12000000e+02 4.29435081e-01 3.00000000e+00]
[6.8600000e+02 4.4200000e+02 4.3116534e-01 4.0000000e+00]
[1.68000000e+02 7.45000000e+02 4.32603521e-01 7.00000000e+00]
[6.96000000e+02 7.48000000e+02 4.33062089e-01 2.10000000e+01]
[120.         163.           0.43662268   2.        ]
[ 88.         435.           0.43692477   2.        ]
[7.39000000e+02 4.85000000e+02 4.37541518e-01 5.00000000e+00]
[4.62000000e+02 6.98000000e+02 4.37781194e-01 3.00000000e+00]
[1.3900000e+02 7.4600000e+02 4.3848669e-01 7.0000000e+00]
[4.63000000e+02 7.23000000e+02 4.40309573e-01 3.00000000e+00]
[7.52000000e+02 1.67000000e+02 4.40715371e-01 1.40000000e+01]
[5.37000000e+02 7.11000000e+02 4.43086227e-01 3.00000000e+00]
[7.6000000e+02 5.7300000e+02 4.4450256e-01 7.0000000e+00]
[2.54000000e+02 6.31000000e+02 4.44706269e-01 3.00000000e+00]
[2.22000000e+02 5.10000000e+02 4.44881209e-01 2.00000000e+00]
[8.20000000e+01 7.49000000e+02 4.46454395e-01 2.80000000e+01]
[137.         243.           0.44772512   2.        ]
[7.66000000e+02 1.00000000e+02 4.47754677e-01 8.00000000e+00]
[3.73000000e+02 4.79000000e+02 4.48731584e-01 2.00000000e+00]
[5.39000000e+02 7.70000000e+02 4.49994203e-01 3.00000000e+00]
[106.         158.           0.45048688   2.        ]
[7.55000000e+02 3.95000000e+02 4.52922704e-01 5.00000000e+00]
[6.43000000e+02 3.71000000e+02 4.54087803e-01 3.00000000e+00]
[5.06000000e+02 7.27000000e+02 4.54589221e-01 1.00000000e+01]
[3.20000000e+01 7.67000000e+02 4.55175562e-01 4.00000000e+00]
[7.65000000e+02 7.77000000e+02 4.55852513e-01 1.30000000e+01]
[6.1200000e+02 4.3400000e+02 4.5698542e-01 3.0000000e+00]
[1.12000000e+02 7.64000000e+02 4.57279597e-01 1.50000000e+01]
[117.         280.           0.45771938   2.        ]
[7.22000000e+02 7.44000000e+02 4.58778182e-01 1.00000000e+01]
[7.51000000e+02 3.87000000e+02 4.58907826e-01 2.60000000e+01]
[57.        97.         0.4593133  2.       ]
[3.57000000e+02 7.79000000e+02 4.60123269e-01 1.40000000e+01]
[7.26000000e+02 5.24000000e+02 4.61345936e-01 4.00000000e+00]
[4.80000000e+01 7.84000000e+02 4.61835238e-01 2.70000000e+01]
[370.         459.           0.46343485   2.        ]
[6.70000000e+01 7.88000000e+02 4.67733907e-01 2.80000000e+01]
[7.63000000e+02 7.35000000e+02 4.67940108e-01 6.00000000e+00]
[7.53000000e+02 2.84000000e+02 4.68032738e-01 4.00000000e+00]
[5.10000000e+01 6.22000000e+02 4.69599226e-01 3.00000000e+00]
[7.61000000e+02 4.22000000e+02 4.70088007e-01 4.00000000e+00]
[ 10.         162.           0.47038985   2.        ]
[7.10000000e+01 7.94000000e+02 4.71584421e-01 5.00000000e+00]
[7.62000000e+02 1.88000000e+02 4.72086483e-01 8.00000000e+00]
[2.80000000e+01 7.09000000e+02 4.73276679e-01 3.00000000e+00]
[4.83000000e+02 7.56000000e+02 4.73784551e-01 8.00000000e+00]
[1.82000000e+02 7.69000000e+02 4.73816745e-01 2.90000000e+01]
[6.93000000e+02 5.07000000e+02 4.74174864e-01 3.00000000e+00]
[6.48000000e+02 4.51000000e+02 4.76362925e-01 3.00000000e+00]
[1.02000000e+02 5.99000000e+02 4.80922843e-01 3.00000000e+00]
[7.57000000e+02 7.80000000e+02 4.81279163e-01 2.40000000e+01]
[7.38000000e+02 7.82000000e+02 4.81519993e-01 1.50000000e+01]
[5.91000000e+02 3.52000000e+02 4.82727011e-01 3.00000000e+00]
[7.18000000e+02 3.85000000e+02 4.83717765e-01 3.00000000e+00]
[7.86000000e+02 7.50000000e+02 4.84156033e-01 1.80000000e+01]
[7.4100000e+02 7.9100000e+02 4.8473816e-01 8.0000000e+00]
[1.34000000e+02 7.73000000e+02 4.84894866e-01 4.00000000e+00]
[6.09000000e+02 5.97000000e+02 4.86060053e-01 4.00000000e+00]
[4.55000000e+02 5.26000000e+02 4.86131936e-01 2.00000000e+00]
[362.         203.           0.48754844   2.        ]
[3.490000e+02 7.900000e+02 4.896033e-01 2.900000e+01]
[ 55.         107.           0.48962851   2.        ]
[7.32000000e+02 5.04000000e+02 4.90361518e-01 3.00000000e+00]
[8.04000000e+02 2.55000000e+02 4.90644875e-01 2.50000000e+01]
[4.78000000e+02 7.93000000e+02 4.90947721e-01 4.00000000e+00]
[6.65000000e+02 7.99000000e+02 4.92001064e-01 1.00000000e+01]
[8.06000000e+02 1.75000000e+02 4.92730692e-01 4.00000000e+00]
[7.03000000e+02 2.64000000e+02 4.93434543e-01 1.70000000e+01]
[ 39.        432.          0.4945477   2.       ]
[4.50000000e+01 8.17000000e+02 4.95241477e-01 2.60000000e+01]
[8.08000000e+02 7.47000000e+02 4.96204082e-01 2.10000000e+01]
[326.         420.           0.49652374   2.        ]
[238.         424.           0.49884117   2.        ]
[4.49000000e+02 7.87000000e+02 4.98849355e-01 5.00000000e+00]
[8.05000000e+02 1.74000000e+02 5.00191529e-01 1.60000000e+01]
[8.10000000e+02 7.97000000e+02 5.00425873e-01 1.20000000e+01]
[8.2400000e+02 6.1800000e+02 5.0123289e-01 2.4000000e+01]
[4.72000000e+02 7.19000000e+02 5.01462207e-01 3.00000000e+00]
[7.16000000e+02 8.00000000e+02 5.01830263e-01 3.10000000e+01]
[6.75000000e+02 4.40000000e+02 5.03222473e-01 3.00000000e+00]
[3.61000000e+02 5.27000000e+02 5.03648486e-01 2.00000000e+00]
[8.23000000e+02 2.44000000e+02 5.04306575e-01 2.70000000e+01]
[8.09000000e+02 8.32000000e+02 5.06254147e-01 3.90000000e+01]
[4.17000000e+02 6.28000000e+02 5.07084154e-01 3.00000000e+00]
[9.60000000e+01 8.03000000e+02 5.07784271e-01 4.00000000e+00]
[1.61000000e+02 7.83000000e+02 5.09640375e-01 1.10000000e+01]
[4.71000000e+02 6.68000000e+02 5.11786079e-01 3.00000000e+00]
[191.         403.           0.51555044   2.        ]
[1.3300000e+02 7.5400000e+02 5.1622857e-01 4.0000000e+00]
[2.56000000e+02 8.14000000e+02 5.16642555e-01 3.00000000e+01]
[3.31000000e+02 8.36000000e+02 5.18003373e-01 4.00000000e+01]
[2.96000000e+02 7.78000000e+02 5.19028235e-01 5.00000000e+00]
[7.43000000e+02 1.26000000e+02 5.19265473e-01 4.00000000e+00]
[ 53.         231.           0.51934928   2.        ]
[0.00000000e+00 8.27000000e+02 5.19634382e-01 6.00000000e+00]
[398.         399.           0.51964938   2.        ]
[6.37000000e+02 7.81000000e+02 5.20198728e-01 1.70000000e+01]
[8.30000000e+02 7.24000000e+02 5.20864664e-01 2.70000000e+01]
[8.380000e+02 1.970000e+02 5.209183e-01 5.000000e+00]
[4.30000000e+02 8.37000000e+02 5.21023728e-01 4.00000000e+00]
[6.77000000e+02 1.41000000e+02 5.22815621e-01 3.00000000e+00]
[355.        441.          0.5230404   2.       ]
[6.70000000e+02 8.50000000e+02 5.23165476e-01 1.90000000e+01]
[ 60.         337.           0.52327411   2.        ]
[1.89000000e+02 5.35000000e+02 5.23653574e-01 2.00000000e+00]
[7.07000000e+02 1.98000000e+02 5.24559282e-01 3.00000000e+00]
[5.2900000e+02 8.1800000e+02 5.3425034e-01 5.0000000e+00]
[7.98000000e+02 7.71000000e+02 5.36041273e-01 1.10000000e+01]
[2.99000000e+02 8.19000000e+02 5.36088422e-01 1.10000000e+01]
[2.58000000e+02 8.52000000e+02 5.36670017e-01 6.00000000e+00]
[7.59000000e+02 8.44000000e+02 5.37077624e-01 4.20000000e+01]
[2.24000000e+02 8.51000000e+02 5.37666915e-01 2.80000000e+01]
[8.25000000e+02 8.26000000e+02 5.38592964e-01 4.00000000e+00]
[8.41000000e+02 8.63000000e+02 5.40885068e-01 8.00000000e+00]
[5.64000000e+02 8.45000000e+02 5.40936381e-01 8.00000000e+00]
[7.85000000e+02 2.26000000e+02 5.41378452e-01 3.00000000e+00]
[7.33000000e+02 2.32000000e+02 5.41926323e-01 3.00000000e+00]
[8.02000000e+02 8.39000000e+02 5.42060196e-01 1.40000000e+01]
[8.20000000e+02 6.04000000e+02 5.42287037e-01 6.00000000e+00]
[5.01000000e+02 8.68000000e+02 5.45694543e-01 9.00000000e+00]
[5.14000000e+02 8.29000000e+02 5.47415883e-01 1.30000000e+01]
[7.70000000e+01 8.31000000e+02 5.47660651e-01 4.00000000e+00]
[5.80000000e+02 8.48000000e+02 5.48861115e-01 8.00000000e+00]
[306.         458.           0.54955883   2.        ]
[1.16000000e+02 8.61000000e+02 5.49889025e-01 1.20000000e+01]
[3.63000000e+02 8.56000000e+02 5.50293783e-01 2.00000000e+01]
[8.21000000e+02 2.66000000e+02 5.50436545e-01 1.80000000e+01]
[7.92000000e+02 8.43000000e+02 5.52481263e-01 3.40000000e+01]
[8.1500000e+02 8.2800000e+02 5.5314964e-01 1.8000000e+01]
[8.66000000e+02 3.43000000e+02 5.53786369e-01 5.00000000e+00]
[6.90000000e+01 8.74000000e+02 5.54661344e-01 1.40000000e+01]
[7.76000000e+02 8.01000000e+02 5.57218654e-01 6.00000000e+00]
[4.96000000e+02 8.64000000e+02 5.57751378e-01 4.30000000e+01]
[1.59000000e+02 7.75000000e+02 5.59451804e-01 6.00000000e+00]
[6.50000000e+02 8.71000000e+02 5.61091117e-01 1.60000000e+01]
[7.68000000e+02 8.87000000e+02 5.61996275e-01 8.00000000e+00]
[7.00000000e+00 8.85000000e+02 5.62216843e-01 7.00000000e+00]
[4.46000000e+02 8.77000000e+02 5.63503601e-01 3.00000000e+00]
[8.33000000e+02 4.16000000e+02 5.63539126e-01 4.00000000e+00]
[354.         286.           0.56448872   2.        ]
[2.94000000e+02 8.93000000e+02 5.70122432e-01 3.00000000e+00]
[8.40000000e+02 8.13000000e+02 5.72593482e-01 5.00000000e+00]
[3.10000000e+01 8.67000000e+02 5.72635454e-01 9.00000000e+00]
[8.12000000e+02 8.73000000e+02 5.73197584e-01 1.10000000e+01]
[7.40000000e+02 3.32000000e+02 5.73559249e-01 4.00000000e+00]
[3.51000000e+02 8.78000000e+02 5.74230487e-01 1.30000000e+01]
[8.95000000e+02 8.89000000e+02 5.75232005e-01 1.30000000e+01]
[2.60000000e+01 8.60000000e+02 5.75334993e-01 6.00000000e+00]
[1.11000000e+02 8.81000000e+02 5.78219983e-01 3.50000000e+01]
[8.59000000e+02 8.53000000e+02 5.79548739e-01 7.00000000e+00]
[7.30000000e+02 8.42000000e+02 5.81830163e-01 6.00000000e+00]
[3.76000000e+02 8.83000000e+02 5.85765632e-01 6.00000000e+00]
[4.25000000e+02 8.35000000e+02 5.86879113e-01 2.80000000e+01]
[8.72000000e+02 9.01000000e+02 5.87793901e-01 1.20000000e+01]
[6.00000000e+02 8.84000000e+02 5.87940659e-01 1.60000000e+01]
[2.73000000e+02 8.94000000e+02 5.88628921e-01 4.00000000e+00]
[8.11000000e+02 8.96000000e+02 5.90411903e-01 1.30000000e+01]
[8.76000000e+02 8.99000000e+02 5.91916819e-01 2.10000000e+01]
[8.47000000e+02 4.01000000e+02 5.92009267e-01 3.00000000e+00]
[2.28000000e+02 8.86000000e+02 5.92285459e-01 4.40000000e+01]
[8.70000000e+02 9.13000000e+02 5.93872405e-01 4.70000000e+01]
[1.05000000e+02 9.09000000e+02 5.94984869e-01 5.00000000e+00]
[3.10000000e+02 8.79000000e+02 5.95761754e-01 2.10000000e+01]
[8.90000000e+02 4.70000000e+01 5.96320975e-01 8.00000000e+00]
[8.46000000e+02 4.98000000e+02 5.97783146e-01 5.00000000e+00]
[3.47000000e+02 8.80000000e+02 5.98667944e-01 1.90000000e+01]
[9.17000000e+02 5.20000000e+02 6.03325305e-01 9.00000000e+00]
[9.11000000e+02 8.88000000e+02 6.06286314e-01 3.70000000e+01]
[9.10000000e+02 4.64000000e+02 6.06587693e-01 1.40000000e+01]
[8.58000000e+02 4.57000000e+02 6.06913853e-01 3.00000000e+00]
[9.0500000e+02 7.9600000e+02 6.0697253e-01 1.1000000e+01]
[7.7400000e+02 9.1400000e+02 6.0794904e-01 4.9000000e+01]
[3.41000000e+02 8.65000000e+02 6.08298073e-01 2.90000000e+01]
[3.89000000e+02 9.19000000e+02 6.08706835e-01 2.00000000e+01]
[9.21000000e+02 8.62000000e+02 6.10446604e-01 4.80000000e+01]
[8.16000000e+02 9.28000000e+02 6.13193964e-01 5.10000000e+01]
[7.20000000e+02 5.31000000e+02 6.14013686e-01 4.00000000e+00]
[2.20000000e+01 9.00000000e+02 6.14951403e-01 1.40000000e+01]
[6.82000000e+02 3.30000000e+02 6.16927037e-01 3.00000000e+00]
[8.69000000e+02 9.24000000e+02 6.17717475e-01 1.40000000e+01]
[6.53000000e+02 7.72000000e+02 6.18123104e-01 4.00000000e+00]
[9.08000000e+02 8.55000000e+02 6.18209742e-01 1.80000000e+01]
[5.60000000e+01 9.33000000e+02 6.21737342e-01 1.50000000e+01]
[2.00000000e+00 9.26000000e+02 6.22679741e-01 3.00000000e+01]
[7.95000000e+02 9.35000000e+02 6.24144836e-01 2.00000000e+01]
[7.90000000e+01 9.02000000e+02 6.24472353e-01 3.60000000e+01]
[1.8400000e+02 9.2500000e+02 6.2671288e-01 5.0000000e+01]
[7.89000000e+02 4.82000000e+02 6.27821628e-01 3.00000000e+00]
[2.53000000e+02 9.16000000e+02 6.28697861e-01 2.20000000e+01]
[6.52000000e+02 9.38000000e+02 6.29485096e-01 2.20000000e+01]
[3.53000000e+02 9.36000000e+02 6.31512514e-01 1.60000000e+01]
[8.54000000e+02 9.07000000e+02 6.33211782e-01 1.50000000e+01]
[1.90000000e+02 6.35000000e+02 6.34560156e-01 3.00000000e+00]
[8.50000000e+01 9.39000000e+02 6.34797815e-01 3.70000000e+01]
[212.         456.           0.63497005   2.        ]
[8.9200000e+02 7.5800000e+02 6.3591993e-01 6.0000000e+00]
[1.49000000e+02 9.06000000e+02 6.38308138e-01 2.90000000e+01]
[9.03000000e+02 3.90000000e+02 6.41322422e-01 8.00000000e+00]
[2.42000000e+02 8.91000000e+02 6.43361044e-01 4.00000000e+00]
[9.51000000e+02 1.79000000e+02 6.43489645e-01 9.00000000e+00]
[9.29000000e+02 8.75000000e+02 6.43746556e-01 5.50000000e+01]
[9.22000000e+02 9.46000000e+02 6.45242578e-01 1.70000000e+01]
[3.4400000e+02 8.9700000e+02 6.4789144e-01 1.2000000e+01]
[9.54000000e+02 6.84000000e+02 6.48498005e-01 5.80000000e+01]
[9.40000000e+01 9.53000000e+02 6.51973272e-01 1.00000000e+01]
[9.44000000e+02 4.94000000e+02 6.52430862e-01 1.70000000e+01]
[9.40000000e+02 9.34000000e+02 6.56462335e-01 5.40000000e+01]
[9.57000000e+02 8.57000000e+02 6.57376611e-01 6.00000000e+01]
[9.55000000e+02 1.14000000e+02 6.58407216e-01 1.80000000e+01]
[8.98000000e+02 9.42000000e+02 6.58812686e-01 2.60000000e+01]
[466.         500.           0.65951875   2.        ]
[3.88000000e+02 9.62000000e+02 6.61033609e-01 1.90000000e+01]
[4.76000000e+02 9.18000000e+02 6.62006919e-01 6.00000000e+00]
[2.67000000e+02 8.34000000e+02 6.62442532e-01 3.00000000e+00]
[9.49000000e+02 9.20000000e+02 6.68663207e-01 1.50000000e+01]
[9.60000000e+02 7.15000000e+02 6.69755072e-01 5.60000000e+01]
[8.07000000e+02 9.27000000e+02 6.71139186e-01 2.30000000e+01]
[9.61000000e+02 8.22000000e+02 6.72569543e-01 6.20000000e+01]
[5.05000000e+02 9.70000000e+02 6.73706431e-01 2.40000000e+01]
[9.47000000e+02 9.15000000e+02 6.75499861e-01 4.20000000e+01]
[9.2300000e+02 9.7300000e+02 6.7569442e-01 4.5000000e+01]
[9.69000000e+02 8.49000000e+02 6.76384468e-01 5.80000000e+01]
[9.31000000e+02 9.50000000e+02 6.77621709e-01 4.30000000e+01]
[4.21000000e+02 9.59000000e+02 6.79850471e-01 1.80000000e+01]
[9.12000000e+02 9.63000000e+02 6.82176674e-01 2.90000000e+01]
[9.75000000e+02 2.11000000e+02 6.83478541e-01 5.90000000e+01]
[9.79000000e+02 7.17000000e+02 6.85801495e-01 6.40000000e+01]
[9.80000000e+02 5.36000000e+02 6.90478305e-01 6.50000000e+01]
[1.10000000e+02 9.65000000e+02 6.90940042e-01 2.00000000e+01]
[9.81000000e+02 9.72000000e+02 6.91677241e-01 8.90000000e+01]
[3.04000000e+02 9.68000000e+02 6.95786377e-01 1.60000000e+01]
[9.45000000e+02 3.75000000e+02 6.97145409e-01 1.60000000e+01]
[2.17000000e+02 9.77000000e+02 6.98837908e-01 1.90000000e+01]
[2.82000000e+02 9.71000000e+02 6.98990374e-01 6.30000000e+01]
[2.92000000e+02 9.66000000e+02 7.02246448e-01 7.00000000e+00]
[5.15000000e+02 9.86000000e+02 7.02463972e-01 2.00000000e+01]
[2.23000000e+02 9.87000000e+02 7.02887362e-01 6.40000000e+01]
[2.35000000e+02 9.74000000e+02 7.03403623e-01 4.60000000e+01]
[4.11000000e+02 9.76000000e+02 7.03512611e-01 4.40000000e+01]
[9.78000000e+02 4.47000000e+02 7.12498793e-01 3.00000000e+01]
[3.68000000e+02 9.92000000e+02 7.13966405e-01 4.50000000e+01]
[9.04000000e+02 9.90000000e+02 7.16975933e-01 7.00000000e+01]
[9.83000000e+02 4.75000000e+02 7.22749994e-01 9.00000000e+01]
[9.9400000e+02 4.3100000e+02 7.2733703e-01 4.6000000e+01]
[2.68000000e+02 9.43000000e+02 7.28427961e-01 2.30000000e+01]
[1.31000000e+02 9.95000000e+02 7.30608423e-01 7.10000000e+01]
[4.07000000e+02 9.99000000e+02 7.33059546e-01 7.20000000e+01]
[2.93000000e+02 9.56000000e+02 7.34631871e-01 1.30000000e+01]
[2.15000000e+02 9.89000000e+02 7.37097203e-01 2.10000000e+01]
[9.41000000e+02 9.91000000e+02 7.39092862e-01 4.90000000e+01]
[ 99.         470.           0.74164373   2.        ]
[8.82000000e+02 6.06000000e+02 7.43427222e-01 2.00000000e+01]
[4.99000000e+02 9.88000000e+02 7.45942054e-01 8.00000000e+00]
[9.85000000e+02 9.82000000e+02 7.46837678e-01 3.60000000e+01]
[ 84.         166.           0.75091222   2.        ]
[1.00500000e+03 9.93000000e+02 7.50930408e-01 5.00000000e+01]
[4.93000000e+02 1.00000000e+03 7.53887728e-01 7.30000000e+01]
[145.         525.           0.75634079   2.        ]
[5.82000000e+02 9.48000000e+02 7.56450355e-01 4.00000000e+00]
[1.00300000e+03 9.32000000e+02 7.59333731e-01 5.20000000e+01]
[8.0000000e+00 1.0130000e+03 7.5979957e-01 5.3000000e+01]
[1.00200000e+03 9.58000000e+02 7.64505605e-01 3.10000000e+01]
[1.81000000e+02 9.97000000e+02 7.66469772e-01 4.70000000e+01]
[9.96000000e+02 7.21000000e+02 7.67014742e-01 9.20000000e+01]
[3.12000000e+02 1.01400000e+03 7.69877839e-01 5.40000000e+01]
[1.01700000e+03 4.30000000e+01 7.71515757e-01 9.30000000e+01]
[1.01900000e+03 9.37000000e+02 7.74926843e-01 1.23000000e+02]
[4.19000000e+02 9.98000000e+02 7.76746822e-01 2.40000000e+01]
[3.25000000e+02 1.02000000e+03 7.78694889e-01 1.24000000e+02]
[1.00600000e+03 1.01600000e+03 7.80852754e-01 5.50000000e+01]
[1.01000000e+03 1.00700000e+03 7.81493195e-01 1.09000000e+02]
[1.00100000e+03 4.74000000e+02 7.81817075e-01 1.40000000e+01]
[1.87000000e+02 9.64000000e+02 7.91165648e-01 3.00000000e+00]
[1.00900000e+03 1.71000000e+02 7.94157346e-01 5.10000000e+01]
[1.02700000e+03 1.02500000e+03 7.94559577e-01 6.50000000e+01]
[9.84000000e+02 1.02400000e+03 7.95660554e-01 1.25000000e+02]
[257.         314.           0.80305233   2.        ]
[1.02200000e+03 3.92000000e+02 8.03942657e-01 1.25000000e+02]
[1.01500000e+03 1.02900000e+03 8.04338399e-01 1.56000000e+02]
[1.00800000e+03 1.01800000e+03 8.05494486e-01 5.60000000e+01]
[2.01000000e+02 1.02800000e+03 8.09269675e-01 6.60000000e+01]
[9.52000000e+02 3.79000000e+02 8.10707795e-01 5.00000000e+00]
[1.03300000e+03 1.01000000e+02 8.13555636e-01 5.70000000e+01]
[9.67000000e+02 1.02300000e+03 8.23543758e-01 5.80000000e+01]
[1.00400000e+03 1.02100000e+03 8.25789924e-01 2.60000000e+01]
[2.88000000e+02 1.03200000e+03 8.41225748e-01 1.57000000e+02]
[1.02600000e+03 2.81000000e+02 8.41582344e-01 4.00000000e+00]
[3.11000000e+02 9.30000000e+02 8.50079516e-01 5.00000000e+00]
[342.       481.         0.857463   2.      ]
[1.03900000e+03 5.34000000e+02 8.57942859e-01 1.58000000e+02]
[1.30000000e+01 1.03600000e+03 8.63368051e-01 5.80000000e+01]
[ 89.         497.           0.86926393   2.        ]
[1.04300000e+03 1.04100000e+03 8.97219439e-01 1.63000000e+02]
[1.04600000e+03 1.03700000e+03 8.97615187e-01 2.21000000e+02]
[5.68000000e+02 1.04200000e+03 8.97924918e-01 4.00000000e+00]
[624.         502.           0.90306863   3.        ]
[1.03400000e+03 1.03800000e+03 9.05086716e-01 9.20000000e+01]
[1.20000000e+01 1.04700000e+03 9.07766944e-01 2.22000000e+02]
[3.23000000e+02 1.05000000e+03 9.13401254e-01 9.30000000e+01]
[377.         533.           0.92384157   2.        ]
[1.04800000e+03 1.47000000e+02 9.23898662e-01 5.00000000e+00]
[1.04400000e+03 1.05100000e+03 9.40585733e-01 2.80000000e+02]
[1.03100000e+03 6.10000000e+02 9.42421295e-01 1.27000000e+02]
[1.03000000e+03 1.05500000e+03 9.45682383e-01 2.82000000e+02]
[1.04000000e+03 1.03500000e+03 9.56396968e-01 9.00000000e+00]
[1.05600000e+03 2.77000000e+02 9.64815152e-01 1.28000000e+02]
[1.05900000e+03 1.05400000e+03 9.66376818e-01 1.33000000e+02]
[1.05200000e+03 1.01200000e+03 9.71124017e-01 9.70000000e+01]
[3.16000000e+02 1.06100000e+03 9.73930413e-01 9.80000000e+01]
[1.06000000e+03 1.06200000e+03 9.76337765e-01 2.31000000e+02]
[1.05700000e+03 2.89000000e+02 9.92325855e-01 2.83000000e+02]
[1.69000000e+02 1.06400000e+03 9.93303791e-01 2.84000000e+02]
[2.34000000e+02 1.05800000e+03 1.00034132e+00 1.00000000e+01]
[1.06500000e+03 1.04500000e+03 1.00482927e+00 2.86000000e+02]
[1.06700000e+03 1.05300000e+03 1.00507562e+00 2.88000000e+02]
[1.08000000e+02 1.06800000e+03 1.00527218e+00 2.89000000e+02]
[1.06600000e+03 1.04900000e+03 1.04358694e+00 1.30000000e+01]
[3.19000000e+02 1.06900000e+03 1.04361521e+00 2.90000000e+02]
[1.06300000e+03 1.07100000e+03 1.04592484e+00 5.21000000e+02]
[ 86.         364.           1.05698169   2.        ]
[1070.         1072.            1.07957415  534.        ]
[1011.         1074.            1.13690119  536.        ]
[1073.         1075.            1.24129979  538.        ]
[1076.          177.            1.31979372  539.        ]
[1077.          429.            1.37941909  540.        ]
