[64. 68.  0.  2.]
[540.  93.   0.   3.]
[541. 123.   0.   4.]
[542. 214.   0.   5.]
[543. 261.   0.   6.]
[ 78. 125.   0.   2.]
[ 95. 152.   0.   2.]
[546. 240.   0.   3.]
[547. 301.   0.   4.]
[548. 308.   0.   5.]
[549. 220.   0.   6.]
[307. 550.   0.   7.]
[ 90. 518.   0.   2.]
[103. 196.   0.   2.]
[136. 336.   0.   2.]
[140. 271.   0.   2.]
[178. 245.   0.   2.]
[205. 251.   0.   2.]
[270. 555.   0.   3.]
[300. 302.   0.   2.]
[5.51000000e+02 2.95000000e+02 4.33857667e-09 8.00000000e+00]
[3.59000000e+02 4.13000000e+02 1.05367121e-08 2.00000000e+00]
[8.10000000e+01 5.60000000e+02 1.11678177e-08 9.00000000e+00]
[1.00000000e+00 2.16000000e+02 1.49011612e-08 2.00000000e+00]
[5.63000000e+02 1.13000000e+02 1.49011612e-08 3.00000000e+00]
[5.45000000e+02 3.15000000e+02 1.49011612e-08 3.00000000e+00]
[5.5800000e+02 1.7000000e+02 1.6313995e-08 4.0000000e+00]
[6.00000000e+00 1.29000000e+02 2.10734243e-08 2.00000000e+00]
[2.40000000e+01 4.23000000e+02 2.10734243e-08 2.00000000e+00]
[7.40000000e+01 9.10000000e+01 2.10734243e-08 2.00000000e+00]
[5.69000000e+02 3.17000000e+02 2.10734243e-08 3.00000000e+00]
[5.59000000e+02 4.68000000e+02 2.48352687e-08 3.00000000e+00]
[5.00000000e+01 1.35000000e+02 2.58095683e-08 2.00000000e+00]
[7.20000000e+01 4.37000000e+02 2.58095683e-08 2.00000000e+00]
[5.72000000e+02 3.29000000e+02 2.58095683e-08 3.00000000e+00]
[6.10000000e+01 2.36000000e+02 3.65002415e-08 2.00000000e+00]
[3.80000000e+02 4.00000000e+02 5.37269007e-08 2.00000000e+00]
[5.70000000e+02 2.74000000e+02 5.67419313e-08 4.00000000e+00]
[5.6600000e+02 5.7600000e+02 1.5995183e-02 6.0000000e+00]
[4.00000000e+00 2.62000000e+02 7.76465778e-02 2.00000000e+00]
[2.1800000e+02 5.0300000e+02 8.7211259e-02 2.0000000e+00]
[2.06000000e+02 3.22000000e+02 8.86922706e-02 2.00000000e+00]
[21.         40.          0.09350565  2.        ]
[5.74000000e+02 1.30000000e+02 9.46658145e-02 4.00000000e+00]
[3.09000000e+02 3.94000000e+02 1.12224508e-01 2.00000000e+00]
[1.65000000e+02 2.91000000e+02 1.18331128e-01 2.00000000e+00]
[5.77000000e+02 1.64000000e+02 1.27776511e-01 5.00000000e+00]
[5.62000000e+02 4.80000000e+02 1.33817757e-01 1.00000000e+01]
[5.86000000e+02 1.21000000e+02 1.35532393e-01 6.00000000e+00]
[1.09000000e+02 5.71000000e+02 1.43404925e-01 4.00000000e+00]
[3.00000000e+00 5.44000000e+02 1.48691008e-01 7.00000000e+00]
[1.2400000e+02 3.0500000e+02 1.4955632e-01 2.0000000e+00]
[5.7800000e+02 5.7900000e+02 1.5047356e-01 8.0000000e+00]
[5.57000000e+02 2.21000000e+02 1.51227171e-01 3.00000000e+00]
[5.92000000e+02 2.98000000e+02 1.54601887e-01 9.00000000e+00]
[ 54.         148.           0.15697852   2.        ]
[5.540e+02 1.760e+02 1.574e-01 3.000e+00]
[1.28000000e+02 5.85000000e+02 1.58230341e-01 3.00000000e+00]
[4.36000000e+02 5.22000000e+02 1.62587302e-01 2.00000000e+00]
[3.39000000e+02 4.73000000e+02 1.69118312e-01 2.00000000e+00]
[3.20000000e+02 4.06000000e+02 1.69709512e-01 2.00000000e+00]
[2.10000000e+02 3.83000000e+02 1.70968334e-01 2.00000000e+00]
[9.00000000e+00 5.65000000e+02 1.75256852e-01 4.00000000e+00]
[2.30000000e+02 5.32000000e+02 1.79253896e-01 2.00000000e+00]
[2.19000000e+02 4.54000000e+02 1.79803073e-01 2.00000000e+00]
[1.43000000e+02 4.45000000e+02 1.80001928e-01 2.00000000e+00]
[4.9000000e+01 2.4600000e+02 1.8108457e-01 2.0000000e+00]
[3.0300000e+02 3.6900000e+02 1.8180906e-01 2.0000000e+00]
[2.29000000e+02 5.94000000e+02 1.82302367e-01 1.00000000e+01]
[5.83000000e+02 5.87000000e+02 1.82310878e-01 1.40000000e+01]
[3.00000000e+01 2.09000000e+02 1.85276753e-01 2.00000000e+00]
[4.02000000e+02 4.89000000e+02 1.87549653e-01 2.00000000e+00]
[5.90000000e+02 5.93000000e+02 1.89176225e-01 1.00000000e+01]
[3.48000000e+02 3.67000000e+02 1.96169944e-01 2.00000000e+00]
[5.88000000e+02 2.04000000e+02 1.98906219e-01 7.00000000e+00]
[ 62.         180.           0.20098178   2.        ]
[9.20000000e+01 2.69000000e+02 2.03990406e-01 2.00000000e+00]
[4.92000000e+02 5.23000000e+02 2.05679554e-01 2.00000000e+00]
[6.09000000e+02 1.54000000e+02 2.06150957e-01 1.50000000e+01]
[5.81000000e+02 2.25000000e+02 2.10840301e-01 3.00000000e+00]
[ 33.         122.           0.21900548   2.        ]
[2.47000000e+02 2.49000000e+02 2.22428302e-01 2.00000000e+00]
[6.30000000e+01 4.26000000e+02 2.23268164e-01 2.00000000e+00]
[3.97000000e+02 4.44000000e+02 2.24477733e-01 2.00000000e+00]
[3.27000000e+02 5.38000000e+02 2.27627898e-01 2.00000000e+00]
[ 87.         153.           0.22866246   2.        ]
[3.9600000e+02 4.1400000e+02 2.3104327e-01 2.0000000e+00]
[3.28000000e+02 6.18000000e+02 2.32148799e-01 1.60000000e+01]
[ 73.         200.           0.23291441   2.        ]
[65.         76.          0.23836196  2.        ]
[6.03000000e+02 4.77000000e+02 2.38903265e-01 3.00000000e+00]
[2.76000000e+02 3.45000000e+02 2.39024135e-01 2.00000000e+00]
[ 98.         155.           0.23975298   2.        ]
[1.70000000e+01 2.83000000e+02 2.40677947e-01 2.00000000e+00]
[2.39000000e+02 6.27000000e+02 2.41824189e-01 1.70000000e+01]
[4.15000000e+02 4.60000000e+02 2.45132734e-01 2.00000000e+00]
[7.00000000e+01 6.08000000e+02 2.46625067e-01 1.10000000e+01]
[4.28000000e+02 6.20000000e+02 2.50136612e-01 3.00000000e+00]
[5.97000000e+02 2.33000000e+02 2.53783725e-01 4.00000000e+00]
[4.10000000e+01 6.17000000e+02 2.55508854e-01 3.00000000e+00]
[2.07000000e+02 2.56000000e+02 2.55739465e-01 2.00000000e+00]
[6.14000000e+02 6.25000000e+02 2.57623938e-01 9.00000000e+00]
[3.66000000e+02 5.17000000e+02 2.57811161e-01 2.00000000e+00]
[1.4400000e+02 5.6100000e+02 2.6227702e-01 3.0000000e+00]
[119.          38.           0.26241497   2.        ]
[5.9500000e+02 6.1200000e+02 2.6456501e-01 1.2000000e+01]
[185.         195.           0.26467016   2.        ]
[2.00000000e+01 6.45000000e+02 2.66087232e-01 1.30000000e+01]
[3.46000000e+02 4.38000000e+02 2.68507585e-01 2.00000000e+00]
[4.18000000e+02 4.61000000e+02 2.68693299e-01 2.00000000e+00]
[6.37000000e+02 5.28000000e+02 2.71223793e-01 4.00000000e+00]
[2.9000000e+01 4.8600000e+02 2.7167803e-01 2.0000000e+00]
[6.34000000e+02 4.48000000e+02 2.73183393e-01 1.80000000e+01]
[2.97000000e+02 4.27000000e+02 2.74158236e-01 2.00000000e+00]
[1.60000000e+01 4.39000000e+02 2.77025331e-01 2.00000000e+00]
[6.32000000e+02 2.85000000e+02 2.83305992e-01 3.00000000e+00]
[1.90000000e+01 6.36000000e+02 2.83969698e-01 1.20000000e+01]
[6.15000000e+02 1.12000000e+02 2.85765787e-01 3.00000000e+00]
[3.70000000e+01 6.04000000e+02 2.86131402e-01 3.00000000e+00]
[3.34000000e+02 6.56000000e+02 2.87438948e-01 1.30000000e+01]
[ 5.         34.          0.29121814  2.        ]
[6.5000000e+02 5.1200000e+02 2.9165232e-01 5.0000000e+00]
[3.93000000e+02 5.11000000e+02 2.93669718e-01 2.00000000e+00]
[3.81000000e+02 4.05000000e+02 2.95526253e-01 2.00000000e+00]
[6.02000000e+02 1.56000000e+02 2.95705331e-01 5.00000000e+00]
[2.90000000e+02 5.30000000e+02 2.96749256e-01 2.00000000e+00]
[6.38000000e+02 6.57000000e+02 2.97009886e-01 7.00000000e+00]
[1.99000000e+02 6.64000000e+02 2.99903056e-01 6.00000000e+00]
[2.13000000e+02 3.86000000e+02 3.00697029e-01 2.00000000e+00]
[5.96000000e+02 1.86000000e+02 3.00792759e-01 4.00000000e+00]
[1.40000000e+01 4.33000000e+02 3.05118648e-01 2.00000000e+00]
[265.         275.           0.30937162   2.        ]
[6.47000000e+02 1.50000000e+02 3.12050164e-01 1.40000000e+01]
[ 27.         172.           0.31794745   2.        ]
[3.18000000e+02 5.09000000e+02 3.19358317e-01 2.00000000e+00]
[8.00000000e+01 4.09000000e+02 3.20751908e-01 2.00000000e+00]
[5.56000000e+02 6.55000000e+02 3.21195435e-01 5.00000000e+00]
[6.7600000e+02 3.5800000e+02 3.2238829e-01 6.0000000e+00]
[2.48000000e+02 5.16000000e+02 3.23194188e-01 2.00000000e+00]
[287.         324.           0.32672628   2.        ]
[2.30000000e+01 6.69000000e+02 3.29185294e-01 5.00000000e+00]
[6.60000000e+01 5.53000000e+02 3.30884475e-01 3.00000000e+00]
[5.89000000e+02 3.40000000e+02 3.32033937e-01 5.00000000e+00]
[5.67000000e+02 6.31000000e+02 3.34641585e-01 4.00000000e+00]
[1.15000000e+02 6.66000000e+02 3.36776955e-01 8.00000000e+00]
[5.75000000e+02 1.51000000e+02 3.37557389e-01 3.00000000e+00]
[1.57000000e+02 4.95000000e+02 3.37887598e-01 2.00000000e+00]
[6.72000000e+02 6.44000000e+02 3.38898656e-01 1.60000000e+01]
[202.         272.           0.34049011   2.        ]
[5.90000000e+01 6.41000000e+02 3.42821761e-01 1.00000000e+01]
[6.5800000e+02 6.8000000e+02 3.4313279e-01 8.0000000e+00]
[3.13000000e+02 3.78000000e+02 3.44314589e-01 2.00000000e+00]
[2.2700000e+02 6.8200000e+02 3.4566181e-01 6.0000000e+00]
[6.90000000e+02 3.50000000e+02 3.45684956e-01 9.00000000e+00]
[6.59000000e+02 6.71000000e+02 3.48169275e-01 1.50000000e+01]
[1.42000000e+02 5.19000000e+02 3.49140487e-01 2.00000000e+00]
[3.50000000e+01 6.52000000e+02 3.49939598e-01 1.90000000e+01]
[1.32000000e+02 3.72000000e+02 3.51968385e-01 2.00000000e+00]
[2.59000000e+02 6.92000000e+02 3.52416004e-01 7.00000000e+00]
[6.16000000e+02 1.92000000e+02 3.52446867e-01 3.00000000e+00]
[3.5600000e+02 4.6700000e+02 3.5307517e-01 2.0000000e+00]
[6.60000000e+02 6.40000000e+02 3.54325413e-01 4.00000000e+00]
[6.94000000e+02 4.69000000e+02 3.54819505e-01 1.60000000e+01]
[6.96000000e+02 1.60000000e+02 3.56806903e-01 2.00000000e+01]
[6.84000000e+02 3.33000000e+02 3.60180614e-01 9.00000000e+00]
[5.08000000e+02 6.54000000e+02 3.61042347e-01 3.00000000e+00]
[4.20000000e+01 4.84000000e+02 3.61092816e-01 2.00000000e+00]
[ 58.         263.           0.36423263   2.        ]
[6.98000000e+02 4.91000000e+02 3.64371311e-01 8.00000000e+00]
[6.61000000e+02 5.98000000e+02 3.66774878e-01 7.00000000e+00]
[335.         338.           0.36722237   2.        ]
[1.00000000e+01 6.19000000e+02 3.68196501e-01 4.00000000e+00]
[2.50000000e+01 4.04000000e+02 3.74545897e-01 2.00000000e+00]
[5.20000000e+01 3.82000000e+02 3.80741292e-01 2.00000000e+00]
[7.02000000e+02 7.03000000e+02 3.82064726e-01 3.60000000e+01]
[2.37000000e+02 4.90000000e+02 3.83672311e-01 2.00000000e+00]
[7.04000000e+02 2.08000000e+02 3.85545192e-01 1.00000000e+01]
[194.         252.           0.38636186   2.        ]
[2.7800000e+02 7.0900000e+02 3.8704629e-01 8.0000000e+00]
[118.         374.           0.38881556   2.        ]
[3.65000000e+02 4.43000000e+02 3.90934609e-01 2.00000000e+00]
[5.84000000e+02 3.60000000e+02 3.91586125e-01 3.00000000e+00]
[1.73000000e+02 4.87000000e+02 3.92391664e-01 2.00000000e+00]
[4.08000000e+02 4.50000000e+02 3.93550263e-01 2.00000000e+00]
[6.74000000e+02 5.13000000e+02 3.93844826e-01 3.00000000e+00]
[1.04000000e+02 7.14000000e+02 3.94196617e-01 3.70000000e+01]
[6.39000000e+02 7.13000000e+02 3.94827298e-01 5.00000000e+00]
[7.05000000e+02 6.63000000e+02 3.95983662e-01 5.00000000e+00]
[6.77000000e+02 2.55000000e+02 3.96884426e-01 7.00000000e+00]
[4.60000000e+01 6.93000000e+02 3.98807526e-01 1.00000000e+01]
[7.08000000e+02 3.87000000e+02 4.06773315e-01 9.00000000e+00]
[7.180000e+02 7.120000e+02 4.068767e-01 1.000000e+01]
[4.40000000e+01 4.52000000e+02 4.07503244e-01 2.00000000e+00]
[11.         15.          0.40996473  2.        ]
[193.         279.           0.41049863   2.        ]
[1.80000000e+01 6.87000000e+02 4.13040601e-01 1.70000000e+01]
[3.84000000e+02 6.49000000e+02 4.13355455e-01 3.00000000e+00]
[7.25000000e+02 1.83000000e+02 4.13670711e-01 3.80000000e+01]
[4.65000000e+02 7.27000000e+02 4.13819822e-01 6.00000000e+00]
[4.53000000e+02 6.06000000e+02 4.15554745e-01 3.00000000e+00]
[2.60000000e+02 7.38000000e+02 4.17280524e-01 7.00000000e+00]
[7.50000000e+01 4.85000000e+02 4.17950548e-01 2.00000000e+00]
[6.91000000e+02 5.21000000e+02 4.18283349e-01 3.00000000e+00]
[146.         391.           0.41865465   2.        ]
[6.88000000e+02 6.83000000e+02 4.18883283e-01 6.00000000e+00]
[7.06000000e+02 4.88000000e+02 4.18956264e-01 3.00000000e+00]
[3.21000000e+02 7.31000000e+02 4.19809064e-01 1.10000000e+01]
[2.50000000e+02 6.62000000e+02 4.19854725e-01 3.00000000e+00]
[139.         241.           0.42168075   2.        ]
[1.00000000e+02 7.39000000e+02 4.23506931e-01 4.00000000e+00]
[5.52000000e+02 5.06000000e+02 4.23552759e-01 3.00000000e+00]
[ 82.         127.           0.42411755   2.        ]
[6.24000000e+02 7.29000000e+02 4.24244536e-01 1.20000000e+01]
[158.         410.           0.42479177   2.        ]
[138.         284.           0.42810114   2.        ]
[6.78000000e+02 4.12000000e+02 4.29435081e-01 3.00000000e+00]
[6.8500000e+02 3.9500000e+02 4.3116534e-01 4.0000000e+00]
[1.68000000e+02 7.40000000e+02 4.32603521e-01 8.00000000e+00]
[6.97000000e+02 2.44000000e+02 4.33062089e-01 3.00000000e+00]
[1.37000000e+02 6.86000000e+02 4.35074818e-01 3.00000000e+00]
[120.         163.           0.43662268   2.        ]
[ 88.         435.           0.43692477   2.        ]
[7.10000000e+01 4.62000000e+02 4.37781194e-01 2.00000000e+00]
[7.46000000e+02 3.57000000e+02 4.38386577e-01 1.20000000e+01]
[7.48000000e+02 1.88000000e+02 4.40202327e-01 3.00000000e+00]
[7.17000000e+02 4.63000000e+02 4.40309573e-01 3.00000000e+00]
[7.11000000e+02 1.62000000e+02 4.41332756e-01 5.00000000e+00]
[2.24000000e+02 5.37000000e+02 4.43086227e-01 2.00000000e+00]
[3.20000000e+01 7.52000000e+02 4.44706269e-01 1.30000000e+01]
[2.22000000e+02 5.10000000e+02 4.44881209e-01 2.00000000e+00]
[7.28000000e+02 7.44000000e+02 4.46786557e-01 1.30000000e+01]
[ 83.         331.           0.44734444   2.        ]
[3.73000000e+02 4.79000000e+02 4.48731584e-01 2.00000000e+00]
[7.1600000e+02 1.6700000e+02 4.4996512e-01 1.1000000e+01]
[1.34000000e+02 5.39000000e+02 4.49994203e-01 2.00000000e+00]
[6.29000000e+02 2.54000000e+02 4.50088728e-01 3.00000000e+00]
[7.35000000e+02 7.30000000e+02 4.52553838e-01 2.60000000e+01]
[6.42000000e+02 3.71000000e+02 4.54087803e-01 3.00000000e+00]
[6.89000000e+02 6.99000000e+02 4.55554515e-01 1.30000000e+01]
[6.1300000e+02 4.3400000e+02 4.5698542e-01 3.0000000e+00]
[117.         280.           0.45771938   2.        ]
[4.42000000e+02 6.00000000e+02 4.58978402e-01 3.00000000e+00]
[57.        97.         0.4593133  2.       ]
[4.5000000e+01 7.5800000e+02 4.6038881e-01 4.0000000e+00]
[370.         459.           0.46343485   2.        ]
[6.2200000e+02 1.0200000e+02 4.6387084e-01 3.0000000e+00]
[7.66000000e+02 6.70000000e+01 4.65688608e-01 6.00000000e+00]
[7.51000000e+02 1.82000000e+02 4.66227234e-01 3.00000000e+00]
[7.47000000e+02 6.67000000e+02 4.67145717e-01 9.00000000e+00]
[5.73000000e+02 7.57000000e+02 4.67911345e-01 1.00000000e+01]
[7.76000000e+02 4.80000000e+01 4.67982635e-01 2.70000000e+01]
[5.10000000e+01 6.21000000e+02 4.69599226e-01 3.00000000e+00]
[7.41000000e+02 7.89000000e+02 4.70930524e-01 1.20000000e+01]
[7.49000000e+02 7.92000000e+02 4.73114354e-01 1.60000000e+01]
[2.80000000e+01 7.10000000e+02 4.73276679e-01 3.00000000e+00]
[4.83000000e+02 7.93000000e+02 4.73784551e-01 1.70000000e+01]
[7.01000000e+02 7.37000000e+02 4.74131663e-01 4.20000000e+01]
[6.95000000e+02 5.07000000e+02 4.74174864e-01 3.00000000e+00]
[7.78000000e+02 1.74000000e+02 4.75646834e-01 1.40000000e+01]
[7.70000000e+02 7.79000000e+02 4.75710662e-01 1.60000000e+01]
[1.61000000e+02 6.46000000e+02 4.76362925e-01 3.00000000e+00]
[7.23000000e+02 7.36000000e+02 4.78639722e-01 5.00000000e+00]
[7.59000000e+02 2.43000000e+02 4.78753419e-01 4.00000000e+00]
[1.0600000e+02 7.5300000e+02 4.7972262e-01 3.0000000e+00]
[7.61000000e+02 7.43000000e+02 4.81599322e-01 4.00000000e+00]
[5.91000000e+02 1.75000000e+02 4.82727011e-01 3.00000000e+00]
[3.85000000e+02 7.87000000e+02 4.83717765e-01 4.00000000e+00]
[7.74000000e+02 5.14000000e+02 4.86028581e-01 3.00000000e+00]
[6.10000000e+02 5.99000000e+02 4.86060053e-01 4.00000000e+00]
[4.55000000e+02 5.26000000e+02 4.86131936e-01 2.00000000e+00]
[7.75000000e+02 7.99000000e+02 4.87851039e-01 1.90000000e+01]
[2.03000000e+02 7.73000000e+02 4.88326198e-01 1.20000000e+01]
[6.30000000e+02 7.63000000e+02 4.88615616e-01 1.50000000e+01]
[111.        349.          0.4896033   2.       ]
[ 55.         107.           0.48962851   2.        ]
[7.33000000e+02 5.04000000e+02 4.90361518e-01 3.00000000e+00]
[7.90000000e+02 6.79000000e+02 4.90438738e-01 2.90000000e+01]
[7.50000000e+02 8.12000000e+02 4.90764598e-01 1.80000000e+01]
[332.         451.           0.49083429   2.        ]
[4.78000000e+02 5.29000000e+02 4.90947721e-01 2.00000000e+00]
[6.65000000e+02 4.03000000e+02 4.92001064e-01 3.00000000e+00]
[2.60000000e+01 7.91000000e+02 4.92049859e-01 4.00000000e+00]
[1.8400000e+02 8.0100000e+02 4.9256116e-01 6.0000000e+00]
[0.00000000e+00 7.85000000e+02 4.92853132e-01 4.00000000e+00]
[7.68000000e+02 8.10000000e+02 4.94126497e-01 3.20000000e+01]
[ 39.        432.          0.4945477   2.       ]
[7.94000000e+02 7.81000000e+02 4.96397597e-01 6.00000000e+00]
[326.         420.           0.49652374   2.        ]
[238.         424.           0.49884117   2.        ]
[449.         482.           0.49884936   2.        ]
[6.28000000e+02 7.54000000e+02 4.99329505e-01 4.00000000e+00]
[294.         472.           0.50146221   2.        ]
[3.60000000e+01 8.04000000e+02 5.02194838e-01 5.00000000e+00]
[2.35000000e+02 5.24000000e+02 5.02960404e-01 2.00000000e+00]
[6.73000000e+02 4.40000000e+02 5.03222473e-01 3.00000000e+00]
[3.61000000e+02 5.27000000e+02 5.03648486e-01 2.00000000e+00]
[179.         417.           0.50708415   2.        ]
[3.10000000e+01 8.24000000e+02 5.07784271e-01 3.30000000e+01]
[7.62000000e+02 7.00000000e+02 5.08658994e-01 4.00000000e+00]
[ 22.         471.           0.51178608   2.        ]
[7.71000000e+02 8.06000000e+02 5.12271908e-01 6.00000000e+00]
[7.960000e+02 2.640000e+02 5.155285e-01 4.300000e+01]
[1.3300000e+02 7.5500000e+02 5.1622857e-01 4.0000000e+00]
[9.60000000e+01 7.95000000e+02 5.17424338e-01 1.80000000e+01]
[8.18000000e+02 6.35000000e+02 5.18672581e-01 4.00000000e+00]
[5.64000000e+02 2.96000000e+02 5.19028235e-01 4.00000000e+00]
[7.45000000e+02 1.26000000e+02 5.19265473e-01 4.00000000e+00]
[ 53.         231.           0.51934928   2.        ]
[398.         399.           0.51964938   2.        ]
[4.30000000e+02 6.26000000e+02 5.21023728e-01 3.00000000e+00]
[6.75000000e+02 1.41000000e+02 5.22815621e-01 3.00000000e+00]
[355.        441.          0.5230404   2.       ]
[6.70000000e+02 3.63000000e+02 5.23165476e-01 3.00000000e+00]
[ 60.         337.           0.52327411   2.        ]
[8.05000000e+02 3.52000000e+02 5.23626589e-01 4.00000000e+00]
[1.89000000e+02 5.35000000e+02 5.23653574e-01 2.00000000e+00]
[7.07000000e+02 1.98000000e+02 5.24559282e-01 3.00000000e+00]
[8.0700000e+02 8.0200000e+02 5.2552166e-01 7.0000000e+00]
[8.16000000e+02 8.30000000e+02 5.25819354e-01 3.30000000e+01]
[191.         258.           0.52915668   2.        ]
[7.88000000e+02 3.10000000e+02 5.31404512e-01 1.00000000e+01]
[8.14000000e+02 7.98000000e+02 5.32375687e-01 1.60000000e+01]
[4.22000000e+02 8.00000000e+02 5.34217751e-01 4.00000000e+00]
[8.17000000e+02 7.24000000e+02 5.35569951e-01 2.10000000e+01]
[8.22000000e+02 7.65000000e+02 5.37490262e-01 9.00000000e+00]
[8.27000000e+02 3.43000000e+02 5.38592964e-01 3.00000000e+00]
[1.97000000e+02 8.43000000e+02 5.39074178e-01 1.90000000e+01]
[8.58000000e+02 1.05000000e+02 5.40721662e-01 3.40000000e+01]
[7.82000000e+02 2.26000000e+02 5.41378452e-01 3.00000000e+00]
[7.56000000e+02 2.99000000e+02 5.41660624e-01 5.00000000e+00]
[7.34000000e+02 7.26000000e+02 5.41926323e-01 7.00000000e+00]
[8.70000000e+02 2.32000000e+02 5.42275223e-01 8.00000000e+00]
[8.54000000e+02 3.89000000e+02 5.42287037e-01 5.00000000e+00]
[3.62000000e+02 8.11000000e+02 5.47406847e-01 1.30000000e+01]
[5.80000000e+02 8.26000000e+02 5.48861115e-01 8.00000000e+00]
[306.         446.           0.54955883   2.        ]
[8.15000000e+02 8.74000000e+02 5.49889025e-01 1.10000000e+01]
[6.90000000e+01 8.57000000e+02 5.53427694e-01 8.00000000e+00]
[8.1300000e+02 8.6000000e+02 5.5365576e-01 1.2000000e+01]
[6.43000000e+02 7.67000000e+02 5.54449656e-01 5.00000000e+00]
[7.64000000e+02 4.64000000e+02 5.54498977e-01 4.00000000e+00]
[8.41000000e+02 8.40000000e+02 5.56148931e-01 4.90000000e+01]
[2.86000000e+02 8.67000000e+02 5.56320255e-01 3.50000000e+01]
[3.53000000e+02 7.77000000e+02 5.57218654e-01 4.00000000e+00]
[6.07000000e+02 4.96000000e+02 5.57751378e-01 3.00000000e+00]
[6.48000000e+02 8.66000000e+02 5.58405061e-01 2.10000000e+01]
[1.59000000e+02 8.23000000e+02 5.59451804e-01 5.00000000e+00]
[8.49000000e+02 8.56000000e+02 5.60741614e-01 6.00000000e+00]
[7.70000000e+01 7.20000000e+02 5.60958092e-01 3.00000000e+00]
[2.17000000e+02 7.69000000e+02 5.61996275e-01 3.00000000e+00]
[7.00000000e+00 8.86000000e+02 5.62154212e-01 6.00000000e+00]
[8.8100000e+02 7.2200000e+02 5.6260731e-01 5.1000000e+01]
[8.34000000e+02 4.16000000e+02 5.63539126e-01 4.00000000e+00]
[8.45000000e+02 8.37000000e+02 5.65280286e-01 3.70000000e+01]
[8.72000000e+02 3.75000000e+02 5.66272701e-01 6.00000000e+00]
[8.76000000e+02 1.16000000e+02 5.68283286e-01 1.20000000e+01]
[8.20000000e+02 8.85000000e+02 5.69490614e-01 2.40000000e+01]
[8.91000000e+02 2.66000000e+02 5.70651365e-01 5.20000000e+01]
[4.70000000e+01 8.59000000e+02 5.71791111e-01 3.00000000e+00]
[8.09000000e+02 8.78000000e+02 5.73197584e-01 1.40000000e+01]
[8.97000000e+02 3.47000000e+02 5.77685181e-01 5.30000000e+01]
[8.82000000e+02 8.31000000e+02 5.80515427e-01 3.70000000e+01]
[273.         354.           0.58177671   2.        ]
[7.32000000e+02 8.42000000e+02 5.81830163e-01 6.00000000e+00]
[8.65000000e+02 8.62000000e+02 5.83310557e-01 7.00000000e+00]
[5.01000000e+02 8.93000000e+02 5.84206776e-01 3.80000000e+01]
[376.         494.           0.58576563   2.        ]
[131.         425.           0.58687911   2.        ]
[6.01000000e+02 8.51000000e+02 5.87940659e-01 4.00000000e+00]
[8.63000000e+02 8.79000000e+02 5.88920911e-01 2.60000000e+01]
[8.32000000e+02 8.64000000e+02 5.89003325e-01 1.40000000e+01]
[8.77000000e+02 7.80000000e+02 5.89839418e-01 1.00000000e+01]
[8.25000000e+02 8.29000000e+02 5.89967068e-01 4.00000000e+00]
[8.28000000e+02 9.04000000e+02 5.91186517e-01 9.00000000e+00]
[8.47000000e+02 4.01000000e+02 5.92009267e-01 3.00000000e+00]
[2.28000000e+02 7.72000000e+02 5.92285459e-01 3.00000000e+00]
[8.19000000e+02 8.90000000e+02 5.94254738e-01 8.00000000e+00]
[8.87000000e+02 3.90000000e+02 5.96469553e-01 7.00000000e+00]
[8.46000000e+02 4.98000000e+02 5.97783146e-01 5.00000000e+00]
[8.73000000e+02 8.69000000e+02 5.98424862e-01 1.80000000e+01]
[8.0800000e+02 8.9800000e+02 6.0244645e-01 7.0000000e+00]
[8.44000000e+02 9.05000000e+02 6.02986119e-01 4.20000000e+01]
[8.21000000e+02 1.10000000e+02 6.03627186e-01 5.00000000e+00]
[5.6000000e+01 6.6800000e+02 6.0437085e-01 3.0000000e+00]
[9.40000000e+01 9.17000000e+02 6.04514287e-01 8.00000000e+00]
[8.52000000e+02 9.19000000e+02 6.06036111e-01 2.10000000e+01]
[4.57000000e+02 8.83000000e+02 6.06913853e-01 5.00000000e+00]
[8.50000000e+01 8.55000000e+02 6.07842401e-01 3.00000000e+00]
[3.41000000e+02 9.09000000e+02 6.08298073e-01 2.70000000e+01]
[9.1200000e+02 3.5100000e+02 6.1155884e-01 5.0000000e+00]
[2.0000000e+00 9.2800000e+02 6.1265568e-01 2.8000000e+01]
[7.21000000e+02 5.31000000e+02 6.14013686e-01 4.00000000e+00]
[8.03000000e+02 9.10000000e+02 6.14059616e-01 1.70000000e+01]
[8.92000000e+02 7.97000000e+02 6.14789971e-01 7.00000000e+00]
[9.02000000e+02 9.01000000e+02 6.16335248e-01 3.90000000e+01]
[8.75000000e+02 4.58000000e+02 6.16811795e-01 3.00000000e+00]
[9.25000000e+02 8.38000000e+02 6.17249167e-01 2.50000000e+01]
[7.60000000e+02 6.05000000e+02 6.23983277e-01 4.00000000e+00]
[7.90000000e+01 9.27000000e+02 6.25127201e-01 4.00000000e+00]
[8.95000000e+02 8.96000000e+02 6.26630073e-01 3.60000000e+01]
[8.39000000e+02 9.36000000e+02 6.26660834e-01 2.70000000e+01]
[2.53000000e+02 9.21000000e+02 6.28697861e-01 4.30000000e+01]
[8.5000000e+02 8.9400000e+02 6.2916235e-01 9.0000000e+00]
[9.390000e+02 8.530000e+02 6.341453e-01 3.800000e+01]
[1.90000000e+02 9.26000000e+02 6.34560156e-01 6.00000000e+00]
[7.86000000e+02 9.11000000e+02 6.34854469e-01 1.60000000e+01]
[212.         456.           0.63497005   2.        ]
[8.80000000e+02 9.41000000e+02 6.35264379e-01 4.70000000e+01]
[633.         388.           0.63649857   3.        ]
[1.49000000e+02 9.40000000e+02 6.38308138e-01 2.80000000e+01]
[8.68000000e+02 9.13000000e+02 6.43800411e-01 1.20000000e+01]
[9.22000000e+02 9.16000000e+02 6.44205369e-01 1.30000000e+01]
[7.42000000e+02 4.47000000e+02 6.44738085e-01 4.00000000e+00]
[9.32000000e+02 9.15000000e+02 6.48559946e-01 2.00000000e+01]
[9.20000000e+02 9.08000000e+02 6.51046856e-01 1.10000000e+01]
[9.23000000e+02 3.68000000e+02 6.53529333e-01 4.00000000e+00]
[9.00000000e+02 5.05000000e+02 6.53545986e-01 5.40000000e+01]
[7.15000000e+02 9.53000000e+02 6.56489277e-01 2.20000000e+01]
[9.43000000e+02 9.29000000e+02 6.57814397e-01 4.30000000e+01]
[466.         500.           0.65951875   2.        ]
[9.50000000e+02 9.55000000e+02 6.60383618e-01 1.60000000e+01]
[3.44000000e+02 8.99000000e+02 6.60557828e-01 1.50000000e+01]
[476.         499.           0.66200692   2.        ]
[9.57000000e+02 6.53000000e+02 6.62100141e-01 2.40000000e+01]
[2.67000000e+02 9.58000000e+02 6.62442532e-01 4.40000000e+01]
[2.8200000e+02 9.6400000e+02 6.6360635e-01 4.5000000e+01]
[9.45000000e+02 9.47000000e+02 6.66709547e-01 6.30000000e+01]
[9.54000000e+02 9.48000000e+02 6.68367667e-01 1.40000000e+01]
[9.06000000e+02 9.60000000e+02 6.69047674e-01 1.80000000e+01]
[9.56000000e+02 8.84000000e+02 6.74050669e-01 5.70000000e+01]
[9.38000000e+02 8.33000000e+02 6.75023434e-01 6.00000000e+00]
[4.21000000e+02 8.89000000e+02 6.79850471e-01 4.00000000e+00]
[9.69000000e+02 4.30000000e+01 6.81446526e-01 5.80000000e+01]
[9.44000000e+02 2.23000000e+02 6.82088105e-01 7.00000000e+00]
[9.72000000e+02 2.11000000e+02 6.83812761e-01 5.90000000e+01]
[9.33000000e+02 9.73000000e+02 6.84767101e-01 1.40000000e+01]
[9.63000000e+02 3.25000000e+02 6.84844271e-01 2.50000000e+01]
[8.36000000e+02 3.64000000e+02 6.86793654e-01 3.00000000e+00]
[9.67000000e+02 9.66000000e+02 6.86816511e-01 7.70000000e+01]
[9.51000000e+02 9.42000000e+02 6.86911502e-01 2.20000000e+01]
[7.83000000e+02 2.93000000e+02 6.91110853e-01 5.00000000e+00]
[8.71000000e+02 9.37000000e+02 6.91985196e-01 1.20000000e+01]
[9.65000000e+02 8.35000000e+02 6.95800663e-01 4.70000000e+01]
[9.49000000e+02 1.81000000e+02 6.97216009e-01 2.90000000e+01]
[8.88000000e+02 9.78000000e+02 7.00109459e-01 8.00000000e+01]
[215.         515.           0.70246397   2.        ]
[411.         431.           0.70351261   2.        ]
[9.70000000e+02 9.82000000e+02 7.07076165e-01 5.30000000e+01]
[9.75000000e+02 3.04000000e+02 7.07763111e-01 1.50000000e+01]
[9.07000000e+02 9.61000000e+02 7.08217944e-01 1.70000000e+01]
[8.00000000e+00 9.87000000e+02 7.08998323e-01 5.40000000e+01]
[2.42000000e+02 9.35000000e+02 7.13236307e-01 4.00000000e+00]
[9.18000000e+02 9.68000000e+02 7.13342204e-01 2.30000000e+01]
[9.7900000e+02 4.9300000e+02 7.1689717e-01 2.3000000e+01]
[9.03000000e+02 9.14000000e+02 7.16975933e-01 9.00000000e+00]
[2.92000000e+02 9.62000000e+02 7.18069357e-01 3.00000000e+00]
[9.74000000e+02 3.30000000e+02 7.20111584e-01 6.00000000e+01]
[7.1900000e+02 9.9600000e+02 7.2057324e-01 6.2000000e+01]
[9.34000000e+02 9.84000000e+02 7.21713854e-01 1.19000000e+02]
[9.94000000e+02 3.11000000e+02 7.23741686e-01 1.00000000e+01]
[9.88000000e+02 6.51000000e+02 7.27614742e-01 1.70000000e+01]
[4.07000000e+02 9.93000000e+02 7.28317291e-01 2.40000000e+01]
[2.68000000e+02 9.52000000e+02 7.28427961e-01 5.00000000e+00]
[9.80000000e+02 9.83000000e+02 7.28971743e-01 3.40000000e+01]
[9.90000000e+02 9.98000000e+02 7.29448125e-01 1.73000000e+02]
[1.00400000e+03 6.81000000e+02 7.33409199e-01 1.76000000e+02]
[9.71000000e+02 5.20000000e+02 7.33595883e-01 5.00000000e+00]
[7.84000000e+02 4.19000000e+02 7.37036568e-01 3.00000000e+00]
[8.48000000e+02 9.97000000e+02 7.37686275e-01 6.40000000e+01]
[9.81000000e+02 4.75000000e+02 7.38421389e-01 1.30000000e+01]
[5.36000000e+02 1.00100000e+03 7.38875668e-01 2.50000000e+01]
[4.70000000e+02 1.00200000e+03 7.41643733e-01 6.00000000e+00]
[9.30000000e+02 9.76000000e+02 7.42193426e-01 5.30000000e+01]
[8.61000000e+02 1.00500000e+03 7.43603823e-01 1.92000000e+02]
[9.9000000e+01 1.0110000e+03 7.4689281e-01 7.0000000e+00]
[ 84.         166.           0.75091222   2.        ]
[1.00000000e+03 9.24000000e+02 7.52689283e-01 2.50000000e+01]
[145.         525.           0.75634079   2.        ]
[5.82000000e+02 9.46000000e+02 7.56450355e-01 4.00000000e+00]
[9.31000000e+02 1.01600000e+03 7.57829485e-01 2.90000000e+01]
[9.85000000e+02 1.00600000e+03 7.60409596e-01 7.00000000e+00]
[1.14000000e+02 1.01900000e+03 7.62888197e-01 3.00000000e+01]
[9.92000000e+02 9.95000000e+02 7.63016971e-01 2.60000000e+01]
[1.71000000e+02 1.00700000e+03 7.65696339e-01 4.00000000e+00]
[1.01500000e+03 3.12000000e+02 7.69877839e-01 3.00000000e+00]
[1.0200000e+03 9.9900000e+02 7.7017066e-01 1.7000000e+01]
[9.86000000e+02 1.00300000e+03 7.74752782e-01 3.60000000e+01]
[1.87000000e+02 9.59000000e+02 7.91165648e-01 3.00000000e+00]
[1.02400000e+03 1.01000000e+02 8.00078193e-01 4.00000000e+00]
[257.         314.           0.80305233   2.        ]
[2.01000000e+02 1.01300000e+03 8.09269675e-01 1.93000000e+02]
[1.02500000e+03 2.88000000e+02 8.11237506e-01 1.80000000e+01]
[4.74000000e+02 1.02100000e+03 8.17092411e-01 3.10000000e+01]
[9.91000000e+02 3.79000000e+02 8.22164244e-01 5.00000000e+00]
[1.01200000e+03 6.11000000e+02 8.23542853e-01 5.50000000e+01]
[1.00900000e+03 1.00800000e+03 8.28991702e-01 7.70000000e+01]
[1.02200000e+03 1.02600000e+03 8.29793492e-01 6.20000000e+01]
[9.89000000e+02 1.03000000e+03 8.39879035e-01 2.10000000e+02]
[1.02700000e+03 2.81000000e+02 8.41582344e-01 4.00000000e+00]
[1.0100000e+03 1.0350000e+03 8.4357021e-01 1.0200000e+02]
[1.20000000e+01 1.03200000e+03 8.45301426e-01 3.20000000e+01]
[1.03100000e+03 5.34000000e+02 8.55989981e-01 1.90000000e+01]
[342.       481.         0.857463   2.      ]
[1.01400000e+03 1.03700000e+03 8.59331859e-01 2.17000000e+02]
[ 13.         289.           0.86336805   2.        ]
[1.03600000e+03 1.04300000e+03 8.67123762e-01 2.79000000e+02]
[1.04500000e+03 1.02300000e+03 8.67841566e-01 2.83000000e+02]
[ 89.         497.           0.86926393   2.        ]
[568.         147.           0.89792492   3.        ]
[1.04000000e+03 1.04100000e+03 8.98038892e-01 5.10000000e+01]
[3.92000000e+02 1.03900000e+03 8.98599085e-01 1.03000000e+02]
[623.         502.           0.90306863   3.        ]
[1.01700000e+03 3.23000000e+02 9.13401254e-01 3.00000000e+00]
[377.         533.           0.92384157   2.        ]
[1.04400000e+03 1.02800000e+03 9.31267373e-01 6.00000000e+00]
[1.04800000e+03 1.04200000e+03 9.33192499e-01 5.00000000e+00]
[1.04900000e+03 1.04600000e+03 9.40133203e-01 3.34000000e+02]
[1.02900000e+03 2.77000000e+02 9.45682383e-01 3.00000000e+00]
[1.03800000e+03 1.03300000e+03 9.56396968e-01 9.00000000e+00]
[1.03400000e+03 1.05000000e+03 9.71023371e-01 1.58000000e+02]
[1.05600000e+03 1.05400000e+03 9.79543463e-01 3.40000000e+02]
[1.06000000e+03 1.08000000e+02 9.80968475e-01 3.41000000e+02]
[1.04700000e+03 1.69000000e+02 9.95253405e-01 3.00000000e+00]
[2.34000000e+02 1.05100000e+03 1.00034132e+00 4.00000000e+00]
[1.06100000e+03 1.01800000e+03 1.00061855e+00 3.45000000e+02]
[1.05300000e+03 4.29000000e+02 1.01589681e+00 3.00000000e+00]
[1.06400000e+03 1.06300000e+03 1.01761026e+00 3.49000000e+02]
[1.06600000e+03 1.06200000e+03 1.02236925e+00 3.52000000e+02]
[1.06700000e+03 1.05700000e+03 1.02262559e+00 3.55000000e+02]
[3.16000000e+02 1.06800000e+03 1.02779002e+00 3.56000000e+02]
[3.19000000e+02 1.06900000e+03 1.04361521e+00 3.57000000e+02]
[1.77000000e+02 1.05800000e+03 1.04536423e+00 1.00000000e+01]
[1059.          86.           1.0753439  159.       ]
[1071.         1070.            1.08329519  367.        ]
[1055.        1073.           1.1148636  372.       ]
[1072.          977.            1.11852312  162.        ]
[1075.         1052.            1.19603666  165.        ]
[1076.         1074.            1.20929616  537.        ]
[1077.         1065.            1.27737826  540.        ]
