[14. 15.  0.  2.]
[70. 71.  0.  2.]
[486.  72.   0.   3.]
[487.  73.   0.   4.]
[488.  74.   0.   5.]
[80. 81.  0.  2.]
[490.  82.   0.   3.]
[93. 94.  0.  2.]
[492.  95.   0.   3.]
[493.  96.   0.   4.]
[109. 114.   0.   2.]
[112. 117.   0.   2.]
[496. 120.   0.   3.]
[497. 125.   0.   4.]
[113. 116.   0.   2.]
[499. 127.   0.   3.]
[123. 124.   0.   2.]
[501. 128.   0.   3.]
[132. 133.   0.   2.]
[503. 135.   0.   3.]
[136. 137.   0.   2.]
[149. 150.   0.   2.]
[506. 151.   0.   3.]
[507. 153.   0.   4.]
[157. 215.   0.   2.]
[509. 216.   0.   3.]
[510. 218.   0.   4.]
[511. 219.   0.   5.]
[512. 222.   0.   6.]
[172. 174.   0.   2.]
[179. 181.   0.   2.]
[205. 211.   0.   2.]
[212. 221.   0.   2.]
[225. 227.   0.   2.]
[233. 235.   0.   2.]
[519. 236.   0.   3.]
[520. 239.   0.   4.]
[521. 240.   0.   5.]
[522. 243.   0.   6.]
[242. 244.   0.   2.]
[284. 303.   0.   2.]
[286. 298.   0.   2.]
[291. 297.   0.   2.]
[316. 318.   0.   2.]
[528. 321.   0.   3.]
[320. 529.   0.   4.]
[319. 324.   0.   2.]
[333. 341.   0.   2.]
[361. 363.   0.   2.]
[362. 364.   0.   2.]
[368. 370.   0.   2.]
[375. 376.   0.   2.]
[379. 385.   0.   2.]
[537. 386.   0.   3.]
[538. 388.   0.   4.]
[539. 399.   0.   5.]
[540. 411.   0.   6.]
[395. 396.   0.   2.]
[542. 401.   0.   3.]
[430. 431.   0.   2.]
[440. 449.   0.   2.]
[443. 444.   0.   2.]
[546. 445.   0.   3.]
[446. 447.   0.   2.]
[473. 474.   0.   2.]
[1.82000000e+02 1.84000000e+02 1.90734863e-06 2.00000000e+00]
[4.58000000e+02 5.45000000e+02 1.90734863e-06 3.00000000e+00]
[4.56000000e+02 4.64000000e+02 1.90734863e-06 2.00000000e+00]
[3.11000000e+02 3.25000000e+02 2.33601546e-06 2.00000000e+00]
[3.0000000e+01 3.1000000e+01 2.6973983e-06 2.0000000e+00]
[8.4000000e+01 8.5000000e+01 2.6973983e-06 2.0000000e+00]
[2.0600000e+02 2.0700000e+02 2.6973983e-06 2.0000000e+00]
[5.5600000e+02 2.0800000e+02 2.6973983e-06 3.0000000e+00]
[5.5700000e+02 2.0900000e+02 2.6973983e-06 4.0000000e+00]
[2.9900000e+02 3.0100000e+02 2.6973983e-06 2.0000000e+00]
[1.92000000e+02 1.97000000e+02 3.30362474e-06 2.00000000e+00]
[1.98000000e+02 1.99000000e+02 3.30362474e-06 2.00000000e+00]
[1.78000000e+02 1.80000000e+02 4.67203091e-06 2.00000000e+00]
[4.48000000e+02 4.53000000e+02 5.39479661e-06 2.00000000e+00]
[4.50000000e+02 4.52000000e+02 5.39479661e-06 2.00000000e+00]
[5.64000000e+02 4.59000000e+02 5.39479661e-06 3.00000000e+00]
[5.65000000e+02 5.47000000e+02 5.39479661e-06 6.00000000e+00]
[4.67000000e+02 4.70000000e+02 5.39479661e-06 2.00000000e+00]
[4.75000000e+02 4.76000000e+02 7.62939453e-06 2.00000000e+00]
[428.         433.          16.94752477   2.        ]
[139.         140.          18.22775728   2.        ]
[106.         107.          18.90113484   2.        ]
[314.         315.          25.17984205   2.        ]
[352.         353.          25.17984205   2.        ]
[531.         530.          25.41564677   6.        ]
[505.         138.          27.22381503   3.        ]
[552.         551.          28.16627861   5.        ]
[485.          16.          28.24769094   3.        ]
[570.         141.          31.34224434   3.        ]
[147.         148.          37.98206445   2.        ]
[405.         569.          41.14220574   3.        ]
[189.         560.          49.04705131   3.        ]
[581.         190.          50.95321637   4.        ]
[191.         561.          52.21133678   3.        ]
[351.         355.          54.56740639   2.        ]
[75.         76.         57.33399402  2.        ]
[313.         572.          57.43281909   3.        ]
[580.         436.          62.49355241   4.        ]
[437.         563.          63.28701826   3.        ]
[578.         142.          63.84661076   4.        ]
[566.         567.          65.05305399   8.        ]
[ 89.         418.          65.46006744   2.        ]
[249.         253.          69.19066768   2.        ]
[591.         576.          74.35251098   7.        ]
[41.         45.         74.44855654  2.        ]
[593.        455.         74.9001462   8.       ]
[ 53.         595.          83.91085019   9.        ]
[562.        366.         87.4262199   3.       ]
[587.         596.          89.04477984  13.        ]
[598.         586.          90.08992754  16.        ]
[130.         406.          90.37801002   2.        ]
[553.         599.          90.61985428  18.        ]
[ 90.         250.          91.53008223   2.        ]
[161.         231.          94.22456417   2.        ]
[272.         601.          95.90471827  19.        ]
[498.         604.         100.01329314  23.        ]
[279.         334.         100.36292482   2.        ]
[582.         300.         101.14626181   5.        ]
[605.         603.         101.83168444  25.        ]
[ 68.         608.         102.11284244  26.        ]
[500.         574.         102.85089624   9.        ]
[ 99.         481.         103.33361515   2.        ]
[602.         609.         104.25149353  28.        ]
[ 66.         600.         105.35881242   3.        ]
[159.         183.         105.42334772   2.        ]
[597.        248.        105.7315147   4.       ]
[610.         337.         106.63445885  10.        ]
[607.         517.         107.37630368   7.        ]
[340.         612.         108.02597839  29.        ]
[400.         616.         108.62967892  11.        ]
[554.          32.         109.49471325   3.        ]
[230.         617.         109.97391898   8.        ]
[ 52.         618.         111.36579922  30.        ]
[615.         583.         111.56921222   7.        ]
[ 57.         214.         111.64668763   2.        ]
[122.         619.         111.83204555  12.        ]
[621.         622.         112.83087896  38.        ]
[  3.          86.         113.65662551   2.        ]
[611.         478.         114.70097264   3.        ]
[613.         420.         114.84516428   4.        ]
[515.         592.         116.69756497   4.        ]
[390.         625.         116.81720996  13.        ]
[ 23.         623.         117.02478415   8.        ]
[146.         200.         118.56706448   2.        ]
[326.         360.         118.56922202   2.        ]
[247.         626.         118.75406334  39.        ]
[ 88.         550.         118.94869049   3.        ]
[264.         635.         121.03202737  40.        ]
[346.        429.        121.1147855   2.       ]
[594.          43.         121.15462729   3.        ]
[637.         631.         121.94274723  53.        ]
[204.         640.         122.27496966  54.        ]
[391.         628.         122.81169207   4.        ]
[ 47.          77.         123.45313515   2.        ]
[632.         160.         123.70242191   9.        ]
[241.         642.         124.32848967   5.        ]
[419.         641.         124.84857045  55.        ]
[203.         645.         125.37760991   6.        ]
[647.         210.         126.74274034   7.        ]
[624.         414.         126.94290351   3.        ]
[548.         646.         127.35883637  57.        ]
[629.         650.         128.55132125  61.        ]
[589.         630.         129.56474646   8.        ]
[ 36.         259.         129.67075197   2.        ]
[639.          58.         129.73894782   4.        ]
[ 21.         620.         131.19840525   4.        ]
[358.        533.        131.4183057   3.       ]
[614.         648.         131.73315971   9.        ]
[176.         651.         132.55576605  62.        ]
[310.         658.         132.62174292  63.        ]
[494.         579.         133.50849062   6.        ]
[194.         534.         134.02392521   3.        ]
[ 17.         158.         134.34629399   2.        ]
[119.         479.         135.52280799   2.        ]
[ 40.          55.         135.98162688   2.        ]
[  0.          44.         136.20381156   2.        ]
[649.         226.         136.58439438   4.        ]
[306.         661.         136.90137801   4.        ]
[643.         636.         137.63181407   5.        ]
[ 59.         526.         137.77620985   3.        ]
[302.         638.         138.52333061   3.        ]
[606.         657.         139.14285872  11.        ]
[412.         544.         139.61244583   3.        ]
[558.         652.         139.74955485  12.        ]
[ 91.        532.        139.9124656   3.       ]
[ 10.         273.         140.06856406   2.        ]
[524.         508.         140.29040419   6.        ]
[238.         670.         141.03233002   4.        ]
[627.         673.         141.39472284  14.        ]
[410.         460.         141.60172534   2.        ]
[644.         666.         141.94852333  13.        ]
[667.         665.         142.47616889   6.        ]
[663.         677.         143.13577396   6.        ]
[ 19.         655.         143.13863766   5.        ]
[671.         653.         143.16808904  13.        ]
[  7.         682.         143.38655143   7.        ]
[ 13.         684.         143.53540188  14.        ]
[680.         678.         144.09935335  27.        ]
[633.      676.      144.34604   8.     ]
[281.         686.         144.60662803  15.        ]
[672.         685.         145.72845981  10.        ]
[438.         690.         146.84889438  11.        ]
[516.         687.         147.23987153  29.        ]
[689.         681.         148.32374345  21.        ]
[468.         692.         148.70885839  30.        ]
[256.         693.         149.78756944  22.        ]
[ 48.          54.         150.03200562   2.        ]
[502.         367.         150.12225778   4.        ]
[118.         121.         150.35051911   2.        ]
[518.         104.         150.70590986   3.        ]
[434.         691.         151.25158333  12.        ]
[268.         342.         152.11322413   2.        ]
[369.        421.        152.5624393   2.       ]
[634.         669.         152.56882039   5.        ]
[675.         523.         154.83991085   8.        ]
[656.         695.         155.16803844  25.        ]
[697.         660.         155.77256336  10.        ]
[271.         700.         156.05067341  13.        ]
[688.         705.         157.43135447  33.        ]
[699.         708.         157.48802672  36.        ]
[659.         707.         157.80688838  76.        ]
[ 64.         67.        158.3652676   2.       ]
[679.        710.        158.4467323  78.       ]
[  5.          22.         158.52719284   2.        ]
[ 12.        668.        158.5932944   6.       ]
[143.         144.         158.81461796   2.        ]
[288.         409.         158.97096683   2.        ]
[ 61.         131.         159.16854864   2.        ]
[ 33.         712.         160.46697165  79.        ]
[  6.         262.         160.55059316   2.        ]
[703.         694.         161.29557702  35.        ]
[110.         709.         161.32006665  37.        ]
[714.         721.         163.64418289  43.        ]
[ 49.         202.         164.28851375   2.        ]
[654.      308.      164.88784   5.     ]
[702.         423.         164.90669386   3.        ]
[662.         722.         165.08322339  45.        ]
[224.         275.         165.49444947   2.        ]
[290.         489.         165.50083349   6.        ]
[674.         706.         165.75940298  13.        ]
[ 65.         252.         165.88355028   2.        ]
[ 29.       715.       166.187152   3.      ]
[383.         718.         166.84110367  80.        ]
[ 20.          38.         166.97517324   2.        ]
[ 87.         726.         167.06980052  46.        ]
[720.         734.         168.11344887  81.        ]
[698.         427.         168.54046196   3.        ]
[585.         735.         168.56871066  83.        ]
[394.         477.         168.71103617   2.        ]
[307.         323.         169.07357923   2.        ]
[716.         737.         169.12981922  85.        ]
[729.         328.         169.54503968  14.        ]
[740.         732.         169.88649936 165.        ]
[105.        742.        170.6706033 166.       ]
[261.        263.        171.1956054   2.       ]
[664.         343.         171.44099619   3.        ]
[704.        441.        171.7095767   9.       ]
[168.         289.         171.74384634   2.        ]
[ 63.         711.         172.13133221   3.        ]
[251.         392.         172.69728035   2.        ]
[725.         344.         172.72292946   4.        ]
[495.         731.         172.84272872   5.        ]
[188.         750.         173.51258926   5.        ]
[187.         727.         173.94144581   3.        ]
[728.         541.         175.09019593  12.        ]
[719.         717.         175.12622692   4.        ]
[382.        575.        175.4766637   4.       ]
[ 34.         696.         175.48673862   3.        ]
[152.        573.        175.7332671   3.       ]
[  4.         457.         175.90188356   2.        ]
[173.         255.         175.93747827   2.        ]
[683.         177.         175.95794654   6.        ]
[254.         356.         176.14162514   2.        ]
[348.         743.         176.19852371 167.        ]
[134.         432.         177.87653415   2.        ]
[741.         559.         178.55779794  16.        ]
[555.        504.        178.8890356   5.       ]
[ 51.         746.         179.34231728  10.        ]
[ 60.         767.         179.64458638  11.        ]
[713.         730.         179.87508906   4.        ]
[332.         763.         180.09886601 168.        ]
[471.        513.        180.2217065   7.       ]
[755.        770.        180.5107435 172.       ]
[424.         760.         180.77844326   3.        ]
[103.         753.         181.05917966   4.        ]
[196.         751.         181.07911449   6.        ]
[246.         752.         181.10043992   6.        ]
[527.         771.         181.16321477   9.        ]
[274.         748.         181.49552997   4.        ]
[408.         415.         181.77821392   2.        ]
[ 62.         776.         182.45569748   7.        ]
[335.         778.         182.82663249   5.        ]
[762.         772.         183.10920285 174.        ]
[769.         398.         184.13181765   5.        ]
[ 50.         781.         184.22791589   6.        ]
[775.         774.         184.55101486  10.        ]
[758.         785.         184.71508206  13.        ]
[201.         786.         185.38596762  14.        ]
[765.         357.         185.39543107  17.        ]
[773.         757.         185.86126389   6.        ]
[736.         293.         186.29333184   4.        ]
[339.         350.         186.64169834   2.        ]
[514.         354.         187.13674519   3.        ]
[245.         154.         187.25408682   2.        ]
[782.         761.         187.37917556 180.        ]
[387.         794.         187.39008294 181.        ]
[282.         389.         187.74186468   2.        ]
[759.        787.        187.7436773  16.       ]
[185.         789.         187.94301853   7.        ]
[ 42.         780.         188.00876029   8.        ]
[327.         792.         188.19686073   4.        ]
[754.        768.        188.3698338  23.       ]
[798.        795.        188.6924044 188.       ]
[381.         802.         189.00183679 189.        ]
[193.        801.        189.8095077  24.       ]
[407.        800.        190.1174015   5.       ]
[ 27.         784.         190.64680201   7.        ]
[442.         590.         191.14492479   9.        ]
[397.        738.        191.2125922   3.       ]
[294.         777.         191.43444471  10.        ]
[349.         265.         191.66377446   2.        ]
[402.         803.         191.78861974 190.        ]
[435.         588.         191.90042986   4.        ]
[480.         747.         192.75699204   3.        ]
[232.         804.         193.30334997  25.        ]
[322.         808.         193.40429588   4.        ]
[237.         404.         193.64300087   2.        ]
[285.         797.         193.87560388  17.        ]
[805.         451.         194.18506913   6.        ]
[813.         811.         194.21115575 193.        ]
[ 56.         422.         194.27054229   2.        ]
[739.         817.         194.32338753  19.        ]
[278.         295.         194.32428434   2.        ]
[465.        815.        194.4293811   5.       ]
[756.         814.         194.88447984  29.        ]
[  1.         304.         194.99594919   2.        ]
[788.         156.         195.07035486  18.        ]
[793.         312.         195.36530964   3.        ]
[371.         393.         195.64430414   2.        ]
[223.         819.         195.71444227 194.        ]
[378.         469.         195.96279443   2.        ]
[462.         824.         196.39154664  30.        ]
[766.          92.         196.60475352   6.        ]
[169.         292.         197.32477797   2.        ]
[783.          69.         197.67381807   6.        ]
[111.         826.         198.09210287  19.        ]
[809.         818.         198.28106453  16.        ]
[806.         810.         198.35554121   9.        ]
[701.        821.        198.7785136  21.       ]
[461.         831.         199.86021967  31.        ]
[336.         413.         199.89666928   2.        ]
[ 24.         466.         200.12135663   2.        ]
[330.         823.         200.24646449   6.        ]
[745.          97.         200.74928798   4.        ]
[836.         764.         201.36923731  18.        ]
[724.        101.        201.6380434   6.       ]
[  9.         790.         201.82845238   5.        ]
[220.         835.         201.84491845  20.        ]
[833.         270.         203.07284294   3.        ]
[ 98.         838.         204.53174886  22.        ]
[832.         847.         204.97825908  26.        ]
[844.         839.         205.45066646  49.        ]
[186.         850.         206.10346429  27.        ]
[ 46.         267.         206.81452325   2.        ]
[799.         829.         206.92302211 202.        ]
[195.         536.         207.08333008   3.        ]
[ 11.        213.        207.2360666   2.       ]
[439.         472.         207.43948266   2.        ]
[849.         852.         207.95255139  49.        ]
[837.         848.         207.97953784  12.        ]
[463.         842.         208.28482528   7.        ]
[359.         854.         208.35151853 203.        ]
[723.        861.        208.8628261 205.       ]
[820.        155.        209.0317514   3.       ]
[260.         426.         209.73697986   2.        ]
[859.         283.         211.21786355  13.        ]
[822.         858.         211.95485523  51.        ]
[860.         549.         212.41666527   9.        ]
[862.         830.         212.67315067 207.        ]
[868.         482.         212.74481753 208.        ]
[ 26.          35.         213.56112193   2.        ]
[100.         287.         214.29530076   2.        ]
[866.         869.         214.50639608 259.        ]
[796.         865.         215.50624426  15.        ]
[840.         872.         216.12803377 261.        ]
[ 25.         129.         216.18137907   2.        ]
[309.         874.         216.54553959 262.        ]
[277.         584.         217.71118676   3.        ]
[851.         873.         217.77051813  64.        ]
[329.         377.         218.00600381   2.        ]
[ 83.         425.         218.36173273   2.        ]
[834.         878.         218.89564492  70.        ]
[827.         749.         218.97109748   5.        ]
[165.         828.         219.46028735   3.        ]
[881.         853.         220.10792505  72.        ]
[857.         791.         220.26767786   4.        ]
[733.         863.         220.52488332   5.        ]
[266.         825.         221.38629797   3.        ]
[403.         867.         221.61446747  10.        ]
[841.         888.         221.67844017  12.        ]
[163.         543.         223.24226924   4.        ]
[876.         882.         223.57564607 267.        ]
[484.         891.         223.70498107 268.        ]
[843.         886.         223.83015573   9.        ]
[416.         568.         223.87650719   3.        ]
[845.        884.        226.4464364  78.       ]
[890.         883.         226.64361583   7.        ]
[887.         892.         227.33250262 271.        ]
[864.         895.         227.91907976  80.        ]
[417.         897.         228.64865951 272.        ]
[  8.         879.         228.81508189   3.        ]
[889.         899.         228.96560348 284.        ]
[855.         535.         229.03683637   5.        ]
[331.         846.         229.22544763   6.        ]
[ 79.         269.         229.92762035   2.        ]
[365.         898.         230.62262115  81.        ]
[744.         901.         231.05698769 286.        ]
[280.         812.         231.15502896   5.        ]
[875.         234.         232.02494357   3.        ]
[483.         906.         233.86976879 287.        ]
[856.         893.         234.91518857  11.        ]
[896.         170.         234.95297834   8.        ]
[880.         902.         235.47647955   7.        ]
[577.         257.         235.74392023   4.        ]
[871.        384.        236.1567499   3.       ]
[885.        909.        236.2718031 291.       ]
[571.         108.         236.59851854   3.        ]
[228.         816.         238.25909628   3.        ]
[ 78.         894.         238.29063711   4.        ]
[910.        915.        239.1202818 302.       ]
[905.         919.         242.46163861 383.        ]
[900.       345.       242.943113   4.      ]
[877.         920.         242.97219037 386.        ]
[338.         908.         243.35225967   4.        ]
[  2.         380.         243.36989426   2.        ]
[912.         922.         243.90740802 393.        ]
[162.         258.         244.16160226   2.        ]
[276.         907.         244.49172331   6.        ]
[870.         171.         244.94407913   3.        ]
[126.         779.         246.55541767   3.        ]
[925.         911.         247.20304563 401.        ]
[930.         373.         247.77375938 402.        ]
[ 18.          37.         248.80442645   2.        ]
[918.         807.         248.99790044  13.        ]
[374.         923.         249.55627641   5.        ]
[914.         347.         249.56282752   4.        ]
[217.         903.         250.58753518   7.        ]
[924.         931.         250.90834269 404.        ]
[372.         937.         252.94511633 405.        ]
[305.         935.         257.08149807   5.        ]
[938.        934.        258.2200933 410.       ]
[ 28.         940.         258.61326771 411.        ]
[ 39.         939.         258.77466166   6.        ]
[904.         102.         258.90271206   3.        ]
[913.         928.         260.41979928   7.        ]
[921.         941.         261.26641314 415.        ]
[917.         945.         262.31430759 418.        ]
[936.         946.         263.10872301 425.        ]
[947.         944.         265.22203533 432.        ]
[927.         948.         265.24414646 438.        ]
[929.         949.         265.42925443 441.        ]
[933.         525.         266.51534581  15.        ]
[145.         950.         266.61814435 442.        ]
[932.         952.         269.53410685 444.        ]
[164.         317.         271.21322309   2.        ]
[916.         115.         273.11903948   4.        ]
[953.         926.         275.27762329 446.        ]
[943.         166.         275.29970348   4.        ]
[942.         956.         278.16596175 452.        ]
[958.         951.         281.40858079 467.        ]
[959.         957.         281.82114525 471.        ]
[960.         955.         281.85366096 475.        ]
[961.         954.         281.87398221 477.        ]
[962.         229.         284.89000907 478.        ]
[963.         491.         286.96234291 481.        ]
[964.         167.         287.02027981 482.        ]
[965.         296.         289.27107162 483.        ]
[966.         175.         311.19886195 484.        ]
[967.         454.         325.73296375 485.        ]
