[14. 15.  0.  2.]
[70. 71.  0.  2.]
[486.  72.   0.   3.]
[487.  73.   0.   4.]
[488.  74.   0.   5.]
[80. 81.  0.  2.]
[490.  82.   0.   3.]
[93. 94.  0.  2.]
[492.  95.   0.   3.]
[493.  96.   0.   4.]
[109. 114.   0.   2.]
[112. 117.   0.   2.]
[496. 120.   0.   3.]
[497. 125.   0.   4.]
[113. 116.   0.   2.]
[499. 127.   0.   3.]
[123. 124.   0.   2.]
[501. 128.   0.   3.]
[132. 133.   0.   2.]
[503. 135.   0.   3.]
[136. 137.   0.   2.]
[149. 150.   0.   2.]
[506. 151.   0.   3.]
[507. 153.   0.   4.]
[157. 215.   0.   2.]
[509. 216.   0.   3.]
[510. 218.   0.   4.]
[511. 219.   0.   5.]
[512. 222.   0.   6.]
[172. 174.   0.   2.]
[179. 181.   0.   2.]
[205. 211.   0.   2.]
[212. 221.   0.   2.]
[225. 227.   0.   2.]
[233. 235.   0.   2.]
[519. 236.   0.   3.]
[520. 239.   0.   4.]
[521. 240.   0.   5.]
[522. 243.   0.   6.]
[242. 244.   0.   2.]
[284. 303.   0.   2.]
[286. 298.   0.   2.]
[291. 297.   0.   2.]
[316. 318.   0.   2.]
[528. 321.   0.   3.]
[320. 529.   0.   4.]
[319. 324.   0.   2.]
[333. 341.   0.   2.]
[361. 363.   0.   2.]
[362. 364.   0.   2.]
[368. 370.   0.   2.]
[375. 376.   0.   2.]
[379. 385.   0.   2.]
[537. 386.   0.   3.]
[538. 388.   0.   4.]
[539. 399.   0.   5.]
[540. 411.   0.   6.]
[395. 396.   0.   2.]
[542. 401.   0.   3.]
[430. 431.   0.   2.]
[440. 449.   0.   2.]
[443. 444.   0.   2.]
[546. 445.   0.   3.]
[446. 447.   0.   2.]
[473. 474.   0.   2.]
[1.82000000e+02 1.84000000e+02 1.90734863e-06 2.00000000e+00]
[4.56000000e+02 4.58000000e+02 1.90734863e-06 2.00000000e+00]
[5.51000000e+02 4.64000000e+02 1.90734863e-06 3.00000000e+00]
[3.11000000e+02 3.25000000e+02 2.33601546e-06 2.00000000e+00]
[3.0000000e+01 3.1000000e+01 2.6973983e-06 2.0000000e+00]
[8.4000000e+01 8.5000000e+01 2.6973983e-06 2.0000000e+00]
[2.0600000e+02 2.0700000e+02 2.6973983e-06 2.0000000e+00]
[5.5600000e+02 2.0800000e+02 2.6973983e-06 3.0000000e+00]
[5.5700000e+02 2.0900000e+02 2.6973983e-06 4.0000000e+00]
[2.9900000e+02 3.0100000e+02 2.6973983e-06 2.0000000e+00]
[1.92000000e+02 1.97000000e+02 3.30362474e-06 2.00000000e+00]
[1.98000000e+02 1.99000000e+02 3.30362474e-06 2.00000000e+00]
[1.78000000e+02 1.80000000e+02 4.67203091e-06 2.00000000e+00]
[4.48000000e+02 4.53000000e+02 5.39479661e-06 2.00000000e+00]
[4.50000000e+02 4.52000000e+02 5.39479661e-06 2.00000000e+00]
[5.64000000e+02 4.59000000e+02 5.39479661e-06 3.00000000e+00]
[5.65000000e+02 4.67000000e+02 5.39479661e-06 4.00000000e+00]
[5.66000000e+02 4.70000000e+02 5.39479661e-06 5.00000000e+00]
[4.75000000e+02 4.76000000e+02 7.62939453e-06 2.00000000e+00]
[428.         433.          16.94752477   2.        ]
[139.         140.          18.22775728   2.        ]
[106.         107.          18.90113484   2.        ]
[314.         315.          25.17984205   2.        ]
[352.         353.          25.17984205   2.        ]
[531.         530.          25.41564677   6.        ]
[505.         138.          27.22381503   3.        ]
[485.          16.          28.24769094   3.        ]
[570.         141.          31.34224434   3.        ]
[147.         148.          37.98206445   2.        ]
[405.         569.          41.14220574   3.        ]
[189.         560.          49.04705131   3.        ]
[580.         190.          50.95321637   4.        ]
[545.         455.          51.36372874   3.        ]
[191.         561.          52.21133678   3.        ]
[351.         355.          54.56740639   2.        ]
[75.         76.         57.33399402  2.        ]
[313.         572.          57.43281909   3.        ]
[579.         436.          62.49355241   4.        ]
[437.         563.          63.28701826   3.        ]
[577.         142.          63.84661076   4.        ]
[ 89.         418.          65.46006744   2.        ]
[590.         582.          67.62079127   5.        ]
[249.         253.          69.19066768   2.        ]
[41.         45.         74.44855654  2.        ]
[272.         552.          75.50470404   4.        ]
[591.         553.          80.39754929   7.        ]
[ 53.         498.          83.91085019   5.        ]
[595.         587.          84.48992021  11.        ]
[562.        366.         87.4262199   3.       ]
[597.         594.          89.57918339  15.        ]
[130.         406.          90.37801002   2.        ]
[ 90.         250.          91.53008223   2.        ]
[599.         230.          93.29929208  16.        ]
[161.         231.          94.22456417   2.        ]
[596.         602.          95.97963291  21.        ]
[604.        586.         96.2953909  24.       ]
[605.          68.          98.98901248  25.        ]
[279.         334.         100.36292482   2.        ]
[581.         300.         101.14626181   5.        ]
[500.         337.         102.85089624   4.        ]
[ 99.         481.         103.33361515   2.        ]
[606.         400.         103.63281118  26.        ]
[601.         548.         104.25149353   4.        ]
[611.         122.         104.28275363  27.        ]
[ 66.         600.         105.35881242   3.        ]
[159.         183.         105.42334772   2.        ]
[609.         574.         105.64938565  10.        ]
[598.        248.        105.7315147   4.       ]
[613.         603.         106.14579498  29.        ]
[326.         340.         108.02597839   2.        ]
[608.         517.         108.46012857   7.        ]
[618.         419.         108.95690024  30.        ]
[554.          32.         109.49471325   3.        ]
[ 52.         414.         111.36579922   2.        ]
[160.         617.         111.56921222   5.        ]
[621.         612.         111.57103654  34.        ]
[ 57.         214.         111.64668763   2.        ]
[  3.          86.         113.65662551   2.        ]
[626.         583.         114.13584983   5.        ]
[620.         420.         114.14325625   8.        ]
[610.         478.         114.70097264   3.        ]
[625.         616.         114.93744107  44.        ]
[515.         592.         116.69756497   4.        ]
[247.         390.         116.81720996   2.        ]
[146.         200.         118.56706448   2.        ]
[ 88.         550.         118.94869049   3.        ]
[631.         633.         120.10830898  46.        ]
[ 23.         624.         120.47473037   6.        ]
[623.         629.         121.01439524  10.        ]
[204.         264.         121.03202737   2.        ]
[346.        429.        121.1147855   2.       ]
[593.          43.         121.15462729   3.        ]
[636.         210.         121.39959879  47.        ]
[638.        642.        122.7743065  57.       ]
[ 13.         391.         122.81169207   2.        ]
[630.         241.         123.06182443   4.        ]
[619.         360.         123.08188729   3.        ]
[ 47.          77.         123.45313515   2.        ]
[614.        639.        125.0643302   5.       ]
[203.         460.         125.37760991   2.        ]
[ 36.         643.         127.51496104  58.        ]
[589.         632.         129.56474646   8.        ]
[641.          58.         129.73894782   4.        ]
[628.         645.         129.96089615   9.        ]
[ 21.         622.         131.19840525   4.        ]
[358.        533.        131.4183057   3.       ]
[650.         259.         131.68677135  59.        ]
[ 87.         615.         131.73315971   3.        ]
[176.         310.         132.55576605   2.        ]
[494.         578.         133.50849062   6.        ]
[ 33.         648.         133.74831946   6.        ]
[  0.         194.         134.02392521   2.        ]
[ 17.         158.         134.34629399   2.        ]
[656.         640.         134.94469575  61.        ]
[119.         479.         135.52280799   2.        ]
[663.         653.         135.79949452  70.        ]
[ 40.          55.         135.98162688   2.        ]
[508.         534.         136.25171201   6.        ]
[281.         306.         136.90137801   2.        ]
[647.         635.         137.63181407   5.        ]
[ 59.         526.         137.77620985   3.        ]
[644.         665.         137.83693027  72.        ]
[224.         607.         139.14285872   3.        ]
[412.         438.         139.61244583   2.        ]
[558.         275.         139.74955485   5.        ]
[661.         44.        139.8116433   3.       ]
[649.         302.         139.84062629   3.        ]
[ 91.        532.        139.9124656   3.       ]
[ 10.         273.         140.06856406   2.        ]
[226.         524.         140.07397168   3.        ]
[104.         238.         141.03233002   2.        ]
[627.         256.         141.39472284   3.        ]
[  7.         544.         142.21461234   3.        ]
[ 67.         664.         143.13577396   3.        ]
[ 19.         654.         143.13863766   5.        ]
[671.        646.        143.4420149  75.       ]
[637.         516.         143.77784228   8.        ]
[681.         634.         143.98851637   5.        ]
[685.         518.         144.74316644  77.        ]
[676.         410.         145.01415093   4.        ]
[687.         674.         146.57333617  10.        ]
[688.         668.         146.77082751  79.        ]
[691.         434.         146.86567524  80.        ]
[504.         651.         147.19145776  11.        ]
[660.         680.         147.20516506   8.        ]
[682.         673.         147.55728516   5.        ]
[658.         290.         147.58245858   3.        ]
[670.         657.         148.33897995   6.        ]
[ 48.         468.         148.70885839   2.        ]
[692.         679.         149.17202742  83.        ]
[686.          61.         149.50346551   9.        ]
[502.         367.         150.12225778   4.        ]
[699.         689.         150.13883556  87.        ]
[118.         121.         150.35051911   2.        ]
[702.         271.         150.73016111  88.        ]
[695.        704.        151.9461651  93.       ]
[268.         342.         152.11322413   2.        ]
[369.        421.        152.5624393   2.       ]
[675.         489.         153.16839471   8.        ]
[678.         523.         154.83991085   8.        ]
[110.         655.         155.16803844   4.        ]
[697.         201.         155.30266045   7.        ]
[585.         667.         155.49525135   8.        ]
[677.         701.         155.77256336   7.        ]
[690.         423.         156.05040584  11.        ]
[705.         669.         157.32961444  98.        ]
[700.         131.         157.78424997  10.        ]
[715.         683.         158.05156199 101.        ]
[  5.          22.         158.52719284   2.        ]
[ 12.        188.        158.5932944   2.       ]
[143.         144.         158.81461796   2.        ]
[288.         409.         158.97096683   2.        ]
[708.         696.         159.18642448  11.        ]
[710.         383.         159.25073256   5.        ]
[717.         694.         159.90539518 109.        ]
[  6.         262.         160.55059316   2.        ]
[724.         716.         161.13389914 119.        ]
[714.         723.         161.58014185  16.        ]
[727.         726.         161.82858554 135.        ]
[713.         328.         162.88726907   8.        ]
[ 49.         202.         164.28851375   2.        ]
[728.         662.         164.37552974 137.        ]
[698.          54.         164.72593092   3.        ]
[652.      308.      164.88784   5.     ]
[ 65.         252.         165.88355028   2.        ]
[ 29.       720.       166.187152   3.      ]
[672.         330.         166.92349459   4.        ]
[ 20.          38.         166.97517324   2.        ]
[731.         495.         167.96603777 139.        ]
[738.         719.         168.26680389 141.        ]
[703.         427.         168.54046196   3.        ]
[394.         477.         168.71103617   2.        ]
[307.         323.         169.07357923   2.        ]
[105.         721.         169.12981922   3.        ]
[739.         573.         169.15887434 143.        ]
[555.         693.         169.24429774  13.        ]
[722.         707.         169.28814156  13.        ]
[ 56.         659.         169.34935743   7.        ]
[746.         744.         169.73518627 156.        ]
[261.        263.        171.1956054   2.       ]
[666.         343.         171.44099619   3.        ]
[709.        441.        171.7095767   9.       ]
[168.         289.         171.74384634   2.        ]
[ 63.         327.         172.13133221   2.        ]
[251.         392.         172.69728035   2.        ]
[  4.         712.         173.06438833   9.        ]
[729.         559.         173.51401538  10.        ]
[725.         332.         175.12622692   3.        ]
[382.        457.        175.4766637   2.       ]
[ 24.          34.         175.48673862   2.        ]
[748.         711.         175.87945643 163.        ]
[173.         255.         175.93747827   2.        ]
[684.         177.         175.95794654   6.        ]
[103.        736.        176.0749726   5.       ]
[254.         356.         176.14162514   2.        ]
[193.         348.         176.19852371   2.        ]
[760.         743.         176.24048784 166.        ]
[344.        403.        176.9429197   2.       ]
[134.         432.         177.87653415   2.        ]
[766.          51.         177.94474118 167.        ]
[152.         196.         178.01748827   2.        ]
[769.         735.         178.05549539 170.        ]
[771.         755.         178.65155523 179.        ]
[732.         424.         179.52349743   4.        ]
[730.          60.         179.64458638   3.        ]
[772.          64.         179.72363079 180.        ]
[718.          69.         179.87508906   3.        ]
[ 62.        758.        180.2160155   3.       ]
[527.        471.        180.2217065   3.       ]
[763.         187.         180.55613364   6.        ]
[775.         246.         180.56052316 181.        ]
[734.         398.         180.66597919   3.        ]
[780.         764.         181.17997053 183.        ]
[ 50.         274.         181.49552997   2.        ]
[756.         357.         181.55621816  11.        ]
[782.        765.        181.7033051 185.       ]
[408.         415.         181.77821392   2.        ]
[785.         387.         182.12035473 186.        ]
[787.         773.         182.17182215 190.        ]
[733.         513.         182.59751417  11.        ]
[335.         350.         182.82663249   2.        ]
[575.         294.         182.90436254   4.        ]
[788.         779.         183.47665573 196.        ]
[753.         407.         183.69326354   3.        ]
[751.         371.         184.49242037  10.        ]
[792.         757.         185.70619353 199.        ]
[795.         762.         185.73953801 205.        ]
[740.         293.         186.29333184   4.        ]
[791.         232.         186.78602268   5.        ]
[796.         770.         186.95890042 207.        ]
[514.         354.         187.13674519   3.        ]
[799.         745.         187.13874566 220.        ]
[245.         312.         187.25408682   2.        ]
[282.         389.         187.74186468   2.        ]
[185.         381.         187.94301853   2.        ]
[801.         761.         188.59403611 222.        ]
[805.         794.         188.84909374 232.        ]
[793.         451.         189.25626274   4.        ]
[ 42.         777.         189.45733416   4.        ]
[806.       541.       189.562419 238.      ]
[776.        462.        190.4678912   4.       ]
[809.         804.         190.47903036 240.        ]
[ 27.         783.         190.69383069   3.        ]
[811.         349.         190.91234207 241.        ]
[778.         426.         190.97835513   4.        ]
[588.         442.         191.14492479   4.        ]
[322.        397.        191.2125922   2.       ]
[813.         767.         191.83817831 243.        ]
[759.         402.         192.38277591   3.        ]
[747.         155.         192.42757377   8.        ]
[223.         480.         192.75699204   2.        ]
[784.         156.         192.94090689  12.        ]
[803.         741.         193.10976639   4.        ]
[237.         404.         193.64300087   2.        ]
[278.         285.         193.87560388   2.        ]
[817.         220.         194.09355578 244.        ]
[768.        798.        194.2949337   7.       ]
[742.         372.         194.32338753   3.        ]
[825.         359.         194.72665546 245.        ]
[  1.         304.         194.99594919   2.        ]
[828.         752.         195.10158265 247.        ]
[547.         567.         195.15915119   8.        ]
[830.         265.         195.63939321 248.        ]
[816.        465.        195.8067785   3.       ]
[832.        774.        195.9419786 251.       ]
[378.         469.         195.96279443   2.        ]
[810.       781.       196.159723   7.      ]
[154.         802.         196.52112897   3.        ]
[834.         111.         196.70371603 252.        ]
[838.        186.        196.9187551 253.       ]
[789.        101.        197.1560272  12.       ]
[169.         292.         197.32477797   2.        ]
[839.        706.        197.3299363 255.       ]
[807.        260.        197.9915054   5.       ]
[842.         819.         198.13142683 263.        ]
[844.         821.         198.62823762 275.        ]
[843.         800.         199.27250439   8.        ]
[461.         466.         199.86021967   2.        ]
[336.         413.         199.89666928   2.        ]
[812.         790.         200.11659906   5.        ]
[845.         826.         200.44483522 282.        ]
[750.          97.         200.74928798   4.        ]
[850.         849.         201.68474599 287.        ]
[  9.         797.         201.82845238   5.        ]
[852.         482.         202.07384749 288.        ]
[854.         833.         202.34880193 291.        ]
[855.          98.         202.62095555 292.        ]
[846.         814.         202.78084543  12.        ]
[841.         270.         203.07284294   3.        ]
[856.         820.         203.66121581 294.        ]
[824.         295.         204.26081911   3.        ]
[859.         267.         204.48770833 295.        ]
[861.         840.         205.25370112 307.        ]
[435.         815.         206.28312517   5.        ]
[862.         858.         206.52888349 310.        ]
[864.         754.         206.70597696 312.        ]
[865.        860.        206.9084782 315.       ]
[866.         818.         207.03130666 318.        ]
[195.         536.         207.08333008   3.        ]
[867.         808.         207.11472495 322.        ]
[ 11.        213.        207.2360666   2.       ]
[439.         472.         207.43948266   2.        ]
[869.         857.         207.61218657 334.        ]
[827.         309.         208.01408215   4.        ]
[463.         549.         208.28482528   3.        ]
[872.         847.         208.83026714 336.        ]
[875.         835.         209.34198268 338.        ]
[876.         848.         209.87971078 340.        ]
[877.         822.         210.32765615 344.        ]
[878.         837.         211.02498496 347.        ]
[879.         873.         211.66498635 351.        ]
[880.         393.         212.42031226 352.        ]
[881.        484.        212.8209933 353.       ]
[882.         417.         213.09007514 354.        ]
[883.          92.         213.22958548 355.        ]
[ 26.          35.         213.56112193   2.        ]
[884.         851.         213.63092634 359.        ]
[886.         339.         213.83864079 360.        ]
[887.         535.         214.02516857 362.        ]
[100.         287.         214.29530076   2.        ]
[888.        266.        214.8790356 363.       ]
[890.        836.        215.1949308 370.       ]
[891.         829.         215.92762476 372.        ]
[ 25.         129.         216.18137907   2.        ]
[892.         543.         217.31950028 375.        ]
[894.         874.         217.55722843 378.        ]
[277.         584.         217.71118676   3.        ]
[  8.         329.         218.00600381   2.        ]
[ 83.         425.         218.36173273   2.        ]
[895.         870.         219.63284353 380.        ]
[899.         163.         220.42463867 381.        ]
[900.         737.         220.63868833 383.        ]
[901.         853.         221.46915421 388.        ]
[902.        749.        222.6419165 390.       ]
[903.         871.         223.69061842 392.        ]
[416.         568.         223.87650719   3.        ]
[904.          46.         224.45523551 393.        ]
[906.         170.         224.65370632 394.        ]
[907.         283.         225.05706144 395.        ]
[908.         896.         225.62257113 398.        ]
[909.         868.         225.88247509 401.        ]
[910.         483.         227.19369314 402.        ]
[911.         898.         227.35563853 404.        ]
[912.         234.         227.58504489 405.        ]
[913.         377.         228.60848037 406.        ]
[914.          28.         229.20786388 407.        ]
[331.         365.         229.22544763   2.        ]
[ 79.         269.         229.92762035   2.        ]
[915.         280.         230.95008281 408.        ]
[918.         373.         231.23355128 409.        ]
[919.         885.         231.97891716 411.        ]
[920.         165.         232.20128482 412.        ]
[921.         823.         232.86846818 414.        ]
[922.           2.         233.10961794 415.        ]
[923.         893.         233.17470459 417.        ]
[924.         889.         233.72196121 419.        ]
[925.         422.         235.25721465 420.        ]
[576.         257.         235.74392023   4.        ]
[926.         917.         235.80772601 422.        ]
[928.         338.         236.47324541 423.        ]
[571.         108.         236.59851854   3.        ]
[929.         162.         236.77363107 424.        ]
[931.         905.         237.11175598 427.        ]
[932.         345.         237.72249184 428.        ]
[933.         347.         238.96821591 429.        ]
[934.         374.         239.16466111 430.        ]
[935.         927.         239.36986533 434.        ]
[936.          78.         239.82051976 435.        ]
[115.         384.         240.70376685   2.        ]
[937.         171.         241.43169992 436.        ]
[939.         786.         242.67515775 438.        ]
[940.         380.         243.20193842 439.        ]
[941.         276.         244.27777799 440.        ]
[942.         145.         244.85096003 441.        ]
[943.         897.         244.97664358 443.        ]
[944.         126.         245.81036576 444.        ]
[945.         938.         247.09591653 446.        ]
[946.         916.         248.21264868 448.        ]
[947.         166.         248.61604407 449.        ]
[948.         164.         248.78333757 450.        ]
[ 18.          37.         248.80442645   2.        ]
[217.         228.         248.81070122   2.        ]
[949.          39.         249.01027984 451.        ]
[952.         305.         249.46506788 452.        ]
[953.         950.         250.00218892 454.        ]
[863.         831.         250.85795124  13.        ]
[954.         258.         251.64228863 455.        ]
[956.         930.         252.36613264 458.        ]
[957.         167.         252.66775385 459.        ]
[958.         525.         253.87273873 461.        ]
[959.         951.         254.26671075 463.        ]
[960.         955.         254.45393248 476.        ]
[961.         317.         257.37867793 477.        ]
[962.        296.        258.3836832 478.       ]
[963.         229.         260.94476713 479.        ]
[964.         491.         262.84878956 482.        ]
[965.         102.         268.17211367 483.        ]
[966.         175.         284.86735872 484.        ]
[967.         454.         296.24254432 485.        ]
