[14. 15.  0.  2.]
[70. 71.  0.  2.]
[486.  72.   0.   3.]
[487.  73.   0.   4.]
[488.  74.   0.   5.]
[80. 81.  0.  2.]
[490.  82.   0.   3.]
[93. 94.  0.  2.]
[492.  95.   0.   3.]
[493.  96.   0.   4.]
[109. 114.   0.   2.]
[112. 117.   0.   2.]
[496. 120.   0.   3.]
[497. 125.   0.   4.]
[113. 116.   0.   2.]
[499. 127.   0.   3.]
[123. 124.   0.   2.]
[501. 128.   0.   3.]
[132. 133.   0.   2.]
[503. 135.   0.   3.]
[136. 137.   0.   2.]
[149. 150.   0.   2.]
[506. 151.   0.   3.]
[507. 153.   0.   4.]
[157. 215.   0.   2.]
[509. 216.   0.   3.]
[510. 218.   0.   4.]
[511. 219.   0.   5.]
[512. 222.   0.   6.]
[172. 174.   0.   2.]
[179. 181.   0.   2.]
[205. 211.   0.   2.]
[212. 221.   0.   2.]
[225. 227.   0.   2.]
[233. 235.   0.   2.]
[519. 236.   0.   3.]
[520. 239.   0.   4.]
[521. 240.   0.   5.]
[522. 243.   0.   6.]
[242. 244.   0.   2.]
[284. 303.   0.   2.]
[286. 298.   0.   2.]
[291. 297.   0.   2.]
[316. 318.   0.   2.]
[528. 321.   0.   3.]
[320. 529.   0.   4.]
[319. 324.   0.   2.]
[333. 341.   0.   2.]
[361. 363.   0.   2.]
[362. 364.   0.   2.]
[368. 370.   0.   2.]
[375. 376.   0.   2.]
[379. 385.   0.   2.]
[537. 386.   0.   3.]
[538. 388.   0.   4.]
[539. 399.   0.   5.]
[540. 411.   0.   6.]
[395. 396.   0.   2.]
[542. 401.   0.   3.]
[430. 431.   0.   2.]
[440. 449.   0.   2.]
[443. 444.   0.   2.]
[546. 445.   0.   3.]
[446. 447.   0.   2.]
[473. 474.   0.   2.]
[1.82000000e+02 1.84000000e+02 1.90734863e-06 2.00000000e+00]
[4.58000000e+02 5.45000000e+02 1.90734863e-06 3.00000000e+00]
[4.56000000e+02 4.64000000e+02 1.90734863e-06 2.00000000e+00]
[3.11000000e+02 3.25000000e+02 2.33601546e-06 2.00000000e+00]
[3.0000000e+01 3.1000000e+01 2.6973983e-06 2.0000000e+00]
[8.4000000e+01 8.5000000e+01 2.6973983e-06 2.0000000e+00]
[2.0600000e+02 2.0700000e+02 2.6973983e-06 2.0000000e+00]
[5.5600000e+02 2.0800000e+02 2.6973983e-06 3.0000000e+00]
[5.5700000e+02 2.0900000e+02 2.6973983e-06 4.0000000e+00]
[2.9900000e+02 3.0100000e+02 2.6973983e-06 2.0000000e+00]
[1.92000000e+02 1.97000000e+02 3.30362474e-06 2.00000000e+00]
[1.98000000e+02 1.99000000e+02 3.30362474e-06 2.00000000e+00]
[1.78000000e+02 1.80000000e+02 4.67203091e-06 2.00000000e+00]
[4.48000000e+02 4.53000000e+02 5.39479661e-06 2.00000000e+00]
[4.50000000e+02 4.52000000e+02 5.39479661e-06 2.00000000e+00]
[5.64000000e+02 4.59000000e+02 5.39479661e-06 3.00000000e+00]
[5.65000000e+02 5.47000000e+02 5.39479661e-06 6.00000000e+00]
[4.67000000e+02 4.70000000e+02 5.39479661e-06 2.00000000e+00]
[4.75000000e+02 4.76000000e+02 7.62939453e-06 2.00000000e+00]
[428.         433.          16.94752477   2.        ]
[139.         140.          18.22775728   2.        ]
[106.         107.          18.90113484   2.        ]
[314.         315.          25.17984205   2.        ]
[352.         353.          25.17984205   2.        ]
[531.         530.          25.41564677   6.        ]
[505.         138.          27.22381503   3.        ]
[552.         551.          28.16627861   5.        ]
[485.          16.          28.24769094   3.        ]
[570.         141.          31.34224434   3.        ]
[147.         148.          37.98206445   2.        ]
[405.         569.          41.14220574   3.        ]
[189.         560.          49.04705131   3.        ]
[581.         190.          50.95321637   4.        ]
[191.         561.          52.21133678   3.        ]
[351.         355.          54.56740639   2.        ]
[75.         76.         57.33399402  2.        ]
[313.         572.          57.43281909   3.        ]
[580.         436.          62.49355241   4.        ]
[437.         563.          63.28701826   3.        ]
[578.         142.          63.84661076   4.        ]
[566.         567.          65.05305399   8.        ]
[ 89.         418.          65.46006744   2.        ]
[249.         253.          69.19066768   2.        ]
[591.         576.          74.35251098   7.        ]
[41.         45.         74.44855654  2.        ]
[593.        455.         74.9001462   8.       ]
[ 53.         595.          83.91085019   9.        ]
[562.        366.         87.4262199   3.       ]
[587.         596.          89.04477984  13.        ]
[598.         586.          90.08992754  16.        ]
[406.         553.          90.37801002   3.        ]
[ 90.         250.          91.53008223   2.        ]
[161.         231.          94.22456417   2.        ]
[498.        599.         95.6182049  20.       ]
[272.         574.          96.28488827   7.        ]
[ 66.         130.          98.48260096   2.        ]
[500.         604.          99.83845432  10.        ]
[279.         334.         100.36292482   2.        ]
[603.         602.         100.68217942  22.        ]
[582.         300.         101.14626181   5.        ]
[608.         340.         101.88603356  23.        ]
[ 68.         610.         102.11284244  24.        ]
[ 99.         481.         103.33361515   2.        ]
[601.         611.         104.25149353  26.        ]
[606.         337.         104.45310805  11.        ]
[159.         183.         105.42334772   2.        ]
[597.        160.        105.7315147   4.       ]
[420.         609.         106.62347822   6.        ]
[616.         248.         107.52282277   5.        ]
[122.         613.         108.62967892  27.        ]
[ 32.         614.         109.49471325  12.        ]
[230.         617.         109.53536914   7.        ]
[400.         619.         109.54300291  28.        ]
[ 52.         621.         111.36579922   8.        ]
[214.         583.         111.64668763   4.        ]
[ 57.         624.         112.95836248   5.        ]
[  3.          86.         113.65662551   2.        ]
[612.         478.         114.70097264   3.        ]
[ 23.         618.         115.96225823   6.        ]
[600.         622.         116.41608408  31.        ]
[515.         589.         116.69756497   6.        ]
[390.         629.         116.81720996  32.        ]
[146.         200.         118.56706448   2.        ]
[326.         548.         118.56922202   3.        ]
[247.         631.         118.75406334  33.        ]
[ 88.         550.         118.94869049   3.        ]
[264.         634.         121.03202737  34.        ]
[429.        636.        121.1147855  35.       ]
[594.          43.         121.15462729   3.        ]
[630.         592.         121.18302222   8.        ]
[623.         637.         121.61752857  43.        ]
[391.         620.         122.81169207  13.        ]
[241.         641.         123.06182443  14.        ]
[ 47.          77.         123.45313515   2.        ]
[204.         640.         123.54760631  44.        ]
[605.         644.         123.68880416  46.        ]
[419.         627.         124.84857045   4.        ]
[203.         642.         125.37760991  15.        ]
[633.         645.         126.54735384  49.        ]
[414.         647.         127.08267498  16.        ]
[259.         646.         129.67075197   5.        ]
[638.          58.         129.73894782   4.        ]
[210.         649.         130.73989925  17.        ]
[358.        533.        131.4183057   3.       ]
[ 87.         615.         131.73315971   3.        ]
[ 36.         648.         132.49067809  50.        ]
[176.         652.         132.55576605  18.        ]
[  0.         194.         132.62174292   2.        ]
[494.         579.         133.50849062   6.        ]
[650.         655.         134.31621007  55.        ]
[ 17.         158.         134.34629399   2.        ]
[625.         656.         135.08239049  23.        ]
[119.          67.         135.52280799   2.        ]
[ 40.          55.         135.98162688   2.        ]
[508.         534.         136.25171201   6.        ]
[306.         661.         136.90137801  24.        ]
[517.        516.        136.9906562   4.       ]
[ 21.         554.         137.59059191   3.        ]
[643.         635.         137.63181407   5.        ]
[ 59.         654.         137.77620985   4.        ]
[346.         659.         137.86091914  56.        ]
[302.         666.         138.52333061   5.        ]
[607.         670.         139.14285872  58.        ]
[438.         671.         139.61244583   6.        ]
[558.         665.         139.74955485  28.        ]
[657.         44.        139.8116433   3.       ]
[ 91.        532.        139.9124656   3.       ]
[ 10.         273.         140.06856406   2.        ]
[524.         664.         140.07397168   8.        ]
[662.           7.         140.16764092   3.        ]
[104.         238.         141.03233002   2.        ]
[412.         672.         141.21982203  59.        ]
[526.         653.         141.24557486   5.        ]
[674.         639.         141.32889707  36.        ]
[626.         683.         141.39472284  38.        ]
[479.         673.         141.55565884   7.        ]
[410.         460.         141.60172534   2.        ]
[675.         310.         142.98929945   4.        ]
[628.          61.         144.20812648   7.        ]
[ 19.         667.         145.04081309   4.        ]
[434.         518.         145.28850944   3.        ]
[678.         632.         145.48834835  10.        ]
[ 13.         690.         145.54090397   4.        ]
[691.         684.         146.37123791  48.        ]
[692.         681.         146.75653958  63.        ]
[679.         685.         147.13331728  10.        ]
[226.         693.         147.92352091  49.        ]
[468.         695.         148.70885839  11.        ]
[281.         694.         149.70010835  64.        ]
[ 60.         256.         149.78756944   2.        ]
[ 48.          54.         150.03200562   2.        ]
[502.         658.         150.12225778   9.        ]
[118.         121.         150.35051911   2.        ]
[669.         682.         151.20507818   9.        ]
[268.         342.         152.11322413   2.        ]
[421.        698.        152.5624393  65.       ]
[687.         489.         153.14809742   9.        ]
[696.         544.         153.42088047  51.        ]
[ 33.         680.         153.60049064   3.        ]
[688.         705.         154.79529056  72.        ]
[677.         523.         154.83991085   8.        ]
[328.         367.         155.99440664   2.        ]
[271.         697.         156.05067341  12.        ]
[360.        709.        157.5707464  73.       ]
[703.        713.        157.5795378  82.       ]
[686.        712.        158.4467323  14.       ]
[  5.          22.         158.52719284   2.        ]
[ 12.        668.        158.5932944   6.       ]
[143.         707.         158.81461796  52.        ]
[288.         714.         158.97096683  83.        ]
[  6.         262.         160.55059316   2.        ]
[383.         715.         161.32006665  15.        ]
[110.         721.         161.99881381  16.        ]
[717.         722.         163.64418289  22.        ]
[ 49.         202.         164.28851375   2.        ]
[676.         701.         164.51034252  12.        ]
[651.      308.      164.88784   5.     ]
[275.         718.         165.49444947  53.        ]
[660.         723.         165.51317974  24.        ]
[ 65.         252.         165.88355028   2.        ]
[423.         727.         166.77399853  54.        ]
[ 20.          38.         166.97517324   2.        ]
[719.        728.        168.0675586 107.       ]
[725.         711.         168.29174153  14.        ]
[702.         427.         168.54046196   3.        ]
[585.         732.         168.56871066 109.        ]
[394.         477.         168.71103617   2.        ]
[307.         323.         169.07357923   2.        ]
[735.         105.         169.08629327 110.        ]
[730.         495.         169.79287012  56.        ]
[739.         699.         170.10540533  58.        ]
[ 29.        144.        170.6501359   2.       ]
[740.         738.         170.72623241 168.        ]
[261.        263.        171.1956054   2.       ]
[663.         343.         171.44099619   3.        ]
[369.        706.        171.6439119  10.       ]
[710.         51.        171.7095767   9.       ]
[168.         289.         171.74384634   2.        ]
[746.        441.        171.8800793  10.       ]
[ 63.          64.         172.13133221   2.        ]
[708.         742.         172.32777837 171.        ]
[251.         392.         172.69728035   2.        ]
[185.         188.         173.51258926   2.        ]
[409.        290.        173.7364817   2.       ]
[224.         573.         174.37523913   3.        ]
[720.         689.         175.12622692   6.        ]
[382.        575.        175.4766637   4.       ]
[ 34.         700.         175.48673862   3.        ]
[152.        745.        175.7332671  11.       ]
[  4.         733.         175.90188356  15.        ]
[173.         750.         175.93747827 172.        ]
[254.         356.         176.14162514   2.        ]
[348.         760.         176.19852371 173.        ]
[344.        403.        176.9429197   2.       ]
[134.         432.         177.87653415   2.        ]
[555.        748.        178.8890356  12.       ]
[103.         754.         179.70649057   4.        ]
[716.         752.         179.87508906   4.        ]
[332.         762.         180.09886601 174.        ]
[471.        541.        180.2217065   7.       ]
[729.         398.         180.66597919   3.        ]
[424.         381.         180.77844326   2.        ]
[ 62.         724.         181.10043992   3.        ]
[766.         187.         181.15360197   5.        ]
[527.         513.         181.16321477   8.        ]
[246.         322.         181.34127496   2.        ]
[749.         50.        181.4790939   3.       ]
[408.         415.         181.77821392   2.        ]
[335.         776.         182.58701718   4.        ]
[177.         755.         182.71485562   7.        ]
[761.         758.         183.10920285  13.        ]
[196.        780.        183.6865064  14.       ]
[778.          27.         184.53273911   5.        ]
[274.         782.         185.14105171   6.        ]
[201.         773.         185.38596762   6.        ]
[765.         504.         185.64234803  15.        ]
[741.         781.         185.68275986  16.        ]
[131.         786.         185.74451321  17.        ]
[734.         293.         186.29333184   4.        ]
[339.         350.         186.64169834   2.        ]
[759.         784.         187.02764636  21.        ]
[514.         354.         187.13674519   3.        ]
[245.         771.         187.25408682   3.        ]
[387.         779.         187.39008294   8.        ]
[389.         767.         187.74186468   5.        ]
[457.         790.         188.07725987  22.        ]
[407.         774.         188.19686073   9.        ]
[154.         792.         188.64519089   4.        ]
[768.         793.         189.69817387 182.        ]
[757.         744.         189.74822582   6.        ]
[753.         747.         189.93864335   4.        ]
[798.         193.         190.40481366 183.        ]
[801.        378.        190.4352867 184.       ]
[442.         590.         191.14492479   9.        ]
[796.         791.         191.19905006  12.        ]
[294.         756.         191.43444471   5.        ]
[736.         769.         191.44957438   9.        ]
[349.         802.         191.66377446 185.        ]
[402.         800.         191.78861974   5.        ]
[435.         588.         191.90042986   4.        ]
[232.        805.        192.5118849   6.       ]
[223.         787.         192.75699204  18.        ]
[237.         404.         193.64300087   2.        ]
[285.         795.         193.87560388  23.        ]
[794.         462.         193.88434971   6.        ]
[357.         785.         194.11120434  16.        ]
[ 56.         422.         194.27054229   2.        ]
[737.         811.         194.32338753  20.        ]
[278.         813.         194.32428434  24.        ]
[330.        465.        194.4293811   2.       ]
[255.         799.         194.96619334   7.        ]
[  1.         304.         194.99594919   2.        ]
[804.         426.         195.08543868  13.        ]
[808.         820.         195.33479376  12.        ]
[371.         393.         195.64430414   2.        ]
[763.         807.         196.55333502 187.        ]
[327.         822.         196.83132921  14.        ]
[265.        825.        196.9269328 188.       ]
[292.         823.         197.32477797  13.        ]
[111.         806.         198.09210287  10.        ]
[772.          42.         198.27572037   4.        ]
[775.         827.         198.54443029 190.        ]
[826.         451.         199.82399996  15.        ]
[461.         829.         199.86021967  11.        ]
[336.         815.         199.89666928  17.        ]
[ 24.         466.         200.12135663   2.        ]
[814.         770.         200.63369874   9.        ]
[783.         831.         201.49024889 196.        ]
[726.        101.        201.6380434   6.       ]
[  9.         788.         201.82845238   5.        ]
[220.         834.         201.84491845  18.        ]
[359.         837.         203.07332018 197.        ]
[260.         832.         203.35035616  16.        ]
[270.         828.         203.45807631  14.        ]
[704.         818.         203.47558151  26.        ]
[819.         397.         203.94010548   3.        ]
[810.        841.        204.1067856 203.       ]
[169.         843.         204.29481192  15.        ]
[ 98.         844.         204.53174886  27.        ]
[797.         312.         205.10080543   5.        ]
[156.         840.         205.50392209  19.        ]
[ 46.         836.         206.81452325  10.        ]
[195.         536.         207.08333008   3.        ]
[ 11.        830.        207.2360666   5.       ]
[439.         472.         207.43948266   2.        ]
[ 79.         559.         207.76033771   3.        ]
[463.         549.         208.28482528   3.        ]
[817.         848.         208.34412308  47.        ]
[295.         764.         208.93153548   3.        ]
[816.        155.        209.0317514   3.       ]
[857.         846.         211.08775854 250.        ]
[186.         860.         211.67703297 251.        ]
[845.         861.         211.77283475 254.        ]
[267.         851.         211.78565299  11.        ]
[282.         833.         212.05784554  12.        ]
[ 26.         853.         213.56112193   6.        ]
[482.         862.         213.87770836 255.        ]
[287.         849.         214.29530076   6.        ]
[858.         866.         215.29542623 258.        ]
[ 25.         129.         216.18137907   2.        ]
[309.         842.         216.54553959  17.        ]
[731.         859.         217.12638139   5.        ]
[584.         535.         217.71118676   4.        ]
[480.         847.         217.78210288  16.        ]
[329.         377.         218.00600381   2.        ]
[425.         577.         218.36173273   4.        ]
[751.       868.       218.628998 260.      ]
[824.         876.         219.46028735 262.        ]
[850.         877.         219.71425027 281.        ]
[100.         867.         219.94548913   7.        ]
[835.         873.         220.26767786  18.        ]
[266.         821.         221.38629797   3.        ]
[413.         870.         221.61445932  18.        ]
[863.         864.         221.68430706  23.        ]
[163.         883.         223.24226924  24.        ]
[881.         884.         223.70498107  27.        ]
[568.         838.         223.87650719   8.        ]
[880.         789.         224.05249248  20.        ]
[855.        878.        224.5117758 284.       ]
[234.         856.         225.33469469   4.        ]
[887.         865.         225.75419152  26.        ]
[872.         277.         226.43713692   5.        ]
[885.         484.         226.50094319  28.        ]
[543.         417.         226.82024131   4.        ]
[888.         890.         226.97187224 310.        ]
[743.         854.         227.11485235   4.        ]
[875.         882.         227.67595277  22.        ]
[269.         894.         228.33533499 311.        ]
[  8.         874.         228.81508189   3.        ]
[365.         891.         229.22544763   6.        ]
[ 92.         896.         229.75034111  23.        ]
[170.         892.         230.46926115  29.        ]
[280.         893.         231.15502896   5.        ]
[283.         897.         234.25452923 312.        ]
[416.         886.         234.49664379   9.        ]
[ 83.         900.         235.00941734  24.        ]
[ 97.         905.         235.29432668  25.        ]
[469.         901.         235.35677929  30.        ]
[483.         895.         235.70147912   5.        ]
[839.         899.         236.11019773  11.        ]
[571.         108.         236.59851854   3.        ]
[809.         803.         238.15363622  13.        ]
[909.         906.         238.22529221  36.        ]
[228.         812.         238.25909628   3.        ]
[871.         912.         238.32192891  41.        ]
[879.         889.         239.01299052  11.        ]
[384.         915.         240.70376685  12.        ]
[ 78.         904.         242.29915838  10.        ]
[338.         777.         242.48745055   3.        ]
[907.         903.         242.55241185 342.        ]
[165.         914.         242.88324603  42.        ]
[345.       919.       242.943113 343.      ]
[  2.         902.         243.36989426   6.        ]
[162.         908.         244.16160226   6.        ]
[213.         916.         245.70721083  13.        ]
[852.        373.        246.1311541   4.       ]
[374.         920.         247.85470421  43.        ]
[ 18.          37.         248.80442645   2.        ]
[923.         922.         248.91790611  12.        ]
[347.         924.         249.22203442  14.        ]
[921.         925.         249.42495026 347.        ]
[930.         928.         249.66333441 359.        ]
[869.         929.         249.71445899  16.        ]
[ 69.         917.         250.05294023  11.        ]
[931.         898.         250.14370798 362.        ]
[ 28.        934.        250.2493517 363.       ]
[926.         918.         253.02140838  46.        ]
[372.         935.         253.71817779 364.        ]
[145.         937.         255.12403006 365.        ]
[217.         913.         256.74963029   4.        ]
[ 39.         305.         257.08149807   2.        ]
[171.         938.         258.79247123 366.        ]
[936.        932.        259.8215294  62.       ]
[939.          35.         261.05747637   5.        ]
[942.         941.         261.22582976 428.        ]
[943.         276.         261.26728011   6.        ]
[380.         944.         263.50084841 429.        ]
[331.         945.         268.73385532   7.        ]
[927.         946.         269.53410685 431.        ]
[933.         948.         269.84378367 442.        ]
[258.         525.         271.11873026   3.        ]
[126.         949.         271.18675753 443.        ]
[164.         317.         271.21322309   2.        ]
[910.         115.         273.11903948   4.        ]
[947.         951.         278.32495402 450.        ]
[940.         954.         280.69334644 452.        ]
[955.         952.         283.20597187 454.        ]
[956.         911.         283.21810589 467.        ]
[957.         166.         283.54130247 468.        ]
[958.         167.         283.56930638 469.        ]
[959.         950.         283.58998644 472.        ]
[960.         953.         283.59224881 476.        ]
[961.        229.        283.6663342 477.       ]
[962.         257.         283.66715261 478.        ]
[963.         296.         290.57850309 479.        ]
[964.         491.         299.14559513 482.        ]
[965.         102.         305.38150705 483.        ]
[966.         175.         306.47399818 484.        ]
[967.         454.         328.13453822 485.        ]
