[14. 15.  0.  2.]
[70. 71.  0.  2.]
[486.  72.   0.   3.]
[487.  73.   0.   4.]
[488.  74.   0.   5.]
[80. 81.  0.  2.]
[490.  82.   0.   3.]
[93. 94.  0.  2.]
[492.  95.   0.   3.]
[493.  96.   0.   4.]
[109. 114.   0.   2.]
[112. 117.   0.   2.]
[496. 120.   0.   3.]
[497. 125.   0.   4.]
[113. 116.   0.   2.]
[499. 127.   0.   3.]
[123. 124.   0.   2.]
[501. 128.   0.   3.]
[132. 133.   0.   2.]
[503. 135.   0.   3.]
[136. 137.   0.   2.]
[149. 150.   0.   2.]
[506. 151.   0.   3.]
[507. 153.   0.   4.]
[157. 215.   0.   2.]
[509. 216.   0.   3.]
[510. 218.   0.   4.]
[511. 219.   0.   5.]
[512. 222.   0.   6.]
[172. 174.   0.   2.]
[179. 181.   0.   2.]
[205. 211.   0.   2.]
[212. 221.   0.   2.]
[225. 227.   0.   2.]
[233. 235.   0.   2.]
[519. 236.   0.   3.]
[520. 239.   0.   4.]
[521. 240.   0.   5.]
[522. 243.   0.   6.]
[242. 244.   0.   2.]
[284. 303.   0.   2.]
[286. 298.   0.   2.]
[291. 297.   0.   2.]
[316. 318.   0.   2.]
[528. 321.   0.   3.]
[320. 529.   0.   4.]
[319. 324.   0.   2.]
[333. 341.   0.   2.]
[361. 363.   0.   2.]
[362. 364.   0.   2.]
[368. 370.   0.   2.]
[375. 376.   0.   2.]
[379. 385.   0.   2.]
[537. 386.   0.   3.]
[538. 388.   0.   4.]
[539. 399.   0.   5.]
[540. 411.   0.   6.]
[395. 396.   0.   2.]
[542. 401.   0.   3.]
[430. 431.   0.   2.]
[440. 449.   0.   2.]
[443. 444.   0.   2.]
[546. 445.   0.   3.]
[446. 447.   0.   2.]
[473. 474.   0.   2.]
[1.82000000e+02 1.84000000e+02 1.90734863e-06 2.00000000e+00]
[4.58000000e+02 5.45000000e+02 1.90734863e-06 3.00000000e+00]
[4.56000000e+02 4.64000000e+02 1.90734863e-06 2.00000000e+00]
[3.11000000e+02 3.25000000e+02 2.33601546e-06 2.00000000e+00]
[3.0000000e+01 3.1000000e+01 2.6973983e-06 2.0000000e+00]
[8.4000000e+01 8.5000000e+01 2.6973983e-06 2.0000000e+00]
[2.0600000e+02 2.0700000e+02 2.6973983e-06 2.0000000e+00]
[5.5600000e+02 2.0800000e+02 2.6973983e-06 3.0000000e+00]
[5.5700000e+02 2.0900000e+02 2.6973983e-06 4.0000000e+00]
[2.9900000e+02 3.0100000e+02 2.6973983e-06 2.0000000e+00]
[1.92000000e+02 1.97000000e+02 3.30362474e-06 2.00000000e+00]
[1.98000000e+02 1.99000000e+02 3.30362474e-06 2.00000000e+00]
[1.78000000e+02 1.80000000e+02 4.67203091e-06 2.00000000e+00]
[4.48000000e+02 4.53000000e+02 5.39479661e-06 2.00000000e+00]
[4.50000000e+02 4.52000000e+02 5.39479661e-06 2.00000000e+00]
[5.64000000e+02 4.59000000e+02 5.39479661e-06 3.00000000e+00]
[5.65000000e+02 5.47000000e+02 5.39479661e-06 6.00000000e+00]
[4.67000000e+02 4.70000000e+02 5.39479661e-06 2.00000000e+00]
[4.75000000e+02 4.76000000e+02 7.62939453e-06 2.00000000e+00]
[428.         433.          16.94752477   2.        ]
[139.         140.          18.22775728   2.        ]
[106.         107.          18.90113484   2.        ]
[314.         315.          25.17984205   2.        ]
[352.         353.          25.17984205   2.        ]
[531.         530.          25.41564677   6.        ]
[505.         138.          27.22381503   3.        ]
[552.         551.          28.16627861   5.        ]
[485.          16.          28.24769094   3.        ]
[570.         141.          31.34224434   3.        ]
[147.         148.          37.98206445   2.        ]
[405.         569.          41.14220574   3.        ]
[189.         560.          49.04705131   3.        ]
[581.         190.          50.95321637   4.        ]
[191.         561.          52.21133678   3.        ]
[351.         355.          54.56740639   2.        ]
[75.         76.         57.33399402  2.        ]
[313.         572.          57.43281909   3.        ]
[580.         436.          62.49355241   4.        ]
[437.         563.          63.28701826   3.        ]
[578.         142.          63.84661076   4.        ]
[566.         567.          65.05305399   8.        ]
[ 89.         418.          65.46006744   2.        ]
[249.         253.          69.19066768   2.        ]
[591.         455.          74.35251098   3.        ]
[41.         45.         74.44855654  2.        ]
[272.         576.          76.60528403   6.        ]
[ 53.         498.          83.91085019   5.        ]
[593.         595.          84.86034093   9.        ]
[562.        366.         87.4262199   3.       ]
[597.         553.          88.35655265  11.        ]
[599.         587.          89.07879356  15.        ]
[130.         406.          90.37801002   2.        ]
[ 90.         250.          91.53008223   2.        ]
[161.         231.          94.22456417   2.        ]
[600.         230.          94.29542987  16.        ]
[596.         604.          96.44910284  21.        ]
[605.         586.          96.96932897  24.        ]
[606.          68.          99.74318508  25.        ]
[279.         334.         100.36292482   2.        ]
[582.         300.         101.14626181   5.        ]
[500.         337.         102.85089624   4.        ]
[ 99.         481.         103.33361515   2.        ]
[607.         400.         104.01982052  26.        ]
[602.         548.         104.25149353   4.        ]
[612.         122.         104.53893939  27.        ]
[ 66.         601.         105.35881242   3.        ]
[159.         183.         105.42334772   2.        ]
[610.         574.         105.64938565  10.        ]
[598.        248.        105.7315147   4.       ]
[614.         603.         106.36806143  29.        ]
[326.         340.         108.02597839   2.        ]
[609.         517.         108.46012857   7.        ]
[619.         419.         109.19105831  30.        ]
[554.          32.         109.49471325   3.        ]
[ 52.         622.         111.36579922  31.        ]
[160.         618.         111.56921222   5.        ]
[ 57.         214.         111.64668763   2.        ]
[624.         613.         111.68377628  35.        ]
[  3.          86.         113.65662551   2.        ]
[626.         583.         114.13584983   5.        ]
[621.         420.         114.14325625   8.        ]
[611.         478.         114.70097264   3.        ]
[515.         592.         116.69756497   4.        ]
[247.         390.         116.81720996   2.        ]
[ 36.         627.         117.90624086  36.        ]
[146.         200.         118.56706448   2.        ]
[617.         391.         118.86193183  11.        ]
[ 88.         550.         118.94869049   3.        ]
[ 23.         625.         120.47473037   6.        ]
[204.         264.         121.03202737   2.        ]
[346.        429.        121.1147855   2.       ]
[594.          43.         121.15462729   3.        ]
[241.         634.         123.06182443  37.        ]
[620.         360.         123.08188729   3.        ]
[636.         210.         123.29737171  12.        ]
[ 47.          77.         123.45313515   2.        ]
[633.         630.         124.30489026  10.        ]
[631.         644.         124.50934209  15.        ]
[615.        639.        125.0643302   5.       ]
[203.         460.         125.37760991   2.        ]
[647.         642.         126.37502369  52.        ]
[176.        646.        127.1580207  11.       ]
[629.         414.         127.94623935   6.        ]
[589.         632.         129.56474646   8.        ]
[641.          58.         129.73894782   4.        ]
[ 21.         623.         131.19840525   4.        ]
[358.        533.        131.4183057   3.       ]
[ 87.         616.         131.73315971   3.        ]
[652.         650.         132.32126979  58.        ]
[  0.         310.         132.62174292   2.        ]
[494.         579.         133.50849062   6.        ]
[ 33.         648.         133.74831946   6.        ]
[259.         344.         133.81410285   2.        ]
[ 17.         158.         134.34629399   2.        ]
[194.         306.         135.07915953   2.        ]
[119.         479.         135.52280799   2.        ]
[ 40.          55.         135.98162688   2.        ]
[508.         534.         136.25171201   6.        ]
[658.         651.         137.10821673  69.        ]
[645.         637.         137.63181407   5.        ]
[ 59.         526.         137.77620985   3.        ]
[668.         640.         138.82227942  71.        ]
[224.         608.         139.14285872   3.        ]
[412.         438.         139.61244583   2.        ]
[558.         275.         139.74955485   5.        ]
[649.         302.         139.84062629   3.        ]
[ 91.        532.        139.9124656   3.       ]
[ 10.         273.         140.06856406   2.        ]
[524.         671.         140.07397168  73.        ]
[104.         238.         141.03233002   2.        ]
[628.         678.         141.39472284  75.        ]
[659.         44.        141.4107591   3.       ]
[  7.         544.         142.21461234   3.        ]
[ 67.         665.         143.13577396   3.        ]
[ 19.         655.         143.13863766   5.        ]
[680.         635.         143.21727145  77.        ]
[664.        421.        143.5960395   3.       ]
[638.         516.         143.77784228   8.        ]
[675.         410.         145.01415093   4.        ]
[281.         686.         145.28850944   4.        ]
[ 13.         685.         146.20577505  78.        ]
[504.         653.         147.19145776  11.        ]
[661.         679.         147.20516506   8.        ]
[662.         271.         147.54769847   3.        ]
[682.         673.         147.55728516   5.        ]
[105.         226.         147.92352091   2.        ]
[670.         657.         148.33897995   6.        ]
[690.         518.         148.35095915  80.        ]
[ 48.         468.         148.70885839   2.        ]
[674.         256.         149.00052201   6.        ]
[687.          61.         149.50346551   9.        ]
[502.         367.         150.12225778   4.        ]
[697.         434.         150.13860218  81.        ]
[118.         121.         150.35051911   2.        ]
[702.      689.      150.72622  85.     ]
[704.         643.         150.91809111  88.        ]
[268.         342.         152.11322413   2.        ]
[681.         489.         152.39090471   8.        ]
[705.         143.         153.86832471  89.        ]
[677.         523.         154.83991085   8.        ]
[699.         423.         154.94302306   7.        ]
[708.         688.         154.98445219  93.        ]
[711.         656.         155.05462382  96.        ]
[696.         201.         155.30266045   7.        ]
[585.         667.         155.49525135   8.        ]
[676.         701.         155.77256336   7.        ]
[694.         683.         155.97941879   8.        ]
[712.         110.         156.19816694  97.        ]
[717.         700.         157.23297603 106.        ]
[718.         710.         158.35779383 113.        ]
[  5.          22.         158.52719284   2.        ]
[ 12.        188.        158.5932944   2.       ]
[288.         409.         158.97096683   2.        ]
[693.       383.       159.408772   4.      ]
[716.         719.         159.57090656 121.        ]
[  6.         262.         160.55059316   2.        ]
[724.         669.         160.96957566 126.        ]
[726.         723.         161.80985169 130.        ]
[715.         328.         162.88726907   8.        ]
[727.        692.        163.6084103 138.       ]
[ 49.         202.         164.28851375   2.        ]
[698.         729.         164.72593092 140.        ]
[654.      308.      164.88784   5.     ]
[ 54.         424.         164.95821612   2.        ]
[663.         684.         165.08322339   7.        ]
[ 65.         252.         165.88355028   2.        ]
[695.         722.         166.35064894   4.        ]
[672.         330.         166.92349459   4.        ]
[ 20.          38.         166.97517324   2.        ]
[703.         427.         168.54046196   3.        ]
[394.         477.         168.71103617   2.        ]
[307.         323.         169.07357923   2.        ]
[555.         691.         169.24429774  13.        ]
[ 56.         660.         169.34935743   7.        ]
[ 29.        731.        170.6501359 141.       ]
[721.         713.         170.80421292   9.        ]
[131.         144.         170.85847611   2.        ]
[261.        263.        171.1956054   2.       ]
[666.         343.         171.44099619   3.        ]
[709.        441.        171.7095767   9.       ]
[168.         289.         171.74384634   2.        ]
[ 63.         327.         172.13133221   2.        ]
[251.         392.         172.69728035   2.        ]
[495.         407.         172.84272872   3.        ]
[714.         736.         173.06438833  12.        ]
[ 51.         290.         173.21072447   2.        ]
[728.         559.         173.51401538  10.        ]
[734.         267.         173.70493171   8.        ]
[707.         471.         174.71767181   9.        ]
[725.         332.         175.12622692   3.        ]
[382.        457.        175.4766637   2.       ]
[ 24.          34.         175.48673862   2.        ]
[173.         255.         175.93747827   2.        ]
[745.          64.         176.04920469  10.        ]
[103.        737.        176.0749726   5.       ]
[254.         356.         176.14162514   2.        ]
[193.         348.         176.19852371   2.        ]
[369.         758.         176.48699285  10.        ]
[  4.         754.         176.81136952  13.        ]
[134.         432.         177.87653415   2.        ]
[152.         196.         178.01748827   2.        ]
[744.         766.         179.35218547 143.        ]
[730.          60.         179.64458638   3.        ]
[720.          69.         179.87508906   3.        ]
[763.         402.         180.16291194  11.        ]
[ 62.        760.        180.2160155   3.       ]
[154.         573.         180.25492635   3.        ]
[764.         187.         180.55613364   6.        ]
[771.         387.         180.64512011 144.        ]
[735.         398.         180.66597919   3.        ]
[527.         426.         181.16321477   3.        ]
[757.         513.         181.16424129  14.        ]
[246.         778.         181.34127496 145.        ]
[ 50.         274.         181.49552997   2.        ]
[756.         357.         181.55621816  11.        ]
[408.         415.         181.77821392   2.        ]
[755.         767.         182.12313007  12.        ]
[177.         265.         182.71485562   2.        ]
[335.         350.         182.82663249   2.        ]
[575.         294.         182.90436254   4.        ]
[765.         349.         183.10920285   3.        ]
[768.         782.         183.99028758 158.        ]
[774.        381.        184.0084962  12.       ]
[749.         371.         184.49242037  10.        ]
[753.         461.         185.09504739   4.        ]
[791.         792.         186.12780319 170.        ]
[739.         293.         186.29333184   4.        ]
[789.         232.         186.78602268   5.        ]
[514.         354.         187.13674519   3.        ]
[245.         312.         187.25408682   2.        ]
[282.         389.         187.74186468   2.        ]
[733.         776.         188.62133187   5.        ]
[786.         795.         188.89424025 182.        ]
[751.         451.         188.96921649   3.        ]
[ 42.         775.         189.45733416   4.        ]
[793.         742.         189.58937755  23.        ]
[750.         762.         190.07722198   4.        ]
[770.         270.         190.12886337   3.        ]
[773.        462.        190.4678912   4.       ]
[759.         802.         190.62397309 185.        ]
[ 27.         783.         190.69383069   3.        ]
[588.         442.         191.14492479   4.        ]
[  1.         746.         191.14867647   3.        ]
[777.         809.         191.15627648 191.        ]
[322.        397.        191.2125922   2.       ]
[781.         790.         191.21669409  17.        ]
[794.        815.        192.1100603  21.       ]
[185.         223.         192.17187258   2.        ]
[111.         541.         192.41724649   7.        ]
[743.         155.         192.42757377   8.        ]
[784.         156.         192.94090689  12.        ]
[800.         740.         193.10976639   4.        ]
[237.         404.         193.64300087   2.        ]
[278.         285.         193.87560388   2.        ]
[769.        797.        194.2949337   7.       ]
[741.         372.         194.32338753   3.        ]
[814.        465.        195.8067785   3.       ]
[378.         469.         195.96279443   2.        ]
[808.       779.       196.159723   7.      ]
[798.         780.         196.20411594   6.        ]
[813.         816.         196.63906039 212.        ]
[810.        803.        196.6438662   6.       ]
[817.         830.         196.66951118 214.        ]
[806.        480.        196.9700293   5.       ]
[801.         787.         197.24164944   7.        ]
[169.         292.         197.32477797   2.        ]
[805.         832.         197.98089126 237.        ]
[819.         706.         199.33841944  10.        ]
[336.         413.         199.89666928   2.        ]
[836.         807.         200.37675429 240.        ]
[788.         482.         200.38807016   3.        ]
[839.         220.         200.47736016 241.        ]
[761.         466.         200.74274186   3.        ]
[748.          97.         200.74928798   4.        ]
[732.        101.        201.6380434   6.       ]
[  9.         796.         201.82845238   5.        ]
[820.         269.         202.04527167  13.        ]
[834.         799.         202.18391671   9.        ]
[829.        260.        202.9674559   7.       ]
[841.         186.         203.53495348 242.        ]
[837.         359.         203.55082832  11.        ]
[812.         304.         204.07407123   4.        ]
[823.         295.         204.26081911   3.        ]
[ 98.         535.         204.53174886   3.        ]
[849.         818.         204.74241966 249.        ]
[854.         833.         205.37714817 254.        ]
[ 79.         846.         205.98031625  14.        ]
[831.         840.         206.07079079   9.        ]
[435.         811.         206.28312517   5.        ]
[855.         850.         206.38588366 265.        ]
[859.         847.         206.57353875 274.        ]
[860.         772.         206.77069598 277.        ]
[195.         536.         207.08333008   3.        ]
[ 11.        213.        207.2360666   2.       ]
[439.         472.         207.43948266   2.        ]
[825.         309.         208.01408215   4.        ]
[463.         549.         208.28482528   3.        ]
[861.         826.         209.07401708 280.        ]
[867.         857.         210.07689179 289.        ]
[868.        824.        210.4962479 296.       ]
[869.         393.         210.80463915 297.        ]
[821.         283.         212.12891753   5.        ]
[804.         752.         212.48580314   6.        ]
[870.         92.        212.9672071 298.       ]
[873.         865.         213.38377217 302.        ]
[ 26.          35.         213.56112193   2.        ]
[874.         851.         214.15114398 306.        ]
[100.         287.         214.29530076   2.        ]
[876.         852.         214.31037228 309.        ]
[872.         835.         214.42682239   8.        ]
[878.         838.         214.47665692 311.        ]
[880.         827.         215.29672471 313.        ]
[842.         403.         216.10804999   4.        ]
[828.          46.         216.12196646   8.        ]
[ 25.         129.         216.18137907   2.        ]
[881.         879.         216.18944769 321.        ]
[885.         844.         216.63905029 327.        ]
[853.         886.         216.63956042 330.        ]
[ 78.         339.         216.96834716   2.        ]
[277.         584.         217.71118676   3.        ]
[  8.         329.         218.00600381   2.        ]
[ 83.         425.         218.36173273   2.        ]
[887.        543.        218.7586319 333.       ]
[892.         163.         220.68479574 334.        ]
[266.         417.         221.57182846   2.        ]
[871.         345.         221.89963084   6.        ]
[882.         893.         222.45411155 338.        ]
[416.         568.         223.87650719   3.        ]
[738.         843.         224.66176989   6.        ]
[234.         866.         225.33469469   4.        ]
[883.         384.         226.21446888   9.        ]
[896.         848.         227.05138501 345.        ]
[901.         747.         227.23970474 347.        ]
[902.         484.         227.31741138 348.        ]
[126.         895.         227.67263037   7.        ]
[903.         864.         227.69449331 350.        ]
[331.         365.         229.22544763   2.        ]
[905.        894.        229.3825868 352.       ]
[898.        907.        230.5440654 358.       ]
[276.         280.         231.15502896   2.        ]
[577.         899.         232.23000807   7.        ]
[862.         377.         233.34283949   4.        ]
[900.         374.         233.87662732  10.        ]
[845.         908.         234.88899139 363.        ]
[863.         875.         234.91518857   4.        ]
[571.         108.         236.59851854   3.        ]
[913.         483.         237.18432818 364.        ]
[228.         822.         238.25909628   3.        ]
[904.         785.         238.30587908   9.        ]
[884.         422.         238.81779797   3.        ]
[910.         891.         239.42824863   9.        ]
[914.         171.         239.67586637   5.        ]
[912.         916.         241.59098025 374.        ]
[347.         897.         242.18183943   4.        ]
[165.         338.         242.75073871   2.        ]
[856.         170.         243.22057513  15.        ]
[858.         590.         243.29147823  13.        ]
[  2.         380.         243.36989426   2.        ]
[162.         922.         244.16160226 375.        ]
[921.         888.         246.15425926   7.        ]
[925.         918.         246.78183342  24.        ]
[164.         889.         246.94751271   4.        ]
[911.         373.         248.00826722   5.        ]
[ 18.          37.         248.80442645   2.        ]
[877.         305.         249.12672775   3.        ]
[919.         930.         250.59411534  27.        ]
[217.         909.         250.83370685   3.        ]
[890.         928.         251.95490263 377.        ]
[ 39.         934.         251.96983999   4.        ]
[920.         257.         252.32974765  10.        ]
[929.         935.         254.59051758  34.        ]
[940.         939.         256.73016595  44.        ]
[941.         932.         257.59926088  49.        ]
[924.         942.         258.93118461  51.        ]
[ 28.         943.         259.18054921  52.        ]
[927.         917.         259.86561067   5.        ]
[937.         944.         261.41668873 429.        ]
[936.      906.      262.73894   5.     ]
[525.         923.         262.91503454   6.        ]
[945.         946.         263.13260886 434.        ]
[933.         931.         264.64362398   6.        ]
[115.         145.         266.61814435   2.        ]
[258.         948.         268.19797492   7.        ]
[949.         947.         270.32230898 439.        ]
[953.         951.         270.78277291 441.        ]
[954.         938.         272.27008238 445.        ]
[955.        950.        272.8550472 451.       ]
[956.         952.         274.32299831 458.        ]
[957.         229.         274.64491799 459.        ]
[958.         915.         275.09368117 462.        ]
[959.        317.        277.3526287 463.       ]
[960.         166.         278.81426383 464.        ]
[961.         926.         280.34432942 477.        ]
[962.         491.         281.18842198 480.        ]
[963.        167.        281.2823417 481.       ]
[964.         296.         281.69035716 482.        ]
[965.         102.         289.21522051 483.        ]
[966.         175.         298.53231977 484.        ]
[967.         454.         320.58667078 485.        ]
