[14. 15.  0.  2.]
[70. 71.  0.  2.]
[486.  72.   0.   3.]
[487.  73.   0.   4.]
[488.  74.   0.   5.]
[80. 81.  0.  2.]
[490.  82.   0.   3.]
[93. 94.  0.  2.]
[492.  95.   0.   3.]
[493.  96.   0.   4.]
[109. 114.   0.   2.]
[112. 117.   0.   2.]
[496. 120.   0.   3.]
[497. 125.   0.   4.]
[113. 116.   0.   2.]
[499. 127.   0.   3.]
[123. 124.   0.   2.]
[501. 128.   0.   3.]
[132. 133.   0.   2.]
[503. 135.   0.   3.]
[136. 137.   0.   2.]
[149. 150.   0.   2.]
[506. 151.   0.   3.]
[507. 153.   0.   4.]
[157. 215.   0.   2.]
[509. 216.   0.   3.]
[510. 218.   0.   4.]
[511. 219.   0.   5.]
[512. 222.   0.   6.]
[172. 174.   0.   2.]
[179. 181.   0.   2.]
[205. 211.   0.   2.]
[212. 221.   0.   2.]
[225. 227.   0.   2.]
[233. 235.   0.   2.]
[519. 236.   0.   3.]
[520. 239.   0.   4.]
[521. 240.   0.   5.]
[522. 243.   0.   6.]
[242. 244.   0.   2.]
[284. 303.   0.   2.]
[286. 298.   0.   2.]
[291. 297.   0.   2.]
[316. 318.   0.   2.]
[528. 321.   0.   3.]
[320. 529.   0.   4.]
[319. 324.   0.   2.]
[333. 341.   0.   2.]
[361. 363.   0.   2.]
[362. 364.   0.   2.]
[368. 370.   0.   2.]
[375. 376.   0.   2.]
[379. 385.   0.   2.]
[537. 386.   0.   3.]
[538. 388.   0.   4.]
[539. 399.   0.   5.]
[540. 411.   0.   6.]
[395. 396.   0.   2.]
[542. 401.   0.   3.]
[430. 431.   0.   2.]
[440. 449.   0.   2.]
[443. 444.   0.   2.]
[546. 445.   0.   3.]
[446. 447.   0.   2.]
[473. 474.   0.   2.]
[1.82000000e+02 1.84000000e+02 1.90734863e-06 2.00000000e+00]
[4.58000000e+02 5.45000000e+02 1.90734863e-06 3.00000000e+00]
[4.56000000e+02 4.64000000e+02 1.90734863e-06 2.00000000e+00]
[3.11000000e+02 3.25000000e+02 2.33601546e-06 2.00000000e+00]
[3.0000000e+01 3.1000000e+01 2.6973983e-06 2.0000000e+00]
[8.4000000e+01 8.5000000e+01 2.6973983e-06 2.0000000e+00]
[2.0600000e+02 2.0700000e+02 2.6973983e-06 2.0000000e+00]
[5.5600000e+02 2.0800000e+02 2.6973983e-06 3.0000000e+00]
[5.5700000e+02 2.0900000e+02 2.6973983e-06 4.0000000e+00]
[2.9900000e+02 3.0100000e+02 2.6973983e-06 2.0000000e+00]
[1.92000000e+02 1.97000000e+02 3.30362474e-06 2.00000000e+00]
[1.98000000e+02 1.99000000e+02 3.30362474e-06 2.00000000e+00]
[1.78000000e+02 1.80000000e+02 4.67203091e-06 2.00000000e+00]
[4.48000000e+02 4.53000000e+02 5.39479661e-06 2.00000000e+00]
[4.50000000e+02 4.52000000e+02 5.39479661e-06 2.00000000e+00]
[5.64000000e+02 4.59000000e+02 5.39479661e-06 3.00000000e+00]
[5.65000000e+02 5.47000000e+02 5.39479661e-06 6.00000000e+00]
[4.67000000e+02 4.70000000e+02 5.39479661e-06 2.00000000e+00]
[4.75000000e+02 4.76000000e+02 7.62939453e-06 2.00000000e+00]
[428.         433.          16.94752477   2.        ]
[139.         140.          18.22775728   2.        ]
[106.         107.          18.90113484   2.        ]
[314.         315.          25.17984205   2.        ]
[352.         353.          25.17984205   2.        ]
[531.         530.          25.41564677   6.        ]
[505.         138.          27.22381503   3.        ]
[552.         551.          28.16627861   5.        ]
[485.          16.          28.24769094   3.        ]
[570.         141.          31.34224434   3.        ]
[147.         148.          37.98206445   2.        ]
[405.         569.          41.14220574   3.        ]
[189.         560.          49.04705131   3.        ]
[581.         190.          50.95321637   4.        ]
[191.         561.          52.21133678   3.        ]
[351.         355.          54.56740639   2.        ]
[75.         76.         57.33399402  2.        ]
[313.         572.          57.43281909   3.        ]
[580.         436.          62.49355241   4.        ]
[437.         563.          63.28701826   3.        ]
[578.         142.          63.84661076   4.        ]
[566.         567.          65.05305399   8.        ]
[ 89.         418.          65.46006744   2.        ]
[249.         253.          69.19066768   2.        ]
[591.         576.          74.35251098   7.        ]
[41.         45.         74.44855654  2.        ]
[593.        455.         74.9001462   8.       ]
[ 53.         498.          83.91085019   5.        ]
[595.         587.          86.38103491  12.        ]
[562.        366.         87.4262199   3.       ]
[597.         553.          88.11936833  14.        ]
[130.         406.          90.37801002   2.        ]
[599.        272.         90.8210539  15.       ]
[ 90.         250.          91.53008223   2.        ]
[601.         230.          93.57960472  16.        ]
[161.         231.          94.22456417   2.        ]
[596.         603.          96.44910284  21.        ]
[605.         586.          96.57124124  24.        ]
[606.         68.         99.6701929  25.       ]
[279.         334.         100.36292482   2.        ]
[582.         300.         101.14626181   5.        ]
[500.         574.         102.85089624   9.        ]
[ 99.         481.         103.33361515   2.        ]
[607.         602.         103.79666133  27.        ]
[612.         604.         104.70059583  29.        ]
[613.         400.         104.80529604  30.        ]
[614.         122.         104.92866323  31.        ]
[ 66.         600.         105.35881242   3.        ]
[159.         183.         105.42334772   2.        ]
[598.        248.        105.7315147   4.       ]
[610.         337.         106.63445885  10.        ]
[326.         340.         108.02597839   2.        ]
[609.         517.         108.46012857   7.        ]
[554.          32.         109.49471325   3.        ]
[615.         419.         109.78239985  32.        ]
[ 52.         414.         111.36579922   2.        ]
[160.         618.         111.56921222   5.        ]
[ 57.         214.         111.64668763   2.        ]
[  3.          86.         113.65662551   2.        ]
[626.         583.         114.13584983   5.        ]
[621.         623.         114.14325625  39.        ]
[611.         478.         114.70097264   3.        ]
[616.         420.         114.84516428   4.        ]
[515.         592.         116.69756497   4.        ]
[247.         390.         116.81720996   2.        ]
[619.         548.         118.48385612  12.        ]
[146.         200.         118.56706448   2.        ]
[ 88.         550.         118.94869049   3.        ]
[624.         629.         120.01826459  41.        ]
[ 23.         625.         120.47473037   6.        ]
[204.         631.         121.03202737   5.        ]
[346.        429.        121.1147855   2.       ]
[594.          43.         121.15462729   3.        ]
[634.         630.         121.63492641  15.        ]
[264.         639.         121.99665334   6.        ]
[642.        391.        122.4869406  16.       ]
[620.         360.         123.08188729   3.        ]
[ 47.          77.         123.45313515   2.        ]
[633.         637.         124.30489026  43.        ]
[644.         241.         124.34595814  17.        ]
[203.         647.         125.37760991  44.        ]
[648.         210.         126.03136959  18.        ]
[650.        649.        129.1615402  62.       ]
[589.         632.         129.56474646   8.        ]
[ 36.         259.         129.67075197   2.        ]
[641.          58.         129.73894782   4.        ]
[ 21.         622.         131.19840525   4.        ]
[358.        533.        131.4183057   3.       ]
[ 87.         617.         131.73315971   3.        ]
[643.         645.         132.29250821   9.        ]
[176.         651.         132.55576605  63.        ]
[  0.         310.         132.62174292   2.        ]
[494.         579.         133.50849062   6.        ]
[ 17.         158.         134.34629399   2.        ]
[658.         608.         134.83969503  11.        ]
[194.         628.         135.07915953   6.        ]
[119.         479.         135.52280799   2.        ]
[ 40.          55.         135.98162688   2.        ]
[508.         534.         136.25171201   6.        ]
[306.         664.         136.90137801   7.        ]
[646.         636.         137.63181407   5.        ]
[ 59.         526.         137.77620985   3.        ]
[302.         460.         138.52333061   2.        ]
[659.         640.         139.11532383  65.        ]
[412.         438.         139.61244583   2.        ]
[558.         652.         139.74955485  12.        ]
[ 91.        532.        139.9124656   3.       ]
[ 10.         273.         140.06856406   2.        ]
[524.         672.         140.07397168  67.        ]
[671.         410.         140.98637541   3.        ]
[104.         238.         141.03233002   2.        ]
[668.         677.         141.12260871  74.        ]
[627.         680.         141.39472284  76.        ]
[660.         44.        141.4107591   3.       ]
[  7.         544.         142.21461234   3.        ]
[653.        663.        142.2986385  13.       ]
[ 67.         665.         143.13577396   3.        ]
[ 19.         655.         143.13863766   5.        ]
[638.         516.         143.77784228   8.        ]
[684.         271.         144.66083916  14.        ]
[ 13.         688.         145.21831186  15.        ]
[281.         434.         145.28850944   2.        ]
[674.         275.         146.36595122  13.        ]
[681.         635.         146.58620481  78.        ]
[683.         673.         147.55728516   5.        ]
[105.         226.         147.92352091   2.        ]
[670.         657.         148.33897995   6.        ]
[ 48.         468.         148.70885839   2.        ]
[689.         692.         149.16851191  93.        ]
[687.          61.         149.50346551   9.        ]
[ 60.         256.         149.78756944   2.        ]
[502.         367.         150.12225778   4.        ]
[118.         121.         150.35051911   2.        ]
[697.         693.         150.94933895  98.        ]
[702.         690.         151.50632899 100.        ]
[703.         518.         151.97303054 102.        ]
[268.         342.         152.11322413   2.        ]
[682.         489.         152.39090471   8.        ]
[369.        421.        152.5624393   2.       ]
[ 33.         679.         153.60049064   3.        ]
[676.         523.         154.83991085   8.        ]
[656.         704.         155.16803844 105.        ]
[695.         201.         155.30266045   7.        ]
[585.         667.         155.49525135   8.        ]
[675.         700.         155.77256336   7.        ]
[710.         691.         155.80826193 118.        ]
[698.         714.         156.48351149 127.        ]
[  5.          22.         158.52719284   2.        ]
[ 12.        669.        158.5932944   6.       ]
[143.         144.         158.81461796   2.        ]
[288.         409.         158.97096683   2.        ]
[685.         678.         160.00897363   6.        ]
[  6.         262.         160.55059316   2.        ]
[110.         715.         161.17470851 128.        ]
[722.         711.         162.24716766 135.        ]
[713.         328.         162.88726907   8.        ]
[723.         717.         162.92129521 141.        ]
[725.         662.         163.17478702 143.        ]
[726.         383.         163.24032414 144.        ]
[ 49.         202.         164.28851375   2.        ]
[727.         423.         164.36834844 145.        ]
[696.         575.         164.72593092   5.        ]
[654.      308.      164.88784   5.     ]
[ 54.         424.         164.95821612   2.        ]
[ 65.         252.         165.88355028   2.        ]
[ 29.       718.       166.187152   3.      ]
[694.         712.         166.35064894  10.        ]
[720.         729.         166.45638771 151.        ]
[ 20.          38.         166.97517324   2.        ]
[701.         427.         168.54046196   3.        ]
[394.         477.         168.71103617   2.        ]
[307.         323.         169.07357923   2.        ]
[ 56.         661.         169.34935743   7.        ]
[261.        263.        171.1956054   2.       ]
[666.         343.         171.44099619   3.        ]
[ 64.         736.         171.45024747 152.        ]
[709.        441.        171.7095767   9.       ]
[168.         289.         171.74384634   2.        ]
[735.         708.         171.75762336  13.        ]
[707.         706.         172.05118657  10.        ]
[ 63.         327.         172.13133221   2.        ]
[719.         744.         172.23854507 154.        ]
[251.         392.         172.69728035   2.        ]
[495.         407.         172.84272872   3.        ]
[ 51.         290.         173.21072447   2.        ]
[185.         188.         173.51258926   2.        ]
[724.         559.         173.51401538  10.        ]
[730.         232.         173.85505353   6.        ]
[224.         330.         174.37523913   2.        ]
[721.         332.         175.12622692   3.        ]
[382.        457.        175.4766637   2.       ]
[ 24.          34.         175.48673862   2.        ]
[173.         750.         175.93747827 155.        ]
[686.         177.         175.95794654   6.        ]
[254.         573.         176.14162514   3.        ]
[193.         348.         176.19852371   2.        ]
[344.        403.        176.9429197   2.       ]
[134.         432.         177.87653415   2.        ]
[152.         196.         178.01748827   2.        ]
[555.        504.        178.8890356   5.       ]
[716.          69.         179.87508906   3.        ]
[ 62.        728.        180.2160155   3.       ]
[471.        541.        180.2217065   7.       ]
[747.         748.         180.57411217  23.        ]
[733.         398.         180.66597919   3.        ]
[103.         763.         180.93382846   4.        ]
[699.         772.         181.04199487  25.        ]
[527.         426.         181.16321477   3.        ]
[246.         322.         181.34127496   2.        ]
[ 50.         749.         181.49552997   3.        ]
[755.         357.         181.55621816  11.        ]
[408.         415.         181.77821392   2.        ]
[131.         187.         182.04177677   2.        ]
[761.         775.         182.16224818 180.        ]
[335.         774.         182.58701718   5.        ]
[731.         513.         182.59751417  11.        ]
[756.       782.       182.797027 186.      ]
[734.        764.        183.1406499   5.       ]
[745.         753.         183.42430303  11.        ]
[  4.         783.         183.60554543   6.        ]
[752.         111.         183.78066236   4.        ]
[758.         762.         184.00441918   9.        ]
[786.         387.         184.63304124   6.        ]
[349.         356.         184.82675243   2.        ]
[754.         381.         184.86347575   3.        ]
[787.         371.         185.46667956  12.        ]
[778.         274.         186.03361401   4.        ]
[738.         293.         186.29333184   4.        ]
[339.         350.         186.64169834   2.        ]
[514.         354.         187.13674519   3.        ]
[245.         312.         187.25408682   2.        ]
[732.         154.         187.58812179   3.        ]
[282.         389.         187.74186468   2.        ]
[781.         746.         187.97261246   4.        ]
[791.         765.         189.05528137   8.        ]
[767.         270.         190.12886337   3.        ]
[788.         482.         190.44072109   7.        ]
[769.        462.        190.4678912   4.       ]
[789.         461.         190.48098212   5.        ]
[ 27.         795.         190.52571636   5.        ]
[785.         793.         191.12294481 189.        ]
[588.         590.         191.14492479  11.        ]
[809.         255.         191.18267068 190.        ]
[294.         811.         191.43444471 191.        ]
[790.         803.         192.19228402  17.        ]
[760.         402.         192.38277591   3.        ]
[741.         155.         192.42757377   8.        ]
[794.        805.        192.4473022  19.       ]
[223.         480.         192.75699204   2.        ]
[759.         777.         192.89376268   4.        ]
[779.         156.         192.94090689  12.        ]
[801.         739.         193.10976639   4.        ]
[237.         404.         193.64300087   2.        ]
[285.         818.         193.87560388   5.        ]
[740.         372.         194.32338753   3.        ]
[278.         295.         194.32428434   2.        ]
[816.         768.         194.60353356  24.        ]
[  1.         304.         194.99594919   2.        ]
[813.         802.         195.09110898  21.        ]
[378.         469.         195.96279443   2.        ]
[806.       773.       196.159723   7.      ]
[798.         776.         196.20411594   6.        ]
[792.         827.         196.29132826  23.        ]
[766.         812.         196.80161147 193.        ]
[265.         831.         196.81866478  24.        ]
[784.        101.        197.1560272  12.       ]
[169.         292.         197.32477797   2.        ]
[800.         799.         197.37307325   5.        ]
[757.         465.         197.47344524   3.        ]
[770.         359.         199.21921496   4.        ]
[705.         825.         199.33841944  26.        ]
[336.         413.         199.89666928   2.        ]
[815.         422.         200.04013888   9.        ]
[804.         186.         200.48564643   4.        ]
[743.          97.         200.74928798   4.        ]
[833.         808.         201.00686712  29.        ]
[830.         451.         201.42057194   7.        ]
[810.        442.        201.4604853  12.       ]
[807.       832.       201.543022 198.      ]
[220.         839.         201.63005972  27.        ]
[  9.         796.         201.82845238   5.        ]
[837.         397.         201.94805276   4.        ]
[819.         269.         202.04527167  13.        ]
[814.         466.         202.06998712   4.        ]
[822.       838.       202.189508   9.      ]
[ 42.         853.         202.95704147  10.        ]
[844.         836.         203.40454616  34.        ]
[ 98.         535.         204.53174886   3.        ]
[845.         260.         204.84961655   8.        ]
[855.         847.         205.65930213 232.        ]
[842.         858.         205.89163132 236.        ]
[ 79.         851.         205.98031625  14.        ]
[771.        859.        206.6197938 243.       ]
[ 46.         267.         206.81452325   2.        ]
[195.         536.         207.08333008   3.        ]
[ 11.        213.        207.2360666   2.       ]
[439.         472.         207.43948266   2.        ]
[823.         309.         208.01408215   4.        ]
[737.         841.         208.06064397  11.        ]
[463.         549.         208.28482528   3.        ]
[848.         861.         209.25605908 270.        ]
[817.        850.        211.4536231   6.       ]
[820.         283.         212.12891753   5.        ]
[854.         852.         213.06631251  14.        ]
[ 26.          35.         213.56112193   2.        ]
[100.         287.         214.29530076   2.        ]
[828.         869.         215.24867827 272.        ]
[824.        866.        215.5602662   6.       ]
[872.         875.         216.01709595 286.        ]
[840.         425.         216.12803377   3.        ]
[ 25.         129.         216.18137907   2.        ]
[835.        417.        216.2356358   3.       ]
[856.         543.         216.63956042   6.        ]
[163.         393.         216.80322149   2.        ]
[877.         751.         217.67682539 288.        ]
[277.         584.         217.71118676   3.        ]
[329.         826.         218.00600381   3.        ]
[829.         862.         218.77270342   9.        ]
[883.         870.         219.71094303 294.        ]
[887.         880.         220.09315175 297.        ]
[878.         888.         220.45692017 300.        ]
[876.         484.         220.54690365   7.        ]
[871.         345.         221.89963084   6.        ]
[ 78.         266.         222.14821327   2.        ]
[834.         889.         223.49335573 312.        ]
[881.         882.         223.76309625   8.        ]
[416.         568.         223.87650719   3.        ]
[857.         893.         224.74030598 320.        ]
[435.         846.         225.04766009  13.        ]
[868.         890.         225.33469469  10.        ]
[867.         843.         225.64684798  15.        ]
[797.         865.         227.16501342   4.        ]
[891.         886.         227.67263037  15.        ]
[331.         365.         229.22544763   2.        ]
[894.         742.         229.33441787  10.        ]
[896.         899.         229.70771062 335.        ]
[ 92.         904.         229.75034111 336.        ]
[885.         905.         230.68327239 339.        ]
[234.         898.         230.75062855  11.        ]
[276.         280.         231.15502896   2.        ]
[126.         901.         232.53385967  16.        ]
[863.         377.         233.34283949   4.        ]
[864.         906.         234.49842944 341.        ]
[577.         907.         235.74392023  14.        ]
[ 83.         373.         235.91955008   2.        ]
[874.        384.        236.1567499   3.       ]
[849.         903.         236.16147232  15.        ]
[571.         108.         236.59851854   3.        ]
[915.         483.         236.96333792  16.        ]
[228.         821.         238.25909628   3.        ]
[911.        860.        238.4340064 355.       ]
[917.         919.         238.69434925 371.        ]
[920.         900.         238.71795949 375.        ]
[909.         780.         241.55498788  18.        ]
[895.         884.         242.18183943   6.        ]
[879.         921.         242.48745055 377.        ]
[338.         924.         242.75073871 378.        ]
[165.         374.         242.88324603   2.        ]
[  2.         380.         243.36989426   2.        ]
[162.         258.         244.16160226   2.        ]
[873.         171.         244.94407913   3.        ]
[892.         170.         245.21290425   3.        ]
[913.         910.         245.23424126   6.        ]
[347.         923.         247.67592655   7.        ]
[ 18.          37.         248.80442645   2.        ]
[912.         257.         249.48640064  15.        ]
[217.         908.         250.83370685   3.        ]
[930.         932.         250.84109362  10.        ]
[926.         925.         252.82793123 380.        ]
[934.         931.         255.68598947  21.        ]
[922.         937.         255.85086256 398.        ]
[914.         939.         256.76922571 401.        ]
[ 39.         305.         257.08149807   2.        ]
[938.         940.         258.23796133 422.        ]
[  8.        918.        258.3878066   4.       ]
[942.         936.         260.19610426 432.        ]
[944.         929.         260.21943355 435.        ]
[927.         945.         260.75430268 437.        ]
[ 28.         166.         261.64081178   2.        ]
[946.         145.         261.96145688 438.        ]
[935.      902.      262.73894   5.     ]
[948.         928.         265.44468437 440.        ]
[950.         943.         267.45248257 444.        ]
[951.         949.         267.58320365 449.        ]
[952.         916.         267.76295814 452.        ]
[953.         947.         267.79827296 454.        ]
[954.         933.         267.83437011 456.        ]
[955.         897.         267.88152368 469.        ]
[956.         115.         268.37532101 470.        ]
[957.         164.         269.80026124 471.        ]
[958.        941.        272.2499204 473.       ]
[959.         317.         272.31499296 474.        ]
[960.         491.         277.03840252 477.        ]
[961.         525.         277.15418656 479.        ]
[962.         229.         278.15226337 480.        ]
[963.         167.         279.91778627 481.        ]
[964.         296.         280.34081832 482.        ]
[965.         102.         292.93234444 483.        ]
[966.        175.        303.9971891 484.       ]
[967.         454.         319.13232434 485.        ]
