[14. 15.  0.  2.]
[70. 71.  0.  2.]
[486.  72.   0.   3.]
[487.  73.   0.   4.]
[488.  74.   0.   5.]
[80. 81.  0.  2.]
[490.  82.   0.   3.]
[93. 94.  0.  2.]
[492.  95.   0.   3.]
[493.  96.   0.   4.]
[109. 114.   0.   2.]
[112. 117.   0.   2.]
[496. 120.   0.   3.]
[497. 125.   0.   4.]
[113. 116.   0.   2.]
[499. 127.   0.   3.]
[123. 124.   0.   2.]
[501. 128.   0.   3.]
[132. 133.   0.   2.]
[503. 135.   0.   3.]
[136. 137.   0.   2.]
[149. 150.   0.   2.]
[506. 151.   0.   3.]
[507. 153.   0.   4.]
[157. 215.   0.   2.]
[509. 216.   0.   3.]
[510. 218.   0.   4.]
[511. 219.   0.   5.]
[512. 222.   0.   6.]
[172. 174.   0.   2.]
[179. 181.   0.   2.]
[205. 211.   0.   2.]
[212. 221.   0.   2.]
[225. 227.   0.   2.]
[233. 235.   0.   2.]
[519. 236.   0.   3.]
[520. 239.   0.   4.]
[521. 240.   0.   5.]
[522. 243.   0.   6.]
[242. 244.   0.   2.]
[284. 303.   0.   2.]
[286. 298.   0.   2.]
[291. 297.   0.   2.]
[316. 318.   0.   2.]
[528. 321.   0.   3.]
[320. 529.   0.   4.]
[319. 324.   0.   2.]
[333. 341.   0.   2.]
[361. 363.   0.   2.]
[362. 364.   0.   2.]
[368. 370.   0.   2.]
[375. 376.   0.   2.]
[379. 385.   0.   2.]
[537. 386.   0.   3.]
[538. 388.   0.   4.]
[539. 399.   0.   5.]
[540. 411.   0.   6.]
[395. 396.   0.   2.]
[542. 401.   0.   3.]
[430. 431.   0.   2.]
[440. 449.   0.   2.]
[443. 444.   0.   2.]
[546. 445.   0.   3.]
[446. 447.   0.   2.]
[473. 474.   0.   2.]
[1.82000000e+02 1.84000000e+02 1.90734863e-06 2.00000000e+00]
[4.58000000e+02 5.45000000e+02 1.90734863e-06 3.00000000e+00]
[4.56000000e+02 4.64000000e+02 1.90734863e-06 2.00000000e+00]
[3.11000000e+02 3.25000000e+02 2.33601546e-06 2.00000000e+00]
[3.0000000e+01 3.1000000e+01 2.6973983e-06 2.0000000e+00]
[8.4000000e+01 8.5000000e+01 2.6973983e-06 2.0000000e+00]
[2.0600000e+02 2.0700000e+02 2.6973983e-06 2.0000000e+00]
[5.5600000e+02 2.0800000e+02 2.6973983e-06 3.0000000e+00]
[5.5700000e+02 2.0900000e+02 2.6973983e-06 4.0000000e+00]
[2.9900000e+02 3.0100000e+02 2.6973983e-06 2.0000000e+00]
[1.92000000e+02 1.97000000e+02 3.30362474e-06 2.00000000e+00]
[1.98000000e+02 1.99000000e+02 3.30362474e-06 2.00000000e+00]
[1.78000000e+02 1.80000000e+02 4.67203091e-06 2.00000000e+00]
[4.48000000e+02 4.53000000e+02 5.39479661e-06 2.00000000e+00]
[4.50000000e+02 4.52000000e+02 5.39479661e-06 2.00000000e+00]
[5.64000000e+02 4.59000000e+02 5.39479661e-06 3.00000000e+00]
[5.65000000e+02 5.47000000e+02 5.39479661e-06 6.00000000e+00]
[4.67000000e+02 4.70000000e+02 5.39479661e-06 2.00000000e+00]
[4.75000000e+02 4.76000000e+02 7.62939453e-06 2.00000000e+00]
[428.         433.          16.94752477   2.        ]
[139.         140.          18.22775728   2.        ]
[106.         107.          18.90113484   2.        ]
[314.         315.          25.17984205   2.        ]
[352.         353.          25.17984205   2.        ]
[531.         530.          25.41564677   6.        ]
[505.         138.          27.22381503   3.        ]
[552.         551.          28.16627861   5.        ]
[485.          16.          28.24769094   3.        ]
[570.         141.          31.34224434   3.        ]
[147.         148.          37.98206445   2.        ]
[405.         569.          41.14220574   3.        ]
[189.         560.          49.04705131   3.        ]
[581.         190.          50.95321637   4.        ]
[191.         561.          52.21133678   3.        ]
[351.         355.          54.56740639   2.        ]
[75.         76.         57.33399402  2.        ]
[313.         572.          57.43281909   3.        ]
[580.         436.          62.49355241   4.        ]
[437.         563.          63.28701826   3.        ]
[578.         142.          63.84661076   4.        ]
[566.         567.          65.05305399   8.        ]
[ 89.         418.          65.46006744   2.        ]
[249.         253.          69.19066768   2.        ]
[591.         455.          74.35251098   3.        ]
[41.         45.         74.44855654  2.        ]
[272.         576.          76.60528403   6.        ]
[ 53.         498.          83.91085019   5.        ]
[593.         230.          84.86034093   4.        ]
[562.        366.         87.4262199   3.       ]
[597.        553.         88.2902316   6.       ]
[599.         587.          89.30283708  10.        ]
[130.         406.          90.37801002   2.        ]
[600.         595.          91.26494102  16.        ]
[ 90.         250.          91.53008223   2.        ]
[161.         231.          94.22456417   2.        ]
[596.         586.          96.44910284   8.        ]
[605.         602.          97.95752371  24.        ]
[279.         334.         100.36292482   2.        ]
[606.         68.        100.6159222  25.       ]
[582.         300.         101.14626181   5.        ]
[500.         337.         102.85089624   4.        ]
[ 99.         481.         103.33361515   2.        ]
[608.       400.       104.133018  26.      ]
[603.         548.         104.25149353   4.        ]
[612.         122.         104.87794686  27.        ]
[ 66.         601.         105.35881242   3.        ]
[159.         183.         105.42334772   2.        ]
[610.         574.         105.64938565  10.        ]
[598.        248.        105.7315147   4.       ]
[614.        604.        106.2412903  29.       ]
[326.         340.         108.02597839   2.        ]
[609.         517.         108.46012857   7.        ]
[554.          32.         109.49471325   3.        ]
[619.         419.         109.50257614  30.        ]
[ 52.         414.         111.36579922   2.        ]
[160.         618.         111.56921222   5.        ]
[ 57.         214.         111.64668763   2.        ]
[623.        613.        112.2775862  34.       ]
[  3.          86.         113.65662551   2.        ]
[626.         583.         114.13584983   5.        ]
[621.         420.         114.14325625   8.        ]
[611.         478.         114.70097264   3.        ]
[627.         617.         114.80943301  44.        ]
[515.         592.         116.69756497   4.        ]
[247.         390.         116.81720996   2.        ]
[146.         200.         118.56706448   2.        ]
[ 88.         550.         118.94869049   3.        ]
[632.        634.        120.4517312  46.       ]
[ 23.         625.         120.47473037   6.        ]
[624.         630.         121.01439524  10.        ]
[204.         264.         121.03202737   2.        ]
[346.        429.        121.1147855   2.       ]
[594.          43.         121.15462729   3.        ]
[637.        210.        121.4533646  47.       ]
[ 13.         391.         122.81169207   2.        ]
[639.         643.         123.06125158  57.        ]
[631.         241.         123.06182443   4.        ]
[620.         360.         123.08188729   3.        ]
[ 47.          77.         123.45313515   2.        ]
[615.        640.        125.0643302   5.       ]
[203.         460.         125.37760991   2.        ]
[ 36.        645.        127.7058438  58.       ]
[589.         633.         129.56474646   8.        ]
[642.          58.         129.73894782   4.        ]
[629.         646.         129.96089615   9.        ]
[ 21.         622.         131.19840525   4.        ]
[358.        533.        131.4183057   3.       ]
[ 87.         616.         131.73315971   3.        ]
[651.         259.         131.77445527  59.        ]
[176.         310.         132.55576605   2.        ]
[494.         579.         133.50849062   6.        ]
[ 33.         649.         133.74831946   6.        ]
[  0.         194.         134.02392521   2.        ]
[ 17.         158.         134.34629399   2.        ]
[658.         641.         134.96893664  61.        ]
[119.         479.         135.52280799   2.        ]
[664.         654.         135.79399394  70.        ]
[ 40.          55.         135.98162688   2.        ]
[508.         534.         136.25171201   6.        ]
[281.         306.         136.90137801   2.        ]
[648.         636.         137.63181407   5.        ]
[ 59.         526.         137.77620985   3.        ]
[644.         666.         137.78598387  72.        ]
[224.         607.         139.14285872   3.        ]
[412.         438.         139.61244583   2.        ]
[558.         275.         139.74955485   5.        ]
[662.         44.        139.8116433   3.       ]
[650.         302.         139.84062629   3.        ]
[ 91.        532.        139.9124656   3.       ]
[ 10.         273.         140.06856406   2.        ]
[226.         524.         140.07397168   3.        ]
[104.         238.         141.03233002   2.        ]
[628.         256.         141.39472284   3.        ]
[  7.         544.         142.21461234   3.        ]
[ 67.         665.         143.13577396   3.        ]
[ 19.         655.         143.13863766   5.        ]
[672.         647.         143.50139344  75.        ]
[638.         516.         143.77784228   8.        ]
[682.         635.         143.98851637   5.        ]
[686.         518.         144.72193763  77.        ]
[677.         410.         145.01415093   4.        ]
[688.         675.         146.57333617  10.        ]
[689.         680.         146.77822376  80.        ]
[692.         434.         147.18003717  81.        ]
[504.         652.         147.19145776  11.        ]
[661.         681.         147.20516506   8.        ]
[693.         669.         147.30032293  83.        ]
[683.         674.         147.55728516   5.        ]
[659.         290.         147.58245858   3.        ]
[671.         657.         148.33897995   6.        ]
[ 48.         468.         148.70885839   2.        ]
[687.          61.         149.50346551   9.        ]
[502.         367.         150.12225778   4.        ]
[696.         690.         150.15456975  87.        ]
[118.         121.         150.35051911   2.        ]
[703.         271.         150.76020848  88.        ]
[697.         705.         151.97081483  93.        ]
[268.         342.         152.11322413   2.        ]
[369.        421.        152.5624393   2.       ]
[676.         489.         153.16839471   8.        ]
[679.         523.         154.83991085   8.        ]
[656.         691.         155.16803844  13.        ]
[699.         201.         155.30266045   7.        ]
[585.         668.         155.49525135   8.        ]
[678.         702.         155.77256336   7.        ]
[701.         711.         156.75608861  22.        ]
[706.         670.         157.33740475  98.        ]
[716.         684.         158.06211355 101.        ]
[  5.          22.         158.52719284   2.        ]
[ 12.        188.        158.5932944   2.       ]
[143.         144.         158.81461796   2.        ]
[288.         409.         158.97096683   2.        ]
[709.         698.         159.18642448  11.        ]
[717.         715.         159.29457563 123.        ]
[  6.         262.         160.55059316   2.        ]
[712.         110.         161.17470851   8.        ]
[723.         695.         161.64513135 131.        ]
[714.         328.         162.88726907   8.        ]
[726.         383.         162.95074711 132.        ]
[728.         663.         163.44686885 134.        ]
[ 49.         202.         164.28851375   2.        ]
[729.         105.         164.54484732 135.        ]
[700.          54.         164.72593092   3.        ]
[653.      308.      164.88784   5.     ]
[708.         423.         164.90669386   3.        ]
[731.          29.         165.71018459 136.        ]
[ 65.         252.         165.88355028   2.        ]
[722.       735.       166.059792 147.      ]
[673.         330.         166.92349459   4.        ]
[ 20.          38.         166.97517324   2.        ]
[704.         427.         168.54046196   3.        ]
[394.         477.         168.71103617   2.        ]
[307.         323.         169.07357923   2.        ]
[555.         694.         169.24429774  13.        ]
[ 56.         660.         169.34935743   7.        ]
[737.         734.         169.55898139 150.        ]
[719.         725.         169.86687481  10.        ]
[261.        263.        171.1956054   2.       ]
[667.         343.         171.44099619   3.        ]
[710.        441.        171.7095767   9.       ]
[168.         289.         171.74384634   2.        ]
[ 63.         327.         172.13133221   2.        ]
[745.         348.         172.61346073 151.        ]
[251.         392.         172.69728035   2.        ]
[495.         407.         172.84272872   3.        ]
[  4.         713.         173.06438833   9.        ]
[173.         721.         173.12813073   3.        ]
[752.         720.         173.30872696 153.        ]
[727.         559.         173.51401538  10.        ]
[757.         746.         174.55064393 163.        ]
[724.         332.         175.12622692   3.        ]
[382.        457.        175.4766637   2.       ]
[ 24.          34.         175.48673862   2.        ]
[759.          51.         175.92840838 164.        ]
[685.         177.         175.95794654   6.        ]
[103.        738.        176.0749726   5.       ]
[254.         356.         176.14162514   2.        ]
[344.        403.        176.9429197   2.       ]
[134.         432.         177.87653415   2.        ]
[152.         196.         178.01748827   2.        ]
[763.         755.         178.21107134 173.        ]
[770.         573.         178.60255792 175.        ]
[771.         766.         178.99092117 177.        ]
[772.         387.         179.35782008 178.        ]
[732.         773.         179.52349743 181.        ]
[730.          60.         179.64458638   3.        ]
[718.          69.         179.87508906   3.        ]
[ 62.        761.        180.2160155   3.       ]
[527.        471.        180.2217065   3.       ]
[774.         424.         180.39293712 182.        ]
[765.         187.         180.55613364   6.        ]
[756.         255.         180.55776765   4.        ]
[736.         398.         180.66597919   3.        ]
[246.         322.         181.34127496   2.        ]
[ 50.         274.         181.49552997   2.        ]
[758.         357.         181.55621816  11.        ]
[408.         415.         181.77821392   2.        ]
[751.          64.         182.05165699   3.        ]
[733.         513.         182.59751417  11.        ]
[335.         350.         182.82663249   2.        ]
[575.         294.         182.90436254   4.        ]
[779.         781.         183.70350199 186.        ]
[749.         371.         184.49242037  10.        ]
[791.         185.         184.76561442 187.        ]
[754.         461.         185.09504739   4.        ]
[793.         193.         185.17613064 188.        ]
[  1.         131.         185.74451321   2.        ]
[740.         293.         186.29333184   4.        ]
[790.         232.         186.78602268   5.        ]
[514.         354.         187.13674519   3.        ]
[245.         312.         187.25408682   2.        ]
[760.         795.         187.27445526 191.        ]
[282.         389.         187.74186468   2.        ]
[764.         267.         187.75233424   7.        ]
[381.         402.         189.00183679   2.        ]
[ 42.         777.         189.45733416   4.        ]
[792.         743.         189.58937755  23.        ]
[801.         780.         189.85650878 197.        ]
[769.         270.         190.12886337   3.        ]
[807.         803.         190.37679674 204.        ]
[776.        462.        190.4678912   4.       ]
[ 27.         784.         190.69383069   3.        ]
[778.         426.         190.97835513   4.        ]
[588.         442.         191.14492479   4.        ]
[809.         349.         191.96961585 205.        ]
[794.        111.        192.1100603   5.       ]
[787.       451.       192.140528   4.      ]
[744.         155.         192.42757377   8.        ]
[223.         480.         192.75699204   2.        ]
[785.         156.         192.94090689  12.        ]
[802.         741.         193.10976639   4.        ]
[237.         404.         193.64300087   2.        ]
[278.         285.         193.87560388   2.        ]
[768.        798.        194.2949337   7.       ]
[742.         372.         194.32338753   3.        ]
[814.         767.         194.80782237 207.        ]
[815.         541.         194.90778382  11.        ]
[378.         469.         195.96279443   2.        ]
[825.         783.         196.03467817 209.        ]
[750.         818.         196.13050833   4.        ]
[810.       782.       196.159723   7.      ]
[154.         800.         196.52112897   3.        ]
[828.         804.         196.58158216 211.        ]
[788.        101.        197.1560272  12.       ]
[832.         265.         197.20372924 212.        ]
[169.         292.         197.32477797   2.        ]
[806.         220.         197.98089126  24.        ]
[811.         816.         198.25050334   7.        ]
[834.         186.         198.25324888 213.        ]
[838.         808.         198.34114828 216.        ]
[839.        826.        198.7749542 227.       ]
[799.         260.         198.88046594   4.        ]
[817.         707.         199.33841944  10.        ]
[840.         836.         199.45507676 251.        ]
[336.         413.         199.89666928   2.        ]
[843.         359.         200.24641988 252.        ]
[789.         482.         200.38807016   3.        ]
[397.         465.         200.61174374   2.        ]
[762.         466.         200.74274186   3.        ]
[748.          97.         200.74928798   4.        ]
[845.        823.        201.2377134 259.       ]
[850.      829.      201.78587 263.     ]
[  9.         797.         201.82845238   5.        ]
[819.         269.         202.04527167  13.        ]
[796.         304.         202.82767479   3.        ]
[851.         837.         203.70480997 270.        ]
[822.         295.         204.26081911   3.        ]
[841.         812.         204.39204161   8.        ]
[ 98.         535.         204.53174886   3.        ]
[855.         844.         205.31456642 272.        ]
[ 79.         853.         205.98031625  14.        ]
[859.         775.         206.00140614 275.        ]
[435.         813.         206.28312517   5.        ]
[861.        827.        206.5721523 277.       ]
[863.         842.         207.08246105 287.        ]
[195.         536.         207.08333008   3.        ]
[ 11.        213.        207.2360666   2.       ]
[439.         472.         207.43948266   2.        ]
[824.         309.         208.01408215   4.        ]
[864.         846.         208.25310441 290.        ]
[463.         549.         208.28482528   3.        ]
[869.        753.        208.6750307 292.       ]
[871.        805.        209.7221767 296.       ]
[872.        833.        210.3106632 308.       ]
[820.         847.         210.91440695   6.        ]
[873.         835.         211.07243158 310.        ]
[875.         831.         212.02364612 313.        ]
[876.         874.         212.37093549 319.        ]
[ 26.          35.         213.56112193   2.        ]
[877.         849.         213.59694467 323.        ]
[879.         868.         213.86010336 327.        ]
[880.         856.         213.91202793 330.        ]
[854.         881.         214.19975627 333.        ]
[100.         287.         214.29530076   2.        ]
[882.        484.        216.0972263 334.       ]
[830.          46.         216.12196646   8.        ]
[ 25.         129.         216.18137907   2.        ]
[858.         163.         216.63956042   4.        ]
[ 78.         339.         216.96834716   2.        ]
[277.         584.         217.71118676   3.        ]
[  8.         329.         218.00600381   2.        ]
[ 83.         425.         218.36173273   2.        ]
[848.         867.         220.11852635   5.        ]
[887.        543.        220.6306942   7.       ]
[884.         393.         221.53687088 335.        ]
[266.         417.         221.57182846   2.        ]
[894.         857.         221.93524196 343.        ]
[896.         895.         222.81228098 345.        ]
[897.          92.         223.77555157 346.        ]
[416.         568.         223.87650719   3.        ]
[898.         866.         224.22863606 348.        ]
[234.         870.         225.33469469   4.        ]
[900.         892.         225.54604488 353.        ]
[885.         384.         226.21446888   9.        ]
[ 18.         739.         227.10136786   3.        ]
[747.         283.         227.11485235   3.        ]
[902.         893.         227.22713122 360.        ]
[906.         903.         228.95138009 369.        ]
[331.         365.         229.22544763   2.        ]
[907.         852.         230.54831203 374.        ]
[909.         905.         231.03319291 377.        ]
[276.         280.         231.15502896   2.        ]
[910.         860.         231.35854768 391.        ]
[577.         901.         232.23000807   7.        ]
[912.         891.         233.22145277 393.        ]
[865.         377.         233.34283949   4.        ]
[914.        889.        235.4570943 396.       ]
[345.         483.         235.70147912   2.        ]
[916.         915.         236.07552358 400.        ]
[571.         108.         236.59851854   3.        ]
[918.          28.         236.80682385 401.        ]
[920.         170.         237.26933325 402.        ]
[921.        886.        237.8880586 404.       ]
[228.         821.         238.25909628   3.        ]
[922.         883.         240.35829136 406.        ]
[924.         917.         241.16011063 408.        ]
[925.         913.         241.32222495 415.        ]
[926.         888.         241.93814872 417.        ]
[347.         899.         242.18183943   4.        ]
[927.        878.        242.3287739 419.       ]
[929.         162.         242.73749641 420.        ]
[165.         338.         242.75073871   2.        ]
[930.         373.         242.80660778 421.        ]
[932.         931.         243.07560083 423.        ]
[862.         590.         243.29147823  13.        ]
[  2.         933.         243.36989426 424.        ]
[908.         422.         245.71360475   3.        ]
[126.         786.         246.55541767   3.        ]
[935.         380.         247.79544299 425.        ]
[258.         374.         247.85470421   2.        ]
[217.         911.         250.83370685   3.        ]
[938.         145.         251.40525465 426.        ]
[904.          37.         252.33031133   4.        ]
[941.         923.         255.09517842 429.        ]
[943.         171.         255.57462285 430.        ]
[944.         928.         255.80711413 434.        ]
[ 39.         305.         257.08149807   2.        ]
[945.         937.         257.77181926 437.        ]
[890.         229.         258.40305792   3.        ]
[942.        164.        259.0040659   5.       ]
[947.         949.         259.34561476 442.        ]
[950.         115.         260.04896285 443.        ]
[951.         940.         261.78562304 446.        ]
[952.         936.         262.32125322 449.        ]
[953.         948.         262.68590642 452.        ]
[954.         939.         264.05070712 454.        ]
[955.         317.         264.70484051 455.        ]
[956.         919.         264.98217127 458.        ]
[957.         257.         265.63706894 459.        ]
[958.         946.         266.37818682 461.        ]
[959.         296.         267.66134627 462.        ]
[960.         934.         268.27511174 475.        ]
[961.        166.        269.2714123 476.       ]
[962.         525.         270.75186023 478.        ]
[963.         167.         272.20215288 479.        ]
[964.         491.         278.33414705 482.        ]
[965.         102.         284.14818704 483.        ]
[966.         175.         298.15869289 484.        ]
[967.         454.         310.03635693 485.        ]
