[14. 15.  0.  2.]
[70. 71.  0.  2.]
[486.  72.   0.   3.]
[487.  73.   0.   4.]
[488.  74.   0.   5.]
[80. 81.  0.  2.]
[490.  82.   0.   3.]
[93. 94.  0.  2.]
[492.  95.   0.   3.]
[493.  96.   0.   4.]
[109. 114.   0.   2.]
[112. 117.   0.   2.]
[496. 120.   0.   3.]
[497. 125.   0.   4.]
[113. 116.   0.   2.]
[499. 127.   0.   3.]
[123. 124.   0.   2.]
[501. 128.   0.   3.]
[132. 133.   0.   2.]
[503. 135.   0.   3.]
[136. 137.   0.   2.]
[149. 150.   0.   2.]
[506. 151.   0.   3.]
[507. 153.   0.   4.]
[157. 215.   0.   2.]
[509. 216.   0.   3.]
[510. 218.   0.   4.]
[511. 219.   0.   5.]
[512. 222.   0.   6.]
[172. 174.   0.   2.]
[179. 181.   0.   2.]
[205. 211.   0.   2.]
[212. 221.   0.   2.]
[225. 227.   0.   2.]
[233. 235.   0.   2.]
[519. 236.   0.   3.]
[520. 239.   0.   4.]
[521. 240.   0.   5.]
[522. 243.   0.   6.]
[242. 244.   0.   2.]
[284. 303.   0.   2.]
[286. 298.   0.   2.]
[291. 297.   0.   2.]
[316. 318.   0.   2.]
[528. 321.   0.   3.]
[320. 529.   0.   4.]
[324. 530.   0.   5.]
[333. 341.   0.   2.]
[361. 363.   0.   2.]
[364. 508.   0.   5.]
[368. 370.   0.   2.]
[375. 376.   0.   2.]
[379. 385.   0.   2.]
[537. 386.   0.   3.]
[538. 388.   0.   4.]
[539. 399.   0.   5.]
[540. 411.   0.   6.]
[395. 396.   0.   2.]
[542. 401.   0.   3.]
[430. 431.   0.   2.]
[440. 449.   0.   2.]
[443. 444.   0.   2.]
[546. 445.   0.   3.]
[447. 545.   0.   3.]
[473. 474.   0.   2.]
[1.82000000e+02 1.84000000e+02 1.90734863e-06 2.00000000e+00]
[4.56000000e+02 4.58000000e+02 1.90734863e-06 2.00000000e+00]
[5.51000000e+02 4.64000000e+02 1.90734863e-06 3.00000000e+00]
[3.11000000e+02 3.25000000e+02 2.33601546e-06 2.00000000e+00]
[3.1000000e+01 5.5200000e+02 2.6973983e-06 4.0000000e+00]
[8.5000000e+01 5.1500000e+02 2.6973983e-06 3.0000000e+00]
[2.0600000e+02 2.0700000e+02 2.6973983e-06 2.0000000e+00]
[5.5600000e+02 2.0800000e+02 2.6973983e-06 3.0000000e+00]
[5.5700000e+02 2.0900000e+02 2.6973983e-06 4.0000000e+00]
[3.0100000e+02 5.3200000e+02 2.6973983e-06 3.0000000e+00]
[1.92000000e+02 1.97000000e+02 3.30362474e-06 2.00000000e+00]
[1.98000000e+02 1.99000000e+02 3.30362474e-06 2.00000000e+00]
[1.78000000e+02 1.80000000e+02 4.67203091e-06 2.00000000e+00]
[4.48000000e+02 4.53000000e+02 5.39479661e-06 2.00000000e+00]
[4.50000000e+02 4.52000000e+02 5.39479661e-06 2.00000000e+00]
[5.64000000e+02 4.59000000e+02 5.39479661e-06 3.00000000e+00]
[5.65000000e+02 5.47000000e+02 5.39479661e-06 6.00000000e+00]
[4.70000000e+02 5.66000000e+02 5.39479661e-06 7.00000000e+00]
[4.75000000e+02 4.76000000e+02 7.62939453e-06 2.00000000e+00]
[319.         531.          11.29584301   6.        ]
[428.         433.          16.94752477   2.        ]
[139.         140.          18.22775728   2.        ]
[107.         570.          18.90113484   3.        ]
[314.         315.          25.17984205   2.        ]
[352.         561.          25.17984205   3.        ]
[505.         138.          27.22381503   3.        ]
[485.          16.          28.24769094   3.        ]
[467.         567.          30.02448936   8.        ]
[571.         141.          31.34224434   3.        ]
[147.         148.          37.98206445   2.        ]
[446.         548.          39.52747907   4.        ]
[189.         560.          49.04705131   3.        ]
[581.         190.          50.95321637   4.        ]
[351.         355.          54.56740639   2.        ]
[554.         272.          55.65795286   5.        ]
[555.         569.          55.83849302   9.        ]
[75.         76.         57.33399402  2.        ]
[313.         573.          57.43281909   3.        ]
[534.         210.          60.55631645   6.        ]
[437.         563.          63.28701826   3.        ]
[578.         142.          63.84661076   4.        ]
[418.         455.          65.46006744   2.        ]
[405.         553.          67.54416629   3.        ]
[299.         559.          67.68802514   4.        ]
[591.         592.          68.34783138   5.        ]
[249.         590.          69.19066768   5.        ]
[ 30.        584.         70.2469381   6.       ]
[574.         191.          70.64691248   4.        ]
[588.         161.          72.60651986   7.        ]
[41.         45.         74.44855654  2.        ]
[594.         436.          76.28232441   6.        ]
[ 89.         600.          79.30601839   7.        ]
[598.       231.        83.052764   8.      ]
[ 53.         601.          83.91085019   8.        ]
[597.         587.          84.50040459   7.        ]
[562.        366.         87.4262199   3.       ]
[406.         603.          90.37801002   9.        ]
[602.         122.          91.15740882   9.        ]
[ 90.         580.          91.53008223   5.        ]
[572.         498.          95.66083998   7.        ]
[585.         595.          95.90552383  14.        ]
[607.         500.          97.44453262  12.        ]
[130.         606.          98.48260096  10.        ]
[279.         334.         100.36292482   2.        ]
[608.         250.         100.69695975   6.        ]
[582.         517.         101.14626181   6.        ]
[ 68.         614.         102.11284244   7.        ]
[481.         478.         103.33361515   2.        ]
[604.         353.         103.95998923   8.        ]
[615.         230.         104.28153629   7.        ]
[619.         300.         104.58513639   8.        ]
[159.         183.         105.42334772   2.        ]
[605.        160.        105.7315147   4.       ]
[622.          23.         107.52282277   5.        ]
[617.         337.         107.78236951   3.        ]
[340.         616.         108.02597839   8.        ]
[612.        420.        109.3923889  11.       ]
[611.         624.         109.63738607  15.        ]
[626.         400.         110.20634888  12.        ]
[248.        620.        110.4418223   9.       ]
[ 52.         625.         111.36579922   9.        ]
[ 84.         610.         111.38967878  15.        ]
[ 57.         618.         111.64668763   9.        ]
[ 32.         596.         112.02184528   7.        ]
[628.         264.         112.49652947  13.        ]
[  3.          86.         113.65662551   2.        ]
[634.         390.         114.04830901  14.        ]
[636.         419.         115.40074501  15.        ]
[637.         247.         116.89372604  16.        ]
[627.          99.         117.40930873  16.        ]
[ 66.         638.         118.39864063  17.        ]
[200.         635.         118.56706448   3.        ]
[326.         630.         118.56922202  10.        ]
[ 88.         550.         118.94869049   3.        ]
[639.         524.         119.06731192  18.        ]
[429.        629.        121.1147855  10.       ]
[599.          43.         121.15462729   3.        ]
[632.         414.         121.16065606  10.        ]
[640.         204.         122.26603396  18.        ]
[644.         641.         122.59953111  21.        ]
[391.         623.         122.81169207   6.        ]
[647.         214.         123.09850548  11.        ]
[ 77.         648.         123.45313515  19.        ]
[ 21.         633.         125.09425813   8.        ]
[203.         533.         125.37760991   3.        ]
[642.         360.         126.59216346  11.        ]
[649.         650.         127.08423511  27.        ]
[241.         656.         128.61456699  28.        ]
[346.         657.         129.00018047  29.        ]
[ 36.         658.         129.09426446  30.        ]
[646.         651.         129.73894782  14.        ]
[621.         659.         131.73315971  32.        ]
[176.         652.         132.55576605  20.        ]
[310.         662.         132.62174292  21.        ]
[494.         579.         133.50849062   6.        ]
[259.         645.         133.81410285  11.        ]
[  0.         194.         134.02392521   2.        ]
[158.         665.         134.34629399  12.        ]
[119.          67.         135.52280799   2.        ]
[ 40.          55.         135.98162688   2.        ]
[ 47.         667.         136.89661233  13.        ]
[306.         666.         136.90137801   3.        ]
[526.         661.         137.77620985  34.        ]
[460.         654.         138.52333061   4.        ]
[613.         655.         139.14285872  13.        ]
[412.         544.         139.61244583   3.        ]
[558.         146.         139.74955485   5.        ]
[ 10.         523.         140.06856406   7.        ]
[668.           7.         140.16764092   3.        ]
[302.         673.         140.67870045   5.        ]
[238.         516.         141.03233002   3.        ]
[653.         674.         141.36252498  21.        ]
[609.         670.         141.46929705  20.        ]
[479.         679.         141.55565884   6.        ]
[671.          44.         142.42667544   4.        ]
[110.         672.         142.93593998  35.        ]
[281.         684.         143.65911289   5.        ]
[676.         275.         144.58041623   6.        ]
[631.        226.        145.1916406  16.       ]
[675.         678.         145.72845981   6.        ]
[688.         253.         145.74897657  17.        ]
[ 13.         681.         146.20577505  22.        ]
[685.         358.         146.23661892  36.        ]
[438.         683.         146.84889438   7.        ]
[502.         664.         148.35464694   9.        ]
[468.         693.         148.70885839   8.        ]
[256.         687.         149.78756944   7.        ]
[ 48.         695.         150.03200562   9.        ]
[118.         121.         150.35051911   2.        ]
[434.         686.         150.70590986   6.        ]
[677.         273.         150.81109314   8.        ]
[342.         696.         152.11322413   8.        ]
[518.         691.         152.35396923  24.        ]
[421.        699.        152.5624393   7.       ]
[680.         703.         152.66872408  10.        ]
[410.         663.         152.96204446  22.        ]
[660.          58.         153.87341491  15.        ]
[ 59.         692.         155.09026058  37.        ]
[104.         702.         155.30739179  25.        ]
[328.         367.         155.99440664   2.        ]
[689.         708.         156.00096204  31.        ]
[271.         710.         156.05067341  32.        ]
[707.          87.         156.15463429  38.        ]
[ 12.         188.         156.72171336   2.        ]
[ 17.        705.        158.0433741  23.       ]
[  5.          22.         158.52719284   2.        ]
[143.         711.         158.81461796  33.        ]
[288.         704.         158.97096683  11.        ]
[ 61.         717.         159.16854864  12.        ]
[362.         713.         159.51461647   3.        ]
[ 91.        694.        159.8792941  10.       ]
[ 33.         697.         160.46697165  10.        ]
[262.         721.         160.55059316  11.        ]
[712.         714.         160.56176136  61.        ]
[383.         716.         162.12470568  34.        ]
[ 49.         202.         164.28851375   2.        ]
[424.         724.         164.95821612  35.        ]
[201.         723.         165.15307348  62.        ]
[ 65.         715.         165.88355028   3.        ]
[719.           4.         165.97430111   4.        ]
[423.         682.         166.77399853  21.        ]
[ 38.         722.         166.97517324  12.        ]
[698.         105.         168.54046196   3.        ]
[394.         477.         168.71103617   2.        ]
[720.         729.         168.72891245  14.        ]
[643.         727.         168.99021242  65.        ]
[307.         323.         169.07357923   2.        ]
[701.         735.         169.22013326  73.        ]
[718.         586.         169.45621183  14.        ]
[690.         700.         169.82833693  25.        ]
[706.         495.         170.36816155  17.        ]
[ 29.        726.        170.6501359  36.       ]
[489.         290.         170.74297019   6.        ]
[144.         741.         170.85847611  37.        ]
[261.        263.        171.1956054   2.       ]
[669.         343.         171.44099619   3.        ]
[168.         738.         171.74384634  15.        ]
[740.        103.        171.9121563  18.       ]
[252.         728.         171.98011275   4.        ]
[ 63.          64.         172.13133221   2.        ]
[251.         392.         172.69728035   2.        ]
[308.         730.         172.94134263  22.        ]
[ 51.        742.        173.4146027   7.       ]
[409.        254.        173.7364817   2.       ]
[441.         739.         173.91227396  26.        ]
[224.         747.         174.37523913  19.        ]
[ 19.         177.         175.35562573   2.        ]
[382.        575.        175.4766637   4.       ]
[ 24.         753.         175.48673862   3.        ]
[734.         737.         175.70634236  87.        ]
[152.        196.        175.7332671   2.       ]
[173.         746.         175.93747827  16.        ]
[348.         761.         176.19852371  17.        ]
[369.         752.         176.48699285   8.        ]
[344.        763.        176.9429197   9.       ]
[332.         751.         177.55939669  23.        ]
[398.        513.        177.7105968   7.       ]
[134.         759.         177.87653415  88.        ]
[289.         762.         178.61019061  18.        ]
[732.      731.      179.33682  15.     ]
[ 60.         764.         179.64458638  10.        ]
[471.        541.        180.2217065   7.       ]
[ 62.         725.         181.10043992   3.        ]
[527.         771.         181.16321477   9.        ]
[246.         772.         181.34127496   4.        ]
[743.         387.         181.41905077  38.        ]
[749.         50.        181.4790939   3.       ]
[408.         415.         181.77821392   2.        ]
[775.         356.         181.86867411  39.        ]
[131.         778.         182.04177677  40.        ]
[758.          34.         182.29754344   4.        ]
[187.         779.         182.33317018  41.        ]
[335.         776.         182.58701718   4.        ]
[  6.         765.         183.24865138  24.        ]
[782.          27.         184.53273911   5.        ]
[756.         766.         184.95137829   9.        ]
[274.         784.         185.14105171   6.        ]
[754.         770.         185.17340216  36.        ]
[709.         593.         185.74342755   6.        ]
[ 54.        185.        186.2757877   2.       ]
[339.         768.         186.64169834  19.        ]
[760.         787.         186.76477311  38.        ]
[514.         354.         187.13674519   3.        ]
[245.         154.         187.25408682   2.        ]
[282.         733.         187.74186468   3.        ]
[193.         791.         188.07725987  39.        ]
[327.         792.         188.19686073   4.        ]
[427.         769.         188.77199506  16.        ]
[402.         780.         189.00183679   5.        ]
[788.         357.         189.77444405   7.        ]
[407.        773.        190.1174015  10.       ]
[349.         783.         190.40526277  25.        ]
[755.        781.        190.4552604  60.       ]
[795.         457.         191.05053876  40.        ]
[785.         801.         191.14410943  34.        ]
[589.         577.         191.14492479  11.        ]
[381.         798.         191.19932051   6.        ]
[322.        774.        191.2125922   5.       ]
[794.         389.         191.21717897   4.        ]
[267.         804.         191.43444471  35.        ]
[268.         767.         191.58011786  89.        ]
[294.         809.         191.87871285  36.        ]
[223.         802.         192.75699204  61.        ]
[757.         803.         193.30334997  44.        ]
[237.         800.         193.64300087  11.        ]
[285.         807.         193.87560388   6.        ]
[ 56.         810.         194.27054229  90.        ]
[736.         816.         194.32338753  92.        ]
[278.         815.         194.32428434   7.        ]
[330.        812.        194.4293811  62.       ]
[255.         790.         194.79420644  20.        ]
[304.         813.         194.99594919  45.        ]
[789.         806.         195.00146675   8.        ]
[793.         822.         195.36530964  10.        ]
[371.         504.         195.64430414   4.        ]
[378.         820.         195.96279443  21.        ]
[805.         442.         196.07088805  12.        ]
[462.         265.         196.39154664   2.        ]
[169.         786.         197.32477797   7.        ]
[260.         796.         197.99593242   5.        ]
[111.         797.         198.09210287  17.        ]
[461.         814.         199.86021967  12.        ]
[336.         821.         199.89666928  46.        ]
[269.         799.         200.37095411   8.        ]
[465.         819.         200.61174374  63.        ]
[ 97.         834.         200.74928798  64.        ]
[232.         811.         200.86463843  37.        ]
[220.         825.         201.84491845  22.        ]
[292.         828.         202.30237619   8.        ]
[824.         837.         202.44692122  26.        ]
[397.         835.         203.17089051  65.        ]
[823.         312.         204.03266399  11.        ]
[836.        832.        204.1645634  83.       ]
[156.         839.         204.48088495  27.        ]
[ 98.         535.         204.53174886   3.        ]
[ 26.          42.         205.21997059   2.        ]
[451.         830.         205.83356384  18.        ]
[838.         827.         207.02414989  10.        ]
[195.         841.         207.08333008  12.        ]
[ 11.        845.        207.2360666   3.       ]
[439.         818.         207.43948266   8.        ]
[463.         576.         208.28482528   4.        ]
[359.         842.         208.35151853  84.        ]
[270.        847.        208.7518361  11.       ]
[163.         844.         208.93153548   4.        ]
[829.         852.         209.21453991  89.        ]
[831.         846.         210.23122644  30.        ]
[155.         817.         211.41176348  93.        ]
[186.          92.         211.67703297   2.        ]
[808.         840.         212.25429494  69.        ]
[748.        858.        212.3456806   6.       ]
[295.         856.         212.94861657  31.        ]
[293.         583.         213.93309712   3.        ]
[287.         853.         214.29530076  12.        ]
[482.        860.        214.3240959   7.       ]
[857.         543.         214.40809283  96.        ]
[865.         309.         215.18040772  97.        ]
[843.         833.         215.59703259  35.        ]
[ 25.         745.         216.18137907   4.        ]
[850.         750.         217.42115905  10.        ]
[432.         869.         217.49017173  11.        ]
[466.         859.         217.81189267  70.        ]
[329.         377.         218.00600381   2.        ]
[425.         413.         218.36173273   2.        ]
[862.         855.         219.33339434  92.        ]
[849.         864.         219.36997985  10.        ]
[851.         549.         220.25230799   6.        ]
[480.         875.         220.46082752  11.        ]
[484.        866.        220.7052086  98.       ]
[266.         417.         221.57182846   2.        ]
[861.         878.         221.69112309 129.        ]
[873.         874.         222.08640747  94.        ]
[435.         826.         223.47866979  13.        ]
[393.         867.         223.86387877  36.        ]
[568.         880.         223.87650719 131.        ]
[  2.         871.         223.98294688  71.        ]
[870.         877.         225.19879257  22.        ]
[472.        886.        226.5874102  23.       ]
[854.         848.         226.77541498  16.        ]
[403.         883.         226.78358074  37.        ]
[ 46.         889.         226.94144441  38.        ]
[863.         881.         227.08854049 106.        ]
[744.         888.         227.11485235  18.        ]
[426.         890.         228.24452606  39.        ]
[879.        891.        228.3253034 108.       ]
[  8.         872.         228.81508189   3.        ]
[876.         894.         228.98551604 114.        ]
[331.         365.         229.22544763   2.        ]
[469.         893.         230.46926115  40.        ]
[868.         887.         231.04271963  27.        ]
[276.         280.         231.15502896   2.        ]
[404.         885.         231.50052554  72.        ]
[ 20.         165.         233.67697286   2.        ]
[283.         892.         234.25452923  19.        ]
[416.         884.         234.49664379 132.        ]
[100.       234.       235.248247   2.      ]
[129.         899.         235.65588552  28.        ]
[483.         903.         235.70147912  20.        ]
[ 83.         896.         235.91955008 115.        ]
[106.         906.         236.85031154  29.        ]
[350.         898.         239.24451115  41.        ]
[907.         910.         240.19002125  61.        ]
[  1.         908.         240.57651619 116.        ]
[384.         905.         240.70376685   3.        ]
[902.          18.         241.27861051   3.        ]
[ 78.         904.         241.93436177 133.        ]
[345.       911.       242.943113  62.      ]
[338.         777.         243.35225967   3.        ]
[914.         277.         243.93360051   4.        ]
[162.         895.         244.16160226   4.        ]
[228.        901.        245.0725359  73.       ]
[912.          28.         245.23998179 117.        ]
[213.         921.         245.70721083 118.        ]
[422.         922.         245.71360475 119.        ]
[217.         920.         246.66969827  74.        ]
[897.         923.         247.47973705 121.        ]
[101.         915.         247.77230909 134.        ]
[258.         919.         247.85470421   5.        ]
[373.         917.         249.55627641   4.        ]
[372.         916.         249.55627641  63.        ]
[926.         170.         250.86387204 135.        ]
[115.         913.         252.62365275   4.        ]
[918.        930.        253.0767119 139.       ]
[  9.         925.         254.28438974 122.        ]
[374.         932.         255.05586932 140.        ]
[145.         929.         255.12403006  64.        ]
[380.         909.         255.22573336  30.        ]
[924.         933.         255.85484526 196.        ]
[536.         936.         256.00377816  32.        ]
[900.         937.         256.20973186 198.        ]
[305.         928.         257.08149807   5.        ]
[ 35.         939.         258.79247123 199.        ]
[126.         934.         259.87623344 141.        ]
[ 79.         942.         260.09345878 142.        ]
[935.         943.         261.17970008 206.        ]
[ 37.          69.         261.40815729   2.        ]
[940.         347.         261.58728165   6.        ]
[945.         944.         263.87051987 208.        ]
[946.         938.         265.85829882  38.        ]
[941.       882.       267.732237 212.      ]
[171.         949.         267.89010669 213.        ]
[947.         948.         269.95312194 246.        ]
[950.         951.         270.21134009 459.        ]
[931.         952.         270.54822172 463.        ]
[164.         953.         271.21322309 464.        ]
[257.         954.         272.15379911 465.        ]
[927.         955.         277.07124112 470.        ]
[ 39.        956.        280.8645316 471.       ]
[957.         525.         283.64667201 473.        ]
[958.         166.         284.47471231 474.        ]
[959.         229.         286.16363852 475.        ]
[167.         960.         288.28041319 476.        ]
[961.         491.         289.18768431 479.        ]
[962.        102.        289.2791911 480.       ]
[963.         108.         289.30863809 481.        ]
[964.         317.         289.32328792 482.        ]
[965.         296.         291.79761632 483.        ]
[966.         175.         316.68633258 484.        ]
[967.         454.         319.55225184 485.        ]
