[14. 15.  0.  2.]
[70. 71.  0.  2.]
[486.  72.   0.   3.]
[487.  73.   0.   4.]
[488.  74.   0.   5.]
[80. 81.  0.  2.]
[490.  82.   0.   3.]
[93. 94.  0.  2.]
[492.  95.   0.   3.]
[493.  96.   0.   4.]
[109. 114.   0.   2.]
[112. 117.   0.   2.]
[496. 120.   0.   3.]
[497. 125.   0.   4.]
[113. 116.   0.   2.]
[499. 127.   0.   3.]
[123. 124.   0.   2.]
[501. 128.   0.   3.]
[132. 133.   0.   2.]
[503. 135.   0.   3.]
[136. 137.   0.   2.]
[149. 150.   0.   2.]
[506. 151.   0.   3.]
[507. 153.   0.   4.]
[157. 215.   0.   2.]
[509. 216.   0.   3.]
[510. 218.   0.   4.]
[511. 219.   0.   5.]
[512. 222.   0.   6.]
[172. 174.   0.   2.]
[179. 181.   0.   2.]
[205. 211.   0.   2.]
[212. 221.   0.   2.]
[225. 227.   0.   2.]
[233. 235.   0.   2.]
[519. 236.   0.   3.]
[520. 239.   0.   4.]
[521. 240.   0.   5.]
[522. 243.   0.   6.]
[242. 244.   0.   2.]
[284. 303.   0.   2.]
[286. 298.   0.   2.]
[291. 297.   0.   2.]
[316. 318.   0.   2.]
[528. 321.   0.   3.]
[320. 529.   0.   4.]
[324. 530.   0.   5.]
[333. 341.   0.   2.]
[361. 363.   0.   2.]
[362. 364.   0.   2.]
[368. 370.   0.   2.]
[375. 376.   0.   2.]
[379. 385.   0.   2.]
[537. 386.   0.   3.]
[538. 388.   0.   4.]
[539. 399.   0.   5.]
[540. 411.   0.   6.]
[395. 396.   0.   2.]
[542. 401.   0.   3.]
[430. 431.   0.   2.]
[440. 449.   0.   2.]
[443. 444.   0.   2.]
[546. 445.   0.   3.]
[446. 447.   0.   2.]
[473. 474.   0.   2.]
[1.82000000e+02 1.84000000e+02 1.90734863e-06 2.00000000e+00]
[4.58000000e+02 5.45000000e+02 1.90734863e-06 3.00000000e+00]
[4.64000000e+02 5.51000000e+02 1.90734863e-06 4.00000000e+00]
[3.11000000e+02 3.25000000e+02 2.33601546e-06 2.00000000e+00]
[3.0000000e+01 3.1000000e+01 2.6973983e-06 2.0000000e+00]
[8.4000000e+01 8.5000000e+01 2.6973983e-06 2.0000000e+00]
[2.0600000e+02 2.0700000e+02 2.6973983e-06 2.0000000e+00]
[5.5600000e+02 2.0800000e+02 2.6973983e-06 3.0000000e+00]
[5.5700000e+02 2.0900000e+02 2.6973983e-06 4.0000000e+00]
[2.9900000e+02 3.0100000e+02 2.6973983e-06 2.0000000e+00]
[1.92000000e+02 1.97000000e+02 3.30362474e-06 2.00000000e+00]
[1.98000000e+02 1.99000000e+02 3.30362474e-06 2.00000000e+00]
[1.78000000e+02 1.80000000e+02 4.67203091e-06 2.00000000e+00]
[4.48000000e+02 4.53000000e+02 5.39479661e-06 2.00000000e+00]
[4.50000000e+02 4.52000000e+02 5.39479661e-06 2.00000000e+00]
[5.64000000e+02 4.59000000e+02 5.39479661e-06 3.00000000e+00]
[5.65000000e+02 5.47000000e+02 5.39479661e-06 6.00000000e+00]
[4.67000000e+02 4.70000000e+02 5.39479661e-06 2.00000000e+00]
[4.75000000e+02 4.76000000e+02 7.62939453e-06 2.00000000e+00]
[319.         531.          11.29584301   6.        ]
[456.         552.          12.07126335   5.        ]
[428.         433.          16.94752477   2.        ]
[139.         140.          18.22775728   2.        ]
[106.         107.          18.90113484   2.        ]
[315.         570.          25.17984205   6.        ]
[352.         353.          25.17984205   2.        ]
[505.         138.          27.22381503   3.        ]
[485.          16.          28.24769094   3.        ]
[572.         141.          31.34224434   3.        ]
[147.         148.          37.98206445   2.        ]
[405.         571.          41.14220574   3.        ]
[189.         560.          49.04705131   3.        ]
[581.         190.          50.95321637   4.        ]
[314.         574.          51.85122781   7.        ]
[561.         583.          52.21133678   9.        ]
[351.         355.          54.56740639   2.        ]
[75.         76.         57.33399402  2.        ]
[580.         553.          62.49355241   5.        ]
[437.         563.          63.28701826   3.        ]
[142.         587.          63.84661076   6.        ]
[566.         567.          65.05305399   8.        ]
[418.         455.          65.46006744   2.        ]
[ 89.         591.          68.34783138   3.        ]
[249.         589.          69.19066768   7.        ]
[41.         45.         74.44855654  2.        ]
[584.         313.          76.06733008  10.        ]
[595.         272.          79.65566019  11.        ]
[596.         592.          82.75653283  14.        ]
[ 53.         498.          83.91085019   5.        ]
[562.        366.         87.4262199   3.       ]
[597.         598.          89.79639366  19.        ]
[406.         420.          90.37801002   2.        ]
[340.        436.         91.1499805   2.       ]
[ 90.         548.          91.53008223   3.        ]
[161.         231.          94.22456417   2.        ]
[600.         604.          97.48102461  21.        ]
[130.         601.          98.48260096   3.        ]
[605.         400.          98.85259913  22.        ]
[607.        569.        100.1243268  28.       ]
[334.         608.         100.36292482  29.        ]
[603.         500.         100.81267127   6.        ]
[582.         517.         101.14626181   6.        ]
[593.        578.        101.5104076  10.       ]
[ 68.         602.         102.11284244   3.        ]
[481.         610.         103.33361515   7.        ]
[611.         230.         104.28153629   7.        ]
[615.          52.         104.58513639   8.        ]
[616.         613.         105.31453681  11.        ]
[159.         183.         105.42334772   2.        ]
[599.        160.        105.7315147   4.       ]
[606.         264.         106.74054449   4.        ]
[617.         300.         107.36927857  12.        ]
[619.          23.         107.52282277   5.        ]
[554.          32.         109.49471325   3.        ]
[612.         515.         110.42692415  12.        ]
[622.        248.        110.4418223   6.       ]
[ 57.         214.         111.64668763   2.        ]
[337.         614.         111.87452819   8.        ]
[ 66.         620.         112.23672421   5.        ]
[624.         627.         113.03175271  20.        ]
[  3.          86.         113.65662551   2.        ]
[191.         609.         114.32140974  30.        ]
[346.       429.       115.962141   2.      ]
[478.         358.         116.67987822   2.        ]
[247.         390.         116.81720996   2.        ]
[200.         631.         118.56706448  31.        ]
[326.         360.         118.56922202   2.        ]
[250.         621.         118.68682109  13.        ]
[ 88.         550.         118.94869049   3.        ]
[122.         637.         121.04167733  14.        ]
[594.          43.         121.15462729   3.        ]
[ 99.         626.         121.32970208   3.        ]
[204.         639.         122.50381683  15.        ]
[391.         635.         122.81169207  32.        ]
[ 47.         638.         123.45313515   4.        ]
[629.         643.         123.65319092  52.        ]
[634.         642.         124.30489026  17.        ]
[419.         646.         124.84857045  18.        ]
[241.         633.         124.93951712   3.        ]
[203.         645.         125.37760991  53.        ]
[210.         649.         127.37003987  54.        ]
[259.         647.         129.67075197  19.        ]
[640.         641.         129.73894782   6.        ]
[628.         279.         129.84347716   6.        ]
[ 77.         653.         130.15988476   7.        ]
[623.         524.         131.19840525   5.        ]
[ 87.         618.         131.73315971   3.        ]
[650.         648.         132.17997604  57.        ]
[176.         158.         132.55576605   2.        ]
[310.         658.         132.62174292   3.        ]
[579.         657.         133.50849062  59.        ]
[651.        632.        133.8129408  21.       ]
[194.         661.         134.02392521  22.        ]
[119.          67.         135.52280799   2.        ]
[414.         516.         135.74763882   3.        ]
[ 40.          55.         135.98162688   2.        ]
[  0.         662.         136.20381156  23.        ]
[508.         586.         136.25171201   6.        ]
[625.         660.         136.52583327  65.        ]
[306.         666.         136.90137801  24.        ]
[ 59.         656.         137.77620985   4.        ]
[302.         664.         138.52333061   4.        ]
[ 36.        668.        139.3121877  66.       ]
[412.         544.         139.61244583   3.        ]
[558.         630.         139.74955485   6.        ]
[ 91.        502.        139.9124656   4.       ]
[ 10.         523.         140.06856406   7.        ]
[655.         518.         140.16410091   7.        ]
[663.           7.         140.16764092   3.        ]
[238.         654.         141.03233002   8.        ]
[670.         526.         141.24557486   6.        ]
[479.         671.         141.55565884   5.        ]
[410.         679.         141.60172534   9.        ]
[674.         146.         143.32716001   7.        ]
[669.          44.         143.98415747  25.        ]
[281.         672.         144.16126152  67.        ]
[ 21.         677.         144.58796821   8.        ]
[685.        684.        145.2390209  92.       ]
[683.        256.        145.2921863   8.       ]
[438.         681.         145.72845981   6.        ]
[ 13.         687.         146.20577505  93.        ]
[652.          58.         146.31456888   7.        ]
[667.         226.         146.59835294   7.        ]
[673.         682.         146.98927192  12.        ]
[468.         689.         148.70885839   7.        ]
[692.         534.         148.81405587   9.        ]
[675.         532.         149.80697389   6.        ]
[ 48.         694.         150.03200562   8.        ]
[690.         636.         150.10367975  95.        ]
[253.         688.         150.20864884   9.        ]
[121.         575.         150.35051911   3.        ]
[698.         434.         150.40424427  96.        ]
[686.         701.         150.65018697 104.        ]
[273.         695.         150.81109314  10.        ]
[342.         644.         152.11322413   5.        ]
[421.        533.        152.5624393   3.       ]
[460.        693.        152.7210007  13.       ]
[699.         504.         154.63989587  12.        ]
[104.         706.         155.30739179  14.        ]
[680.         678.         155.60081954   9.        ]
[367.         696.         155.99440664   7.        ]
[271.         708.         156.05067341  15.        ]
[659.         489.         157.15848206   8.        ]
[ 19.        702.        158.0433741 105.       ]
[707.         555.         158.50078786  14.        ]
[  5.          22.         158.52719284   2.        ]
[ 12.        188.        158.5932944   2.       ]
[143.         711.         158.81461796  16.        ]
[288.         709.         158.97096683  10.        ]
[ 61.         718.         159.16854864  11.        ]
[705.         717.         159.39449074  19.        ]
[710.        559.        159.3975417   9.       ]
[ 33.         697.         160.46697165   9.        ]
[262.         722.         160.55059316  10.        ]
[275.         720.         160.99021774  20.        ]
[110.         713.         161.32006665 106.        ]
[290.         712.         162.38328519   9.        ]
[ 49.         202.         164.28851375   2.        ]
[424.         700.         164.95821612   4.        ]
[328.         726.         165.37338406  10.        ]
[725.         716.         165.51277719 108.        ]
[730.          17.         165.61329092 109.        ]
[731.         383.         165.73992107 110.        ]
[ 65.         715.         165.88355028   3.        ]
[724.         714.         166.03725375  34.        ]
[691.         495.         166.12898255   9.        ]
[676.         703.         166.55222966  17.        ]
[423.         732.         166.77399853 111.        ]
[ 38.         723.         166.97517324  11.        ]
[394.         477.         168.71103617   2.        ]
[307.         323.         169.07357923   2.        ]
[735.         103.         169.56664239  10.        ]
[ 29.        144.        170.6501359   2.       ]
[261.        263.        171.1956054   2.       ]
[719.         737.         171.43972538 122.        ]
[665.         343.         171.44099619   3.        ]
[741.         308.         171.55755641  11.        ]
[118.         224.         171.62941421   2.        ]
[289.         292.         171.74384634   2.        ]
[398.         513.         171.98011275   7.        ]
[ 63.          64.         172.13133221   2.        ]
[728.         494.         172.67404521   8.        ]
[251.         392.         172.69728035   2.        ]
[736.         105.         172.74911718  18.        ]
[704.         201.         173.26166682   6.        ]
[252.         749.         173.28059973   8.        ]
[441.        753.        173.4146027  19.       ]
[173.        409.        173.7364817   2.       ]
[382.        576.        175.4766637   4.       ]
[ 34.         754.         175.48673862   7.        ]
[330.        747.        175.7332671   3.       ]
[  4.         734.         175.90188356  35.        ]
[254.         744.         176.14162514 123.        ]
[348.         757.         176.19852371   3.        ]
[ 60.         727.         176.48699285   3.        ]
[312.        369.        176.5286608   2.       ]
[344.        763.        176.9429197   4.       ]
[  6.          51.         177.55939669   2.        ]
[134.         761.         177.87653415  36.        ]
[196.         762.         178.01748827 124.        ]
[168.        748.        179.2075255   3.       ]
[332.         746.         180.09886601  12.        ]
[471.        541.        180.2217065   7.       ]
[756.         769.         180.95492636 143.        ]
[ 62.         764.         181.10043992   4.        ]
[527.         772.         181.16321477   9.        ]
[246.         774.         181.34127496   5.        ]
[750.         50.        181.4790939   3.       ]
[ 54.         751.         181.72454599   9.        ]
[408.         415.         181.77821392   2.        ]
[729.         721.         181.91291432  19.        ]
[131.         742.         182.04177677   3.        ]
[152.         773.         182.45238206 144.        ]
[335.         777.         182.58701718   4.        ]
[177.         739.         182.71485562   3.        ]
[767.         738.         183.27788725  13.        ]
[356.         759.         183.40586925   8.        ]
[783.          27.         184.53273911   5.        ]
[274.         787.         185.14105171   6.        ]
[785.         766.         185.96357897  17.        ]
[187.         781.         186.40809054   4.        ]
[789.         771.         186.56111884  29.        ]
[339.         778.         186.64169834  10.        ]
[784.         282.         187.04895873   4.        ]
[514.         354.         187.13674519   3.        ]
[387.         791.         187.39008294  30.        ]
[733.         755.         187.45489579  11.        ]
[381.         782.         187.94301853 145.        ]
[457.         776.         188.07725987   6.        ]
[327.         794.         188.19686073   4.        ]
[111.         193.         188.77199506   2.        ]
[154.         797.         188.98781582 146.        ]
[407.        775.        190.1174015  10.       ]
[442.         590.         191.14492479   9.        ]
[397.        793.        191.2125922   5.       ]
[790.         768.         191.32461428  40.        ]
[ 24.         786.         191.32542128   9.        ]
[294.         758.         191.43444471   5.        ]
[268.         798.         191.58011786   7.        ]
[349.         265.         191.66377446   2.        ]
[588.         803.         191.90042986  12.        ]
[185.         804.         192.17187258   6.        ]
[780.        805.        192.2762944  59.       ]
[232.        807.        192.5118849   6.       ]
[480.         770.         192.75699204   4.        ]
[322.         795.         193.40429588  31.        ]
[806.        402.        193.4897127  10.       ]
[404.         816.         193.64300087  11.        ]
[245.         801.         193.87410568 147.        ]
[285.         808.         193.87560388   8.        ]
[ 56.         809.         194.27054229   3.        ]
[740.         819.         194.32338753  10.        ]
[278.         821.         194.32428434  11.        ]
[255.         792.         194.79420644  11.        ]
[304.         336.         194.99594919   2.        ]
[223.         823.         195.42440505  12.        ]
[802.         799.         195.58042166  14.        ]
[371.         812.         195.64430414  60.        ]
[378.         825.         195.96279443  13.        ]
[462.         815.         196.39154664  32.        ]
[465.         829.         196.39256696  33.        ]
[826.         451.         198.03788581  15.        ]
[220.         827.         198.13550874  61.        ]
[800.         832.         198.20914346  63.        ]
[427.         833.         198.88210595  64.        ]
[831.         788.         199.70194835  21.        ]
[461.         835.         199.86021967  22.        ]
[813.         765.         200.67148291   8.        ]
[745.         828.         200.74928798  16.        ]
[169.          42.         203.45807631   2.        ]
[811.         830.         203.54814743  39.        ]
[389.         840.         203.81037579  40.        ]
[820.         422.         204.07363461   4.        ]
[ 98.         535.         204.53174886   3.        ]
[837.         752.         204.75183055  10.        ]
[ 97.         838.         205.42822896  17.        ]
[269.         266.         205.50392209   2.        ]
[822.         309.         205.86871797  12.        ]
[760.         845.         206.70081887  20.        ]
[ 46.          11.         206.81452325   2.        ]
[844.         814.         206.93239798  14.        ]
[195.         836.         207.08333008  23.        ]
[357.         824.         207.26408734   3.        ]
[439.         472.         207.43948266   2.        ]
[463.         848.         208.28482528  21.        ]
[359.         850.         208.35151853  15.        ]
[834.         155.         208.44895405  65.        ]
[295.         847.         208.93153548  13.        ]
[293.         856.         208.93537785  66.        ]
[817.         839.         209.61130531  13.        ]
[426.         852.         209.73697986   4.        ]
[843.         482.         210.19216462   4.        ]
[861.         186.         210.97392856   5.        ]
[163.         857.         211.78565299  14.        ]
[267.         855.         212.61630677  16.        ]
[796.         841.         212.68360531  51.        ]
[270.         854.         213.09829053  22.        ]
[466.        851.        213.3356731  24.       ]
[ 26.         864.         213.56112193  17.        ]
[100.         818.         214.29530076 148.        ]
[859.         867.         214.29887185  37.        ]
[ 25.         842.         216.18137907   5.        ]
[866.        865.        216.2626353  73.       ]
[585.         858.         217.71118676  68.        ]
[287.         869.         217.78698756 149.        ]
[329.         377.         218.00600381   2.        ]
[425.         577.         218.36173273   4.        ]
[870.         872.         220.34120819 110.        ]
[484.        863.        220.7052086  15.       ]
[862.       878.       221.133776  20.      ]
[260.         860.         221.14039502   5.        ]
[868.         849.         221.56230035  19.        ]
[413.         874.         221.61445932 150.        ]
[432.         879.         221.90172726  21.        ]
[871.         883.         222.16523565  26.        ]
[435.         810.         222.54678549  13.        ]
[846.         283.         223.52747235   3.        ]
[416.         568.         223.87650719   3.        ]
[101.         873.         223.98294688  69.        ]
[877.         237.         224.36222582 111.        ]
[403.         889.         224.50816793 112.        ]
[549.         890.         225.62574538 114.        ]
[417.         543.         226.12833363   4.        ]
[393.         892.         227.10608294   5.        ]
[876.         882.         227.67595277 154.        ]
[884.         891.         228.26344367 140.        ]
[881.         893.         228.77127989  24.        ]
[  8.         875.         228.81508189   3.        ]
[156.         886.         228.85545207   4.        ]
[365.         888.         229.22544763  70.        ]
[ 92.         896.         229.75034111  25.        ]
[350.         900.         230.03186989  26.        ]
[469.         901.         230.46926115  27.        ]
[743.         899.         231.05698769  72.        ]
[280.         880.         231.15502896   6.        ]
[895.         853.         231.92623751 142.        ]
[905.         903.         231.96829879 214.        ]
[ 83.         894.         232.93334745 155.        ]
[ 20.         165.         234.12840994   2.        ]
[898.         906.         235.15462498 218.        ]
[483.         902.         235.70147912  28.        ]
[573.         108.         236.59851854   3.        ]
[887.         347.         238.29063711   4.        ]
[  1.         907.         239.93590945 156.        ]
[384.         904.         240.70376685   7.        ]
[908.          18.         241.27861051   3.        ]
[912.         373.         241.45449893   5.        ]
[234.         909.         241.79227532 219.        ]
[345.       910.       242.943113  29.      ]
[338.         779.         243.35225967   3.        ]
[  2.         170.         243.36989426   2.        ]
[277.         913.         243.93360051 157.        ]
[162.         897.         244.16160226   4.        ]
[213.         917.         245.70721083 220.        ]
[920.         923.         245.98018104 222.        ]
[  9.         217.         246.66969827   2.        ]
[916.         921.         246.83925444 162.        ]
[374.         914.         247.85470421   8.        ]
[924.         926.         248.95900466 384.        ]
[918.        372.        251.5874157  30.       ]
[925.         928.         251.61764639 386.        ]
[ 28.        929.        251.8743677  31.       ]
[ 69.         927.         252.52601209   9.        ]
[ 35.         228.         252.82932539   2.        ]
[129.         919.         253.67247347   4.        ]
[915.        930.        254.1602787 389.       ]
[145.         931.         255.12403006  32.        ]
[536.         934.         255.22573336   6.        ]
[ 39.         935.         257.08149807 390.        ]
[922.         936.         258.41170675  36.        ]
[380.         932.         259.21538171  10.        ]
[ 79.         937.         260.09345878   7.        ]
[171.         939.         260.13529224  37.        ]
[276.        885.        260.7635296  14.       ]
[ 37.         938.         261.40815729 391.        ]
[933.         942.         262.96765611  39.        ]
[941.         940.         266.40849647  17.        ]
[ 78.         945.         266.42675349  40.        ]
[946.         944.         267.52084276 408.        ]
[331.         943.         268.73385532  15.        ]
[525.         947.         271.11873026  42.        ]
[126.         948.         271.18675753 409.        ]
[164.         949.         271.21322309  16.        ]
[115.         950.         273.11903948  43.        ]
[257.         951.         277.07412725 410.        ]
[953.         954.         280.21541465 453.        ]
[952.         955.         280.58812656 469.        ]
[305.         956.         280.59832139 470.        ]
[911.         957.         283.31317047 473.        ]
[167.         958.         284.54210381 474.        ]
[166.         959.         285.44708511 475.        ]
[960.         491.         289.16813321 478.        ]
[961.         102.         289.20046579 479.        ]
[962.         258.         289.23393073 480.        ]
[963.         229.         292.02164888 481.        ]
[964.         317.         292.03123936 482.        ]
[965.         296.         296.52138892 483.        ]
[966.         175.         320.08530892 484.        ]
[967.         454.         325.23562669 485.        ]
