[14. 15.  0.  2.]
[70. 71.  0.  2.]
[486.  72.   0.   3.]
[487.  73.   0.   4.]
[488.  74.   0.   5.]
[80. 81.  0.  2.]
[490.  82.   0.   3.]
[93. 94.  0.  2.]
[492.  95.   0.   3.]
[493.  96.   0.   4.]
[109. 114.   0.   2.]
[112. 117.   0.   2.]
[496. 120.   0.   3.]
[497. 125.   0.   4.]
[113. 116.   0.   2.]
[499. 127.   0.   3.]
[123. 124.   0.   2.]
[501. 128.   0.   3.]
[132. 133.   0.   2.]
[503. 135.   0.   3.]
[136. 137.   0.   2.]
[149. 150.   0.   2.]
[506. 151.   0.   3.]
[507. 153.   0.   4.]
[157. 215.   0.   2.]
[509. 216.   0.   3.]
[510. 218.   0.   4.]
[511. 219.   0.   5.]
[512. 222.   0.   6.]
[172. 174.   0.   2.]
[179. 181.   0.   2.]
[205. 211.   0.   2.]
[212. 221.   0.   2.]
[225. 227.   0.   2.]
[233. 235.   0.   2.]
[519. 236.   0.   3.]
[520. 239.   0.   4.]
[521. 240.   0.   5.]
[522. 243.   0.   6.]
[242. 244.   0.   2.]
[284. 303.   0.   2.]
[286. 298.   0.   2.]
[291. 297.   0.   2.]
[316. 318.   0.   2.]
[528. 321.   0.   3.]
[320. 529.   0.   4.]
[319. 324.   0.   2.]
[333. 341.   0.   2.]
[361. 363.   0.   2.]
[362. 364.   0.   2.]
[368. 370.   0.   2.]
[375. 376.   0.   2.]
[379. 385.   0.   2.]
[537. 386.   0.   3.]
[538. 388.   0.   4.]
[539. 399.   0.   5.]
[540. 411.   0.   6.]
[395. 396.   0.   2.]
[542. 401.   0.   3.]
[430. 431.   0.   2.]
[440. 449.   0.   2.]
[443. 444.   0.   2.]
[546. 445.   0.   3.]
[446. 447.   0.   2.]
[473. 474.   0.   2.]
[1.82000000e+02 1.84000000e+02 1.90734863e-06 2.00000000e+00]
[4.58000000e+02 5.45000000e+02 1.90734863e-06 3.00000000e+00]
[4.56000000e+02 4.64000000e+02 1.90734863e-06 2.00000000e+00]
[3.11000000e+02 3.25000000e+02 2.33601546e-06 2.00000000e+00]
[3.0000000e+01 3.1000000e+01 2.6973983e-06 2.0000000e+00]
[8.4000000e+01 8.5000000e+01 2.6973983e-06 2.0000000e+00]
[2.0600000e+02 2.0700000e+02 2.6973983e-06 2.0000000e+00]
[5.5600000e+02 2.0800000e+02 2.6973983e-06 3.0000000e+00]
[5.5700000e+02 2.0900000e+02 2.6973983e-06 4.0000000e+00]
[2.9900000e+02 3.0100000e+02 2.6973983e-06 2.0000000e+00]
[1.92000000e+02 1.97000000e+02 3.30362474e-06 2.00000000e+00]
[1.98000000e+02 1.99000000e+02 3.30362474e-06 2.00000000e+00]
[1.78000000e+02 1.80000000e+02 4.67203091e-06 2.00000000e+00]
[4.48000000e+02 4.53000000e+02 5.39479661e-06 2.00000000e+00]
[4.50000000e+02 4.52000000e+02 5.39479661e-06 2.00000000e+00]
[5.64000000e+02 4.59000000e+02 5.39479661e-06 3.00000000e+00]
[5.65000000e+02 5.47000000e+02 5.39479661e-06 6.00000000e+00]
[4.67000000e+02 4.70000000e+02 5.39479661e-06 2.00000000e+00]
[4.75000000e+02 4.76000000e+02 7.62939453e-06 2.00000000e+00]
[428.         433.          16.94752477   2.        ]
[139.         140.          18.22775728   2.        ]
[106.         107.          18.90113484   2.        ]
[314.         315.          25.17984205   2.        ]
[352.         353.          25.17984205   2.        ]
[531.         530.          25.41564677   6.        ]
[505.         138.          27.22381503   3.        ]
[552.         551.          28.16627861   5.        ]
[485.          16.          28.24769094   3.        ]
[570.         141.          31.34224434   3.        ]
[147.         148.          37.98206445   2.        ]
[405.         569.          41.14220574   3.        ]
[189.         560.          49.04705131   3.        ]
[581.         190.          50.95321637   4.        ]
[191.         561.          52.21133678   3.        ]
[351.         355.          54.56740639   2.        ]
[75.         76.         57.33399402  2.        ]
[313.         572.          57.43281909   3.        ]
[580.         436.          62.49355241   4.        ]
[437.         563.          63.28701826   3.        ]
[578.         142.          63.84661076   4.        ]
[566.         567.          65.05305399   8.        ]
[ 89.         418.          65.46006744   2.        ]
[249.         253.          69.19066768   2.        ]
[591.         455.          74.35251098   3.        ]
[41.         45.         74.44855654  2.        ]
[272.         576.          76.60528403   6.        ]
[ 53.         498.          83.91085019   5.        ]
[593.         595.          84.86034093   9.        ]
[562.        366.         87.4262199   3.       ]
[597.         587.          88.35655265  13.        ]
[599.         553.          88.51848846  15.        ]
[130.         406.          90.37801002   2.        ]
[ 90.         250.          91.53008223   2.        ]
[161.         231.          94.22456417   2.        ]
[600.         230.          94.23623702  16.        ]
[596.         604.          96.44910284  21.        ]
[605.         586.          96.97235049  24.        ]
[606.          68.          99.73504767  25.        ]
[279.         334.         100.36292482   2.        ]
[582.         300.         101.14626181   5.        ]
[500.         337.         102.85089624   4.        ]
[ 99.         481.         103.33361515   2.        ]
[607.         602.         104.00423609  27.        ]
[612.         603.         104.92195006  29.        ]
[613.         400.         105.11136787  30.        ]
[614.         122.         105.22486177  31.        ]
[ 66.         601.         105.35881242   3.        ]
[159.         183.         105.42334772   2.        ]
[610.         574.         105.64938565  10.        ]
[598.        248.        105.7315147   4.       ]
[326.         340.         108.02597839   2.        ]
[609.         517.         108.46012857   7.        ]
[554.          32.         109.49471325   3.        ]
[615.        419.        109.8481372  32.       ]
[ 52.         414.         111.36579922   2.        ]
[160.         619.         111.56921222   5.        ]
[ 57.         214.         111.64668763   2.        ]
[  3.          86.         113.65662551   2.        ]
[626.         583.         114.13584983   5.        ]
[621.         623.         114.14325625  39.        ]
[611.         478.         114.70097264   3.        ]
[616.         420.         114.84516428   4.        ]
[515.         592.         116.69756497   4.        ]
[247.         390.         116.81720996   2.        ]
[146.         200.         118.56706448   2.        ]
[618.         548.         118.86193183  12.        ]
[ 88.         550.         118.94869049   3.        ]
[624.         629.         120.11045991  41.        ]
[ 23.         625.         120.47473037   6.        ]
[204.         264.         121.03202737   2.        ]
[346.        429.        121.1147855   2.       ]
[594.          43.         121.15462729   3.        ]
[635.         391.         121.46500023  13.        ]
[630.         241.         123.06182443   4.        ]
[620.         360.         123.08188729   3.        ]
[ 47.          77.         123.45313515   2.        ]
[633.         637.         124.30489026  43.        ]
[631.         639.         124.40943723   6.        ]
[642.         646.         125.00801942  56.        ]
[203.         460.         125.37760991   2.        ]
[648.         628.         129.21668876  61.        ]
[643.         650.         129.27306811  65.        ]
[589.         632.         129.56474646   8.        ]
[ 36.         259.         129.67075197   2.        ]
[641.          58.         129.73894782   4.        ]
[651.         358.         130.49233683  66.        ]
[655.         524.         130.56718336  68.        ]
[656.         640.         130.73254184  70.        ]
[210.         657.         130.73989925  71.        ]
[ 21.         622.         131.19840525   4.        ]
[ 87.         617.         131.73315971   3.        ]
[176.         658.         132.55576605  72.        ]
[  0.         310.         132.62174292   2.        ]
[494.         579.         133.50849062   6.        ]
[ 17.         158.         134.34629399   2.        ]
[647.         661.         134.54096931  78.        ]
[194.         306.         135.07915953   2.        ]
[119.         479.         135.52280799   2.        ]
[ 40.          55.         135.98162688   2.        ]
[508.         534.         136.25171201   6.        ]
[645.         636.         137.63181407   5.        ]
[ 59.         526.         137.77620985   3.        ]
[608.         644.         139.14285872   5.        ]
[412.         438.         139.61244583   2.        ]
[558.         652.         139.74955485  12.        ]
[649.         302.         139.84062629   3.        ]
[ 91.        532.        139.9124656   3.       ]
[ 10.         273.         140.06856406   2.        ]
[104.         238.         141.03233002   2.        ]
[627.         674.         141.39472284  14.        ]
[662.         44.        141.4107591   3.       ]
[  7.         544.         142.21461234   3.        ]
[672.         665.         142.38620357  83.        ]
[ 67.         667.         143.13577396   3.        ]
[ 19.         659.         143.13863766   5.        ]
[653.         682.         143.53466052  85.        ]
[666.        680.        143.5960395   5.       ]
[638.         516.         143.77784228   8.        ]
[675.         410.         145.01415093   4.        ]
[281.         686.         145.28850944   6.        ]
[ 13.         685.         145.44989194  86.        ]
[679.         634.         146.22836538  16.        ]
[691.         256.         146.83410455  17.        ]
[681.         673.         147.55728516   5.        ]
[105.         226.         147.92352091   2.        ]
[671.         660.         148.33897995   6.        ]
[ 48.         468.         148.70885839   2.        ]
[690.         518.         149.12130541  88.        ]
[687.          61.         149.50346551   9.        ]
[502.         367.         150.12225778   4.        ]
[689.         421.         150.20864693   7.        ]
[118.         121.         150.35051911   2.        ]
[697.        271.        150.5125757  89.       ]
[434.         702.         151.25158333  90.        ]
[663.         533.         151.99997791   8.        ]
[268.         342.         152.11322413   2.        ]
[143.         703.         152.31108929  91.        ]
[ 33.         678.         153.60049064   3.        ]
[677.         523.         154.83991085   8.        ]
[ 63.         688.         155.05777955   5.        ]
[695.         201.         155.30266045   7.        ]
[585.         669.         155.49525135   8.        ]
[676.         699.         155.77256336   7.        ]
[489.         700.         155.90878614  12.        ]
[693.         683.         155.97941879   8.        ]
[692.         698.         156.50735276  26.        ]
[715.         423.         157.64201445  27.        ]
[  5.          22.         158.52719284   2.        ]
[ 12.        716.        158.5932944  28.       ]
[288.         409.         158.97096683   2.        ]
[  6.         262.         160.55059316   2.        ]
[110.         706.         161.17470851  92.        ]
[670.         718.         161.42850154  33.        ]
[714.         722.         162.49307933  41.        ]
[712.         328.         162.88726907   8.        ]
[ 49.         202.         164.28851375   2.        ]
[696.         575.         164.72593092   5.        ]
[654.      308.      164.88784   5.     ]
[ 54.         424.         164.95821612   2.        ]
[664.         723.         165.08322339  43.        ]
[721.         383.         165.09979899  93.        ]
[224.         275.         165.49444947   2.        ]
[ 65.         252.         165.88355028   2.        ]
[694.         719.         166.35064894   4.        ]
[ 20.          38.         166.97517324   2.        ]
[729.         730.         167.35952642 136.        ]
[709.         327.         167.68481476   6.        ]
[701.         427.         168.54046196   3.        ]
[394.         477.         168.71103617   2.        ]
[307.         323.         169.07357923   2.        ]
[ 29.        735.        170.6501359 137.       ]
[131.         144.         170.85847611   2.        ]
[261.        263.        171.1956054   2.       ]
[668.         343.         171.44099619   3.        ]
[710.        188.        171.6018429   8.       ]
[708.        441.        171.7095767   9.       ]
[168.         289.         171.74384634   2.        ]
[ 56.         704.         172.17298751   9.        ]
[707.         348.         172.32777837   4.        ]
[713.        711.        172.4572485  20.       ]
[251.         392.         172.69728035   2.        ]
[495.         407.         172.84272872   3.        ]
[ 51.         290.         173.21072447   2.        ]
[724.         559.         173.51401538  10.        ]
[726.         232.         173.85505353   6.        ]
[187.         731.         173.94144581   3.        ]
[720.         332.         175.12622692   3.        ]
[382.        457.        175.4766637   2.       ]
[ 24.          34.         175.48673862   2.        ]
[152.        330.        175.7332671   2.       ]
[173.         255.         175.93747827   2.        ]
[684.         177.         175.95794654   6.        ]
[254.         356.         176.14162514   2.        ]
[ 60.         733.         176.48699285   5.        ]
[312.        369.        176.5286608   2.       ]
[344.        403.        176.9429197   2.       ]
[744.         169.         177.31088911   9.        ]
[134.         432.         177.87653415   2.        ]
[740.         748.         178.11679898 141.        ]
[736.          64.         178.13795697   7.        ]
[555.        504.        178.8890356   5.       ]
[752.         749.         179.85813348  22.        ]
[717.          69.         179.87508906   3.        ]
[768.         769.         179.99608904 148.        ]
[ 62.        757.        180.2160155   3.       ]
[471.        541.        180.2217065   7.       ]
[154.         573.         180.25492635   3.        ]
[773.         766.         180.47064536 157.        ]
[732.         398.         180.66597919   3.        ]
[777.         751.         181.01272195 160.        ]
[527.         426.         181.16321477   3.        ]
[779.         771.         181.26758035 182.        ]
[246.         322.         181.34127496   2.        ]
[ 50.         274.         181.49552997   2.        ]
[753.         357.         181.55621816  11.        ]
[103.        755.        181.7355242   4.       ]
[408.         415.         181.77821392   2.        ]
[781.         387.         181.79200489 183.        ]
[727.         513.         182.59751417  11.        ]
[754.       294.       182.797027   7.      ]
[335.         783.         182.82663249   3.        ]
[787.         761.         182.88985043 189.        ]
[762.         791.         183.10920285 191.        ]
[196.         792.         183.47660703 192.        ]
[745.         770.         184.49242037  14.        ]
[  4.         785.         185.51076273   5.        ]
[789.         767.         185.84556296   9.        ]
[737.         293.         186.29333184   4.        ]
[339.         350.         186.64169834   2.        ]
[763.         794.         186.81416389  19.        ]
[514.         354.         187.13674519   3.        ]
[282.         389.         187.74186468   2.        ]
[185.         381.         187.94301853   2.        ]
[728.         776.         188.62133187   5.        ]
[795.         793.         189.44703817 197.        ]
[ 42.         774.         189.45733416   4.        ]
[193.        804.        189.8095077 198.       ]
[ 27.         790.         189.84784815   4.        ]
[746.         760.         190.07722198   4.        ]
[772.        462.        190.4678912   4.       ]
[442.         590.         191.14492479   9.        ]
[  1.         741.         191.14867647   3.        ]
[799.         220.         191.39988589  20.        ]
[435.         588.         191.90042986   4.        ]
[759.         270.         192.14117097   3.        ]
[758.         402.         192.38277591   3.        ]
[265.        349.        192.4031138   2.       ]
[803.         245.         192.72408223   6.        ]
[223.         480.         192.75699204   2.        ]
[784.         156.         192.94090689  12.        ]
[747.         155.         193.03184449  10.        ]
[801.         738.         193.10976639   4.        ]
[756.         336.         193.18926279   4.        ]
[237.         404.         193.64300087   2.        ]
[812.         806.         193.64810936 218.        ]
[285.         824.         193.87560388 219.        ]
[739.         372.         194.32338753   3.        ]
[278.         295.         194.32428434   2.        ]
[ 25.         796.         194.70910031  10.        ]
[111.         775.         195.12714953   8.        ]
[371.         393.         195.64430414   2.        ]
[378.         469.         195.96279443   2.        ]
[809.       778.       196.159723   7.      ]
[800.         780.         196.20411594   6.        ]
[802.        817.        196.4570889   8.       ]
[822.         186.         196.76025084   5.        ]
[816.       834.       196.900538  10.      ]
[782.         825.         196.90414618 221.        ]
[788.        101.        197.1560272  12.       ]
[820.         705.         197.83317058  12.        ]
[808.         818.         198.03752678   6.        ]
[725.         765.         199.15493073   4.        ]
[461.         466.         199.86021967   2.        ]
[814.         463.         199.99055459   4.        ]
[397.         465.         200.61174374   2.        ]
[743.          97.         200.74928798   4.        ]
[833.         451.         201.42057194   7.        ]
[836.         764.         201.53687288  12.        ]
[  9.         797.         201.82845238   5.        ]
[819.         269.         202.04527167  13.        ]
[805.         837.         202.16284957 225.        ]
[835.         413.         202.19033691   6.        ]
[839.        359.        202.8871323  13.       ]
[811.         304.         204.07407123   4.        ]
[843.         549.         204.21159624   6.        ]
[ 98.         852.         204.53174886  14.        ]
[846.         260.         204.84961655   8.        ]
[807.         847.         205.65881211  16.        ]
[ 79.         849.         205.98031625  14.        ]
[ 46.         267.         206.81452325   2.        ]
[195.         536.         207.08333008   3.        ]
[ 11.        213.        207.2360666   2.       ]
[439.         472.         207.43948266   2.        ]
[826.         309.         208.01408215   4.        ]
[840.         850.         208.56440544 231.        ]
[851.         857.         209.05719355  22.        ]
[829.         838.         209.66659593  20.        ]
[841.        482.        209.9796165   5.       ]
[821.         844.         210.91440695   6.        ]
[865.         864.         211.14771957 253.        ]
[815.         869.         212.95655877 256.        ]
[855.         870.         213.50021253 270.        ]
[ 26.          35.         213.56112193   2.        ]
[867.         854.         214.10591736  11.        ]
[292.         417.         214.29432934   2.        ]
[100.         287.         214.29530076   2.        ]
[853.         484.         214.51496008   5.        ]
[868.         283.         214.55121809   7.        ]
[827.        871.        215.5602662 272.       ]
[828.         129.         216.04708258  11.        ]
[277.         584.         217.71118676   3.        ]
[750.         831.         217.81260518   4.        ]
[  8.         329.         218.00600381   2.        ]
[866.         878.         218.17928999 292.        ]
[ 83.         425.         218.36173273   2.        ]
[873.         883.         218.48844146 303.        ]
[832.         859.         218.77270342   9.        ]
[165.         830.         219.46028735   3.        ]
[266.         874.         219.69570873   3.        ]
[885.         856.         220.95739368 311.        ]
[889.        863.        221.3697638 315.       ]
[879.         845.         222.58445888  15.        ]
[890.        877.        223.0604009 322.       ]
[892.         876.         223.06447545 327.        ]
[893.         881.         223.12061534 331.        ]
[163.         170.         223.24226924   2.        ]
[888.         894.         223.67855692 334.        ]
[842.         896.         223.73479294 336.        ]
[416.         568.         223.87650719   3.        ]
[ 18.         734.         227.10136786   3.        ]
[798.         862.         227.16501342   4.        ]
[535.         897.         227.20578092 338.        ]
[280.         543.         227.71064592   4.        ]
[886.         861.         228.09935881  11.        ]
[365.         903.         229.22544763  12.        ]
[ 92.         373.         229.75034111   2.        ]
[742.         483.         231.05698769   3.        ]
[891.         234.         231.27418077  16.        ]
[907.         901.         232.97386548 354.        ]
[860.         377.         233.34283949   4.        ]
[895.        887.        233.4088322   5.       ]
[908.         900.         235.29740737 358.        ]
[884.         911.         235.47647955 360.        ]
[577.         257.         235.74392023   4.        ]
[848.         331.         236.11019773   6.        ]
[875.        384.        236.1567499   3.       ]
[571.         108.         236.59851854   3.        ]
[126.         904.         236.61135122  13.        ]
[813.         810.         238.15363622  13.        ]
[228.         823.         238.25909628   3.        ]
[ 78.         898.         238.29063711   4.        ]
[912.         905.         239.71048063 362.        ]
[882.         345.         240.41588564   3.        ]
[914.         921.         241.40514979 368.        ]
[338.         786.         243.35225967   3.        ]
[  2.         380.         243.36989426   2.        ]
[923.         909.         244.06610387 372.        ]
[926.         906.         244.15301859 375.        ]
[162.         258.         244.16160226   2.        ]
[910.         858.         244.47655218  19.        ]
[872.         171.         244.94407913   3.        ]
[880.         927.         245.38845458 378.        ]
[276.         902.         246.97357475   5.        ]
[929.         931.         247.65590414 397.        ]
[917.         374.         248.60604614  14.        ]
[347.         933.         248.99790044 398.        ]
[899.          37.         252.33031133   4.        ]
[915.         935.         253.19449912 401.        ]
[217.         932.         255.11575854   6.        ]
[934.         145.         256.23650996  15.        ]
[ 39.         305.         257.08149807   2.        ]
[525.         422.         258.48409306   3.        ]
[924.        939.        258.6903003  18.       ]
[922.         928.         258.88270769   5.        ]
[936.        164.        259.0040659   5.       ]
[925.         937.         259.86561067 403.        ]
[938.        919.        260.1896553   9.       ]
[913.         930.         260.41979928   7.        ]
[ 28.         166.         261.64081178   2.        ]
[945.         947.         262.82089076 410.        ]
[949.         942.         263.71024812 428.        ]
[950.         946.         266.37949429 437.        ]
[920.         951.         266.66536194 441.        ]
[943.         948.         268.35357618   7.        ]
[952.         918.         269.55398054 454.        ]
[954.         953.         269.94193459 461.        ]
[955.         944.         270.08232236 466.        ]
[956.        916.        270.1739739 469.       ]
[957.         941.         270.19269254 472.        ]
[958.         115.         270.28301349 473.        ]
[940.         959.         275.33339721 475.        ]
[960.        229.        281.0805028 476.       ]
[961.         317.         284.55943439 477.        ]
[962.         167.         285.59849377 478.        ]
[963.         296.         287.72565632 479.        ]
[964.         491.         293.04292533 482.        ]
[965.         102.         302.67267843 483.        ]
[966.         175.         311.63058446 484.        ]
[967.         454.         323.17515625 485.        ]
