[14. 15.  0.  2.]
[70. 71.  0.  2.]
[486.  72.   0.   3.]
[487.  73.   0.   4.]
[488.  74.   0.   5.]
[80. 81.  0.  2.]
[490.  82.   0.   3.]
[93. 94.  0.  2.]
[492.  95.   0.   3.]
[493.  96.   0.   4.]
[109. 114.   0.   2.]
[112. 117.   0.   2.]
[496. 120.   0.   3.]
[497. 125.   0.   4.]
[113. 116.   0.   2.]
[499. 127.   0.   3.]
[123. 124.   0.   2.]
[501. 128.   0.   3.]
[132. 133.   0.   2.]
[503. 135.   0.   3.]
[136. 137.   0.   2.]
[149. 150.   0.   2.]
[506. 151.   0.   3.]
[507. 153.   0.   4.]
[157. 215.   0.   2.]
[509. 216.   0.   3.]
[510. 218.   0.   4.]
[511. 219.   0.   5.]
[512. 222.   0.   6.]
[172. 174.   0.   2.]
[179. 181.   0.   2.]
[205. 211.   0.   2.]
[212. 221.   0.   2.]
[225. 227.   0.   2.]
[233. 235.   0.   2.]
[519. 236.   0.   3.]
[520. 239.   0.   4.]
[521. 240.   0.   5.]
[522. 243.   0.   6.]
[242. 244.   0.   2.]
[284. 303.   0.   2.]
[286. 298.   0.   2.]
[291. 297.   0.   2.]
[316. 318.   0.   2.]
[528. 321.   0.   3.]
[320. 529.   0.   4.]
[319. 324.   0.   2.]
[333. 341.   0.   2.]
[361. 363.   0.   2.]
[362. 364.   0.   2.]
[368. 370.   0.   2.]
[375. 376.   0.   2.]
[379. 385.   0.   2.]
[537. 386.   0.   3.]
[538. 388.   0.   4.]
[539. 399.   0.   5.]
[540. 411.   0.   6.]
[395. 396.   0.   2.]
[542. 401.   0.   3.]
[430. 431.   0.   2.]
[440. 449.   0.   2.]
[443. 444.   0.   2.]
[546. 445.   0.   3.]
[446. 447.   0.   2.]
[473. 474.   0.   2.]
[1.82000000e+02 1.84000000e+02 1.90734863e-06 2.00000000e+00]
[4.58000000e+02 5.45000000e+02 1.90734863e-06 3.00000000e+00]
[4.56000000e+02 4.64000000e+02 1.90734863e-06 2.00000000e+00]
[3.11000000e+02 3.25000000e+02 2.33601546e-06 2.00000000e+00]
[3.0000000e+01 3.1000000e+01 2.6973983e-06 2.0000000e+00]
[8.4000000e+01 8.5000000e+01 2.6973983e-06 2.0000000e+00]
[2.0600000e+02 2.0700000e+02 2.6973983e-06 2.0000000e+00]
[5.5600000e+02 2.0800000e+02 2.6973983e-06 3.0000000e+00]
[5.5700000e+02 2.0900000e+02 2.6973983e-06 4.0000000e+00]
[2.9900000e+02 3.0100000e+02 2.6973983e-06 2.0000000e+00]
[1.92000000e+02 1.97000000e+02 3.30362474e-06 2.00000000e+00]
[1.98000000e+02 1.99000000e+02 3.30362474e-06 2.00000000e+00]
[1.78000000e+02 1.80000000e+02 4.67203091e-06 2.00000000e+00]
[4.48000000e+02 4.53000000e+02 5.39479661e-06 2.00000000e+00]
[4.50000000e+02 4.52000000e+02 5.39479661e-06 2.00000000e+00]
[5.64000000e+02 4.59000000e+02 5.39479661e-06 3.00000000e+00]
[5.65000000e+02 5.47000000e+02 5.39479661e-06 6.00000000e+00]
[4.67000000e+02 4.70000000e+02 5.39479661e-06 2.00000000e+00]
[4.75000000e+02 4.76000000e+02 7.62939453e-06 2.00000000e+00]
[428.         433.          16.94752477   2.        ]
[139.         140.          18.22775728   2.        ]
[106.         107.          18.90113484   2.        ]
[314.         315.          25.17984205   2.        ]
[352.         353.          25.17984205   2.        ]
[531.         530.          25.41564677   6.        ]
[505.         138.          27.22381503   3.        ]
[552.         551.          28.16627861   5.        ]
[485.          16.          28.24769094   3.        ]
[570.         141.          31.34224434   3.        ]
[147.         148.          37.98206445   2.        ]
[405.         569.          41.14220574   3.        ]
[189.         560.          49.04705131   3.        ]
[581.         190.          50.95321637   4.        ]
[191.         561.          52.21133678   3.        ]
[351.         355.          54.56740639   2.        ]
[75.         76.         57.33399402  2.        ]
[313.         572.          57.43281909   3.        ]
[580.         436.          62.49355241   4.        ]
[437.         563.          63.28701826   3.        ]
[578.         142.          63.84661076   4.        ]
[566.         567.          65.05305399   8.        ]
[ 89.         418.          65.46006744   2.        ]
[249.         253.          69.19066768   2.        ]
[591.         576.          74.35251098   7.        ]
[41.         45.         74.44855654  2.        ]
[593.        455.         74.9001462   8.       ]
[ 53.         498.          83.91085019   5.        ]
[595.         587.          86.38103491  12.        ]
[562.        366.         87.4262199   3.       ]
[597.         553.          88.11936833  14.        ]
[130.         406.          90.37801002   2.        ]
[599.        586.         90.8210539  17.       ]
[ 90.         250.          91.53008223   2.        ]
[601.         272.          92.47240146  18.        ]
[161.         231.          94.22456417   2.        ]
[596.         603.          95.64455387  23.        ]
[605.          68.          98.89794588  24.        ]
[279.         334.         100.36292482   2.        ]
[582.         300.         101.14626181   5.        ]
[500.         574.         102.85089624   9.        ]
[ 99.         481.         103.33361515   2.        ]
[606.         604.         103.66103863  26.        ]
[611.        602.        103.8512108  28.       ]
[612.         400.         104.52793079  29.        ]
[613.         122.         104.66465573  30.        ]
[ 66.         600.         105.35881242   3.        ]
[159.         183.         105.42334772   2.        ]
[598.        248.        105.7315147   4.       ]
[609.         337.         106.63445885  10.        ]
[614.         340.         107.02388089  31.        ]
[619.         419.         107.36998827  32.        ]
[230.         620.         107.37630368  33.        ]
[608.         517.         108.46012857   7.        ]
[554.          32.         109.49471325   3.        ]
[ 52.         414.         111.36579922   2.        ]
[160.         617.         111.56921222   5.        ]
[ 57.         618.         111.64668763  11.        ]
[583.         214.         112.99302496   4.        ]
[  3.          86.         113.65662551   2.        ]
[622.         621.         114.14325625  40.        ]
[610.         478.         114.70097264   3.        ]
[420.         629.         114.84516428  41.        ]
[515.         592.         116.69756497   4.        ]
[247.         390.         116.81720996   2.        ]
[146.         200.         118.56706448   2.        ]
[326.         360.         118.56922202   2.        ]
[ 88.         550.         118.94869049   3.        ]
[ 23.         625.         120.47473037   6.        ]
[626.         627.         120.95911322  15.        ]
[264.         631.         121.03202737  42.        ]
[346.        429.        121.1147855   2.       ]
[594.          43.         121.15462729   3.        ]
[639.         615.         121.25071822  45.        ]
[204.        642.        121.3407649  46.       ]
[ 13.         391.         122.81169207   2.        ]
[630.         638.         123.06182443  18.        ]
[ 47.          77.         123.45313515   2.        ]
[633.         643.         124.30489026  48.        ]
[241.         645.         124.93951712  19.        ]
[203.         648.         125.37760991  20.        ]
[624.         649.         126.11825598  22.        ]
[ 36.         548.         127.35883637   3.        ]
[176.         647.         129.51450981  49.        ]
[589.         632.         129.56474646   8.        ]
[641.          58.         129.73894782   4.        ]
[210.         650.         130.73989925  23.        ]
[ 21.         623.         131.19840525   4.        ]
[358.        533.        131.4183057   3.       ]
[616.         655.         131.73315971  25.        ]
[310.         652.         132.62174292  50.        ]
[494.         579.         133.50849062   6.        ]
[259.         651.         133.81410285   4.        ]
[194.         534.         134.02392521   3.        ]
[ 17.         158.         134.34629399   2.        ]
[119.         479.         135.52280799   2.        ]
[ 40.          55.         135.98162688   2.        ]
[  0.          44.         136.20381156   2.        ]
[281.         658.         136.90137801  26.        ]
[646.         636.         137.63181407   5.        ]
[ 59.         526.         137.77620985   3.        ]
[306.        667.        138.2480439  27.       ]
[302.         460.         138.52333061   2.        ]
[607.         661.         139.14285872   6.        ]
[412.         640.         139.61244583   3.        ]
[558.         653.         139.74955485  12.        ]
[ 91.        532.        139.9124656   3.       ]
[ 10.         273.         140.06856406   2.        ]
[524.         508.         140.07397168   6.        ]
[671.         410.         140.98637541   3.        ]
[104.         238.         141.03233002   2.        ]
[628.         670.         141.39472284  29.        ]
[544.         673.         142.21461234   5.        ]
[644.         680.         142.58549071  31.        ]
[664.         681.         143.13577396   7.        ]
[ 19.         656.         143.13863766   5.        ]
[677.         634.         143.57852869   8.        ]
[  7.         683.         143.75246903   8.        ]
[637.         657.         143.77784228   9.        ]
[271.         672.         144.01454087   7.        ]
[226.         685.         145.01996009   9.        ]
[674.         275.         146.36595122  13.        ]
[383.         438.         146.84889438   2.        ]
[666.         659.         146.96374175  52.        ]
[516.         421.         147.23987153   3.        ]
[468.         682.         148.70885839  32.        ]
[256.         690.         149.78756944  14.        ]
[ 48.          54.         150.03200562   2.        ]
[502.         367.         150.12225778   4.        ]
[118.         121.         150.35051911   2.        ]
[434.         688.         150.70590986   8.        ]
[687.         693.         151.27937518  12.        ]
[268.         342.         152.11322413   2.        ]
[662.         692.         152.12651583  55.        ]
[585.         635.         152.56882039   4.        ]
[518.         689.         153.18361915  11.        ]
[669.         686.         153.46160345  11.        ]
[ 33.         679.         153.60049064   3.        ]
[676.         523.         154.83991085   8.        ]
[699.         694.         155.66263252  40.        ]
[675.         697.         155.77256336   7.        ]
[700.         708.         156.44506077  52.        ]
[678.         691.         157.49214494   5.        ]
[695.         710.         158.23782523  66.        ]
[ 64.         67.        158.3652676   2.       ]
[  5.          22.         158.52719284   2.        ]
[ 12.        702.        158.5932944  56.       ]
[143.         144.         158.81461796   2.        ]
[288.         409.         158.97096683   2.        ]
[ 61.         131.         159.16854864   2.        ]
[712.        704.        160.1750594  77.       ]
[  6.         262.         160.55059316   2.        ]
[705.          87.         160.70358267  12.        ]
[715.         668.         161.29102926  61.        ]
[719.         423.         161.60002717  78.        ]
[722.         110.         162.62685873  62.        ]
[709.         328.         162.88726907   8.        ]
[ 49.         202.         164.28851375   2.        ]
[721.         201.         164.57855521  13.        ]
[703.        105.        164.5988279   5.       ]
[308.      724.      164.88784  63.     ]
[663.         723.         165.08322339  80.        ]
[ 65.         252.         165.88355028   2.        ]
[711.         730.         165.99993379  85.        ]
[ 29.       716.       166.187152   3.      ]
[ 20.          38.         166.97517324   2.        ]
[698.         427.         168.54046196   3.        ]
[394.         477.         168.71103617   2.        ]
[307.         323.         169.07357923   2.        ]
[ 56.         660.         169.34935743   7.        ]
[728.        732.        170.4210994  90.       ]
[489.         290.         170.74297019   6.        ]
[727.         739.         170.94216746 103.        ]
[261.        263.        171.1956054   2.       ]
[665.         343.         171.44099619   3.        ]
[741.         713.         171.53164886 105.        ]
[188.        744.        171.6439119 106.       ]
[707.        441.        171.7095767   9.       ]
[168.         289.         171.74384634   2.        ]
[ 63.         327.         172.13133221   2.        ]
[706.         348.         172.32777837   4.        ]
[251.         392.         172.69728035   2.        ]
[495.         407.         172.84272872   3.        ]
[173.         717.         173.12813073   3.        ]
[725.         559.         173.51401538  10.        ]
[224.         573.         174.37523913   3.        ]
[720.         332.         175.12622692   3.        ]
[382.        575.        175.4766637   4.       ]
[ 34.         696.         175.48673862   3.        ]
[152.        330.        175.7332671   2.       ]
[  4.         457.         175.90188356   2.        ]
[684.         177.         175.95794654   6.        ]
[254.         745.         176.14162514 107.        ]
[ 60.         726.         176.48699285   3.        ]
[369.        761.        176.5286608 108.       ]
[ 51.         740.         176.75487066   7.        ]
[344.        403.        176.9429197   2.       ]
[134.         432.         177.87653415   2.        ]
[555.        504.        178.8890356   5.       ]
[714.          69.         179.87508906   3.        ]
[471.        541.        180.2217065   7.       ]
[752.         729.         180.55776765  66.        ]
[731.         398.         180.66597919   3.        ]
[424.         381.         180.77844326   2.        ]
[187.         754.         180.93382846   4.        ]
[103.         773.         181.05917966   5.        ]
[246.         763.         181.10043992 109.        ]
[527.         426.         181.16321477   3.        ]
[733.         749.         181.31362021   7.        ]
[ 50.         748.         181.49552997   3.        ]
[753.         357.         181.55621816  11.        ]
[408.         415.         181.77821392   2.        ]
[746.        764.        181.8037399  16.       ]
[335.         778.         182.58701718   4.        ]
[762.          62.         182.76807388   4.        ]
[513.         654.         182.97556848  10.        ]
[777.         196.         183.35328882   8.        ]
[751.         111.         183.78066236   4.        ]
[387.         785.         184.00441918   9.        ]
[274.         782.         184.06413011   5.        ]
[718.         770.         184.71489085  68.        ]
[349.         356.         184.82675243   2.        ]
[781.         371.         186.20659151  17.        ]
[787.         789.         186.28103314  77.        ]
[735.         293.         186.29333184   4.        ]
[339.         350.         186.64169834   2.        ]
[759.         775.         186.74684388 111.        ]
[757.         185.         187.02413912   4.        ]
[514.         354.         187.13674519   3.        ]
[245.         772.         187.25408682   3.        ]
[792.         760.         187.57661306  83.        ]
[755.         799.         187.59478365  86.        ]
[282.         389.         187.74186468   2.        ]
[154.         798.         188.64519089   4.        ]
[ 27.         788.         189.02017734   6.        ]
[774.         795.         189.02985577 116.        ]
[462.        800.        190.4678912  87.       ]
[786.         461.         190.48098212   5.        ]
[804.         193.         190.48794596 117.        ]
[442.         590.         191.14492479   9.        ]
[322.        397.        191.2125922   2.       ]
[294.         776.         191.43444471   4.        ]
[ 24.         796.         191.78861974   5.        ]
[768.         771.         191.83565898   6.        ]
[435.         588.         191.90042986   4.        ]
[758.         270.         192.14117097   3.        ]
[738.         155.         192.42757377   8.        ]
[223.         790.         192.75699204   3.        ]
[779.         156.         192.94090689  12.        ]
[801.         736.         193.10976639   4.        ]
[232.         791.         193.30334997  18.        ]
[101.         784.         193.56816025  11.        ]
[237.         404.         193.64300087   2.        ]
[402.         811.         193.77615982   6.        ]
[285.         807.         193.87560388 118.        ]
[737.         372.         194.32338753   3.        ]
[278.         295.         194.32428434   2.        ]
[255.         794.         194.79420644   3.        ]
[336.         756.         194.88447984   5.        ]
[  1.         304.         194.99594919   2.        ]
[747.         480.         195.60672238   3.        ]
[809.        465.        195.8067785   3.       ]
[378.         469.         195.96279443   2.        ]
[265.         805.         196.55333502  88.        ]
[767.          92.         196.60475352   6.        ]
[169.         292.         197.32477797   2.        ]
[783.         823.         198.18505527 122.        ]
[797.         835.         198.88046594 125.        ]
[832.         765.         199.01585204  90.        ]
[815.         701.         199.33841944  10.        ]
[819.         393.         199.81840493  19.        ]
[814.         463.         199.99055459   4.        ]
[743.          97.         200.74928798   4.        ]
[267.         810.         200.94520055   5.        ]
[806.         769.         201.24604007  12.        ]
[817.         269.         201.63005972  13.        ]
[  9.         793.         201.82845238   5.        ]
[220.         839.         201.84491845  20.        ]
[829.         816.         202.60730846   6.        ]
[837.         312.         202.94497539  91.        ]
[822.         847.         203.11763358  12.        ]
[359.         846.         203.55082832  21.        ]
[840.         549.         204.21159624   6.        ]
[ 98.         838.         204.53174886  11.        ]
[186.         848.         204.97825908  92.        ]
[ 26.          42.         205.21997059   2.        ]
[451.         836.         205.83356384 126.        ]
[ 79.         844.         205.98031625  14.        ]
[827.         853.         206.88196524  97.        ]
[195.         536.         207.08333008   3.        ]
[ 11.        213.        207.2360666   2.       ]
[843.         855.         207.33314157 138.        ]
[439.         849.         207.43948266  13.        ]
[803.         830.         207.67591321   9.        ]
[824.         309.         208.01408215   4.        ]
[826.         850.         209.10582759  24.        ]
[833.         860.         209.71826433 144.        ]
[ 46.         842.         210.25576054   6.        ]
[862.         857.         211.15511876 106.        ]
[865.         867.         211.65025016 250.        ]
[818.         283.         212.12891753   5.        ]
[766.         868.         212.17440075 252.        ]
[802.         377.         212.37186637   5.        ]
[864.         861.         212.72869604  37.        ]
[852.         870.         213.59195019 263.        ]
[482.         873.         213.87770836 264.        ]
[100.         287.         214.29530076   2.        ]
[872.         874.         215.02448996 301.        ]
[163.        825.        215.5602662   3.       ]
[ 25.         129.         216.18137907   2.        ]
[834.        417.        216.2356358   3.       ]
[750.         876.         217.03624932 303.        ]
[413.         863.         217.12638139   5.        ]
[277.         584.         217.71118676   3.        ]
[880.         831.         217.71528281 305.        ]
[329.         828.         218.00600381   3.        ]
[ 83.         425.         218.36173273   2.        ]
[851.         234.         218.88721189   7.        ]
[466.         472.         219.36079785   2.        ]
[812.         384.         220.00475802   7.        ]
[877.         170.         221.85813951   4.        ]
[869.         883.         221.89963084 310.        ]
[ 78.         266.         222.14821327   2.        ]
[879.         890.         223.03731625 313.        ]
[416.         568.         223.87650719   3.        ]
[866.         820.         224.17169684  17.        ]
[841.         892.         224.66176989 317.        ]
[854.         895.         224.82351099 319.        ]
[886.       871.       226.630152  12.      ]
[881.         484.         226.96252292   6.        ]
[734.         896.         227.10136786 321.        ]
[543.         897.         227.20578092  15.        ]
[821.         887.         228.17936289   4.        ]
[535.         900.         229.03683637  17.        ]
[365.         888.         229.22544763   8.        ]
[859.         894.         229.72017686  19.        ]
[  8.         901.         230.44644983   5.        ]
[162.         884.         230.68327239   4.        ]
[742.         483.         231.05698769   3.        ]
[898.         899.         231.09163728 327.        ]
[280.         885.         231.15502896   3.        ]
[889.         902.         231.80705401  21.        ]
[577.         257.         235.74392023   4.        ]
[908.         904.         235.76569272 346.        ]
[845.         912.         236.11019773 351.        ]
[260.         909.         236.47154016   4.        ]
[571.         108.         236.59851854   3.        ]
[126.      903.      237.54401   9.     ]
[813.         808.         238.15363622  13.        ]
[878.         422.         238.81779797   3.        ]
[907.         913.         239.21075083 354.        ]
[910.         919.         241.19849955 375.        ]
[905.         345.         241.32134177   6.        ]
[893.         882.         242.18183943   6.        ]
[165.         920.         242.75073871 376.        ]
[338.         780.         243.35225967   3.        ]
[  2.         380.         243.36989426   2.        ]
[856.         923.         245.69635151 390.        ]
[858.        373.        246.1311541   4.       ]
[347.         922.         247.56831639   7.        ]
[374.         926.         247.85470421 391.        ]
[ 18.          37.         248.80442645   2.        ]
[217.         228.         248.81070122   2.        ]
[891.         928.         248.91582914   9.        ]
[875.         929.         249.12672775 393.        ]
[914.         927.         249.36923606   8.        ]
[906.         934.         252.04990449  12.        ]
[933.         935.         253.80054822 405.        ]
[936.         916.         253.96782935 414.        ]
[918.         937.         255.49915837 417.        ]
[938.         924.         256.95038823 420.        ]
[931.         925.         257.05241727   4.        ]
[ 39.         305.         257.08149807   2.        ]
[ 35.         171.         258.79247123   2.        ]
[ 28.         939.         260.13418413 421.        ]
[943.        932.        262.4032853 430.       ]
[921.        944.        263.3734792 436.       ]
[940.         942.         264.17174681   6.        ]
[911.         945.         264.87032171 440.        ]
[946.         947.         265.49812675 446.        ]
[276.         331.         266.07836279   2.        ]
[115.         145.         266.61814435   2.        ]
[930.         948.         269.53410685 448.        ]
[258.         525.         271.11873026   3.        ]
[164.         317.         271.21322309   2.        ]
[950.        951.        273.8758585 450.       ]
[167.         954.         274.95807199 451.        ]
[941.         949.         276.36290966   4.        ]
[915.         955.         283.31317047 454.        ]
[166.         957.         284.75288827 455.        ]
[917.         958.         285.30333646 468.        ]
[956.         959.         285.33936574 472.        ]
[953.        960.        287.2249015 474.       ]
[961.         952.         291.48230908 477.        ]
[962.        491.        291.4875304 480.       ]
[963.        229.        291.6507237 481.       ]
[964.         296.         291.65425369 482.        ]
[102.         965.         299.96063928 483.        ]
[966.         175.         313.11572103 484.        ]
[967.         454.         335.17860627 485.        ]
