[14. 15.  0.  2.]
[70. 71.  0.  2.]
[486.  72.   0.   3.]
[487.  73.   0.   4.]
[488.  74.   0.   5.]
[80. 81.  0.  2.]
[490.  82.   0.   3.]
[93. 94.  0.  2.]
[492.  95.   0.   3.]
[493.  96.   0.   4.]
[109. 114.   0.   2.]
[112. 117.   0.   2.]
[496. 120.   0.   3.]
[497. 125.   0.   4.]
[113. 116.   0.   2.]
[499. 127.   0.   3.]
[123. 124.   0.   2.]
[501. 128.   0.   3.]
[132. 133.   0.   2.]
[503. 135.   0.   3.]
[136. 137.   0.   2.]
[149. 150.   0.   2.]
[506. 151.   0.   3.]
[507. 153.   0.   4.]
[157. 215.   0.   2.]
[509. 216.   0.   3.]
[510. 218.   0.   4.]
[511. 219.   0.   5.]
[512. 222.   0.   6.]
[172. 174.   0.   2.]
[179. 181.   0.   2.]
[205. 211.   0.   2.]
[212. 221.   0.   2.]
[225. 227.   0.   2.]
[233. 235.   0.   2.]
[519. 236.   0.   3.]
[520. 239.   0.   4.]
[521. 240.   0.   5.]
[522. 243.   0.   6.]
[242. 244.   0.   2.]
[284. 303.   0.   2.]
[286. 298.   0.   2.]
[291. 297.   0.   2.]
[316. 318.   0.   2.]
[528. 321.   0.   3.]
[320. 529.   0.   4.]
[319. 324.   0.   2.]
[333. 341.   0.   2.]
[361. 363.   0.   2.]
[362. 364.   0.   2.]
[368. 370.   0.   2.]
[375. 376.   0.   2.]
[379. 385.   0.   2.]
[537. 386.   0.   3.]
[538. 388.   0.   4.]
[539. 399.   0.   5.]
[540. 411.   0.   6.]
[395. 396.   0.   2.]
[542. 401.   0.   3.]
[430. 431.   0.   2.]
[440. 449.   0.   2.]
[443. 444.   0.   2.]
[546. 445.   0.   3.]
[446. 447.   0.   2.]
[473. 474.   0.   2.]
[1.82000000e+02 1.84000000e+02 1.90734863e-06 2.00000000e+00]
[4.58000000e+02 5.45000000e+02 1.90734863e-06 3.00000000e+00]
[4.56000000e+02 4.64000000e+02 1.90734863e-06 2.00000000e+00]
[3.11000000e+02 3.25000000e+02 2.33601546e-06 2.00000000e+00]
[3.0000000e+01 3.1000000e+01 2.6973983e-06 2.0000000e+00]
[8.4000000e+01 8.5000000e+01 2.6973983e-06 2.0000000e+00]
[2.0600000e+02 2.0700000e+02 2.6973983e-06 2.0000000e+00]
[5.5600000e+02 2.0800000e+02 2.6973983e-06 3.0000000e+00]
[5.5700000e+02 2.0900000e+02 2.6973983e-06 4.0000000e+00]
[2.9900000e+02 3.0100000e+02 2.6973983e-06 2.0000000e+00]
[1.92000000e+02 1.97000000e+02 3.30362474e-06 2.00000000e+00]
[1.98000000e+02 1.99000000e+02 3.30362474e-06 2.00000000e+00]
[1.78000000e+02 1.80000000e+02 4.67203091e-06 2.00000000e+00]
[4.48000000e+02 4.53000000e+02 5.39479661e-06 2.00000000e+00]
[4.50000000e+02 4.52000000e+02 5.39479661e-06 2.00000000e+00]
[5.64000000e+02 4.59000000e+02 5.39479661e-06 3.00000000e+00]
[5.65000000e+02 5.47000000e+02 5.39479661e-06 6.00000000e+00]
[4.67000000e+02 4.70000000e+02 5.39479661e-06 2.00000000e+00]
[4.75000000e+02 4.76000000e+02 7.62939453e-06 2.00000000e+00]
[428.         433.          16.94752477   2.        ]
[139.         140.          18.22775728   2.        ]
[106.         107.          18.90113484   2.        ]
[314.         315.          25.17984205   2.        ]
[352.         353.          25.17984205   2.        ]
[531.         530.          25.41564677   6.        ]
[505.         138.          27.22381503   3.        ]
[552.         551.          28.16627861   5.        ]
[485.          16.          28.24769094   3.        ]
[570.         141.          31.34224434   3.        ]
[147.         148.          37.98206445   2.        ]
[405.         569.          41.14220574   3.        ]
[189.         560.          49.04705131   3.        ]
[581.         190.          50.95321637   4.        ]
[191.         561.          52.21133678   3.        ]
[351.         355.          54.56740639   2.        ]
[75.         76.         57.33399402  2.        ]
[313.         572.          57.43281909   3.        ]
[580.         436.          62.49355241   4.        ]
[437.         563.          63.28701826   3.        ]
[578.         142.          63.84661076   4.        ]
[566.         567.          65.05305399   8.        ]
[ 89.         576.          65.46006744   6.        ]
[249.         253.          69.19066768   2.        ]
[41.         45.         74.44855654  2.        ]
[591.         418.          74.57612737   7.        ]
[594.         455.          74.82317375   8.        ]
[ 53.         595.          83.91085019   9.        ]
[562.        366.         87.4262199   3.       ]
[587.         596.          89.04477984  13.        ]
[598.         586.          90.04444207  16.        ]
[406.         553.          90.37801002   3.        ]
[ 90.         548.          91.53008223   3.        ]
[161.         599.          94.22456417  17.        ]
[272.         602.          96.28488827  18.        ]
[130.         600.          98.48260096   4.        ]
[498.         603.         100.01329314  22.        ]
[279.         334.         100.36292482   2.        ]
[250.         605.         100.81267127  23.        ]
[582.         517.         101.14626181   6.        ]
[ 68.         607.         102.11284244  24.        ]
[500.         574.         102.85089624   9.        ]
[481.         610.         103.33361515  10.        ]
[231.         583.         104.10646102   4.        ]
[608.         230.         104.28153629   7.        ]
[300.         609.         104.58513639  25.        ]
[159.         183.         105.42334772   2.        ]
[597.        160.        105.7315147   4.       ]
[616.          23.         107.52282277   5.        ]
[340.         614.         108.02597839  26.        ]
[122.         612.         108.62967892   5.        ]
[554.          32.         109.49471325   3.        ]
[604.         420.         109.97787886   5.        ]
[601.        618.        110.0549497  29.       ]
[617.        248.        110.4418223   6.       ]
[337.         611.         110.71557607  11.        ]
[ 52.         622.         111.36579922  30.        ]
[ 66.         621.         111.50821717   6.        ]
[ 57.         619.         111.64668763   6.        ]
[  3.         624.         113.65662551  12.        ]
[400.         613.         116.24437652   8.        ]
[ 99.         628.         116.67987822  13.        ]
[515.         589.         116.69756497   6.        ]
[390.         629.         116.81720996   9.        ]
[146.         200.         118.56706448   2.        ]
[326.         625.         118.56922202  31.        ]
[247.         632.         118.75406334  10.        ]
[ 88.         550.         118.94869049   3.        ]
[627.         214.         120.38060431   7.        ]
[264.         635.         121.03202737  11.        ]
[429.        638.        121.1147855  12.       ]
[593.          43.         121.15462729   3.        ]
[631.         592.         121.18302222   8.        ]
[478.         630.         121.67549436  14.        ]
[626.         204.         122.06773119   7.        ]
[391.         642.         122.81169207  15.        ]
[ 47.          77.         123.45313515   2.        ]
[419.         639.         124.84857045  13.        ]
[241.         644.         124.93951712  16.        ]
[203.         647.         125.37760991  17.        ]
[414.         648.         125.85593678  18.        ]
[634.         646.         126.35685207  44.        ]
[650.         360.         129.59402366  45.        ]
[ 36.         651.         129.67075197  46.        ]
[640.          58.         129.73894782   4.        ]
[637.         649.         130.41858043  25.        ]
[306.         654.         130.48457005  26.        ]
[210.         524.         130.73989925   3.        ]
[643.         518.         130.91880864   9.        ]
[ 21.         620.         131.19840525   4.        ]
[358.        656.        131.4183057   4.       ]
[615.         659.         131.73315971   6.        ]
[176.         657.         132.55576605  10.        ]
[310.         661.         132.62174292  11.        ]
[579.         652.         133.50849062  48.        ]
[259.         606.         133.81410285   3.        ]
[194.         655.         134.02392521  27.        ]
[158.         645.         134.34629399   3.        ]
[119.          67.         135.52280799   2.        ]
[ 40.          55.         135.98162688   2.        ]
[  0.         665.         136.20381156  28.        ]
[508.         534.         136.25171201   6.        ]
[623.         660.         136.52583327  12.        ]
[ 59.         526.         137.77620985   3.        ]
[302.         460.         138.52333061   2.        ]
[664.         271.         139.59926873   4.        ]
[412.         544.         139.61244583   3.        ]
[558.         641.         139.74955485  12.        ]
[ 91.        502.        139.9124656   4.       ]
[ 10.         273.         140.06856406   2.        ]
[479.         663.         140.16764092  49.        ]
[673.         674.         140.98637541   6.        ]
[238.         516.         141.03233002   3.        ]
[346.         669.         141.29018315  29.        ]
[ 19.         658.         143.13863766   5.        ]
[675.         438.         143.38655143   4.        ]
[281.         434.         145.28850944   2.        ]
[  7.         679.         145.33258337  50.        ]
[666.         682.         145.83203912  32.        ]
[676.       671.       146.008172  24.      ]
[ 13.         680.         146.20577505   7.        ]
[686.         684.         147.26074373  54.        ]
[690.         687.         147.88659314  86.        ]
[226.         670.         147.92352091   7.        ]
[468.         691.         148.70885839  87.        ]
[ 86.         688.         148.71433547  25.        ]
[256.         694.         149.78756944  26.        ]
[677.         532.         149.80697389   6.        ]
[ 48.          54.         150.03200562   2.        ]
[118.         121.         150.35051911   2.        ]
[633.         695.         150.69432421  28.        ]
[693.         681.         151.34739203  90.        ]
[700.         689.         151.48028339  97.        ]
[667.         701.         151.86916056  99.        ]
[268.         692.         152.11322413   8.        ]
[421.        685.        152.5624393   3.       ]
[410.         662.         152.96204446  12.        ]
[201.         636.         153.46160345   4.        ]
[ 44.         705.         153.92710891  13.        ]
[672.         706.         154.73375489   7.        ]
[678.         702.         154.83991085 101.        ]
[104.         533.         155.30739179   3.        ]
[367.         696.         155.99440664   7.        ]
[  5.          22.         158.52719284   2.        ]
[ 12.        699.        158.5932944  29.       ]
[143.         704.         158.81461796   4.        ]
[288.         707.         158.97096683  14.        ]
[ 61.         131.         159.16854864   2.        ]
[711.        559.        159.3975417   9.       ]
[ 33.         710.         160.46697165   4.        ]
[262.         718.         160.55059316   5.        ]
[708.          87.         161.19283953   8.        ]
[110.         713.         161.32006665  30.        ]
[721.         423.         163.95646893  31.        ]
[ 49.         202.         164.28851375   2.        ]
[308.      513.      164.88784   7.     ]
[715.        709.        164.9761299 115.       ]
[722.         188.         165.36071072  32.        ]
[717.         714.         165.37338406  13.        ]
[275.         504.         165.49444947   4.        ]
[328.         727.         165.50083349  14.        ]
[726.         720.         165.56562339  40.        ]
[ 65.         712.         165.88355028   3.        ]
[ 38.         494.         166.97517324   5.        ]
[383.         730.         167.53765947  41.        ]
[698.         427.         168.54046196   3.        ]
[585.         725.         168.56871066 117.        ]
[394.         477.         168.71103617   2.        ]
[735.         105.         168.97014499 118.        ]
[307.         703.         169.07357923   9.        ]
[683.         733.         169.20619405  46.        ]
[ 29.        719.        170.6501359   6.       ]
[489.         290.         170.74297019   6.        ]
[ 17.         737.         170.91957207 119.        ]
[261.        263.        171.1956054   2.       ]
[668.         697.         171.44099619   4.        ]
[168.         716.         171.74384634   3.        ]
[252.         731.         171.98011275   4.        ]
[ 63.          64.         172.13133221   2.        ]
[251.         392.         172.69728035   2.        ]
[495.         740.         172.84272872   8.        ]
[ 51.        741.        173.4146027   7.       ]
[173.        742.        173.7364817 120.       ]
[441.         750.         173.91227396   8.        ]
[653.         724.         173.92377176  11.        ]
[224.         728.         174.37523913   5.        ]
[409.         751.         175.26084589 121.        ]
[382.        575.        175.4766637   4.       ]
[ 34.         744.         175.48673862   5.        ]
[152.        573.        175.7332671   3.       ]
[  4.         103.         175.90188356   2.        ]
[356.         749.         176.14162514   9.        ]
[348.         739.         176.19852371  47.        ]
[ 60.         723.         176.48699285   3.        ]
[369.        760.        176.5286608  10.       ]
[344.        761.        176.9429197  48.       ]
[759.        732.        177.1700859   7.       ]
[  6.         763.         177.53749748  11.        ]
[746.        398.        177.7105968   5.       ]
[134.         432.         177.87653415   2.        ]
[289.         745.         178.61019061   4.        ]
[187.        754.        179.0048888   6.       ]
[332.         766.         180.09886601  12.        ]
[471.        541.        180.2217065   7.       ]
[424.         752.         180.77844326   9.        ]
[254.         755.         181.07407677 122.        ]
[758.         738.         181.07911449  12.        ]
[ 62.         762.         181.10043992   4.        ]
[527.         772.         181.16321477   9.        ]
[246.         774.         181.34127496 123.        ]
[747.         50.        181.4790939   3.       ]
[408.         415.         181.77821392   2.        ]
[765.         193.         182.33588009   8.        ]
[335.         779.         182.58701718   4.        ]
[177.         764.         182.71485562  49.        ]
[343.         770.         182.72827895   7.        ]
[457.         775.         182.97381118  13.        ]
[782.          27.         184.53273911   5.        ]
[786.         778.         185.14105171 128.        ]
[734.         293.         186.29333184   4.        ]
[387.         773.         186.44574515  10.        ]
[339.         789.         186.64169834  11.        ]
[514.         354.         187.13674519   3.        ]
[245.         154.         187.25408682   2.        ]
[282.         783.         187.74186468  50.        ]
[185.         757.         187.94301853   6.        ]
[327.         791.         188.19686073   4.        ]
[381.         794.         189.00183679   7.        ]
[781.        785.        189.0352598  21.       ]
[729.         357.         189.03904327  15.        ]
[336.        756.        189.2326074   5.       ]
[771.         378.         189.28970599  13.        ]
[389.        793.        189.6150375  51.       ]
[407.        777.        190.1174015  10.       ]
[196.        797.        190.7002848  22.       ]
[442.         590.         191.14492479   9.        ]
[322.        787.        191.2125922 129.       ]
[267.         800.         191.43444471  14.        ]
[349.         767.         191.66377446   6.        ]
[402.         796.         191.78861974   8.        ]
[294.         806.         191.87871285  15.        ]
[435.         588.         191.90042986   4.        ]
[223.         776.         192.75699204   5.        ]
[769.         144.         192.76481231   5.        ]
[798.         803.         193.27076729  37.        ]
[237.         404.         193.64300087   2.        ]
[278.         285.         193.87560388   2.        ]
[ 56.         422.         194.27054229   2.        ]
[465.        805.        194.4293811 130.       ]
[397.         817.         194.50356628 131.        ]
[555.         813.         194.72553647  39.        ]
[323.         799.         194.75181138   6.        ]
[255.         790.         194.96619334  12.        ]
[  1.         304.         194.99594919   2.        ]
[274.         812.         195.31393987   6.        ]
[792.         312.         195.36530964   3.        ]
[802.         795.         195.58042166  14.        ]
[371.         523.         195.64430414   7.        ]
[736.         818.         195.83625555 133.        ]
[462.         801.         196.39154664  52.        ]
[292.         808.         197.32477797   9.        ]
[753.         101.         197.83176843  12.        ]
[825.         451.         198.03788581  15.        ]
[111.           8.         198.09210287   2.        ]
[819.         784.         198.72215037  46.        ]
[820.         342.         199.37924673   7.        ]
[821.         811.         199.52607798  17.        ]
[831.         809.         199.70194835  30.        ]
[461.         833.         199.86021967  47.        ]
[ 24.         466.         200.12135663   2.        ]
[826.         807.         200.19676017  13.        ]
[330.         549.         200.24646449   3.        ]
[788.         829.         201.82845238  13.        ]
[220.         835.         201.84491845  18.        ]
[834.       815.       202.178486   9.      ]
[169.         841.         203.45807631  14.        ]
[840.         463.         203.46180881   4.        ]
[393.         839.         203.74287064  14.        ]
[265.         828.         204.01283104  53.        ]
[ 98.         535.         204.53174886   3.        ]
[836.         837.         204.53899641  77.        ]
[842.         823.         204.70550919  24.        ]
[832.         329.         204.95173813   3.        ]
[232.         846.         204.97040294  15.        ]
[ 42.         844.         205.21997059  15.        ]
[850.         359.         205.25546649  25.        ]
[156.         269.         205.50392209   2.        ]
[186.         847.         206.19978797  54.        ]
[195.         536.         207.08333008   3.        ]
[ 11.        853.        207.2360666  16.       ]
[439.         472.         207.43948266   2.        ]
[843.         856.         208.39084331  63.        ]
[854.         860.         208.70933772  88.        ]
[295.         861.         208.93153548  89.        ]
[155.        543.        209.0317514   4.       ]
[426.         849.         209.73697986  78.        ]
[768.         862.         211.69810164  91.        ]
[827.         748.         212.09757071 135.        ]
[270.         865.         212.12852223  92.        ]
[866.         852.         212.39188625 150.        ]
[260.         864.         213.27180464  79.        ]
[ 26.         858.         213.56112193  17.        ]
[482.         830.         213.66240965  13.        ]
[868.         867.         214.00826096 242.        ]
[100.         824.         214.29530076   4.        ]
[ 25.         129.         216.18137907   2.        ]
[309.         869.         216.54553959  80.        ]
[848.         871.         216.63956042  16.        ]
[584.         822.         217.71118676   4.        ]
[287.         873.         217.78698756   5.        ]
[425.         577.         218.36173273   4.        ]
[851.         872.         219.17147922 245.        ]
[863.         876.         219.68676767  20.        ]
[838.         859.         220.26767786   4.        ]
[480.         882.         220.46082752   5.        ]
[845.         484.         221.18275312   5.        ]
[266.         417.         221.57182846   2.        ]
[413.         875.         221.61445932  81.        ]
[163.         881.         223.24226924  21.        ]
[568.         884.         223.87650719   7.        ]
[883.         743.         224.53782058   7.        ]
[816.         874.         224.57836876   4.        ]
[870.         46.        225.3546351  18.       ]
[885.         889.         226.78358074   9.        ]
[890.         234.         227.06056036   5.        ]
[879.         886.         227.67595277  85.        ]
[892.         403.         227.99472656  10.        ]
[877.         880.         228.33128373 249.        ]
[ 79.        855.        229.2128415   3.       ]
[365.         896.         229.22544763 250.        ]
[ 92.         894.         229.75034111  86.        ]
[887.         895.         230.25547361  31.        ]
[170.         900.         230.46926115  32.        ]
[891.          35.         231.08863052  19.        ]
[280.         810.         231.15502896   5.        ]
[416.         888.         232.78063194   8.        ]
[857.         898.         233.34283949 253.        ]
[ 20.         893.         234.12840994   6.        ]
[283.         345.         234.25452923   2.        ]
[902.         171.         234.86651925  20.        ]
[899.         469.         235.25082125  87.        ]
[ 83.         905.         235.43585283 254.        ]
[908.         213.         235.86812227  21.        ]
[911.         909.         236.10161697 108.        ]
[571.         108.         236.59851854   3.        ]
[ 97.         910.         238.06823762 255.        ]
[277.         901.         238.12677269  33.        ]
[228.         903.         238.25909628   6.        ]
[350.         912.         239.24451115 109.        ]
[878.         377.         239.25193115   6.        ]
[384.         918.         240.70376685   7.        ]
[907.        917.        241.4786522 111.       ]
[915.         906.         241.99085597  39.        ]
[921.         814.         242.47594009  41.        ]
[904.       804.       242.596424  17.      ]
[165.         922.         242.75073871  42.        ]
[338.         780.         243.35225967   3.        ]
[  2.         920.         243.36989426 112.        ]
[162.         926.         244.16160226 113.        ]
[923.         347.         246.63629266  18.        ]
[  9.         914.         246.66969827 256.        ]
[928.         924.         247.02964284  60.        ]
[374.         919.         247.85470421   8.        ]
[929.        483.        248.3806868 257.       ]
[ 18.          37.         248.80442645   2.        ]
[217.         932.         250.42171607 258.        ]
[916.         934.         251.67332399 264.        ]
[ 28.       930.       252.475467  61.      ]
[ 78.         936.         252.52601209  62.        ]
[372.         927.         252.57691974 114.        ]
[925.         938.         253.44073193 117.        ]
[126.         931.         255.12403006   9.        ]
[305.         939.         257.08149807 118.        ]
[935.         276.         257.81314352 265.        ]
[937.         897.         258.22903539  65.        ]
[943.         373.         258.98919782  66.        ]
[940.         941.         259.04888579 127.        ]
[ 69.         945.         259.15221239 128.        ]
[380.         942.         263.50084841 266.        ]
[145.         947.         266.61814435 267.        ]
[946.         948.         267.04001653 395.        ]
[331.         949.         268.73385532 396.        ]
[164.         950.         269.53410685 397.        ]
[525.         944.         271.11873026  68.        ]
[115.         951.         273.11903948 398.        ]
[258.         952.         275.42429795  69.        ]
[257.         953.         276.20009051 399.        ]
[ 39.        955.        280.8645316 400.       ]
[954.         956.         282.63540531 469.        ]
[913.         957.         283.31317047 472.        ]
[166.         958.         284.54210381 473.        ]
[933.         959.         284.81706479 475.        ]
[960.         167.         287.89803554 476.        ]
[961.         229.         290.14902265 477.        ]
[962.        491.        290.1647118 480.       ]
[963.         102.         290.24996064 481.        ]
[964.         317.         290.27733249 482.        ]
[965.         296.         293.22508589 483.        ]
[966.         175.         315.32473408 484.        ]
[967.         454.         330.08843674 485.        ]
