[14. 15.  0.  2.]
[70. 71.  0.  2.]
[486.  72.   0.   3.]
[487.  73.   0.   4.]
[488.  74.   0.   5.]
[80. 81.  0.  2.]
[490.  82.   0.   3.]
[93. 94.  0.  2.]
[492.  95.   0.   3.]
[493.  96.   0.   4.]
[109. 114.   0.   2.]
[112. 117.   0.   2.]
[496. 120.   0.   3.]
[497. 125.   0.   4.]
[113. 116.   0.   2.]
[499. 127.   0.   3.]
[123. 124.   0.   2.]
[501. 128.   0.   3.]
[132. 133.   0.   2.]
[503. 135.   0.   3.]
[136. 137.   0.   2.]
[149. 150.   0.   2.]
[506. 151.   0.   3.]
[507. 153.   0.   4.]
[157. 215.   0.   2.]
[509. 216.   0.   3.]
[510. 218.   0.   4.]
[511. 219.   0.   5.]
[512. 222.   0.   6.]
[172. 174.   0.   2.]
[179. 181.   0.   2.]
[205. 211.   0.   2.]
[212. 221.   0.   2.]
[225. 227.   0.   2.]
[233. 235.   0.   2.]
[519. 236.   0.   3.]
[520. 239.   0.   4.]
[521. 240.   0.   5.]
[522. 243.   0.   6.]
[242. 244.   0.   2.]
[284. 303.   0.   2.]
[286. 298.   0.   2.]
[291. 297.   0.   2.]
[316. 318.   0.   2.]
[528. 321.   0.   3.]
[319. 320.   0.   2.]
[530. 324.   0.   3.]
[333. 341.   0.   2.]
[361. 363.   0.   2.]
[362. 364.   0.   2.]
[368. 370.   0.   2.]
[375. 376.   0.   2.]
[379. 385.   0.   2.]
[537. 386.   0.   3.]
[538. 388.   0.   4.]
[539. 399.   0.   5.]
[540. 411.   0.   6.]
[395. 396.   0.   2.]
[542. 401.   0.   3.]
[430. 431.   0.   2.]
[440. 449.   0.   2.]
[443. 444.   0.   2.]
[546. 445.   0.   3.]
[446. 447.   0.   2.]
[473. 474.   0.   2.]
[1.82000000e+02 1.84000000e+02 1.90734863e-06 2.00000000e+00]
[4.56000000e+02 4.58000000e+02 1.90734863e-06 2.00000000e+00]
[5.51000000e+02 4.64000000e+02 1.90734863e-06 3.00000000e+00]
[3.11000000e+02 3.25000000e+02 2.33601546e-06 2.00000000e+00]
[3.0000000e+01 3.1000000e+01 2.6973983e-06 2.0000000e+00]
[8.4000000e+01 8.5000000e+01 2.6973983e-06 2.0000000e+00]
[2.0600000e+02 2.0700000e+02 2.6973983e-06 2.0000000e+00]
[5.5600000e+02 2.0800000e+02 2.6973983e-06 3.0000000e+00]
[5.5700000e+02 2.0900000e+02 2.6973983e-06 4.0000000e+00]
[2.9900000e+02 3.0100000e+02 2.6973983e-06 2.0000000e+00]
[1.92000000e+02 1.97000000e+02 3.30362474e-06 2.00000000e+00]
[1.98000000e+02 1.99000000e+02 3.30362474e-06 2.00000000e+00]
[1.78000000e+02 1.80000000e+02 4.67203091e-06 2.00000000e+00]
[4.48000000e+02 4.53000000e+02 5.39479661e-06 2.00000000e+00]
[4.50000000e+02 4.52000000e+02 5.39479661e-06 2.00000000e+00]
[5.64000000e+02 4.59000000e+02 5.39479661e-06 3.00000000e+00]
[5.65000000e+02 4.67000000e+02 5.39479661e-06 4.00000000e+00]
[5.66000000e+02 4.70000000e+02 5.39479661e-06 5.00000000e+00]
[4.75000000e+02 4.76000000e+02 7.62939453e-06 2.00000000e+00]
[428.         433.          16.94752477   2.        ]
[139.         140.          18.22775728   2.        ]
[106.         107.          18.90113484   2.        ]
[314.         315.          25.17984205   2.        ]
[352.         353.          25.17984205   2.        ]
[505.         138.          27.22381503   3.        ]
[485.          16.          28.24769094   3.        ]
[570.         141.          31.34224434   3.        ]
[147.         148.          37.98206445   2.        ]
[405.         569.          41.14220574   3.        ]
[189.         560.          49.04705131   3.        ]
[579.         190.          50.95321637   4.        ]
[545.         455.          51.36372874   3.        ]
[191.         561.          52.21133678   3.        ]
[351.         355.          54.56740639   2.        ]
[75.         76.         57.33399402  2.        ]
[313.         572.          57.43281909   3.        ]
[529.         531.          59.30317579   6.        ]
[578.         436.          62.49355241   4.        ]
[437.         563.          63.28701826   3.        ]
[576.         142.          63.84661076   4.        ]
[ 89.         418.          65.46006744   2.        ]
[590.         581.          67.62079127   5.        ]
[249.         253.          69.19066768   2.        ]
[41.         45.         74.44855654  2.        ]
[272.         552.          75.50470404   4.        ]
[591.         553.          80.39754929   7.        ]
[ 53.         498.          83.91085019   5.        ]
[595.         587.          84.48992021  11.        ]
[562.        366.         87.4262199   3.       ]
[597.         594.          89.57918339  15.        ]
[130.         406.          90.37801002   2.        ]
[ 90.         250.          91.53008223   2.        ]
[599.         230.          93.29929208  16.        ]
[161.         231.          94.22456417   2.        ]
[596.         602.          95.97963291  21.        ]
[604.        585.         96.2953909  24.       ]
[605.          68.          98.98901248  25.        ]
[279.         334.         100.36292482   2.        ]
[580.         300.         101.14626181   5.        ]
[500.        586.        102.4475238   9.       ]
[ 99.         481.         103.33361515   2.        ]
[606.         400.         103.63281118  26.        ]
[601.         548.         104.25149353   4.        ]
[611.         122.         104.28275363  27.        ]
[ 66.         600.         105.35881242   3.        ]
[159.         183.         105.42334772   2.        ]
[598.        248.        105.7315147   4.       ]
[609.        337.        106.0893339  10.       ]
[613.         603.         106.14579498  29.        ]
[326.         340.         108.02597839   2.        ]
[608.         517.         108.46012857   7.        ]
[618.         419.         108.95690024  30.        ]
[554.          32.         109.49471325   3.        ]
[ 52.         414.         111.36579922   2.        ]
[160.         616.         111.56921222   5.        ]
[621.         612.         111.57103654  34.        ]
[ 57.         214.         111.64668763   2.        ]
[625.         617.         113.18730317  44.        ]
[  3.          86.         113.65662551   2.        ]
[626.         582.         114.13584983   5.        ]
[620.         420.         114.14325625   8.        ]
[610.         478.         114.70097264   3.        ]
[515.         592.         116.69756497   4.        ]
[247.         390.         116.81720996   2.        ]
[146.         200.         118.56706448   2.        ]
[ 88.         550.         118.94869049   3.        ]
[627.         633.         119.90223835  46.        ]
[ 23.         624.         120.47473037   6.        ]
[623.         630.         121.01439524  10.        ]
[204.         264.         121.03202737   2.        ]
[346.        429.        121.1147855   2.       ]
[636.         210.         121.15321944  47.        ]
[593.          43.         121.15462729   3.        ]
[638.         641.         122.52743832  57.        ]
[ 13.         391.         122.81169207   2.        ]
[631.         241.         123.06182443   4.        ]
[619.         360.         123.08188729   3.        ]
[ 47.          77.         123.45313515   2.        ]
[614.        639.        125.0643302   5.       ]
[203.         460.         125.37760991   2.        ]
[ 36.         643.         127.43242884  58.        ]
[589.         632.         129.56474646   8.        ]
[642.          58.         129.73894782   4.        ]
[629.         645.         129.96089615   9.        ]
[ 21.         622.         131.19840525   4.        ]
[358.        533.        131.4183057   3.       ]
[650.         259.         131.63336691  59.        ]
[ 87.         615.         131.73315971   3.        ]
[176.         310.         132.55576605   2.        ]
[494.         577.         133.50849062   6.        ]
[ 33.         648.         133.74831946   6.        ]
[  0.         194.         134.02392521   2.        ]
[ 17.         158.         134.34629399   2.        ]
[656.        640.        134.9054755  61.       ]
[119.         479.         135.52280799   2.        ]
[663.         653.         135.76834844  70.        ]
[ 40.          55.         135.98162688   2.        ]
[508.         534.         136.25171201   6.        ]
[281.         306.         136.90137801   2.        ]
[647.         635.         137.63181407   5.        ]
[ 59.         526.         137.77620985   3.        ]
[644.        665.        137.7994282  72.       ]
[224.         607.         139.14285872   3.        ]
[412.         438.         139.61244583   2.        ]
[558.         275.         139.74955485   5.        ]
[661.         44.        139.8116433   3.       ]
[649.         302.         139.84062629   3.        ]
[ 91.        532.        139.9124656   3.       ]
[ 10.         273.         140.06856406   2.        ]
[226.         524.         140.07397168   3.        ]
[104.         238.         141.03233002   2.        ]
[628.         256.         141.39472284   3.        ]
[  7.         544.         142.21461234   3.        ]
[ 67.         664.         143.13577396   3.        ]
[ 19.         654.         143.13863766   5.        ]
[671.         646.         143.41122969  75.        ]
[637.         516.         143.77784228   8.        ]
[681.         634.         143.98851637   5.        ]
[685.        518.        144.7324063  77.       ]
[676.         410.         145.01415093   4.        ]
[687.         674.         146.57333617  10.        ]
[688.         668.         146.74945548  79.        ]
[691.         434.         146.84167035  80.        ]
[504.         651.         147.19145776  11.        ]
[660.         680.         147.20516506   8.        ]
[682.         673.         147.55728516   5.        ]
[658.         290.         147.58245858   3.        ]
[670.         657.         148.33897995   6.        ]
[ 48.         468.         148.70885839   2.        ]
[692.        679.        149.1983891  83.       ]
[686.          61.         149.50346551   9.        ]
[699.         689.         150.11871186  87.        ]
[502.         367.         150.12225778   4.        ]
[118.         121.         150.35051911   2.        ]
[701.         271.         150.70834832  88.        ]
[695.         704.         151.93496785  93.        ]
[268.         342.         152.11322413   2.        ]
[369.        421.        152.5624393   2.       ]
[675.         489.         153.16839471   8.        ]
[678.         523.         154.83991085   8.        ]
[110.         655.         155.16803844   4.        ]
[697.         201.         155.30266045   7.        ]
[584.         667.         155.49525135   8.        ]
[677.         702.         155.77256336   7.        ]
[690.         423.         156.05040584  11.        ]
[705.         669.         157.32258244  98.        ]
[700.         131.         157.78424997  10.        ]
[715.         683.         158.04171507 101.        ]
[  5.          22.         158.52719284   2.        ]
[ 12.        188.        158.5932944   2.       ]
[143.         144.         158.81461796   2.        ]
[288.         409.         158.97096683   2.        ]
[708.         696.         159.18642448  11.        ]
[710.         383.         159.25073256   5.        ]
[717.         694.         159.90105668 109.        ]
[  6.         262.         160.55059316   2.        ]
[724.         716.         161.12897651 119.        ]
[714.         723.         161.58014185  16.        ]
[727.        726.        161.8246155 135.       ]
[713.         328.         162.88726907   8.        ]
[ 49.         202.         164.28851375   2.        ]
[728.         662.         164.37374555 137.        ]
[698.          54.         164.72593092   3.        ]
[652.      308.      164.88784   5.     ]
[ 65.         252.         165.88355028   2.        ]
[ 29.       720.       166.187152   3.      ]
[672.         330.         166.92349459   4.        ]
[ 20.          38.         166.97517324   2.        ]
[731.         495.         167.96420863 139.        ]
[738.         719.         168.26384231 141.        ]
[703.         427.         168.54046196   3.        ]
[394.         477.         168.71103617   2.        ]
[307.         323.         169.07357923   2.        ]
[105.         721.         169.12981922   3.        ]
[739.         573.         169.16158587 143.        ]
[555.         693.         169.24429774  13.        ]
[722.         707.         169.28814156  13.        ]
[ 56.         659.         169.34935743   7.        ]
[746.         744.         169.73300828 156.        ]
[261.        263.        171.1956054   2.       ]
[666.         343.         171.44099619   3.        ]
[709.        441.        171.7095767   9.       ]
[168.         289.         171.74384634   2.        ]
[ 63.         327.         172.13133221   2.        ]
[251.         392.         172.69728035   2.        ]
[  4.         712.         173.06438833   9.        ]
[729.         559.         173.51401538  10.        ]
[725.         332.         175.12622692   3.        ]
[382.        457.        175.4766637   2.       ]
[ 24.          34.         175.48673862   2.        ]
[748.         711.         175.87803261 163.        ]
[173.         255.         175.93747827   2.        ]
[684.         177.         175.95794654   6.        ]
[103.        736.        176.0749726   5.       ]
[254.         356.         176.14162514   2.        ]
[193.         348.         176.19852371   2.        ]
[760.         743.         176.23902071 166.        ]
[344.        403.        176.9429197   2.       ]
[134.         432.         177.87653415   2.        ]
[766.          51.         177.94385945 167.        ]
[152.         196.         178.01748827   2.        ]
[769.         735.         178.05502449 170.        ]
[771.         755.         178.65085142 179.        ]
[732.         424.         179.52349743   4.        ]
[730.          60.         179.64458638   3.        ]
[772.          64.         179.72263877 180.        ]
[718.          69.         179.87508906   3.        ]
[ 62.        758.        180.2160155   3.       ]
[527.        471.        180.2217065   3.       ]
[763.         187.         180.55613364   6.        ]
[775.         246.         180.55959468 181.        ]
[734.         398.         180.66597919   3.        ]
[780.         764.         181.17950419 183.        ]
[ 50.         274.         181.49552997   2.        ]
[756.         357.         181.55621816  11.        ]
[782.         765.         181.70216844 185.        ]
[408.         415.         181.77821392   2.        ]
[785.         387.         182.11972705 186.        ]
[787.         773.         182.17032938 190.        ]
[733.         513.         182.59751417  11.        ]
[335.         350.         182.82663249   2.        ]
[574.         294.         182.90436254   4.        ]
[788.        779.        183.4756062 196.       ]
[753.         407.         183.69326354   3.        ]
[751.         371.         184.49242037  10.        ]
[792.         757.         185.70562667 199.        ]
[795.         762.         185.73908452 205.        ]
[740.         293.         186.29333184   4.        ]
[791.         232.         186.78602268   5.        ]
[796.         770.         186.95946397 207.        ]
[514.         354.         187.13674519   3.        ]
[799.        745.        187.1391216 220.       ]
[245.         312.         187.25408682   2.        ]
[282.         389.         187.74186468   2.        ]
[185.         381.         187.94301853   2.        ]
[801.         761.         188.59288199 222.        ]
[805.        794.        188.8487882 232.       ]
[793.         451.         189.25626274   4.        ]
[ 42.         777.         189.45733416   4.        ]
[806.         541.         189.56166071 238.        ]
[776.        462.        190.4678912   4.       ]
[809.         804.         190.47842229 240.        ]
[ 27.         783.         190.69383069   3.        ]
[811.         349.         190.91197708 241.        ]
[778.         426.         190.97835513   4.        ]
[588.         442.         191.14492479   4.        ]
[322.        397.        191.2125922   2.       ]
[813.         767.         191.83741227 243.        ]
[759.         402.         192.38277591   3.        ]
[747.         155.         192.42757377   8.        ]
[223.         480.         192.75699204   2.        ]
[784.         156.         192.94090689  12.        ]
[803.         741.         193.10976639   4.        ]
[237.         404.         193.64300087   2.        ]
[278.         285.         193.87560388   2.        ]
[817.         220.         194.09235456 244.        ]
[768.        798.        194.2949337   7.       ]
[742.         372.         194.32338753   3.        ]
[825.         359.         194.72617385 245.        ]
[  1.         304.         194.99594919   2.        ]
[828.         752.         195.10054887 247.        ]
[547.         567.         195.15915119   8.        ]
[830.         265.         195.63924814 248.        ]
[816.        465.        195.8067785   3.       ]
[832.         774.         195.94147708 251.        ]
[378.         469.         195.96279443   2.        ]
[810.       781.       196.159723   7.      ]
[154.         802.         196.52112897   3.        ]
[834.         111.         196.70272755 252.        ]
[838.        186.        196.9180237 253.       ]
[789.        101.        197.1560272  12.       ]
[169.         292.         197.32477797   2.        ]
[839.         706.         197.33050074 255.        ]
[807.        260.        197.9915054   5.       ]
[842.         819.         198.13185135 263.        ]
[844.         821.         198.62686415 275.        ]
[843.         800.         199.27250439   8.        ]
[461.         466.         199.86021967   2.        ]
[336.         413.         199.89666928   2.        ]
[812.         790.         200.11659906   5.        ]
[845.         826.         200.44476149 282.        ]
[750.          97.         200.74928798   4.        ]
[850.         849.         201.68440028 287.        ]
[  9.         797.         201.82845238   5.        ]
[852.         482.         202.07345892 288.        ]
[854.         833.         202.34834046 291.        ]
[855.         98.        202.6201365 292.       ]
[846.         814.         202.78084543  12.        ]
[841.         270.         203.07284294   3.        ]
[856.       820.       203.660625 294.      ]
[824.         295.         204.26081911   3.        ]
[859.         267.         204.48760536 295.        ]
[861.         840.         205.25338636 307.        ]
[435.         815.         206.28312517   5.        ]
[862.         858.         206.52831298 310.        ]
[864.        754.        206.7056489 312.       ]
[865.        860.        206.9078367 315.       ]
[866.         818.         207.03055857 318.        ]
[195.         536.         207.08333008   3.        ]
[867.         808.         207.11452374 322.        ]
[ 11.        213.        207.2360666   2.       ]
[439.         472.         207.43948266   2.        ]
[869.         857.         207.61182561 334.        ]
[827.         309.         208.01408215   4.        ]
[463.         549.         208.28482528   3.        ]
[872.      847.      208.82963 336.     ]
[875.         835.         209.34159515 338.        ]
[876.         848.         209.87947897 340.        ]
[877.         822.         210.32705723 344.        ]
[878.         837.         211.02450934 347.        ]
[879.         873.         211.66495784 351.        ]
[880.        393.        212.4199518 352.       ]
[881.         484.         212.82052583 353.        ]
[882.         417.         213.08957643 354.        ]
[883.          92.         213.22916151 355.        ]
[ 26.          35.         213.56112193   2.        ]
[884.         851.         213.63024691 359.        ]
[886.         339.         213.83792884 360.        ]
[887.         535.         214.02448196 362.        ]
[100.         287.         214.29530076   2.        ]
[888.         266.         214.87860929 363.        ]
[890.         836.         215.19471351 370.        ]
[891.         829.         215.92725376 372.        ]
[ 25.         129.         216.18137907   2.        ]
[892.         543.         217.32008507 375.        ]
[894.         874.         217.55657888 378.        ]
[277.         583.         217.71118676   3.        ]
[  8.         329.         218.00600381   2.        ]
[ 83.         425.         218.36173273   2.        ]
[895.         870.         219.63246688 380.        ]
[899.         163.         220.42451116 381.        ]
[900.         737.         220.63831819 383.        ]
[901.         853.         221.46885344 388.        ]
[902.         749.         222.64146461 390.        ]
[903.        871.        223.6901719 392.       ]
[416.         568.         223.87650719   3.        ]
[904.          46.         224.45490886 393.        ]
[906.         170.         224.65335913 394.        ]
[907.         283.         225.05683653 395.        ]
[908.         896.         225.62205237 398.        ]
[909.         868.         225.88226902 401.        ]
[910.         483.         227.19344134 402.        ]
[911.         898.         227.35512555 404.        ]
[912.         234.         227.58497495 405.        ]
[913.         377.         228.60840389 406.        ]
[914.         28.        229.2074599 407.       ]
[331.         365.         229.22544763   2.        ]
[ 79.         269.         229.92762035   2.        ]
[915.         280.         230.94971467 408.        ]
[918.         373.         231.23332396 409.        ]
[919.         885.         231.97862713 411.        ]
[920.         165.         232.20116645 412.        ]
[921.         823.         232.86823785 414.        ]
[922.           2.         233.10891391 415.        ]
[923.        893.        233.1741621 417.       ]
[924.         889.         233.72156381 419.        ]
[925.         422.         235.25678534 420.        ]
[575.         257.         235.74392023   4.        ]
[926.         917.         235.80705977 422.        ]
[928.         338.         236.47361061 423.        ]
[571.         108.         236.59851854   3.        ]
[929.         162.         236.77328688 424.        ]
[931.         905.         237.11139289 427.        ]
[932.         345.         237.72228695 428.        ]
[933.         347.         238.96821091 429.        ]
[934.         374.         239.16443923 430.        ]
[935.         927.         239.36953828 434.        ]
[936.          78.         239.82089995 435.        ]
[115.         384.         240.70376685   2.        ]
[937.         171.         241.43139703 436.        ]
[939.         786.         242.67463414 438.        ]
[940.         380.         243.20184592 439.        ]
[941.         276.         244.27741448 440.        ]
[942.         145.         244.85069761 441.        ]
[943.         897.         244.97635973 443.        ]
[944.         126.         245.80998649 444.        ]
[945.         938.         247.09568416 446.        ]
[946.         916.         248.21236039 448.        ]
[947.         166.         248.61577194 449.        ]
[948.         164.         248.78309792 450.        ]
[ 18.          37.         248.80442645   2.        ]
[217.         228.         248.81070122   2.        ]
[949.          39.         249.00995803 451.        ]
[952.         305.         249.46448998 452.        ]
[953.         950.         250.00207614 454.        ]
[863.         831.         250.85795124  13.        ]
[954.         258.         251.64203876 455.        ]
[956.         930.         252.36576392 458.        ]
[957.         167.         252.66819476 459.        ]
[958.         525.         253.87318393 461.        ]
[959.         951.         254.26662044 463.        ]
[960.         955.         254.45361739 476.        ]
[961.        317.        257.3785786 477.       ]
[962.         296.         258.38361459 478.        ]
[963.         229.         260.94450232 479.        ]
[964.         491.         262.84848838 482.        ]
[965.         102.         268.17160093 483.        ]
[966.         175.         284.86725376 484.        ]
[967.        454.        296.2425616 485.       ]
