[ 5.        21.         2.9883242  2.       ]
[51.         28.          3.29746003  2.        ]
[47.         76.          3.87686738  3.        ]
[44.         71.          4.40480317  2.        ]
[59.         69.          4.45017046  2.        ]
[77.         25.          4.68657168  3.        ]
[53.         80.          4.75993828  3.        ]
[14.         82.          5.01535813  4.        ]
[78.        15.         5.0532742  4.       ]
[84.         72.          5.08114031  5.        ]
[58.         81.          5.25541568  4.        ]
[43.         67.          5.38398455  2.        ]
[37.         87.          5.40166212  3.        ]
[12.         13.          5.43657584  2.        ]
[29.         56.          5.44671946  2.        ]
[42.         83.          5.56165365  5.        ]
[ 6.         89.          5.59098566  3.        ]
[10.         19.          5.62115034  2.        ]
[45.         92.          5.64151322  4.        ]
[66.        94.         5.6441999  5.       ]
[60.         91.          5.64961513  6.        ]
[57.         96.          5.79320398  7.        ]
[ 9.         20.          6.07428173  2.        ]
[88.         49.          6.13476759  4.        ]
[86.         33.          6.23002704  5.        ]
[48.         97.          6.36982686  8.        ]
[ 8.         95.          6.45558935  6.        ]
[100.          35.           6.53685537   6.        ]
[ 68.         102.           6.59455081   7.        ]
[99.         90.          6.62335766  6.        ]
[ 32.        104.          6.6291316   8.       ]
[ 64.         101.           6.66191813   9.        ]
[ 40.         107.           6.68638887  10.        ]
[ 7.         93.          6.68689817  3.        ]
[79.         74.          6.72471368  3.        ]
[103.          75.           6.89557768   7.        ]
[31.         65.          6.98618603  2.        ]
[ 98.        106.          6.9909425  10.       ]
[  0.         113.           7.03395915  11.        ]
[105.          62.           7.08129248   7.        ]
[  2.         111.           7.18090232   8.        ]
[108.          85.           7.21318621  15.        ]
[ 23.         110.           7.42287441   4.        ]
[ 39.         117.           7.43252449  16.        ]
[  3.         109.           7.48075273   4.        ]
[ 55.         115.           7.64030101   8.        ]
[114.         120.           7.67065134  15.        ]
[ 70.         112.           7.74642417   3.        ]
[119.          63.           7.85225487  17.        ]
[ 17.        122.          7.8644278  16.       ]
[ 22.         121.           7.89409388   9.        ]
[123.         125.           8.02510387  19.        ]
[ 24.         127.           8.05911127  20.        ]
[126.          52.           8.23158023  10.        ]
[129.          30.           8.39176035  11.        ]
[ 38.        124.          8.4152535  18.       ]
[130.          50.           8.47447438  12.        ]
[132.          61.           8.61270263  13.        ]
[133.          36.           8.62723859  14.        ]
[134.         116.           8.70489247  22.        ]
[ 16.        128.          8.7980355  21.       ]
[135.         136.           9.29010533  43.        ]
[131.         137.           9.59841293  61.        ]
[ 46.        138.          9.6549987  62.       ]
[ 34.         139.           9.68761696  63.        ]
[140.          54.          10.49136177  64.        ]
[ 73.        141.         10.7699444  65.       ]
[  1.         142.          10.94540204  66.        ]
[143.         118.          11.47917345  70.        ]
[144.          41.          11.97672485  71.        ]
[145.          27.          12.47191628  72.        ]
[146.          4.         12.6957467  73.       ]
[11.         18.         16.74393187  2.        ]
[147.         148.          16.76012292  75.        ]
[149.          26.          21.09129772  76.        ]
