[ 5.        21.         2.9883242  2.       ]
[ 4.         51.          3.29746003  2.        ]
[47.         72.          3.87686738  2.        ]
[44.         71.          4.40480317  2.        ]
[59.         69.          4.45017046  2.        ]
[28.         58.          4.71823135  2.        ]
[42.         53.          4.75993828  2.        ]
[14.         68.          5.01535813  2.        ]
[25.         81.          5.27414154  3.        ]
[43.         67.          5.38398455  2.        ]
[37.         62.          5.40166212  2.        ]
[12.         13.          5.43657584  2.        ]
[29.         56.          5.44671946  2.        ]
[10.         80.          5.46877968  3.        ]
[82.         60.          5.47872172  3.        ]
[6.         7.         5.59098566 2.        ]
[45.         63.          5.64151322  2.        ]
[66.        70.         5.6441999  2.       ]
[90.         83.          5.75329392  5.        ]
[15.         78.          5.76632004  3.        ]
[48.         57.          5.79320398  2.        ]
[ 2.         84.          5.82583477  4.        ]
[89.        19.         5.8470961  4.       ]
[87.         40.          6.01442531  3.        ]
[ 9.         20.          6.07428173  2.        ]
[32.         92.          6.19989011  3.        ]
[85.         49.          6.20440787  3.        ]
[99.         24.          6.36576704  4.        ]
[98.         94.          6.47052166  9.        ]
[91.         34.          6.68444275  3.        ]
[  8.         101.           6.69298543   4.        ]
[33.         97.          6.69500096  5.        ]
[96.         64.          6.70331604  3.        ]
[22.        35.         6.7225282  2.       ]
[23.         79.          6.72471368  3.        ]
[16.         86.          6.72632602  3.        ]
[  3.         104.           6.88844418  10.        ]
[76.         95.          6.92837684  5.        ]
[31.         65.          6.98618603  2.        ]
[100.        103.          6.9909425   6.       ]
[ 0.         46.          7.03395915  2.        ]
[106.         115.           7.23550367  10.        ]
[88.         74.          7.43361039  3.        ]
[112.          55.           7.54395374  11.        ]
[109.         107.           7.69473184   7.        ]
[117.         105.           7.72528382  13.        ]
[111.         102.           7.72749759   6.        ]
[ 17.         110.           7.76053733   4.        ]
[121.          93.           7.91134222  15.        ]
[119.          30.           8.07951934  12.        ]
[108.         124.           8.14377184  18.        ]
[116.         75.          8.1589434   3.       ]
[125.         114.           8.30405628  14.        ]
[ 39.         126.           8.37556613  19.        ]
[122.          38.           8.38069785   7.        ]
[123.         118.           8.46279481   7.        ]
[ 36.         129.           8.53795299  20.        ]
[130.         132.           8.65222445  27.        ]
[113.          41.           8.71672891   6.        ]
[128.        131.          8.8062026  21.       ]
[ 1.         61.          8.81620606  2.        ]
[135.         133.           9.22881135  48.        ]
[137.         50.          9.4764006  49.       ]
[134.          54.           9.68305889   7.        ]
[120.          77.           9.75280329   9.        ]
[127.         138.           9.76008046  52.        ]
[136.          52.          10.11616859   3.        ]
[142.         140.          10.33510171  12.        ]
[141.         139.          10.57433296  59.        ]
[144.          73.          10.74159014  60.        ]
[145.         143.          11.05428263  72.        ]
[146.          27.          11.61148723  73.        ]
[147.         18.         14.8178367  74.       ]
[148.          11.          16.10012312  75.        ]
[149.          26.          20.31903304  76.        ]
