[ 5.        21.         2.9883242  2.       ]
[ 4.         51.          3.29746003  2.        ]
[47.         72.          3.87686738  2.        ]
[44.         71.          4.40480317  2.        ]
[59.         69.          4.45017046  2.        ]
[28.         58.          4.71823135  2.        ]
[42.         53.          4.75993828  2.        ]
[14.         68.          5.01535813  2.        ]
[25.         81.          5.27414154  3.        ]
[43.         67.          5.38398455  2.        ]
[37.         62.          5.40166212  2.        ]
[12.         13.          5.43657584  2.        ]
[29.         56.          5.44671946  2.        ]
[80.         82.          5.46877968  4.        ]
[6.         7.         5.59098566 2.        ]
[10.         89.          5.62115034  5.        ]
[45.         63.          5.64151322  2.        ]
[66.        70.         5.6441999  2.       ]
[15.         78.          5.76632004  3.        ]
[48.         57.          5.79320398  2.        ]
[ 2.         84.          5.82583477  4.        ]
[83.         91.          5.87240039  7.        ]
[87.         40.          6.01442531  3.        ]
[97.         60.          6.02394883  8.        ]
[20.         98.          6.07428173  4.        ]
[32.         92.          6.19989011  3.        ]
[85.         49.          6.20440787  3.        ]
[0.        9.        6.2145135 2.       ]
[99.         88.          6.47931858 10.        ]
[102.         104.           6.64018776  13.        ]
[ 19.         105.           6.67298708  14.        ]
[90.         24.          6.68444275  3.        ]
[  8.         101.           6.69298543   4.        ]
[33.         96.          6.69500096  5.        ]
[95.         64.          6.70331604  3.        ]
[22.        35.         6.7225282  2.       ]
[23.         79.          6.72471368  3.        ]
[16.         86.          6.72632602  3.        ]
[76.         94.          6.92837684  5.        ]
[31.         65.          6.98618603  2.        ]
[107.          34.           7.06922665   4.        ]
[108.         100.           7.34129009   8.        ]
[103.          46.           7.39707468   3.        ]
[  3.         106.           7.48075273  15.        ]
[ 55.         119.           7.64030101  16.        ]
[111.         109.           7.69473184   7.        ]
[ 17.         117.           7.76053733   9.        ]
[116.         110.           7.86906411   7.        ]
[ 30.        120.          8.0232326  17.       ]
[118.          75.           8.18466703   4.        ]
[113.        123.          8.2929598  10.       ]
[ 39.         122.           8.37556613  10.        ]
[115.          73.           8.44312342   3.        ]
[27.         38.          8.53191329  2.        ]
[114.         127.           8.71672891  15.        ]
[  1.         124.           8.81620606  18.        ]
[112.          74.           8.86689822   4.        ]
[128.          93.           8.91347881   5.        ]
[126.         130.           9.09974729  25.        ]
[134.          36.           9.11981247  26.        ]
[50.         61.          9.14656259  2.        ]
[131.         136.           9.67968121  20.        ]
[121.         137.           9.75280329  27.        ]
[135.         133.           9.89670443  31.        ]
[125.        139.         10.0200682  35.       ]
[138.          52.          10.18562304  28.        ]
[ 77.         141.          10.63548082  30.        ]
[140.         142.          11.04070595  65.        ]
[143.         132.          11.63104342  69.        ]
[144.         129.          11.68247038  71.        ]
[145.          54.          11.77028608  72.        ]
[146.          41.          12.02549556  73.        ]
[147.          18.          14.95872723  74.        ]
[148.          11.          15.75694164  75.        ]
[149.        26.        20.778704  76.      ]
