[ 5.        21.         2.9883242  2.       ]
[ 4.         51.          3.29746003  2.        ]
[47.         72.          3.87686738  2.        ]
[44.         71.          4.40480317  2.        ]
[59.         69.          4.45017046  2.        ]
[28.         58.          4.71823135  2.        ]
[53.         80.          4.75993828  3.        ]
[14.         68.          5.01535813  2.        ]
[42.         82.          5.26292435  4.        ]
[25.         81.          5.27414154  3.        ]
[43.         67.          5.38398455  2.        ]
[37.         62.          5.40166212  2.        ]
[12.         13.          5.43657584  2.        ]
[29.         56.          5.44671946  2.        ]
[ 6.         88.          5.59098566  3.        ]
[84.         60.          5.60838912  5.        ]
[10.         19.          5.62115034  2.        ]
[45.         90.          5.64151322  4.        ]
[66.        70.         5.6441999  2.       ]
[78.         87.          5.76632004  4.        ]
[91.         83.          5.79306211  7.        ]
[57.         96.          5.79320398  8.        ]
[ 2.         85.          5.82583477  4.        ]
[24.         93.          6.04876837  5.        ]
[ 9.         20.          6.07428173  2.        ]
[86.         49.          6.20440787  3.        ]
[48.         97.          6.36982686  9.        ]
[ 63.        100.          6.6291316   3.       ]
[ 8.         99.          6.63448448  6.        ]
[ 40.         104.           6.66191813   7.        ]
[ 7.         34.          6.68689817  2.        ]
[33.         98.          6.69500096  5.        ]
[22.        35.         6.7225282  2.       ]
[23.         79.          6.72471368  3.        ]
[ 95.         102.           6.79512809  13.        ]
[ 32.         103.           6.81639905   4.        ]
[ 92.         110.           6.87015408  15.        ]
[105.         112.           6.93984612  22.        ]
[31.         65.          6.98618603  2.        ]
[ 0.         46.          7.03395915  2.        ]
[113.          64.           7.40755344  23.        ]
[ 89.         116.           7.43361039  25.        ]
[76.         15.          7.44229499  3.        ]
[55.         30.          7.48075273  2.        ]
[  3.         119.           7.62224183   3.        ]
[108.         107.           7.69473184   7.        ]
[ 17.         117.           7.76053733  26.        ]
[101.         122.           8.02684682  29.        ]
[111.          94.           8.04674027   6.        ]
[ 75.        123.          8.1589434  30.       ]
[115.         125.           8.31416463  32.        ]
[ 16.        120.          8.4152535   4.       ]
[114.          73.           8.44312342   3.        ]
[ 39.        124.          8.4983935   7.       ]
[27.         38.          8.53191329  2.        ]
[118.          41.           8.55799584   4.        ]
[  1.         121.           8.81620606   8.        ]
[109.          74.           8.86689822   4.        ]
[129.         126.           8.95825493  39.        ]
[127.         134.           9.03265715  43.        ]
[50.         61.          9.14656259  2.        ]
[106.         135.           9.20769892  45.        ]
[137.         128.           9.49982527  48.        ]
[138.          36.           9.52325334  49.        ]
[132.         139.           9.88120771  57.        ]
[131.          54.           9.94629674   5.        ]
[140.        141.         10.3149378  62.       ]
[142.         136.          10.47581505  64.        ]
[143.          52.          10.49039899  65.        ]
[144.         133.          11.53940369  69.        ]
[145.         130.          11.64379108  71.        ]
[146.          77.          11.68595738  73.        ]
[147.          11.          15.13718154  74.        ]
[148.          18.          15.24498886  75.        ]
[149.          26.          21.58274985  76.        ]
