[ 5.        21.         2.9883242  2.       ]
[ 4.         51.          3.29746003  2.        ]
[47.         72.          3.87686738  2.        ]
[44.         71.          4.40480317  2.        ]
[59.         69.          4.45017046  2.        ]
[28.         58.          4.71823135  2.        ]
[42.         53.          4.75993828  2.        ]
[14.         68.          5.01535813  2.        ]
[25.         81.          5.27414154  3.        ]
[43.         67.          5.38398455  2.        ]
[37.         62.          5.40166212  2.        ]
[12.         13.          5.43657584  2.        ]
[56.         80.          5.44671946  3.        ]
[82.         60.          5.47872172  3.        ]
[ 6.         87.          5.59098566  3.        ]
[10.         88.          5.62115034  4.        ]
[45.         90.          5.64151322  4.        ]
[66.        70.         5.6441999  2.       ]
[89.         83.          5.75329392  5.        ]
[91.         19.          5.76021349  5.        ]
[15.         78.          5.76632004  3.        ]
[48.         57.          5.79320398  2.        ]
[ 2.         84.          5.82583477  4.        ]
[24.         92.          6.04876837  5.        ]
[ 9.         20.          6.07428173  2.        ]
[85.         95.          6.20440787  7.        ]
[101.          94.           6.40992105  12.        ]
[ 49.         102.           6.41792679  13.        ]
[ 63.        100.          6.6291316   3.       ]
[ 8.         99.          6.63448448  6.        ]
[ 40.         105.           6.66191813   7.        ]
[ 7.         34.          6.68689817  2.        ]
[33.         98.          6.69500096  5.        ]
[ 97.         103.           6.70331604  15.        ]
[22.        35.         6.7225282  2.       ]
[23.         79.          6.72471368  3.        ]
[16.         86.          6.72632602  3.        ]
[ 32.         104.           6.81639905   4.        ]
[29.         74.          6.88330218  2.        ]
[76.         96.          6.92837684  5.        ]
[106.          64.           6.93984612   8.        ]
[31.         65.          6.98618603  2.        ]
[ 0.         46.          7.03395915  2.        ]
[  3.         116.           7.48075273   9.        ]
[ 55.         117.           7.64030101   3.        ]
[110.         108.           7.69473184   7.        ]
[ 17.         119.           7.76053733  10.        ]
[112.         109.           7.93299259  18.        ]
[122.         113.           7.97267361  14.        ]
[ 30.         120.           8.12152907   4.        ]
[118.         75.          8.1589434   3.       ]
[107.          93.           8.36843095   4.        ]
[ 39.         123.           8.37556613  19.        ]
[27.         38.          8.53191329  2.        ]
[124.         111.           8.57452237  17.        ]
[128.         115.           8.67441709  24.        ]
[ 36.         131.           8.79025493  25.        ]
[ 1.         61.          8.81620606  2.        ]
[130.         114.           9.01639734  19.        ]
[126.        127.          9.0425815   7.       ]
[134.         132.           9.43501598  44.        ]
[125.       136.         9.445192  48.      ]
[121.          77.           9.75280329   9.        ]
[137.         135.           9.75323195  55.        ]
[139.         133.           9.88604043  57.        ]
[140.         138.           9.94962794  66.        ]
[ 73.         141.          10.14156749  67.        ]
[ 50.         142.          10.24457107  68.        ]
[129.        143.         11.2014284  70.       ]
[144.          52.          11.51721032  71.        ]
[41.         54.         11.95620828  2.        ]
[145.        146.         12.7935634  73.       ]
[ 18.         147.          15.90774995  74.        ]
[ 11.         148.          17.44310932  75.        ]
[149.          26.          25.34057668  76.        ]
