[ 5.        21.         2.9883242  2.       ]
[ 4.         51.          3.29746003  2.        ]
[47.         72.          3.87686738  2.        ]
[44.         71.          4.40480317  2.        ]
[59.         69.          4.45017046  2.        ]
[28.         58.          4.71823135  2.        ]
[53.         80.          4.75993828  3.        ]
[14.         82.          5.01535813  4.        ]
[25.         81.          5.27414154  3.        ]
[43.         67.          5.38398455  2.        ]
[62.         78.          5.40166212  3.        ]
[12.         13.          5.43657584  2.        ]
[29.         56.          5.44671946  2.        ]
[42.         83.          5.56165365  5.        ]
[ 6.         87.          5.59098566  3.        ]
[10.         19.          5.62115034  2.        ]
[45.         90.          5.64151322  4.        ]
[66.        92.         5.6441999  5.       ]
[60.         89.          5.64961513  6.        ]
[57.         94.          5.79320398  7.        ]
[ 2.         84.          5.82583477  4.        ]
[37.         86.          5.99111642  4.        ]
[ 9.         20.          6.07428173  2.        ]
[49.         97.          6.20440787  5.        ]
[48.         95.          6.36982686  8.        ]
[ 8.         93.          6.45558935  6.        ]
[85.         99.          6.57778072  7.        ]
[ 68.         101.           6.59455081   7.        ]
[ 32.        103.          6.6291316   8.       ]
[ 64.         100.           6.66191813   9.        ]
[91.          3.          6.68638887  3.        ]
[  7.         106.           6.68689817   4.        ]
[33.         96.          6.69500096  5.        ]
[ 22.        108.          6.7225282   6.       ]
[79.         88.          6.72471368  4.        ]
[ 40.         105.           6.82265749  10.        ]
[31.         65.          6.98618603  2.        ]
[ 98.        104.          6.9909425  10.       ]
[  0.         113.           7.03395915  11.        ]
[111.          39.           7.21318621  11.        ]
[115.          63.           7.32835951  12.        ]
[ 24.         116.           7.38889432  13.        ]
[110.        102.          7.4360465  11.       ]
[ 76.         117.           7.44229499  15.        ]
[109.          77.           7.58778625   8.        ]
[  1.         107.           7.64030101   5.        ]
[114.          17.           7.67065134  12.        ]
[ 55.         121.           7.71819551   6.        ]
[ 70.         122.           7.74642417  13.        ]
[119.          15.           8.04625292  16.        ]
[118.          74.           8.12478579  12.        ]
[ 23.         126.           8.23190662  13.        ]
[120.        123.          8.2750772  14.       ]
[38.        27.         8.4152535  2.       ]
[112.         124.           8.44312342  15.        ]
[ 16.        125.          8.5428475  17.       ]
[128.          75.           8.71244556  15.        ]
[130.          73.           8.83691697  16.        ]
[ 50.         127.           9.14656259  14.        ]
[132.          35.           9.31048357  16.        ]
[131.         129.           9.34720315  19.        ]
[ 30.         134.           9.43640085  15.        ]
[136.          36.           9.49590377  20.        ]
[ 46.        138.          9.6549987  21.       ]
[ 34.         139.           9.68761696  22.        ]
[133.        140.         10.0673324  38.       ]
[135.         141.          10.18336931  54.        ]
[ 52.         142.          10.36138262  55.        ]
[137.         143.          10.36191633  70.        ]
[144.          61.          10.57325648  71.        ]
[ 54.         145.          11.95620828  72.        ]
[ 41.         146.          12.24191728  73.        ]
[ 18.         147.          14.41532989  74.        ]
[ 11.        148.         16.6273005  75.       ]
[149.          26.          25.35170323  76.        ]
