[ 5.        21.         2.9883242  2.       ]
[ 4.         51.          3.29746003  2.        ]
[47.         72.          3.87686738  2.        ]
[44.         71.          4.40480317  2.        ]
[59.         69.          4.45017046  2.        ]
[28.         58.          4.71823135  2.        ]
[42.         53.          4.75993828  2.        ]
[14.         68.          5.01535813  2.        ]
[25.         81.          5.27414154  3.        ]
[43.         67.          5.38398455  2.        ]
[37.         62.          5.40166212  2.        ]
[12.         13.          5.43657584  2.        ]
[29.         56.          5.44671946  2.        ]
[10.         80.          5.46877968  3.        ]
[82.         60.          5.47872172  3.        ]
[6.         7.         5.59098566 2.        ]
[45.         63.          5.64151322  2.        ]
[66.        70.         5.6441999  2.       ]
[90.         57.          5.75329392  4.        ]
[15.         78.          5.76632004  3.        ]
[ 2.         84.          5.82583477  4.        ]
[89.        19.         5.8470961  4.       ]
[83.         31.          5.87240039  3.        ]
[87.         40.          6.01442531  3.        ]
[ 9.         20.          6.07428173  2.        ]
[32.         92.          6.19989011  3.        ]
[85.         49.          6.20440787  3.        ]
[99.         24.          6.36576704  4.        ]
[48.         64.          6.36982686  2.        ]
[97.         94.          6.39806878  8.        ]
[91.         34.          6.68444275  3.        ]
[  8.         101.           6.69298543   4.        ]
[22.         33.          6.69500096  2.        ]
[23.         79.          6.72471368  3.        ]
[16.         86.          6.72632602  3.        ]
[105.          98.           6.76941782  11.        ]
[76.         95.          6.92837684  5.        ]
[  3.         111.           6.97803742  12.        ]
[  0.        100.          6.9909425   3.       ]
[107.         103.           7.30065002   8.        ]
[108.          35.           7.33145043   3.        ]
[88.         74.          7.43361039  3.        ]
[113.          55.           7.58587582  13.        ]
[114.          46.           7.58686959   4.        ]
[115.          17.           7.67525528   9.        ]
[110.         102.           7.72749759   6.        ]
[65.         73.          7.79844178  2.        ]
[120.          93.           7.89774576  11.        ]
[106.         123.           8.07684119  14.        ]
[118.          30.           8.08414563  14.        ]
[ 96.         116.           8.12359236   7.        ]
[ 38.         104.           8.25631492   3.        ]
[119.          75.           8.32687327   5.        ]
[121.         127.           8.34154133   9.        ]
[112.          39.           8.37556613   6.        ]
[109.         117.           8.45578264   6.        ]
[125.        124.          8.4893824  28.       ]
[132.          36.           8.73310418  29.        ]
[129.          27.           8.78210003  10.        ]
[ 1.         61.          8.81620606  2.        ]
[134.          50.           9.04703572  11.        ]
[130.          41.           9.06472019   7.        ]
[128.         133.           9.06809598  34.        ]
[126.          77.           9.26750031   9.        ]
[137.          54.           9.83590342   8.        ]
[138.        136.          9.8713901  45.       ]
[135.          52.          10.11616859   3.        ]
[141.        131.         10.1328242  51.       ]
[143.         140.          10.38027281  59.        ]
[144.         142.          10.77543692  62.        ]
[145.         122.          10.89144926  64.        ]
[139.          11.          10.97342078  10.        ]
[146.         147.          12.20235204  74.        ]
[148.          18.          14.94796073  75.        ]
[149.         26.         20.5026068  76.       ]
