[ 5.        21.         2.9883242  2.       ]
[ 4.         51.          3.29746003  2.        ]
[47.         72.          3.87686738  2.        ]
[44.         71.          4.40480317  2.        ]
[59.         69.          4.45017046  2.        ]
[28.         58.          4.71823135  2.        ]
[53.         80.          4.75993828  3.        ]
[14.         68.          5.01535813  2.        ]
[42.         82.          5.26292435  4.        ]
[25.         81.          5.27414154  3.        ]
[43.         67.          5.38398455  2.        ]
[37.         62.          5.40166212  2.        ]
[12.         13.          5.43657584  2.        ]
[29.         56.          5.44671946  2.        ]
[ 6.         88.          5.59098566  3.        ]
[84.         60.          5.60838912  5.        ]
[10.         19.          5.62115034  2.        ]
[45.         90.          5.64151322  4.        ]
[66.        70.         5.6441999  2.       ]
[15.         78.          5.76632004  3.        ]
[91.         83.          5.79306211  7.        ]
[48.         57.          5.79320398  2.        ]
[ 2.         85.          5.82583477  4.        ]
[24.         93.          6.04876837  5.        ]
[ 9.         20.          6.07428173  2.        ]
[86.         49.          6.20440787  3.        ]
[96.         92.          6.61520476  9.        ]
[ 63.        100.          6.6291316   3.       ]
[ 8.         99.          6.63448448  6.        ]
[ 40.         104.           6.66191813   7.        ]
[ 7.         34.          6.68689817  2.        ]
[33.         98.          6.69500096  5.        ]
[ 97.         102.           6.70331604  11.        ]
[22.        35.         6.7225282  2.       ]
[23.         79.          6.72471368  3.        ]
[ 87.         101.           6.72632602   5.        ]
[ 32.         103.           6.81639905   4.        ]
[76.         95.          6.92837684  5.        ]
[105.          64.           6.93984612   8.        ]
[31.         65.          6.98618603  2.        ]
[ 0.         46.          7.03395915  2.        ]
[111.         108.           7.29921463  16.        ]
[89.         74.          7.43361039  3.        ]
[  3.         114.           7.48075273   9.        ]
[ 55.         117.           7.64030101  17.        ]
[109.         107.           7.69473184   7.        ]
[ 17.         119.           7.76053733  10.        ]
[122.         112.           7.97267361  14.        ]
[116.         75.          8.1589434   3.       ]
[120.          30.           8.24831535  18.        ]
[125.         115.           8.30810553  20.        ]
[106.          94.           8.36843095   4.        ]
[113.         118.           8.37556613   8.        ]
[128.         123.           8.38224703  22.        ]
[ 16.        126.          8.4152535  21.       ]
[ 36.        130.          8.4983935  22.       ]
[27.         38.          8.53191329  2.        ]
[129.          39.           8.73240886  23.        ]
[  1.         131.           8.81620606  23.        ]
[124.        127.          9.0425815   7.       ]
[50.         61.          9.14656259  2.        ]
[133.         110.           9.42977676  26.        ]
[121.         134.           9.75280329  30.        ]
[138.          52.          10.09116389  31.        ]
[135.         137.          10.19186618  33.        ]
[139.         140.          10.60136571  64.        ]
[136.         141.          10.85318265  66.        ]
[142.         132.          11.23868364  68.        ]
[143.          73.          11.27680046  69.        ]
[ 54.         144.          11.95620828  70.        ]
[ 77.         145.          12.17354578  72.        ]
[146.         41.         12.2597799  73.       ]
[147.          11.          14.56867894  74.        ]
[148.          18.          15.44656718  75.        ]
[149.          26.          21.46564568  76.        ]
