[ 5.        21.         2.9883242  2.       ]
[ 4.         51.          3.29746003  2.        ]
[47.         72.          3.87686738  2.        ]
[44.         71.          4.40480317  2.        ]
[59.         69.          4.45017046  2.        ]
[28.         58.          4.71823135  2.        ]
[42.         53.          4.75993828  2.        ]
[14.         68.          5.01535813  2.        ]
[25.         81.          5.27414154  3.        ]
[43.         67.          5.38398455  2.        ]
[37.         62.          5.40166212  2.        ]
[12.         13.          5.43657584  2.        ]
[56.         80.          5.44671946  3.        ]
[82.         60.          5.47872172  3.        ]
[6.         7.         5.59098566 2.        ]
[10.         88.          5.62115034  4.        ]
[45.         63.          5.64151322  2.        ]
[66.        70.         5.6441999  2.       ]
[89.         83.          5.75329392  5.        ]
[91.         19.          5.76021349  5.        ]
[15.         78.          5.76632004  3.        ]
[48.         57.          5.79320398  2.        ]
[ 2.         84.          5.82583477  4.        ]
[87.         95.          6.01442531  7.        ]
[ 9.         20.          6.07428173  2.        ]
[32.         92.          6.19989011  3.        ]
[49.         99.          6.20440787  8.        ]
[94.         65.          6.62088617  6.        ]
[64.         97.          6.66191813  3.        ]
[ 90.         100.           6.68444275   4.        ]
[  8.         105.           6.69298543   5.        ]
[33.         98.          6.69500096  5.        ]
[22.        35.         6.7225282  2.       ]
[23.         79.          6.72471368  3.        ]
[16.         86.          6.72632602  3.        ]
[ 31.         103.           6.73770539   7.        ]
[ 85.         102.           6.75803088  10.        ]
[ 24.         106.           6.82265749   6.        ]
[29.         74.          6.88330218  2.        ]
[104.         113.           6.88509994   9.        ]
[ 40.         115.           6.92404616  10.        ]
[76.         96.          6.92837684  5.        ]
[ 0.         46.          7.03395915  2.        ]
[  3.         111.           7.48075273   8.        ]
[ 55.         112.           7.64030101  11.        ]
[101.         116.           7.64298223  13.        ]
[108.         107.           7.69473184   7.        ]
[ 17.         121.           7.76053733  14.        ]
[119.         120.           8.05904793  19.        ]
[118.         75.          8.1589434   3.       ]
[124.          30.           8.17640506  20.        ]
[110.        126.          8.2929598  23.       ]
[ 39.         123.           8.37556613  15.        ]
[27.         38.          8.53191329  2.        ]
[114.         127.           8.63584779  25.        ]
[117.         130.           8.71672891  30.        ]
[ 1.         61.          8.81620606  2.        ]
[128.         131.           8.87780582  45.        ]
[ 93.         133.           9.00673824  47.        ]
[134.         125.           9.12051138  50.        ]
[ 36.         135.           9.15561471  51.        ]
[136.          73.           9.55796084  52.        ]
[34.         54.          9.68761696  2.        ]
[122.          77.           9.75280329   9.        ]
[ 50.         137.           9.89648198  53.        ]
[132.         140.          10.11616859  55.        ]
[139.          52.          10.24705467  10.        ]
[141.         109.          10.93244421  58.        ]
[143.         142.          11.31372062  68.        ]
[144.         129.          11.79460624  70.        ]
[145.         138.          11.85846972  72.        ]
[146.          41.          12.36882253  73.        ]
[147.          18.          15.91410389  74.        ]
[148.          11.          16.32929561  75.        ]
[149.          26.          21.30221503  76.        ]
