0 0.6700976148174287
5 0.6806653727950499
10 0.6595298568398075
20 0.6806653727950499
30 0.6806653727950499
40 0.682293825113966
50 0.6875994278304346
60 0.6806653727950499
70 0.6839551754595269
80 0.6806653727950499
90 0.6750583890065721
100 0.6800798179946363
0 0.6954266855256954
5 0.6954266855256954
10 0.6954266855256954
20 0.6996873371547682
30 0.6996873371547682
40 0.6996873371547682
50 0.6996873371547682
60 0.7013157894736842
70 0.7013157894736842
80 0.6996873371547682
90 0.7177631578947369
100 0.7270982505351739
