[4.00000000e+00 5.10000000e+01 1.91547754e-02 2.00000000e+00]
[ 5.         21.          0.03130171  2.        ]
[12.          3.          0.06430267  2.        ]
[7.80000000e+01 4.00000000e+01 7.18212479e-02 3.00000000e+00]
[57.        72.         0.0784152  2.       ]
[47.        77.         0.0874869  3.       ]
[31.         69.          0.08933721  2.        ]
[63.         79.          0.09735883  4.        ]
[39.         80.          0.09765231  3.        ]
[48.         84.          0.09996407  4.        ]
[42.         62.          0.10121282  2.        ]
[32.         83.          0.10463021  5.        ]
[49.         73.          0.10659854  2.        ]
[36.         85.          0.10830826  5.        ]
[13.         24.          0.11006375  2.        ]
[44.         71.          0.11598038  2.        ]
[14.         90.          0.11881152  3.        ]
[33.        89.         0.1211238  6.       ]
[ 6.         86.          0.12224176  3.        ]
[45.         87.          0.12269469  6.        ]
[88.         74.          0.12579939  3.        ]
[ 9.         95.          0.12996679  7.        ]
[38.         96.          0.13265752  4.        ]
[93.         81.          0.14035781  9.        ]
[29.         98.          0.14099397  5.        ]
[37.         52.          0.14327757  2.        ]
[66.        46.         0.1473706  2.       ]
[25.         82.          0.14834209  3.        ]
[102.          99.           0.15762879  11.        ]
[ 34.         104.           0.15875333  12.        ]
[23.          8.          0.16391823  2.        ]
[28.         58.          0.16417984  2.        ]
[ 11.         103.           0.17330972   4.        ]
[ 18.         105.           0.17510306  13.        ]
[94.         97.          0.17559074 10.        ]
[  7.         110.           0.17600709  11.        ]
[ 50.         100.           0.18550455   6.        ]
[ 67.         101.           0.19394434   3.        ]
[ 19.         111.           0.19937401  12.        ]
[15.         92.          0.20294901  4.        ]
[ 64.        113.          0.2044943   4.       ]
[ 91.         112.           0.20466945   8.        ]
[ 41.         109.           0.21507557  14.        ]
[114.          20.           0.22925735  13.        ]
[ 10.         116.           0.23596164   5.        ]
[120.          59.           0.24530217   6.        ]
[117.          56.           0.24574892   9.        ]
[106.         118.           0.24774253  16.        ]
[119.         115.           0.24790041  17.        ]
[ 16.        124.          0.2534183  18.       ]
[123.         53.          0.2580508  17.       ]
[108.         107.           0.25942729   6.        ]
[121.         125.           0.26556149  24.        ]
[128.          22.           0.27840299  25.        ]
[122.          60.           0.27928886  10.        ]
[54.         76.          0.29150983  3.        ]
[127.         126.           0.30239272  23.        ]
[ 55.        129.          0.3152691  26.       ]
[ 17.         130.           0.31544118  11.        ]
[ 35.         131.           0.33925954   4.        ]
[132.         133.           0.36417713  49.        ]
[ 75.         136.           0.37522376  50.        ]
[135.          68.           0.37883795   5.        ]
[ 2.         70.          0.40376243  2.        ]
[  1.         138.           0.40901097   6.        ]
[ 43.         140.           0.41967479   7.        ]
[ 61.         137.           0.43238789  51.        ]
[141.        142.          0.5158404  58.       ]
[ 27.         143.           0.51701159  59.        ]
[134.         144.           0.52021048  70.        ]
[  0.         145.           0.55002124  71.        ]
[139.          65.           0.60152518   3.        ]
[146.         147.           0.67031292  74.        ]
[148.          30.           0.73631226  75.        ]
[149.          26.           0.74872896  76.        ]
