[4.00000000e+00 5.10000000e+01 1.91547754e-02 2.00000000e+00]
[ 5.         21.          0.03130171  2.        ]
[12.          3.          0.06430267  2.        ]
[7.80000000e+01 4.00000000e+01 7.18212479e-02 3.00000000e+00]
[57.        72.         0.0784152  2.       ]
[47.        77.         0.0874869  3.       ]
[31.         69.          0.08933721  2.        ]
[45.         63.          0.09735883  2.        ]
[39.         80.          0.09765231  3.        ]
[48.         84.          0.09996407  4.        ]
[79.         62.          0.10001424  4.        ]
[ 6.         42.          0.10121282  2.        ]
[15.         32.          0.10463021  2.        ]
[17.         49.          0.10659854  2.        ]
[36.         81.          0.10830826  4.        ]
[13.         24.          0.11006375  2.        ]
[44.         71.          0.11598038  2.        ]
[ 9.         86.          0.11786027  5.        ]
[33.        34.         0.1211238  2.       ]
[29.         73.          0.13113949  2.        ]
[38.         50.          0.13265752  2.        ]
[83.         93.          0.13782825  7.        ]
[90.         85.          0.14247986  8.        ]
[37.         52.          0.14327757  2.        ]
[89.         74.          0.14345445  3.        ]
[91.         97.          0.14476909  9.        ]
[ 8.        66.         0.1473706  2.       ]
[14.        82.         0.1475934  3.       ]
[11.         25.          0.14834209  2.        ]
[98.         94.          0.15018908 10.        ]
[105.          46.           0.15158807  11.        ]
[28.         58.          0.16417984  2.        ]
[ 23.        106.          0.1691081  12.       ]
[  7.         101.           0.17600709  10.        ]
[ 95.         100.           0.17790917   5.        ]
[20.         96.          0.17928932  3.        ]
[88.         67.          0.19079495  3.        ]
[ 87.         109.           0.19626686  12.        ]
[19.         53.          0.19937401  2.        ]
[22.        64.         0.2044943  2.       ]
[ 92.         110.           0.20466945   7.        ]
[112.         99.          0.2140809   5.       ]
[104.         107.           0.21493083   4.        ]
[116.          56.           0.21713614   8.        ]
[114.         108.           0.22139463  14.        ]
[ 41.         120.           0.22926378  15.        ]
[102.          18.           0.23152256   3.        ]
[ 59.         121.           0.23596164  16.        ]
[ 10.         115.           0.24040039   3.        ]
[103.          55.           0.24893554   4.        ]
[ 16.         113.           0.26943101  13.        ]
[125.          75.           0.26958998   5.        ]
[119.          60.           0.27065664   9.        ]
[126.         117.           0.27573866  18.        ]
[129.         111.           0.27864062  21.        ]
[  2.         118.           0.28286524   5.        ]
[35.         54.          0.29150983  2.        ]
[124.         130.           0.29361296  24.        ]
[123.         133.           0.30704649  40.        ]
[ 43.         134.           0.32396534  41.        ]
[122.         127.           0.36281216   8.        ]
[132.          68.           0.36421019   3.        ]
[ 76.         135.           0.40034208  43.        ]
[ 1.         61.          0.40901097  2.        ]
[131.          70.           0.41800551   6.        ]
[138.         137.           0.44731454  46.        ]
[  0.         136.           0.46335968   9.        ]
[139.         141.           0.48316456  48.        ]
[142.         128.           0.50873716  18.        ]
[143.          27.           0.53801382  49.        ]
[144.         140.           0.58063482  24.        ]
[146.         145.           0.60675531  73.        ]
[26.         65.          0.65973787  2.        ]
[147.          30.           0.71258849  74.        ]
[149.         148.           0.78599074  76.        ]
