[4.00000000e+00 5.10000000e+01 1.91547754e-02 2.00000000e+00]
[ 5.         21.          0.03130171  2.        ]
[12.          3.          0.06430267  2.        ]
[7.80000000e+01 4.00000000e+01 7.18212479e-02 3.00000000e+00]
[57.        72.         0.0784152  2.       ]
[47.        77.         0.0874869  3.       ]
[31.         69.          0.08933721  2.        ]
[45.         63.          0.09735883  2.        ]
[39.         80.          0.09765231  3.        ]
[34.         48.          0.09996407  2.        ]
[79.         62.          0.10001424  4.        ]
[ 6.         42.          0.10121282  2.        ]
[15.         32.          0.10463021  2.        ]
[17.         49.          0.10659854  2.        ]
[36.         81.          0.10830826  4.        ]
[13.         24.          0.11006375  2.        ]
[33.         85.          0.11596449  3.        ]
[44.         71.          0.11598038  2.        ]
[ 9.         86.          0.11786027  5.        ]
[29.         73.          0.13113949  2.        ]
[38.         50.          0.13265752  2.        ]
[83.         94.          0.13782825  7.        ]
[23.         90.          0.14247986  5.        ]
[10.         84.          0.14250688  4.        ]
[37.         52.          0.14327757  2.        ]
[89.         74.          0.14345445  3.        ]
[91.         97.          0.14476909  9.        ]
[ 8.        66.         0.1473706  2.       ]
[14.        82.         0.1475934  3.       ]
[11.         25.          0.14834209  2.        ]
[46.         98.          0.15578791  6.        ]
[18.         92.          0.15918138  4.        ]
[28.         58.          0.16417984  2.        ]
[  7.         102.           0.17600709  10.        ]
[ 95.         101.           0.17790917   5.        ]
[20.         96.          0.17928932  3.        ]
[88.         67.          0.19079495  3.        ]
[ 87.         109.           0.19626686  12.        ]
[ 19.         106.           0.19937401   7.        ]
[22.        64.         0.2044943  2.       ]
[ 93.         110.           0.20466945   7.        ]
[114.          53.           0.20621523   8.        ]
[99.         59.          0.21064227  5.        ]
[112.        100.          0.2140809   5.       ]
[105.         108.           0.21493083   4.        ]
[116.          56.           0.21713614   8.        ]
[107.         118.           0.24702539   9.        ]
[122.          41.           0.24864282  10.        ]
[104.          55.           0.24893554   4.        ]
[113.         117.           0.25121379  20.        ]
[ 16.        115.          0.2555758   3.       ]
[124.         125.           0.26958998  24.        ]
[103.          75.           0.27026196   3.        ]
[121.          60.           0.27065664   9.        ]
[111.         129.           0.27957092  12.        ]
[  2.         120.           0.28286524   5.        ]
[119.         126.           0.28315304   8.        ]
[35.         54.          0.29150983  2.        ]
[128.         127.           0.31276767  27.        ]
[132.         130.           0.32552464  20.        ]
[123.          43.           0.35597871  11.        ]
[133.          68.           0.36421019   3.        ]
[  0.         135.           0.37863106  21.        ]
[134.         136.           0.38239091  38.        ]
[ 76.         137.           0.40883088   5.        ]
[ 1.         61.          0.40901097  2.        ]
[131.          70.           0.41800551   6.        ]
[138.         139.           0.45962776  59.        ]
[141.          27.           0.48316456   3.        ]
[144.         140.           0.54681392   8.        ]
[143.         142.           0.55357016  65.        ]
[146.         145.           0.61896602  73.        ]
[26.         65.          0.65973787  2.        ]
[147.          30.           0.72138846  74.        ]
[149.         148.           0.74260512  76.        ]
