[ 4.         10.          0.01915478  2.        ]
[ 5.         21.          0.03130171  2.        ]
[12.          3.          0.06430267  2.        ]
[7.80000000e+01 4.00000000e+01 7.18212479e-02 3.00000000e+00]
[57.        72.         0.0784152  2.       ]
[47.        77.         0.0874869  3.       ]
[69.         81.          0.08933721  4.        ]
[63.         79.          0.09735883  4.        ]
[39.         80.          0.09765231  3.        ]
[48.         84.          0.09996407  4.        ]
[42.         62.          0.10121282  2.        ]
[32.         83.          0.10463021  5.        ]
[49.         73.          0.10659854  2.        ]
[13.         24.          0.11006375  2.        ]
[76.         22.          0.11090367  3.        ]
[44.         71.          0.11598038  2.        ]
[14.         89.          0.11881152  3.        ]
[33.        85.         0.1211238  5.       ]
[ 6.         86.          0.12224176  3.        ]
[45.         87.          0.12269469  6.        ]
[88.         74.          0.12579939  3.        ]
[ 9.         95.          0.12996679  7.        ]
[38.         96.          0.13265752  4.        ]
[36.        93.         0.1357878  6.       ]
[31.         82.          0.13648847  5.        ]
[29.         98.          0.14099397  5.        ]
[37.         52.          0.14327757  2.        ]
[66.        46.         0.1473706  2.       ]
[ 25.         100.           0.14834209   6.        ]
[103.          99.           0.15762879   8.        ]
[ 34.         105.           0.15875333   9.        ]
[23.          8.          0.16391823  2.        ]
[28.         94.          0.16417984  4.        ]
[ 51.         101.           0.16824332   6.        ]
[ 7.         97.          0.17600709  8.        ]
[ 11.         104.           0.17659381   7.        ]
[106.          53.           0.17858242  10.        ]
[107.          50.           0.18550455   3.        ]
[ 67.         110.           0.19394434   9.        ]
[112.         113.           0.19432023  13.        ]
[ 56.         109.           0.20466945   7.        ]
[ 20.         114.           0.20592435  10.        ]
[ 19.         117.           0.20862171  11.        ]
[ 15.         118.           0.21645601  12.        ]
[ 92.         119.           0.21665603  15.        ]
[115.          41.           0.22103023  14.        ]
[121.          59.           0.22157914  15.        ]
[122.          55.           0.22963529  16.        ]
[123.         108.           0.24446124  20.        ]
[ 60.         120.           0.25111582  16.        ]
[ 64.         102.           0.25989081   3.        ]
[111.          58.           0.26319619   8.        ]
[124.         127.           0.26709276  28.        ]
[126.          90.           0.27130088   6.        ]
[ 91.         125.           0.27510298  18.        ]
[ 16.         129.           0.27899211   7.        ]
[ 54.         131.           0.29150983   8.        ]
[128.          75.           0.29991456  29.        ]
[133.          43.           0.30632035  30.        ]
[134.        132.          0.3092309  38.       ]
[135.         130.           0.33345033  56.        ]
[ 68.         116.           0.38691145   8.        ]
[70.         65.          0.40376243  2.        ]
[ 61.         136.           0.40901097  57.        ]
[  1.         139.           0.43589481  58.        ]
[ 35.         140.           0.45948132  59.        ]
[138.          30.           0.48947852   3.        ]
[141.        137.          0.5123134  67.       ]
[143.          27.           0.52884956  68.        ]
[144.         142.           0.53091381  71.        ]
[ 18.         145.           0.53726138  72.        ]
[ 0.         17.          0.53976659  2.        ]
[147.          26.           0.68818115   3.        ]
[148.           2.           0.71190137   4.        ]
[149.         146.           0.77236348  76.        ]
