[4.00000000e+00 5.10000000e+01 1.91547754e-02 2.00000000e+00]
[ 5.         21.          0.03130171  2.        ]
[12.          3.          0.06430267  2.        ]
[7.80000000e+01 4.00000000e+01 7.18212479e-02 3.00000000e+00]
[57.        72.         0.0784152  2.       ]
[47.        77.         0.0874869  3.       ]
[31.         69.          0.08933721  2.        ]
[63.         79.          0.09735883  4.        ]
[39.         80.          0.09765231  3.        ]
[48.         84.          0.09996407  4.        ]
[ 6.         42.          0.10121282  2.        ]
[15.         32.          0.10463021  2.        ]
[49.         73.          0.10659854  2.        ]
[36.         81.          0.10830826  4.        ]
[ 9.         83.          0.10889318  5.        ]
[13.         24.          0.11006375  2.        ]
[37.         62.          0.11232774  2.        ]
[44.         71.          0.11598038  2.        ]
[14.         91.          0.11881152  3.        ]
[33.        34.         0.1211238  2.       ]
[94.         45.          0.12269469  4.        ]
[88.         74.          0.12579939  3.        ]
[38.         50.          0.13265752  2.        ]
[97.         98.          0.13835572  5.        ]
[29.         99.          0.14099397  6.        ]
[89.         85.          0.14247986  8.        ]
[ 8.        66.         0.1473706  2.       ]
[11.         25.          0.14834209  2.        ]
[101.          95.           0.15018908  10.        ]
[104.          46.           0.15158807  11.        ]
[90.         67.          0.16009832  6.        ]
[28.         58.          0.16417984  2.        ]
[92.         52.          0.16613722  3.        ]
[ 23.        105.          0.1691081  12.       ]
[ 7.         96.          0.17600709  5.        ]
[106.         108.           0.18037195   9.        ]
[111.          87.           0.18782619  11.        ]
[100.          93.           0.19136875   8.        ]
[ 53.         109.           0.19937401  13.        ]
[113.         56.          0.2032306   9.       ]
[22.        64.         0.2044943  2.       ]
[ 19.         114.           0.20862171  14.        ]
[ 86.         112.           0.20873817  13.        ]
[103.         107.           0.21493083   4.        ]
[110.         117.           0.22814435  19.        ]
[ 18.         102.           0.22926378   3.        ]
[ 41.         121.           0.23129041   4.        ]
[ 10.         118.           0.23596164  14.        ]
[82.         55.          0.24450655  3.        ]
[ 20.         120.           0.25159802  20.        ]
[ 16.        125.          0.2555758  21.       ]
[115.          60.           0.25952193  10.        ]
[ 17.         127.           0.26586612  11.        ]
[ 59.        123.          0.2745544  15.       ]
[  2.         119.           0.28286524   5.        ]
[35.         54.          0.29150983  2.        ]
[124.          75.           0.29561635   4.        ]
[129.         126.           0.31097513  36.        ]
[116.        133.          0.3142114  38.       ]
[134.          43.           0.34314105  39.        ]
[131.          68.           0.36421019   3.        ]
[135.          61.           0.36665451  40.        ]
[132.         122.           0.39354788   8.        ]
[136.         137.           0.40883088  43.        ]
[ 76.         139.           0.40999356  45.        ]
[130.          70.           0.41800551   6.        ]
[  1.         140.           0.46055286  46.        ]
[141.        138.          0.4888466  14.       ]
[  0.         128.           0.50489658  12.        ]
[142.          27.           0.56629333  47.        ]
[144.         143.           0.61020402  26.        ]
[146.         145.           0.65248381  73.        ]
[26.         65.          0.65973787  2.        ]
[147.          30.           0.71287845  74.        ]
[149.         148.           0.79942777  76.        ]
