[4.00000000e+00 5.10000000e+01 1.91547754e-02 2.00000000e+00]
[ 5.         21.          0.03130171  2.        ]
[12.          3.          0.06430267  2.        ]
[7.80000000e+01 4.00000000e+01 7.18212479e-02 3.00000000e+00]
[57.        72.         0.0784152  2.       ]
[47.        77.         0.0874869  3.       ]
[31.         69.          0.08933721  2.        ]
[63.         79.          0.09735883  4.        ]
[39.         80.          0.09765231  3.        ]
[48.         84.          0.09996407  4.        ]
[ 6.         42.          0.10121282  2.        ]
[15.         32.          0.10463021  2.        ]
[49.         73.          0.10659854  2.        ]
[36.         81.          0.10830826  4.        ]
[ 9.         83.          0.10889318  5.        ]
[13.         24.          0.11006375  2.        ]
[37.         62.          0.11232774  2.        ]
[44.         71.          0.11598038  2.        ]
[14.         91.          0.11881152  3.        ]
[33.        34.         0.1211238  2.       ]
[94.         45.          0.12269469  4.        ]
[88.         74.          0.12579939  3.        ]
[38.         50.          0.13265752  2.        ]
[97.         98.          0.13835572  5.        ]
[29.         99.          0.14099397  6.        ]
[89.         85.          0.14247986  8.        ]
[ 8.        66.         0.1473706  2.       ]
[11.         25.          0.14834209  2.        ]
[101.          95.           0.15018908  10.        ]
[104.          46.           0.15158807  11.        ]
[90.         86.          0.16009832  7.        ]
[28.         58.          0.16417984  2.        ]
[92.         52.          0.16613722  3.        ]
[ 23.        105.          0.1691081  12.       ]
[  7.         106.           0.17600709   8.        ]
[ 67.         110.           0.19079495   9.        ]
[100.          93.           0.19136875   8.        ]
[ 53.         109.           0.19937401  13.        ]
[96.         82.          0.20279063  6.        ]
[112.         56.          0.2032306   9.       ]
[22.        64.         0.2044943  2.       ]
[ 19.         113.           0.20862171  14.        ]
[111.          87.           0.20964174  11.        ]
[ 20.         118.           0.21293658  12.        ]
[103.         107.           0.21493083   4.        ]
[ 41.         117.           0.22926378  15.        ]
[102.          18.           0.23152256   3.        ]
[ 59.         121.           0.23596164  16.        ]
[ 10.         123.           0.24040039  17.        ]
[114.         119.           0.24352886  18.        ]
[116.        108.          0.2555758   5.       ]
[ 16.         126.           0.25656499   6.        ]
[115.         125.           0.25952193  27.        ]
[128.          60.           0.27464229  28.        ]
[  2.         120.           0.28286524   5.        ]
[35.         54.          0.29150983  2.        ]
[127.          61.           0.30776454   7.        ]
[ 55.        129.          0.3152691  29.       ]
[124.          43.           0.32252449  18.        ]
[122.          75.           0.32571852   4.        ]
[134.         133.           0.34634358  47.        ]
[131.          68.           0.36421019   3.        ]
[136.         132.           0.36967618  54.        ]
[ 76.         137.           0.40883088   5.        ]
[135.         138.           0.41743118  58.        ]
[130.          70.           0.41800551   6.        ]
[  1.         139.           0.47292196   6.        ]
[  0.         140.           0.47915155  59.        ]
[143.         141.           0.55186149  65.        ]
[142.          27.           0.58713812   7.        ]
[144.          17.           0.59691561  66.        ]
[26.         65.          0.65973787  2.        ]
[146.        145.          0.6618639  73.       ]
[148.          30.           0.73599701  74.        ]
[149.         147.           0.74427571  76.        ]
