[4.00000000e+00 5.10000000e+01 1.91547754e-02 2.00000000e+00]
[ 5.         21.          0.03130171  2.        ]
[12.          3.          0.06430267  2.        ]
[7.80000000e+01 4.00000000e+01 7.18212479e-02 3.00000000e+00]
[57.        72.         0.0784152  2.       ]
[36.        47.         0.0874869  2.       ]
[31.         69.          0.08933721  2.        ]
[45.         63.          0.09735883  2.        ]
[39.         48.          0.09765231  2.        ]
[79.         62.          0.10001424  4.        ]
[ 6.         42.          0.10121282  2.        ]
[15.         32.          0.10463021  2.        ]
[17.         49.          0.10659854  2.        ]
[13.         24.          0.11006375  2.        ]
[44.         71.          0.11598038  2.        ]
[ 9.         85.          0.11786027  5.        ]
[33.        34.         0.1211238  2.       ]
[77.         81.          0.12284345  4.        ]
[84.         80.          0.12990491  4.        ]
[29.         73.          0.13113949  2.        ]
[38.         50.          0.13265752  2.        ]
[83.         91.          0.13782825  7.        ]
[37.         52.          0.14327757  2.        ]
[88.         74.          0.14345445  3.        ]
[89.         14.          0.14476909  3.        ]
[ 8.        66.         0.1473706  2.       ]
[11.         25.          0.14834209  2.        ]
[94.         46.          0.14943503  5.        ]
[18.         92.          0.15848961  3.        ]
[93.         23.          0.16068409  5.        ]
[28.         58.          0.16417984  2.        ]
[105.          82.           0.17286219   7.        ]
[100.          97.           0.17527876  10.        ]
[ 7.         19.          0.17600709  2.        ]
[95.         90.          0.17790917  4.        ]
[ 10.        103.          0.1783294   6.       ]
[20.         96.          0.17928932  3.        ]
[110.          56.           0.18847166   5.        ]
[87.         67.          0.19079495  3.        ]
[ 86.         109.           0.20102902   4.        ]
[22.        64.         0.2044943  2.       ]
[115.         108.           0.21320222  14.        ]
[114.         98.          0.2140809   5.       ]
[102.         106.           0.21493083   4.        ]
[41.         53.          0.21507557  2.        ]
[107.        101.          0.2158459   9.       ]
[111.          59.           0.22692883   7.        ]
[ 99.         113.           0.23165164   8.        ]
[ 16.        116.          0.2555758   3.       ]
[123.         112.           0.25729353  11.        ]
[121.          55.           0.26007278  10.        ]
[120.         126.           0.26332611  12.        ]
[122.         104.           0.26393371  10.        ]
[117.         118.           0.28069076  19.        ]
[  2.         119.           0.28286524   5.        ]
[125.          60.           0.28683727  12.        ]
[128.        127.          0.2874141  22.       ]
[35.         54.          0.29150983  2.        ]
[124.          61.           0.30255174   4.        ]
[129.         134.           0.30806759  23.        ]
[132.         43.          0.3521868  23.       ]
[133.          68.           0.36421019   3.        ]
[135.         136.           0.36558169  46.        ]
[ 0.         75.          0.37522376  2.        ]
[ 76.         137.           0.40883088   5.        ]
[130.          70.           0.41800551   6.        ]
[139.         138.           0.43225497  48.        ]
[  1.         140.           0.47292196   6.        ]
[142.         131.           0.47738062  60.        ]
[144.         141.           0.54994252  66.        ]
[145.          27.           0.56937547  67.        ]
[146.        143.          0.6462154  73.       ]
[26.         65.          0.65973787  2.        ]
[147.          30.           0.73205077  74.        ]
[149.         148.           0.74348464  76.        ]
