[4.00000000e+00 5.10000000e+01 1.91547754e-02 2.00000000e+00]
[ 5.         21.          0.03130171  2.        ]
[12.         40.          0.06430267  2.        ]
[3.00000000e+00 7.80000000e+01 7.24993721e-02 3.00000000e+00]
[57.        72.         0.0784152  2.       ]
[36.        47.         0.0874869  2.       ]
[31.         69.          0.08933721  2.        ]
[45.         63.          0.09735883  2.        ]
[39.         48.          0.09765231  2.        ]
[ 6.         42.          0.10121282  2.        ]
[15.         32.          0.10463021  2.        ]
[17.         49.          0.10659854  2.        ]
[13.         24.          0.11006375  2.        ]
[37.         62.          0.11232774  2.        ]
[44.         71.          0.11598038  2.        ]
[79.          9.          0.11812507  4.        ]
[33.        34.         0.1211238  2.       ]
[77.         81.          0.12284345  4.        ]
[84.         80.          0.12990491  4.        ]
[29.         73.          0.13113949  2.        ]
[38.         50.          0.13265752  2.        ]
[14.         83.          0.13782825  3.        ]
[88.         97.          0.14220276  5.        ]
[87.         74.          0.14345445  3.        ]
[ 8.        66.         0.1473706  2.       ]
[11.         25.          0.14834209  2.        ]
[94.         46.          0.14943503  5.        ]
[91.         89.          0.14969242  6.        ]
[18.         92.          0.15848961  3.        ]
[93.         23.          0.16068409  5.        ]
[28.         58.          0.16417984  2.        ]
[105.          82.           0.17286219   7.        ]
[ 7.         19.          0.17600709  2.        ]
[95.         90.          0.17790917  4.        ]
[ 10.        102.          0.1783294   6.       ]
[20.         96.          0.17928932  3.        ]
[103.          86.           0.18207202   8.        ]
[109.          56.           0.18847166   5.        ]
[108.          98.           0.19994185   7.        ]
[22.        64.         0.2044943  2.       ]
[112.         67.          0.2052408   9.       ]
[ 85.         114.           0.21400779   9.        ]
[101.         106.           0.21493083   4.        ]
[41.         53.          0.21507557  2.        ]
[107.        100.          0.2158459   9.       ]
[116.          52.           0.22135311  10.        ]
[110.          59.           0.22692883   7.        ]
[ 99.         113.           0.23165164   8.        ]
[ 16.        115.          0.2555758   3.       ]
[123.         111.           0.25729353  11.        ]
[120.          55.           0.26007278  10.        ]
[122.         119.           0.26332611   9.        ]
[127.         104.           0.26445038  12.        ]
[121.         117.           0.27156802  19.        ]
[  2.         118.           0.28286524   5.        ]
[126.          75.           0.28622169  11.        ]
[125.          60.           0.28683727  12.        ]
[129.         124.           0.29106906  22.        ]
[35.         54.          0.29150983  2.        ]
[133.          61.           0.31631024  23.        ]
[131.         128.           0.32823775  23.        ]
[  0.         135.           0.36293654  24.        ]
[134.          68.           0.36421019   3.        ]
[76.         43.          0.38261261  3.        ]
[130.          70.           0.41800551   6.        ]
[139.         138.           0.41924146   6.        ]
[137.         132.           0.44902868  36.        ]
[  1.         141.           0.46713631   7.        ]
[142.        136.          0.4774175  59.       ]
[144.         140.           0.56653476  65.        ]
[143.          27.           0.56971618   8.        ]
[145.         146.           0.61366084  73.        ]
[26.         65.          0.65973787  2.        ]
[147.         30.          0.7220867  74.       ]
[149.         148.           0.74073901  76.        ]
