[4.00000000e+00 5.10000000e+01 1.91547754e-02 2.00000000e+00]
[ 5.         21.          0.03130171  2.        ]
[12.          3.          0.06430267  2.        ]
[7.80000000e+01 4.00000000e+01 7.18212479e-02 3.00000000e+00]
[57.        72.         0.0784152  2.       ]
[47.        77.         0.0874869  3.       ]
[31.         69.          0.08933721  2.        ]
[63.         79.          0.09735883  4.        ]
[39.         80.          0.09765231  3.        ]
[48.         84.          0.09996407  4.        ]
[ 6.         42.          0.10121282  2.        ]
[32.         83.          0.10463021  5.        ]
[49.         73.          0.10659854  2.        ]
[36.         85.          0.10830826  5.        ]
[13.         24.          0.11006375  2.        ]
[37.         62.          0.11232774  2.        ]
[44.         71.          0.11598038  2.        ]
[14.         90.          0.11881152  3.        ]
[33.        89.         0.1211238  6.       ]
[45.         87.          0.12269469  6.        ]
[88.         74.          0.12579939  3.        ]
[ 9.         95.          0.12996679  7.        ]
[38.         96.          0.13265752  4.        ]
[94.         81.          0.14035781  9.        ]
[29.         98.          0.14099397  5.        ]
[ 8.        66.         0.1473706  2.       ]
[25.         82.          0.14834209  3.        ]
[99.         46.          0.15032116 10.        ]
[ 34.         103.           0.15875333  11.        ]
[23.         50.          0.16391823  2.        ]
[28.         58.          0.16417984  2.        ]
[91.         52.          0.16613722  3.        ]
[ 11.         102.           0.17330972   4.        ]
[ 18.         104.           0.17452257  12.        ]
[86.         97.          0.17526918  9.        ]
[  7.         110.           0.17600709  10.        ]
[ 67.         107.           0.19394434   4.        ]
[100.          92.           0.19703276   7.        ]
[ 19.         111.           0.19937401  11.        ]
[ 15.         112.           0.20105205   5.        ]
[ 64.        115.          0.2044943   6.       ]
[113.         56.          0.2075473   8.       ]
[ 41.         109.           0.21507557  13.        ]
[ 93.         114.           0.21665603  14.        ]
[119.          20.           0.22717878  15.        ]
[ 22.        116.          0.2354956   7.       ]
[ 10.         121.           0.23596164   8.        ]
[ 55.         120.           0.23605206  16.        ]
[105.         123.           0.24587549  18.        ]
[118.          53.           0.24924907  14.        ]
[108.         124.           0.25942729  22.        ]
[117.          60.           0.26894393   9.        ]
[101.         126.           0.27026196  24.        ]
[122.         106.           0.27031679  10.        ]
[ 17.         127.           0.27498034  10.        ]
[ 59.         128.           0.27884613  25.        ]
[ 61.         129.           0.27899211  11.        ]
[132.          43.           0.28467593  12.        ]
[ 16.        133.          0.2864612  13.       ]
[ 54.         134.           0.29150983  14.        ]
[125.         131.           0.31205704  39.        ]
[ 0.         75.          0.37522376  2.        ]
[ 35.         135.           0.38691145  15.        ]
[ 2.         70.          0.40376243  2.        ]
[138.         136.           0.40781719  54.        ]
[ 76.         140.           0.44197168  56.        ]
[141.         130.           0.46334921  66.        ]
[142.          68.           0.48917995  67.        ]
[  1.        143.          0.4963101  68.       ]
[137.         139.           0.53351712   4.        ]
[144.          27.           0.57139667  69.        ]
[26.         65.          0.65973787  2.        ]
[146.          30.           0.68326078  70.        ]
[145.         148.           0.70603198  74.        ]
[149.         147.           0.80989106  76.        ]
