[4.00000000e+00 5.10000000e+01 1.91547754e-02 2.00000000e+00]
[ 5.         21.          0.03130171  2.        ]
[12.          3.          0.06430267  2.        ]
[7.80000000e+01 4.00000000e+01 7.18212479e-02 3.00000000e+00]
[57.        72.         0.0784152  2.       ]
[47.        77.         0.0874869  3.       ]
[31.         69.          0.08933721  2.        ]
[45.         63.          0.09735883  2.        ]
[39.         80.          0.09765231  3.        ]
[48.         84.          0.09996407  4.        ]
[79.         62.          0.10001424  4.        ]
[ 6.         42.          0.10121282  2.        ]
[15.         32.          0.10463021  2.        ]
[49.         73.          0.10659854  2.        ]
[36.         81.          0.10830826  4.        ]
[13.         24.          0.11006375  2.        ]
[44.         71.          0.11598038  2.        ]
[ 9.         86.          0.11786027  5.        ]
[33.        34.         0.1211238  2.       ]
[89.         74.          0.12579939  3.        ]
[38.         50.          0.13265752  2.        ]
[83.         93.          0.13782825  7.        ]
[95.         96.          0.13835572  5.        ]
[29.         98.          0.14099397  6.        ]
[90.         85.          0.14247986  8.        ]
[37.         52.          0.14327757  2.        ]
[91.         97.          0.14476909  9.        ]
[ 8.        66.         0.1473706  2.       ]
[14.        82.         0.1475934  3.       ]
[11.         25.          0.14834209  2.        ]
[100.          94.           0.15018908  10.        ]
[106.          46.           0.15158807  11.        ]
[28.         58.          0.16417984  2.        ]
[ 23.        107.          0.1691081  12.       ]
[  7.         102.           0.17600709  10.        ]
[88.         67.          0.19079495  3.        ]
[99.         92.          0.19136875  8.        ]
[ 87.         110.           0.19626686  12.        ]
[ 53.         109.           0.19937401  13.        ]
[112.         56.          0.2032306   9.       ]
[22.        64.         0.2044943  2.       ]
[ 19.         114.           0.20862171  14.        ]
[111.        101.          0.2140809   5.       ]
[105.         108.           0.21493083   4.        ]
[ 41.         117.           0.22926378  15.        ]
[103.          18.           0.23152256   3.        ]
[113.          20.           0.23233977  13.        ]
[ 59.         120.           0.23596164  16.        ]
[ 10.         116.           0.24040039   3.        ]
[104.          55.           0.24893554   4.        ]
[ 17.         115.           0.25952193  10.        ]
[ 16.         122.           0.26943101  14.        ]
[125.          75.           0.26958998   5.        ]
[127.         118.           0.28204576  19.        ]
[  2.         119.           0.28286524   5.        ]
[124.         129.           0.28688872  22.        ]
[35.         54.          0.29150983  2.        ]
[126.         123.           0.30142727  26.        ]
[128.          60.           0.30314223   6.        ]
[131.          61.           0.32872487  23.        ]
[135.          43.           0.35600195  24.        ]
[132.          68.           0.36421019   3.        ]
[121.         134.           0.40106931   9.        ]
[ 76.         137.           0.40883088   5.        ]
[130.          70.           0.41800551   6.        ]
[136.         133.           0.44451416  50.        ]
[138.         141.           0.46339484  59.        ]
[  0.         142.           0.47185988  60.        ]
[  1.         139.           0.47292196   6.        ]
[143.         140.           0.55811852  66.        ]
[144.          27.           0.58713812   7.        ]
[145.         146.           0.65905478  73.        ]
[26.         65.          0.65973787  2.        ]
[147.         148.           0.72946085  75.        ]
[149.         30.          0.7335212  76.       ]
