[  6. 129.   0.   2.]
[64. 68.  0.  2.]
[541.  93.   0.   3.]
[542. 123.   0.   4.]
[543. 214.   0.   5.]
[544. 261.   0.   6.]
[ 72. 437.   0.   2.]
[ 90. 518.   0.   2.]
[140. 298.   0.   2.]
[220. 295.   0.   2.]
[270. 271.   0.   2.]
[550. 170.   0.   3.]
[300. 302.   0.   2.]
[7.80000000e+01 3.15000000e+02 1.05367121e-08 2.00000000e+00]
[5.53000000e+02 1.25000000e+02 1.34463448e-08 3.00000000e+00]
[1.00000000e+00 2.16000000e+02 1.49011612e-08 2.00000000e+00]
[5.55000000e+02 3.32000000e+02 1.49011612e-08 3.00000000e+00]
[3.59000000e+02 4.13000000e+02 1.49011612e-08 2.00000000e+00]
[1.36000000e+02 3.36000000e+02 1.82501207e-08 2.00000000e+00]
[5.00000000e+01 1.35000000e+02 2.10734243e-08 2.00000000e+00]
[5.59000000e+02 5.49000000e+02 2.10734243e-08 4.00000000e+00]
[7.40000000e+01 9.10000000e+01 2.10734243e-08 2.00000000e+00]
[5.61000000e+02 3.17000000e+02 2.10734243e-08 3.00000000e+00]
[9.50000000e+01 1.52000000e+02 2.10734243e-08 2.00000000e+00]
[5.63000000e+02 2.40000000e+02 2.10734243e-08 3.00000000e+00]
[5.64000000e+02 3.01000000e+02 2.10734243e-08 4.00000000e+00]
[5.65000000e+02 3.08000000e+02 2.10734243e-08 5.00000000e+00]
[5.66000000e+02 5.60000000e+02 2.10734243e-08 9.00000000e+00]
[3.07000000e+02 5.67000000e+02 2.10734243e-08 1.00000000e+01]
[1.96000000e+02 3.50000000e+02 2.10734243e-08 2.00000000e+00]
[1.78000000e+02 2.45000000e+02 2.10734243e-08 2.00000000e+00]
[5.52000000e+02 2.05000000e+02 2.48352687e-08 3.00000000e+00]
[6.10000000e+01 2.36000000e+02 3.65002415e-08 2.00000000e+00]
[5.62000000e+02 2.74000000e+02 7.74287048e-08 4.00000000e+00]
[5.68000000e+02 3.29000000e+02 1.38557715e-02 1.10000000e+01]
[5.51000000e+02 2.29000000e+02 1.53372363e-02 4.00000000e+00]
[5.7400000e+02 1.3000000e+02 2.4584354e-02 1.2000000e+01]
[5.76000000e+02 3.28000000e+02 3.52190865e-02 1.30000000e+01]
[5.48000000e+02 5.75000000e+02 3.65727757e-02 6.00000000e+00]
[5.71000000e+02 5.45000000e+02 4.02741823e-02 9.00000000e+00]
[3.09000000e+02 4.42000000e+02 4.20272775e-02 2.00000000e+00]
[5.77000000e+02 2.39000000e+02 4.53273591e-02 1.40000000e+01]
[5.81000000e+02 1.94000000e+02 5.54634854e-02 1.50000000e+01]
[8.10000000e+01 5.82000000e+02 6.42054387e-02 1.60000000e+01]
[21.         40.          0.06525923  2.        ]
[2.18000000e+02 1.55000000e+02 6.67553151e-02 2.00000000e+00]
[2.06000000e+02 3.22000000e+02 7.56541011e-02 2.00000000e+00]
[3.00000000e+01 2.09000000e+02 8.06748589e-02 2.00000000e+00]
[3.39000000e+02 4.73000000e+02 8.52938749e-02 2.00000000e+00]
[4.90000000e+01 2.46000000e+02 8.70285231e-02 2.00000000e+00]
[3.66000000e+02 5.17000000e+02 8.77495348e-02 2.00000000e+00]
[4.92000000e+02 5.23000000e+02 1.06293885e-01 2.00000000e+00]
[3.9700000e+02 4.4400000e+02 1.0810634e-01 2.0000000e+00]
[1.24000000e+02 3.05000000e+02 1.08530518e-01 2.00000000e+00]
[1.28000000e+02 2.91000000e+02 1.09913936e-01 2.00000000e+00]
[3.20000000e+02 4.06000000e+02 1.13231418e-01 2.00000000e+00]
[2.90000000e+01 5.87000000e+02 1.16059314e-01 3.00000000e+00]
[5.16000000e+02 4.10000000e+02 1.16855715e-01 2.00000000e+00]
[1.43000000e+02 5.93000000e+02 1.18843233e-01 3.00000000e+00]
[4.38000000e+02 3.82000000e+02 1.19510912e-01 2.00000000e+00]
[5.73000000e+02 1.64000000e+02 1.20307118e-01 5.00000000e+00]
[4.26000000e+02 2.38000000e+02 1.23291247e-01 2.00000000e+00]
[5.40000000e+01 1.48000000e+02 1.23449399e-01 2.00000000e+00]
[3.67000000e+02 5.26000000e+02 1.27924535e-01 2.00000000e+00]
[2.9000000e+02 5.3000000e+02 1.2863548e-01 2.0000000e+00]
[5.78000000e+02 3.34000000e+02 1.31503356e-01 7.00000000e+00]
[4.36000000e+02 5.22000000e+02 1.31911863e-01 2.00000000e+00]
[4.02000000e+02 4.89000000e+02 1.32364684e-01 2.00000000e+00]
[3.00000000e+00 5.58000000e+02 1.32801284e-01 3.00000000e+00]
[5.20000000e+01 5.99000000e+02 1.33440134e-01 3.00000000e+00]
[5.6900000e+02 5.9500000e+02 1.3575131e-01 4.0000000e+00]
[2.62000000e+02 6.05000000e+02 1.35758706e-01 8.00000000e+00]
[2.13000000e+02 3.86000000e+02 1.37608285e-01 2.00000000e+00]
[5.56000000e+02 1.86000000e+02 1.38599917e-01 4.00000000e+00]
[5.79000000e+02 1.09000000e+02 1.41032493e-01 1.00000000e+01]
[5.80000000e+02 3.51000000e+02 1.43487876e-01 3.00000000e+00]
[2.70000000e+01 1.72000000e+02 1.44948965e-01 2.00000000e+00]
[3.69000000e+02 5.83000000e+02 1.45395614e-01 1.70000000e+01]
[3.96000000e+02 4.14000000e+02 1.46739892e-01 2.00000000e+00]
[1.60000000e+01 4.39000000e+02 1.46763247e-01 2.00000000e+00]
[6.14000000e+02 3.24000000e+02 1.48404355e-01 1.10000000e+01]
[8.00000000e+01 4.09000000e+02 1.51588644e-01 2.00000000e+00]
[9.00000000e+00 5.54000000e+02 1.51905196e-01 4.00000000e+00]
[65.         76.          0.15853869  2.        ]
[5.57000000e+02 5.97000000e+02 1.58724508e-01 4.00000000e+00]
[2.4700000e+02 6.1000000e+02 1.6354979e-01 5.0000000e+00]
[6.00000000e+02 2.04000000e+02 1.63932763e-01 6.00000000e+00]
[1.85000000e+02 1.95000000e+02 1.65685387e-01 2.00000000e+00]
[6.20000000e+02 4.68000000e+02 1.66250803e-01 1.20000000e+01]
[2.97000000e+02 4.27000000e+02 1.67879148e-01 2.00000000e+00]
[5.00000000e+00 2.07000000e+02 1.71191335e-01 2.00000000e+00]
[5.32000000e+02 4.77000000e+02 1.79253896e-01 2.00000000e+00]
[5.94000000e+02 1.65000000e+02 1.82652293e-01 3.00000000e+00]
[4.18000000e+02 4.61000000e+02 1.87338283e-01 2.00000000e+00]
[3.48000000e+02 6.03000000e+02 1.88619278e-01 3.00000000e+00]
[3.18000000e+02 5.09000000e+02 1.94485694e-01 2.00000000e+00]
[3.45000000e+02 5.40000000e+02 1.94649054e-01 3.00000000e+00]
[9.20000000e+01 2.69000000e+02 1.96323204e-01 2.00000000e+00]
[5.85000000e+02 9.80000000e+01 1.99241614e-01 3.00000000e+00]
[4.10000000e+01 6.09000000e+02 2.00600634e-01 4.00000000e+00]
[6.08000000e+02 1.76000000e+02 2.02240186e-01 4.00000000e+00]
[1.80000000e+02 6.32000000e+02 2.03738013e-01 4.00000000e+00]
[5.11000000e+02 6.19000000e+02 2.03861056e-01 3.00000000e+00]
[6.31000000e+02 1.22000000e+02 2.06557304e-01 3.00000000e+00]
[6.0100000e+02 4.3200000e+02 2.0885161e-01 3.0000000e+00]
[6.4100000e+02 6.2000000e+01 2.0897721e-01 5.0000000e+00]
[1.70000000e+01 2.83000000e+02 2.10534974e-01 2.00000000e+00]
[3.81000000e+02 4.05000000e+02 2.10682214e-01 2.00000000e+00]
[1.42000000e+02 5.90000000e+02 2.12677255e-01 3.00000000e+00]
[6.22000000e+02 6.40000000e+02 2.28415228e-01 8.00000000e+00]
[6.15000000e+02 3.65000000e+02 2.31205156e-01 4.00000000e+00]
[6.45000000e+02 3.33000000e+02 2.32019464e-01 6.00000000e+00]
[6.13000000e+02 1.99000000e+02 2.33173395e-01 5.00000000e+00]
[6.51000000e+02 1.15000000e+02 2.35904625e-01 7.00000000e+00]
[2.30000000e+02 6.43000000e+02 2.36124146e-01 4.00000000e+00]
[ 67.         150.           0.23819264   2.        ]
[4.15000000e+02 4.60000000e+02 2.38603893e-01 2.00000000e+00]
[6.53000000e+02 2.08000000e+02 2.44436474e-01 8.00000000e+00]
[ 19.         104.           0.24622002   2.        ]
[ 70.         183.           0.24680608   2.        ]
[6.11000000e+02 4.00000000e+00 2.53262044e-01 9.00000000e+00]
[6.57000000e+02 2.02000000e+02 2.54330518e-01 9.00000000e+00]
[ 83.         184.           0.25527496   2.        ]
[4.33000000e+02 2.20000000e+01 2.58566205e-01 2.00000000e+00]
[1.53000000e+02 6.26000000e+02 2.60142091e-01 7.00000000e+00]
[6.4800000e+02 5.1900000e+02 2.6322075e-01 4.0000000e+00]
[6.61000000e+02 1.12000000e+02 2.63238464e-01 1.00000000e+01]
[4.08000000e+02 6.59000000e+02 2.64167955e-01 3.00000000e+00]
[2.37000000e+02 4.90000000e+02 2.64998226e-01 2.00000000e+00]
[6.60000000e+02 3.80000000e+02 2.69182665e-01 1.00000000e+01]
[6.44000000e+02 3.10000000e+01 2.72396777e-01 4.00000000e+00]
[6.38000000e+02 2.19000000e+02 2.75208013e-01 4.00000000e+00]
[3.50000000e+01 6.30000000e+02 2.77393167e-01 3.00000000e+00]
[6.49000000e+02 1.56000000e+02 2.78215462e-01 9.00000000e+00]
[3.27000000e+02 3.20000000e+01 2.80190419e-01 2.00000000e+00]
[5.08000000e+02 6.42000000e+02 2.81112942e-01 4.00000000e+00]
[5.98000000e+02 4.45000000e+02 2.81269532e-01 4.00000000e+00]
[6.66000000e+02 1.67000000e+02 2.82213562e-01 1.10000000e+01]
[6.50000000e+02 3.94000000e+02 2.83327579e-01 5.00000000e+00]
[5.96000000e+02 4.86000000e+02 2.83376389e-01 4.00000000e+00]
[6.36000000e+02 6.02000000e+02 2.84011039e-01 5.00000000e+00]
[1.44000000e+02 6.24000000e+02 2.84130849e-01 5.00000000e+00]
[6.25000000e+02 2.49000000e+02 2.84178573e-01 6.00000000e+00]
[4.00000000e+02 6.69000000e+02 2.86300725e-01 1.10000000e+01]
[6.62000000e+02 8.60000000e+01 2.87124422e-01 3.00000000e+00]
[2.51000000e+02 6.28000000e+02 2.91067456e-01 1.30000000e+01]
[6.77000000e+02 6.75000000e+02 2.95250149e-01 1.50000000e+01]
[2.27000000e+02 3.40000000e+02 2.97744078e-01 2.00000000e+00]
[2.00000000e+01 5.86000000e+02 3.03448233e-01 3.00000000e+00]
[2.56000000e+02 6.72000000e+02 3.03592885e-01 4.00000000e+00]
[1.8200000e+02 6.6700000e+02 3.0403392e-01 4.0000000e+00]
[4.6000000e+01 6.7400000e+02 3.0733919e-01 3.0000000e+00]
[4.67000000e+02 6.23000000e+02 3.08410621e-01 3.00000000e+00]
[0.00000000e+00 4.65000000e+02 3.09590273e-01 2.00000000e+00]
[6.52000000e+02 6.73000000e+02 3.10205898e-01 1.40000000e+01]
[5.70000000e+02 2.85000000e+02 3.11151656e-01 3.00000000e+00]
[6.71000000e+02 6.47000000e+02 3.16619637e-01 6.00000000e+00]
[6.70000000e+02 3.26000000e+02 3.20274164e-01 5.00000000e+00]
[3.4900000e+02 6.8000000e+02 3.2179643e-01 6.0000000e+00]
[1.54000000e+02 6.90000000e+02 3.25086566e-01 5.00000000e+00]
[6.58000000e+02 6.83000000e+02 3.27709786e-01 1.30000000e+01]
[6.17000000e+02 1.27000000e+02 3.32018728e-01 1.80000000e+01]
[2.72000000e+02 6.96000000e+02 3.33879597e-01 7.00000000e+00]
[5.12000000e+02 6.54000000e+02 3.34031824e-01 5.00000000e+00]
[4.95000000e+02 7.02000000e+02 3.34046414e-01 8.00000000e+00]
[6.84000000e+02 1.59000000e+02 3.34473184e-01 4.00000000e+00]
[1.40000000e+01 6.86000000e+02 3.34572489e-01 1.60000000e+01]
[6.04000000e+02 2.30000000e+01 3.35953893e-01 3.00000000e+00]
[7.01000000e+02 7.00000000e+02 3.39260307e-01 3.10000000e+01]
[1.21000000e+02 6.64000000e+02 3.39746917e-01 8.00000000e+00]
[2.7900000e+02 6.3900000e+02 3.4009775e-01 5.0000000e+00]
[7.07000000e+02 6.87000000e+02 3.42581372e-01 5.00000000e+00]
[3.61000000e+02 5.27000000e+02 3.43242707e-01 2.00000000e+00]
[102.         197.           0.34590264   2.        ]
[1.600000e+02 6.890000e+02 3.474656e-01 5.000000e+00]
[6.37000000e+02 7.09000000e+02 3.47862768e-01 1.00000000e+01]
[6.30000000e+01 6.97000000e+02 3.50255959e-01 6.00000000e+00]
[7.03000000e+02 5.28000000e+02 3.54707848e-01 6.00000000e+00]
[8.80000000e+01 6.65000000e+02 3.56069037e-01 5.00000000e+00]
[5.89000000e+02 4.80000000e+01 3.56909409e-01 3.00000000e+00]
[7.11000000e+02 3.93000000e+02 3.58084899e-01 6.00000000e+00]
[6.82000000e+02 2.10000000e+02 3.58812744e-01 7.00000000e+00]
[252.          82.           0.36020745   2.        ]
[7.17000000e+02 2.78000000e+02 3.65266402e-01 7.00000000e+00]
[6.93000000e+02 4.91000000e+02 3.67026746e-01 3.00000000e+00]
[2.80000000e+02 6.55000000e+02 3.68513036e-01 3.00000000e+00]
[2.21000000e+02 6.85000000e+02 3.68972972e-01 1.40000000e+01]
[100.          51.           0.37101662   2.        ]
[4.83000000e+02 7.04000000e+02 3.74362332e-01 9.00000000e+00]
[7.23000000e+02 3.21000000e+02 3.75597357e-01 8.00000000e+00]
[1.93000000e+02 7.18000000e+02 3.75825224e-01 6.00000000e+00]
[4.98000000e+02 4.55000000e+02 3.77809346e-01 2.00000000e+00]
[1.88000000e+02 6.98000000e+02 3.78231542e-01 7.00000000e+00]
[7.21000000e+02 7.28000000e+02 3.78588311e-01 1.60000000e+01]
[7.29000000e+02 3.41000000e+02 3.79101577e-01 9.00000000e+00]
[1.80000000e+01 6.88000000e+02 3.79276535e-01 4.00000000e+00]
[4.48000000e+02 7.08000000e+02 3.79916854e-01 3.20000000e+01]
[6.78000000e+02 3.35000000e+02 3.82089822e-01 6.00000000e+00]
[3.38000000e+02 6.91000000e+02 3.85683177e-01 4.00000000e+00]
[7.27000000e+02 2.55000000e+02 3.89440127e-01 3.00000000e+00]
[6.33000000e+02 3.73000000e+02 3.89505291e-01 3.00000000e+00]
[7.2400000e+02 1.3700000e+02 3.8955438e-01 4.0000000e+00]
[4.63000000e+02 7.22000000e+02 3.90262376e-01 3.00000000e+00]
[7.32000000e+02 1.00000000e+01 3.90458841e-01 8.00000000e+00]
[111.        139.          0.3910962   2.       ]
[7.36000000e+02 4.69000000e+02 3.91192563e-01 3.30000000e+01]
[5.15000000e+02 5.60000000e+01 3.91460847e-01 2.00000000e+00]
[3.30000000e+01 7.34000000e+02 3.93013241e-01 1.00000000e+01]
[6.34000000e+02 3.58000000e+02 3.94173576e-01 4.00000000e+00]
[7.45000000e+02 2.66000000e+02 3.95034028e-01 3.40000000e+01]
[7.43000000e+02 2.41000000e+02 3.97397167e-01 9.00000000e+00]
[2.50000000e+01 6.06000000e+02 3.97743079e-01 3.00000000e+00]
[4.87000000e+02 7.14000000e+02 3.99441176e-01 6.00000000e+00]
[7.49000000e+02 4.80000000e+02 3.99791836e-01 3.50000000e+01]
[7.42000000e+02 2.65000000e+02 4.00604815e-01 4.00000000e+00]
[2.32000000e+02 7.30000000e+02 4.00899529e-01 7.00000000e+00]
[7.40000000e+02 3.85000000e+02 4.03082319e-01 4.00000000e+00]
[3.37000000e+02 7.12000000e+02 4.03160443e-01 3.00000000e+00]
[7.41000000e+02 2.60000000e+02 4.03538616e-01 5.00000000e+00]
[7.13000000e+02 1.50000000e+01 4.03643319e-01 3.00000000e+00]
[4.5400000e+02 7.2600000e+02 4.0410966e-01 1.5000000e+01]
[6.95000000e+02 7.48000000e+02 4.06065824e-01 7.00000000e+00]
[5.90000000e+01 7.15000000e+02 4.07053889e-01 1.10000000e+01]
[7.3800000e+02 3.9000000e+01 4.0711971e-01 5.0000000e+00]
[4.700000e+01 7.190000e+02 4.079424e-01 4.000000e+00]
[5.07000000e+02 7.31000000e+02 4.08228249e-01 3.00000000e+00]
[6.99000000e+02 4.50000000e+02 4.09698934e-01 6.00000000e+00]
[8.70000000e+01 7.25000000e+02 4.10175388e-01 4.00000000e+00]
[7.54000000e+02 5.05000000e+02 4.11287128e-01 5.00000000e+00]
[2.67000000e+02 7.57000000e+02 4.13884127e-01 4.00000000e+00]
[2.59000000e+02 7.58000000e+02 4.14517538e-01 6.00000000e+00]
[7.50000000e+02 7.44000000e+02 4.15110489e-01 1.10000000e+01]
[7.63000000e+02 2.00000000e+02 4.15283914e-01 6.00000000e+00]
[7.55000000e+02 7.10000000e+02 4.16696044e-01 1.20000000e+01]
[7.90000000e+01 7.69000000e+02 4.17125325e-01 5.00000000e+00]
[4.64000000e+02 5.88000000e+02 4.17271059e-01 3.00000000e+00]
[7.56000000e+02 5.91000000e+02 4.17440462e-01 6.00000000e+00]
[2.94000000e+02 7.35000000e+02 4.17764795e-01 5.00000000e+00]
[5.70000000e+01 7.46000000e+02 4.17769747e-01 3.00000000e+00]
[7.59000000e+02 6.16000000e+02 4.20796257e-01 5.00000000e+00]
[7.73000000e+02 3.46000000e+02 4.23572874e-01 1.30000000e+01]
[1.17000000e+02 7.62000000e+02 4.25802938e-01 1.20000000e+01]
[2.99000000e+02 7.20000000e+02 4.26970639e-01 7.00000000e+00]
[2.33000000e+02 7.06000000e+02 4.27747757e-01 1.70000000e+01]
[3.10000000e+02 7.61000000e+02 4.32011711e-01 8.00000000e+00]
[7.5200000e+02 7.6800000e+02 4.3216203e-01 1.1000000e+01]
[7.39000000e+02 4.07000000e+02 4.32458731e-01 4.00000000e+00]
[7.76000000e+02 1.58000000e+02 4.32580474e-01 7.00000000e+00]
[7.72000000e+02 6.56000000e+02 4.34248617e-01 8.00000000e+00]
[3.80000000e+01 7.60000000e+02 4.34958253e-01 1.60000000e+01]
[7.77000000e+02 2.73000000e+02 4.35108891e-01 6.00000000e+00]
[2.60000000e+01 7.86000000e+02 4.35366322e-01 5.00000000e+00]
[1.810000e+02 4.760000e+02 4.375472e-01 2.000000e+00]
[7.10000000e+01 4.62000000e+02 4.37781194e-01 2.00000000e+00]
[3.40000000e+01 7.70000000e+02 4.38166367e-01 7.00000000e+00]
[ 94.         281.           0.44004323   2.        ]
[7.33000000e+02 7.82000000e+02 4.40581342e-01 2.30000000e+01]
[7.50000000e+01 7.91000000e+02 4.41292586e-01 6.00000000e+00]
[7.87000000e+02 4.96000000e+02 4.41485724e-01 8.00000000e+00]
[190.         203.           0.44214655   2.        ]
[3.56000000e+02 6.92000000e+02 4.42756046e-01 4.00000000e+00]
[6.68000000e+02 4.28000000e+02 4.43013559e-01 3.00000000e+00]
[7.90000000e+02 4.72000000e+02 4.43386703e-01 7.00000000e+00]
[7.71000000e+02 5.38000000e+02 4.43591132e-01 1.20000000e+01]
[1.05000000e+02 7.97000000e+02 4.45858841e-01 7.00000000e+00]
[4.2100000e+02 6.2700000e+02 4.4675474e-01 3.0000000e+00]
[2.5000000e+02 7.8400000e+02 4.4743765e-01 9.0000000e+00]
[4.94000000e+02 7.74000000e+02 4.47665703e-01 6.00000000e+00]
[2.80000000e+01 7.88000000e+02 4.48462904e-01 9.00000000e+00]
[1.20000000e+02 7.75000000e+02 4.48729869e-01 4.00000000e+00]
[114.         434.           0.44876313   2.        ]
[163.         440.           0.45190532   2.        ]
[7.98000000e+02 5.37000000e+02 4.52334058e-01 9.00000000e+00]
[4.35000000e+02 7.66000000e+02 4.52463526e-01 7.00000000e+00]
[3.71000000e+02 7.80000000e+02 4.52484222e-01 1.40000000e+01]
[1.33000000e+02 8.07000000e+02 4.52642318e-01 7.00000000e+00]
[3.63000000e+02 5.72000000e+02 4.53100824e-01 3.00000000e+00]
[2.54000000e+02 8.06000000e+02 4.54116288e-01 1.00000000e+01]
[1.57000000e+02 7.67000000e+02 4.54186674e-01 5.00000000e+00]
[2.48000000e+02 6.81000000e+02 4.55328836e-01 6.00000000e+00]
[1.1600000e+02 8.0400000e+02 4.5580649e-01 8.0000000e+00]
[3.91000000e+02 8.19000000e+02 4.56012604e-01 7.00000000e+00]
[2.96000000e+02 7.05000000e+02 4.56074575e-01 5.00000000e+00]
[7.79000000e+02 5.10000000e+02 4.58022735e-01 6.00000000e+00]
[131.         304.           0.45805604   2.        ]
[7.00000000e+00 8.22000000e+02 4.58282706e-01 6.00000000e+00]
[8.01000000e+02 3.57000000e+02 4.58933615e-01 4.00000000e+00]
[6.94000000e+02 1.32000000e+02 4.59695412e-01 1.50000000e+01]
[3.76000000e+02 8.20000000e+02 4.60672116e-01 9.00000000e+00]
[353.         424.           0.46456422   2.        ]
[7.65000000e+02 5.36000000e+02 4.65452169e-01 4.00000000e+00]
[1.07000000e+02 7.81000000e+02 4.66441322e-01 1.30000000e+01]
[6.76000000e+02 8.11000000e+02 4.66694046e-01 6.00000000e+00]
[191.         403.           0.46797137   2.        ]
[2.2600000e+02 5.9200000e+02 4.6827843e-01 3.0000000e+00]
[8.23000000e+02 1.41000000e+02 4.68636429e-01 7.00000000e+00]
[8.09000000e+02 4.41000000e+02 4.69440271e-01 5.00000000e+00]
[3.47000000e+02 7.85000000e+02 4.69723365e-01 1.20000000e+01]
[4.53000000e+02 8.03000000e+02 4.70215497e-01 1.30000000e+01]
[6.29000000e+02 8.21000000e+02 4.70487354e-01 9.00000000e+00]
[224.        331.          0.4712087   2.       ]
[5.01000000e+02 8.17000000e+02 4.72133687e-01 1.10000000e+01]
[7.30000000e+01 7.89000000e+02 4.73132694e-01 1.70000000e+01]
[1.03000000e+02 7.96000000e+02 4.74090945e-01 2.40000000e+01]
[1.46000000e+02 8.13000000e+02 4.77482745e-01 8.00000000e+00]
[5.06000000e+02 7.51000000e+02 4.77666147e-01 4.00000000e+00]
[5.03000000e+02 3.83000000e+02 4.78064171e-01 2.00000000e+00]
[4.81000000e+02 8.25000000e+02 4.79135931e-01 7.00000000e+00]
[6.00000000e+01 8.10000000e+02 4.80614213e-01 3.00000000e+00]
[8.27000000e+02 1.19000000e+02 4.80918628e-01 1.60000000e+01]
[2.92000000e+02 8.46000000e+02 4.87693194e-01 3.00000000e+00]
[8.49000000e+02 8.02000000e+02 4.90421721e-01 2.30000000e+01]
[8.28000000e+02 5.34000000e+02 4.90805292e-01 1.00000000e+01]
[5.24000000e+02 8.08000000e+02 4.91063269e-01 1.00000000e+01]
[7.53000000e+02 2.64000000e+02 4.91562577e-01 3.60000000e+01]
[8.43000000e+02 2.58000000e+02 4.93573589e-01 2.50000000e+01]
[7.83000000e+02 6.63000000e+02 4.93579253e-01 1.90000000e+01]
[8.39000000e+02 6.35000000e+02 4.93979334e-01 1.10000000e+01]
[8.30000000e+02 8.14000000e+02 4.94958752e-01 1.80000000e+01]
[8.54000000e+02 2.75000000e+02 4.95387688e-01 3.70000000e+01]
[306.         458.           0.49582686   2.        ]
[8.42000000e+02 8.50000000e+01 4.98040139e-01 1.80000000e+01]
[8.18000000e+02 2.57000000e+02 4.98584317e-01 6.00000000e+00]
[4.43000000e+02 7.37000000e+02 4.98729004e-01 7.00000000e+00]
[8.15000000e+02 8.29000000e+02 4.99039861e-01 9.00000000e+00]
[8.59000000e+02 2.11000000e+02 4.99066616e-01 3.80000000e+01]
[2.84000000e+02 8.35000000e+02 4.99627042e-01 8.00000000e+00]
[1.18000000e+02 8.37000000e+02 5.00288332e-01 1.30000000e+01]
[4.57000000e+02 8.47000000e+02 5.00303132e-01 8.00000000e+00]
[4.25000000e+02 8.56000000e+02 5.00325603e-01 2.00000000e+01]
[3.90000000e+02 7.99000000e+02 5.00498736e-01 3.00000000e+00]
[8.31000000e+02 1.92000000e+02 5.01340335e-01 1.40000000e+01]
[8.65000000e+02 1.73000000e+02 5.01964224e-01 3.90000000e+01]
[8.38000000e+02 1.89000000e+02 5.02268199e-01 1.40000000e+01]
[5.29000000e+02 8.53000000e+02 5.03600567e-01 1.10000000e+01]
[8.73000000e+02 8.36000000e+02 5.04211149e-01 1.90000000e+01]
[4.01000000e+02 5.25000000e+02 5.04362628e-01 2.00000000e+00]
[3.870000e+02 8.630000e+02 5.047272e-01 8.000000e+00]
[3.03000000e+02 8.72000000e+02 5.05454419e-01 4.00000000e+01]
[5.31000000e+02 8.69000000e+02 5.06543137e-01 2.10000000e+01]
[5.21000000e+02 8.16000000e+02 5.06979171e-01 4.00000000e+00]
[8.62000000e+02 1.66000000e+02 5.07043617e-01 7.00000000e+00]
[179.         263.           0.50708415   2.        ]
[8.55000000e+02 4.51000000e+02 5.12140208e-01 2.60000000e+01]
[2.86000000e+02 8.51000000e+02 5.12829166e-01 2.40000000e+01]
[6.12000000e+02 8.68000000e+02 5.13811587e-01 1.00000000e+01]
[293.         482.           0.51422458   2.        ]
[4.79000000e+02 8.44000000e+02 5.14332689e-01 9.00000000e+00]
[8.83000000e+02 6.60000000e+01 5.15371978e-01 2.70000000e+01]
[2.28000000e+02 8.57000000e+02 5.16778195e-01 1.20000000e+01]
[6.79000000e+02 8.75000000e+02 5.18560423e-01 2.30000000e+01]
[3.95000000e+02 8.81000000e+02 5.21135145e-01 8.00000000e+00]
[4.50000000e+01 7.92000000e+02 5.21417555e-01 3.00000000e+00]
[4.30000000e+01 8.88000000e+02 5.21445415e-01 2.80000000e+01]
[8.45000000e+02 8.89000000e+02 5.21862355e-01 1.60000000e+01]
[8.41000000e+02 7.94000000e+02 5.22740473e-01 1.80000000e+01]
[5.35000000e+02 8.95000000e+02 5.25183711e-01 1.90000000e+01]
[7.95000000e+02 8.66000000e+02 5.25428036e-01 1.00000000e+01]
[8.82000000e+02 4.17000000e+02 5.26670759e-01 3.00000000e+00]
[3.55000000e+02 8.93000000e+02 5.27159163e-01 2.90000000e+01]
[3.60000000e+02 8.92000000e+02 5.27544679e-01 4.00000000e+00]
[8.64000000e+02 8.76000000e+02 5.28912901e-01 1.10000000e+01]
[2.22000000e+02 8.74000000e+02 5.30329028e-01 1.20000000e+01]
[7.78000000e+02 6.21000000e+02 5.33039707e-01 5.00000000e+00]
[3.84000000e+02 8.26000000e+02 5.34068756e-01 5.00000000e+00]
[8.40000000e+02 8.87000000e+02 5.34556353e-01 1.10000000e+01]
[8.32000000e+02 8.52000000e+02 5.35147971e-01 1.60000000e+01]
[1.68000000e+02 9.00000000e+02 5.37378023e-01 5.00000000e+00]
[8.34000000e+02 4.22000000e+02 5.38038514e-01 4.00000000e+00]
[8.12000000e+02 3.74000000e+02 5.38511452e-01 1.00000000e+01]
[3.60000000e+01 8.94000000e+02 5.38530305e-01 1.70000000e+01]
[8.86000000e+02 9.02000000e+02 5.41694653e-01 1.40000000e+01]
[1.47000000e+02 8.85000000e+02 5.47213246e-01 1.10000000e+01]
[7.1600000e+02 8.0500000e+02 5.4730606e-01 9.0000000e+00]
[2.31000000e+02 9.11000000e+02 5.48423535e-01 1.50000000e+01]
[5.80000000e+01 8.79000000e+02 5.49889727e-01 2.20000000e+01]
[3.75000000e+02 9.06000000e+02 5.51178979e-01 1.70000000e+01]
[4.99000000e+02 9.14000000e+02 5.51341031e-01 1.60000000e+01]
[8.97000000e+02 8.58000000e+02 5.51729239e-01 2.80000000e+01]
[5.50000000e+01 8.71000000e+02 5.51796102e-01 1.50000000e+01]
[6.07000000e+02 9.05000000e+02 5.52645369e-01 1.30000000e+01]
[5.39000000e+02 8.61000000e+02 5.53265072e-01 1.90000000e+01]
[4.31000000e+02 9.18000000e+02 5.55592041e-01 2.90000000e+01]
[7.64000000e+02 8.91000000e+02 5.56293185e-01 1.20000000e+01]
[9.09000000e+02 8.67000000e+02 5.56299055e-01 2.30000000e+01]
[9.0100000e+02 3.5200000e+02 5.5799511e-01 1.2000000e+01]
[8.33000000e+02 8.99000000e+02 5.58665081e-01 3.10000000e+01]
[8.48000000e+02 8.96000000e+02 5.59014168e-01 2.20000000e+01]
[9.60000000e+01 9.26000000e+02 5.60254981e-01 3.20000000e+01]
[ 53.         282.           0.56128181   2.        ]
[9.08000000e+02 9.27000000e+02 5.62972776e-01 2.60000000e+01]
[1.13000000e+02 8.84000000e+02 5.63165014e-01 2.50000000e+01]
[3.99000000e+02 8.78000000e+02 5.63687828e-01 4.10000000e+01]
[9.13000000e+02 8.77000000e+02 5.64815119e-01 1.70000000e+01]
[5.46000000e+02 9.23000000e+02 5.65547162e-01 1.40000000e+01]
[5.33000000e+02 9.12000000e+02 5.69021505e-01 1.20000000e+01]
[2.43000000e+02 9.21000000e+02 5.72044092e-01 2.00000000e+01]
[ 97.         520.           0.57243852   2.        ]
[3.30000000e+02 9.33000000e+02 5.73544003e-01 1.80000000e+01]
[5.13000000e+02 9.20000000e+02 5.74774363e-01 1.40000000e+01]
[7.9300000e+02 3.7200000e+02 5.7559253e-01 3.0000000e+00]
[110.         478.           0.57835011   2.        ]
[8.90000000e+02 9.28000000e+02 5.80452004e-01 5.50000000e+01]
[6.18000000e+02 9.42000000e+02 5.80765901e-01 5.70000000e+01]
[4.40000000e+01 9.03000000e+02 5.82412912e-01 6.00000000e+00]
[412.         493.           0.58324317   2.        ]
[446.         485.           0.58772203   2.        ]
[9.24000000e+02 3.92000000e+02 5.88349801e-01 2.40000000e+01]
[9.47000000e+02 4.75000000e+02 5.92897717e-01 2.50000000e+01]
[9.34000000e+02 8.24000000e+02 5.93954262e-01 1.60000000e+01]
[9.48000000e+02 9.32000000e+02 5.94130801e-01 6.60000000e+01]
[6.46000000e+02 9.17000000e+02 5.94436587e-01 1.80000000e+01]
[1.61000000e+02 9.38000000e+02 5.94600757e-01 1.90000000e+01]
[514.         312.           0.59533246   2.        ]
[3.43000000e+02 9.45000000e+02 5.95589075e-01 3.00000000e+00]
[9.29000000e+02 9.31000000e+02 5.97144615e-01 2.70000000e+01]
[9.49000000e+02 3.88000000e+02 5.97880675e-01 1.70000000e+01]
[2.44000000e+02 9.07000000e+02 5.98001455e-01 6.00000000e+00]
[138.         584.           0.59942904   3.        ]
[2.23000000e+02 9.22000000e+02 6.01120086e-01 3.00000000e+01]
[8.80000000e+02 4.47000000e+02 6.03907982e-01 5.00000000e+00]
[3.13000000e+02 9.60000000e+02 6.07225129e-01 6.00000000e+00]
[134.        253.          0.6098017   2.       ]
[8.70000000e+02 9.30000000e+02 6.09835674e-01 2.90000000e+01]
[9.3500000e+02 8.6000000e+02 6.1013269e-01 1.4000000e+01]
[1.74000000e+02 9.19000000e+02 6.12866591e-01 1.60000000e+01]
[4.56000000e+02 9.55000000e+02 6.14695575e-01 2.80000000e+01]
[9.25000000e+02 9.53000000e+02 6.15082871e-01 1.40000000e+01]
[1.87000000e+02 9.52000000e+02 6.18382207e-01 2.00000000e+01]
[9.04000000e+02 9.39000000e+02 6.20614712e-01 1.90000000e+01]
[9.6700000e+02 4.7400000e+02 6.2278397e-01 1.5000000e+01]
[8.00000000e+00 9.43000000e+02 6.26102543e-01 5.80000000e+01]
[3.70000000e+01 9.70000000e+02 6.27148631e-01 1.60000000e+01]
[9.16000000e+02 9.50000000e+02 6.32994576e-01 8.30000000e+01]
[9.10000000e+02 5.47000000e+02 6.33420278e-01 1.90000000e+01]
[3.44000000e+02 9.68000000e+02 6.33826882e-01 2.10000000e+01]
[9.4400000e+02 9.4600000e+02 6.3600638e-01 8.0000000e+00]
[2.17000000e+02 9.51000000e+02 6.39033946e-01 1.90000000e+01]
[8.40000000e+01 9.71000000e+02 6.41018831e-01 5.90000000e+01]
[9.40000000e+02 8.00000000e+02 6.42974019e-01 7.00000000e+00]
[ 69.         504.           0.64570606   2.        ]
[9.5900000e+02 9.6300000e+02 6.4577188e-01 5.9000000e+01]
[3.2500000e+02 9.6900000e+02 6.4600257e-01 2.0000000e+01]
[151.         500.           0.64636645   2.        ]
[9.36000000e+02 8.50000000e+02 6.49106353e-01 2.30000000e+01]
[9.84000000e+02 2.25000000e+02 6.49677661e-01 2.40000000e+01]
[3.62000000e+02 9.72000000e+02 6.50523251e-01 1.70000000e+01]
[9.41000000e+02 9.76000000e+02 6.51382097e-01 1.00000000e+01]
[3.89000000e+02 9.77000000e+02 6.52845098e-01 2.00000000e+01]
[7.70000000e+01 9.66000000e+02 6.53858393e-01 2.90000000e+01]
[9.85000000e+02 3.54000000e+02 6.54097062e-01 2.50000000e+01]
[4.71000000e+02 9.58000000e+02 6.54421068e-01 4.00000000e+00]
[1.20000000e+01 9.81000000e+02 6.54620587e-01 6.00000000e+01]
[9.90000000e+02 1.71000000e+02 6.57612746e-01 2.60000000e+01]
[4.20000000e+02 9.92000000e+02 6.58188119e-01 6.10000000e+01]
[9.6500000e+02 9.9000000e+01 6.5833963e-01 1.7000000e+01]
[4.52000000e+02 9.87000000e+02 6.61337747e-01 1.10000000e+01]
[9.9300000e+02 9.8900000e+02 6.6458248e-01 5.5000000e+01]
[3.64000000e+02 9.82000000e+02 6.65316065e-01 2.10000000e+01]
[1.10000000e+01 9.97000000e+02 6.65452122e-01 5.60000000e+01]
[9.37000000e+02 9.78000000e+02 6.65950384e-01 6.10000000e+01]
[3.78000000e+02 9.94000000e+02 6.66960819e-01 6.20000000e+01]
[1.01000000e+02 9.57000000e+02 6.67012128e-01 7.00000000e+00]
[4.49000000e+02 9.91000000e+02 6.72980682e-01 5.00000000e+00]
[9.95000000e+02 1.77000000e+02 6.74572787e-01 1.80000000e+01]
[2.76000000e+02 9.99000000e+02 6.79559877e-01 5.70000000e+01]
[2.68000000e+02 1.00100000e+03 6.81144432e-01 6.30000000e+01]
[9.73000000e+02 1.75000000e+02 6.81160676e-01 8.40000000e+01]
[1.00700000e+03 4.97000000e+02 6.83508383e-01 8.50000000e+01]
[1.06000000e+02 1.00800000e+03 6.84191723e-01 8.60000000e+01]
[9.79000000e+02 1.49000000e+02 6.86471596e-01 8.00000000e+00]
[1.30000000e+01 1.00600000e+03 6.88033565e-01 6.40000000e+01]
[9.86000000e+02 9.54000000e+02 6.90115227e-01 2.00000000e+01]
[4.04000000e+02 1.00900000e+03 6.91491017e-01 8.70000000e+01]
[9.88000000e+02 9.64000000e+02 6.93616793e-01 3.40000000e+01]
[7.47000000e+02 1.01300000e+03 6.96267979e-01 9.70000000e+01]
[4.66000000e+02 1.01200000e+03 6.98404904e-01 2.10000000e+01]
[1.00000000e+03 9.56000000e+02 7.00163843e-01 7.80000000e+01]
[4.19000000e+02 1.00500000e+03 7.08159662e-01 5.80000000e+01]
[2.15000000e+02 1.01600000e+03 7.15821444e-01 2.20000000e+01]
[1.01400000e+03 1.00300000e+03 7.19527825e-01 3.90000000e+01]
[3.79000000e+02 9.96000000e+02 7.20293337e-01 1.20000000e+01]
[1.01700000e+03 9.62000000e+02 7.24305508e-01 8.00000000e+01]
[4.30000000e+02 9.98000000e+02 7.24357794e-01 2.20000000e+01]
[9.61000000e+02 1.01000000e+03 7.24856843e-01 1.40000000e+01]
[1.0220000e+03 2.0000000e+00 7.2760392e-01 8.1000000e+01]
[1.02500000e+03 1.00200000e+03 7.29093361e-01 8.80000000e+01]
[4.59000000e+02 1.01800000e+03 7.32015799e-01 5.90000000e+01]
[1.01500000e+03 3.98000000e+02 7.36367244e-01 9.80000000e+01]
[2.35000000e+02 1.01900000e+03 7.37318232e-01 2.30000000e+01]
[1.2600000e+02 1.0200000e+03 7.3887513e-01 4.0000000e+01]
[3.68000000e+02 1.02700000e+03 7.42963513e-01 6.00000000e+01]
[1.02600000e+03 1.69000000e+02 7.45921079e-01 8.90000000e+01]
[1.0290000e+03 2.8800000e+02 7.5668136e-01 2.4000000e+01]
[1.98000000e+02 9.74000000e+02 7.59384797e-01 2.00000000e+01]
[1.01100000e+03 9.80000000e+02 7.61911864e-01 6.60000000e+01]
[1.02400000e+03 1.03100000e+03 7.64927266e-01 7.40000000e+01]
[1.03300000e+03 1.02300000e+03 7.65353211e-01 4.60000000e+01]
[1.02100000e+03 9.75000000e+02 7.67133792e-01 3.30000000e+01]
[8.90000000e+01 1.03800000e+03 7.67532173e-01 3.40000000e+01]
[4.70000000e+02 1.03500000e+03 7.68115589e-01 6.70000000e+01]
[9.15000000e+02 1.00400000e+03 7.76249628e-01 4.00000000e+01]
[4.11000000e+02 1.03600000e+03 7.79909462e-01 7.50000000e+01]
[4.23000000e+02 1.03700000e+03 7.84423853e-01 4.70000000e+01]
[3.70000000e+02 1.04200000e+03 7.93604399e-01 7.60000000e+01]
[1.04100000e+03 1.04000000e+03 8.15207283e-01 1.07000000e+02]
[1.0300000e+03 4.8800000e+02 8.1803079e-01 4.1000000e+01]
[2.34000000e+02 1.04300000e+03 8.22966928e-01 4.80000000e+01]
[1.03200000e+03 4.16000000e+02 8.29852343e-01 9.00000000e+01]
[1.04800000e+03 3.14000000e+02 8.33168909e-01 9.10000000e+01]
[1.04900000e+03 1.62000000e+02 8.35476565e-01 9.20000000e+01]
[1.05000000e+03 1.04500000e+03 8.37843668e-01 1.99000000e+02]
[4.84000000e+02 1.04700000e+03 8.51854713e-01 4.90000000e+01]
[1.05100000e+03 2.12000000e+02 8.78302587e-01 2.00000000e+02]
[1.05300000e+03 2.42000000e+02 8.78366294e-01 2.01000000e+02]
[3.2300000e+02 1.0340000e+03 8.8337304e-01 2.1000000e+01]
[1.03900000e+03 2.89000000e+02 8.91970835e-01 3.50000000e+01]
[1.05600000e+03 1.05200000e+03 8.92772209e-01 8.40000000e+01]
[1.04400000e+03 1.04600000e+03 8.98732912e-01 1.17000000e+02]
[4.20000000e+01 1.05800000e+03 9.12350344e-01 1.18000000e+02]
[1.08000000e+02 1.05700000e+03 9.16702662e-01 8.50000000e+01]
[3.11000000e+02 1.05500000e+03 9.17328929e-01 2.20000000e+01]
[1.05900000e+03 3.19000000e+02 9.46534318e-01 1.19000000e+02]
[3.42000000e+02 1.06000000e+03 9.59618455e-01 8.60000000e+01]
[2.01000000e+02 1.05400000e+03 9.75941325e-01 2.02000000e+02]
[1.06400000e+03 1.06200000e+03 9.90007212e-01 3.21000000e+02]
[1.06500000e+03 1.06100000e+03 1.00004367e+00 3.43000000e+02]
[1.06600000e+03 1.06300000e+03 1.00160679e+00 4.29000000e+02]
[1.06700000e+03 2.87000000e+02 1.05424937e+00 4.30000000e+02]
[1.06800000e+03 1.02800000e+03 1.06415069e+00 5.28000000e+02]
[ 983.         1069.            1.07854133  530.        ]
[429.         898.           1.11283885   4.        ]
[ 145.         1070.            1.15220702  531.        ]
[  24.         1072.            1.17057656  532.        ]
[ 502.         1073.            1.17595252  533.        ]
[ 377.         1071.            1.21046411    5.        ]
[ 316.         1074.            1.26085324  534.        ]
[1076.         1075.            1.31411961  539.        ]
[ 277.         1077.            1.47215919  540.        ]
