[  6. 129.   0.   2.]
[64. 68.  0.  2.]
[541.  93.   0.   3.]
[542. 123.   0.   4.]
[543. 214.   0.   5.]
[544. 261.   0.   6.]
[ 72. 437.   0.   2.]
[ 90. 518.   0.   2.]
[140. 380.   0.   2.]
[220. 295.   0.   2.]
[270. 271.   0.   2.]
[550. 400.   0.   3.]
[300. 302.   0.   2.]
[7.80000000e+01 3.15000000e+02 1.05367121e-08 2.00000000e+00]
[5.53000000e+02 1.25000000e+02 1.34463448e-08 3.00000000e+00]
[1.00000000e+00 2.16000000e+02 1.49011612e-08 2.00000000e+00]
[5.55000000e+02 1.13000000e+02 1.49011612e-08 3.00000000e+00]
[3.59000000e+02 4.13000000e+02 1.49011612e-08 2.00000000e+00]
[1.36000000e+02 3.36000000e+02 1.82501207e-08 2.00000000e+00]
[5.00000000e+01 1.35000000e+02 2.10734243e-08 2.00000000e+00]
[5.59000000e+02 3.29000000e+02 2.10734243e-08 3.00000000e+00]
[7.40000000e+01 9.10000000e+01 2.10734243e-08 2.00000000e+00]
[5.61000000e+02 3.17000000e+02 2.10734243e-08 3.00000000e+00]
[9.50000000e+01 1.52000000e+02 2.10734243e-08 2.00000000e+00]
[5.63000000e+02 2.40000000e+02 2.10734243e-08 3.00000000e+00]
[5.64000000e+02 3.01000000e+02 2.10734243e-08 4.00000000e+00]
[5.65000000e+02 3.08000000e+02 2.10734243e-08 5.00000000e+00]
[5.66000000e+02 5.49000000e+02 2.10734243e-08 7.00000000e+00]
[3.07000000e+02 5.67000000e+02 2.10734243e-08 8.00000000e+00]
[1.03000000e+02 1.96000000e+02 2.10734243e-08 2.00000000e+00]
[1.78000000e+02 2.45000000e+02 2.10734243e-08 2.00000000e+00]
[5.52000000e+02 4.68000000e+02 2.48352687e-08 3.00000000e+00]
[8.1000000e+01 5.6800000e+02 2.5969512e-08 9.0000000e+00]
[6.10000000e+01 2.36000000e+02 3.65002415e-08 2.00000000e+00]
[5.62000000e+02 2.74000000e+02 7.74287048e-08 4.00000000e+00]
[3.09000000e+02 3.94000000e+02 4.20272775e-02 2.00000000e+00]
[1.70000000e+02 5.51000000e+02 6.13489452e-02 4.00000000e+00]
[21.         40.          0.06525923  2.        ]
[2.18000000e+02 5.03000000e+02 6.67553151e-02 2.00000000e+00]
[2.06000000e+02 3.22000000e+02 7.56541011e-02 2.00000000e+00]
[5.60000000e+02 1.30000000e+02 7.70653002e-02 4.00000000e+00]
[3.00000000e+01 2.09000000e+02 8.06748589e-02 2.00000000e+00]
[3.39000000e+02 4.73000000e+02 8.52938749e-02 2.00000000e+00]
[4.90000000e+01 2.46000000e+02 8.70285231e-02 2.00000000e+00]
[3.66000000e+02 5.17000000e+02 8.77495348e-02 2.00000000e+00]
[4.92000000e+02 5.23000000e+02 1.06293885e-01 2.00000000e+00]
[3.9700000e+02 4.4400000e+02 1.0810634e-01 2.0000000e+00]
[1.24000000e+02 3.05000000e+02 1.08530518e-01 2.00000000e+00]
[5.48000000e+02 2.98000000e+02 1.09718327e-01 3.00000000e+00]
[1.28000000e+02 2.91000000e+02 1.09913936e-01 2.00000000e+00]
[3.20000000e+02 4.06000000e+02 1.13231418e-01 2.00000000e+00]
[2.90000000e+01 4.86000000e+02 1.16059314e-01 2.00000000e+00]
[2.48000000e+02 5.16000000e+02 1.16855715e-01 2.00000000e+00]
[1.43000000e+02 4.45000000e+02 1.18843233e-01 2.00000000e+00]
[3.46000000e+02 4.38000000e+02 1.19510912e-01 2.00000000e+00]
[5.74000000e+02 1.64000000e+02 1.20307118e-01 5.00000000e+00]
[6.30000000e+01 4.26000000e+02 1.23291247e-01 2.00000000e+00]
[5.40000000e+01 1.48000000e+02 1.23449399e-01 2.00000000e+00]
[3.48000000e+02 3.67000000e+02 1.27924535e-01 2.00000000e+00]
[2.9000000e+02 5.3000000e+02 1.2863548e-01 2.0000000e+00]
[4.36000000e+02 5.22000000e+02 1.31911863e-01 2.00000000e+00]
[4.02000000e+02 4.89000000e+02 1.32364684e-01 2.00000000e+00]
[3.00000000e+00 2.51000000e+02 1.32801284e-01 2.00000000e+00]
[4.10000000e+01 5.94000000e+02 1.33440134e-01 3.00000000e+00]
[4.00000000e+00 2.62000000e+02 1.35758706e-01 2.00000000e+00]
[2.13000000e+02 3.86000000e+02 1.37608285e-01 2.00000000e+00]
[5.76000000e+02 2.29000000e+02 1.41648784e-01 5.00000000e+00]
[5.58000000e+02 1.76000000e+02 1.41736204e-01 3.00000000e+00]
[2.70000000e+01 1.72000000e+02 1.44948965e-01 2.00000000e+00]
[3.03000000e+02 3.69000000e+02 1.45395614e-01 2.00000000e+00]
[5.80000000e+02 5.72000000e+02 1.46646185e-01 1.30000000e+01]
[3.96000000e+02 4.14000000e+02 1.46739892e-01 2.00000000e+00]
[1.60000000e+01 4.39000000e+02 1.46763247e-01 2.00000000e+00]
[8.00000000e+01 4.09000000e+02 1.51588644e-01 2.00000000e+00]
[9.00000000e+00 5.54000000e+02 1.51905196e-01 4.00000000e+00]
[65.         76.          0.15853869  2.        ]
[1.44000000e+02 5.57000000e+02 1.58724508e-01 3.00000000e+00]
[2.05000000e+02 5.71000000e+02 1.61096656e-01 4.00000000e+00]
[2.4700000e+02 2.4900000e+02 1.6354979e-01 2.0000000e+00]
[5.95000000e+02 2.04000000e+02 1.63932763e-01 6.00000000e+00]
[1.85000000e+02 1.95000000e+02 1.65685387e-01 2.00000000e+00]
[2.97000000e+02 4.27000000e+02 1.67879148e-01 2.00000000e+00]
[5.00000000e+00 2.07000000e+02 1.71191335e-01 2.00000000e+00]
[5.32000000e+02 4.77000000e+02 1.79253896e-01 2.00000000e+00]
[5.89000000e+02 1.65000000e+02 1.82652293e-01 3.00000000e+00]
[3.28000000e+02 6.10000000e+02 1.87096867e-01 1.40000000e+01]
[4.18000000e+02 4.61000000e+02 1.87338283e-01 2.00000000e+00]
[3.18000000e+02 5.09000000e+02 1.94485694e-01 2.00000000e+00]
[2.76000000e+02 3.45000000e+02 1.94649054e-01 2.00000000e+00]
[2.39000000e+02 6.25000000e+02 1.95070035e-01 1.50000000e+01]
[9.20000000e+01 2.69000000e+02 1.96323204e-01 2.00000000e+00]
[1.80000000e+02 6.24000000e+02 2.03738013e-01 4.00000000e+00]
[3.93000000e+02 5.11000000e+02 2.03861056e-01 2.00000000e+00]
[2.30000000e+02 6.23000000e+02 2.06557304e-01 3.00000000e+00]
[6.3100000e+02 6.2000000e+01 2.0897721e-01 5.0000000e+00]
[1.70000000e+01 2.83000000e+02 2.10534974e-01 2.00000000e+00]
[3.81000000e+02 4.05000000e+02 2.10682214e-01 2.00000000e+00]
[5.20000000e+01 6.03000000e+02 2.11028638e-01 4.00000000e+00]
[6.06000000e+02 5.88000000e+02 2.12025217e-01 8.00000000e+00]
[1.42000000e+02 5.84000000e+02 2.12677255e-01 3.00000000e+00]
[155.          98.           0.21588049   2.        ]
[1.22000000e+02 6.33000000e+02 2.19005482e-01 4.00000000e+00]
[6.37000000e+02 3.82000000e+02 2.26132135e-01 5.00000000e+00]
[6.14000000e+02 6.07000000e+02 2.28415228e-01 7.00000000e+00]
[6.40000000e+02 2.72000000e+02 2.29730665e-01 3.00000000e+00]
[6.34000000e+02 3.33000000e+02 2.32019464e-01 6.00000000e+00]
[6.45000000e+02 1.15000000e+02 2.35904625e-01 7.00000000e+00]
[1.99000000e+02 6.43000000e+02 2.36892163e-01 8.00000000e+00]
[ 67.         150.           0.23819264   2.        ]
[4.15000000e+02 4.60000000e+02 2.38603893e-01 2.00000000e+00]
[6.46000000e+02 2.33000000e+02 2.44436474e-01 8.00000000e+00]
[1.90000000e+01 6.38000000e+02 2.46220018e-01 9.00000000e+00]
[7.00000000e+01 6.04000000e+02 2.46806082e-01 3.00000000e+00]
[3.34000000e+02 6.29000000e+02 2.53087892e-01 1.60000000e+01]
[6.17000000e+02 5.45000000e+02 2.53453208e-01 1.00000000e+01]
[ 83.         159.           0.25527496   2.        ]
[1.40000000e+01 4.33000000e+02 2.58566205e-01 2.00000000e+00]
[117.         153.           0.26014209   2.        ]
[6.3900000e+02 5.1900000e+02 2.6322075e-01 4.0000000e+00]
[4.08000000e+02 4.50000000e+02 2.64167955e-01 2.00000000e+00]
[2.37000000e+02 4.90000000e+02 2.64998226e-01 2.00000000e+00]
[1.86000000e+02 6.47000000e+02 2.67680534e-01 9.00000000e+00]
[3.65000000e+02 4.43000000e+02 2.70190076e-01 2.00000000e+00]
[6.51000000e+02 6.53000000e+02 2.74311215e-01 2.50000000e+01]
[3.50000000e+01 6.22000000e+02 2.77393167e-01 3.00000000e+00]
[4.60000000e+01 3.27000000e+02 2.80190419e-01 2.00000000e+00]
[6.0200000e+02 6.5400000e+02 2.8058719e-01 1.2000000e+01]
[4.51000000e+02 5.08000000e+02 2.81112942e-01 2.00000000e+00]
[1.94000000e+02 4.80000000e+02 2.88850224e-01 2.00000000e+00]
[3.30000000e+01 6.41000000e+02 2.90815006e-01 5.00000000e+00]
[2.27000000e+02 3.40000000e+02 2.97744078e-01 2.00000000e+00]
[3.91000000e+02 4.10000000e+02 3.03050171e-01 2.00000000e+00]
[6.44000000e+02 2.19000000e+02 3.03373395e-01 4.00000000e+00]
[4.95000000e+02 6.72000000e+02 3.03448233e-01 5.00000000e+00]
[6.48000000e+02 2.56000000e+02 3.03592885e-01 3.00000000e+00]
[1.5400000e+02 6.5200000e+02 3.0403392e-01 4.0000000e+00]
[6.64000000e+02 1.60000000e+02 3.05632226e-01 4.00000000e+00]
[3.56000000e+02 4.67000000e+02 3.08410621e-01 2.00000000e+00]
[0.00000000e+00 4.65000000e+02 3.09590273e-01 2.00000000e+00]
[6.63000000e+02 1.04000000e+02 3.10160748e-01 2.60000000e+01]
[5.70000000e+02 2.85000000e+02 3.11151656e-01 3.00000000e+00]
[6.19000000e+02 6.57000000e+02 3.12422749e-01 8.00000000e+00]
[5.98000000e+02 5.26000000e+02 3.14317475e-01 3.00000000e+00]
[4.42000000e+02 5.75000000e+02 3.14429786e-01 3.00000000e+00]
[3.4900000e+02 5.9700000e+02 3.2179643e-01 3.0000000e+00]
[6.50000000e+02 2.08000000e+02 3.26069639e-01 9.00000000e+00]
[2.30000000e+01 5.90000000e+02 3.26433723e-01 3.00000000e+00]
[2.21000000e+02 6.66000000e+02 3.27833529e-01 1.30000000e+01]
[3.35000000e+02 6.83000000e+02 3.31166106e-01 4.00000000e+00]
[6.81000000e+02 1.21000000e+02 3.33076154e-01 9.00000000e+00]
[5.28000000e+02 6.69000000e+02 3.34031824e-01 6.00000000e+00]
[6.79000000e+02 4.69000000e+02 3.34317895e-01 2.70000000e+01]
[5.99000000e+02 6.86000000e+02 3.35953893e-01 5.00000000e+00]
[6.900000e+02 3.210000e+02 3.361589e-01 7.000000e+00]
[2.00000000e+01 6.73000000e+02 3.37615228e-01 6.00000000e+00]
[1.56000000e+02 6.61000000e+02 3.38241346e-01 1.00000000e+01]
[5.79000000e+02 6.94000000e+02 3.39114899e-01 8.00000000e+00]
[193.         279.           0.34009775   2.        ]
[3.61000000e+02 5.27000000e+02 3.43242707e-01 2.00000000e+00]
[6.85000000e+02 2.02000000e+02 3.44344222e-01 1.00000000e+01]
[6.75000000e+02 6.59000000e+02 3.45078235e-01 6.00000000e+00]
[102.         197.           0.34590264   2.        ]
[6.30000000e+02 1.92000000e+02 3.47862768e-01 3.00000000e+00]
[6.55000000e+02 1.84000000e+02 3.48594535e-01 3.00000000e+00]
[5.400000e+02 6.280000e+02 3.497422e-01 4.000000e+00]
[6.93000000e+02 2.78000000e+02 3.50948294e-01 8.00000000e+00]
[6.92000000e+02 4.83000000e+02 3.53318126e-01 6.00000000e+00]
[5.12000000e+02 7.05000000e+02 3.54374673e-01 9.00000000e+00]
[4.70000000e+01 5.83000000e+02 3.56909409e-01 3.00000000e+00]
[5.90000000e+01 6.89000000e+02 3.60203494e-01 1.00000000e+01]
[2.52000000e+02 6.68000000e+02 3.60207445e-01 3.00000000e+00]
[2.65000000e+02 6.76000000e+02 3.65328146e-01 5.00000000e+00]
[287.         324.           0.36629062   2.        ]
[6.78000000e+02 4.91000000e+02 3.67026746e-01 3.00000000e+00]
[3.2000000e+01 6.6500000e+02 3.6803594e-01 3.0000000e+00]
[ 87.         280.           0.36851304   2.        ]
[100.          51.           0.37101662   2.        ]
[1.82000000e+02 7.00000000e+02 3.71524001e-01 7.00000000e+00]
[7.17000000e+02 1.83000000e+02 3.73998526e-01 8.00000000e+00]
[4.76000000e+02 4.98000000e+02 3.77809346e-01 2.00000000e+00]
[1.88000000e+02 6.84000000e+02 3.78231542e-01 4.00000000e+00]
[1.80000000e+01 6.70000000e+02 3.79276535e-01 3.00000000e+00]
[5.96000000e+02 2.38000000e+02 3.79985441e-01 3.00000000e+00]
[3.38000000e+02 6.49000000e+02 3.85683177e-01 3.00000000e+00]
[7.16000000e+02 2.55000000e+02 3.89440127e-01 3.00000000e+00]
[6.26000000e+02 3.73000000e+02 3.89505291e-01 3.00000000e+00]
[7.1300000e+02 1.3700000e+02 3.8955438e-01 4.0000000e+00]
[4.63000000e+02 7.10000000e+02 3.90262376e-01 4.00000000e+00]
[7.20000000e+02 1.00000000e+01 3.90579922e-01 5.00000000e+00]
[2.10000000e+02 7.06000000e+02 3.90724876e-01 7.00000000e+00]
[1.12000000e+02 6.99000000e+02 3.91002956e-01 1.10000000e+01]
[1.39000000e+02 7.04000000e+02 3.91096203e-01 5.00000000e+00]
[5.15000000e+02 5.60000000e+01 3.91460847e-01 2.00000000e+00]
[8.80000000e+01 6.58000000e+02 3.93166217e-01 5.00000000e+00]
[3.90000000e+01 7.23000000e+02 3.94045676e-01 4.00000000e+00]
[2.50000000e+01 6.71000000e+02 3.97743079e-01 3.00000000e+00]
[6.82000000e+02 7.14000000e+02 3.98946141e-01 6.00000000e+00]
[4.87000000e+02 7.11000000e+02 3.99441176e-01 6.00000000e+00]
[2.86000000e+02 6.36000000e+02 4.00431305e-01 3.00000000e+00]
[2.32000000e+02 7.33000000e+02 4.00899529e-01 6.00000000e+00]
[7.28000000e+02 5.38000000e+02 4.00967231e-01 6.00000000e+00]
[1.09000000e+02 6.87000000e+02 4.01380994e-01 1.40000000e+01]
[3.58000000e+02 7.36000000e+02 4.01831111e-01 7.00000000e+00]
[2.60000000e+02 7.26000000e+02 4.02160643e-01 5.00000000e+00]
[4.32000000e+02 7.22000000e+02 4.02552334e-01 4.00000000e+00]
[6.18000000e+02 5.69000000e+02 4.02832146e-01 4.00000000e+00]
[7.25000000e+02 5.37000000e+02 4.03082319e-01 4.00000000e+00]
[3.37000000e+02 6.98000000e+02 4.03160443e-01 3.00000000e+00]
[5.81000000e+02 4.41000000e+02 4.03588014e-01 3.00000000e+00]
[7.01000000e+02 1.50000000e+01 4.03643319e-01 3.00000000e+00]
[4.5400000e+02 7.4100000e+02 4.0410966e-01 1.5000000e+01]
[7.4500000e+02 3.5000000e+02 4.0430606e-01 5.0000000e+00]
[6.80000000e+02 3.10000000e+02 4.06065824e-01 4.00000000e+00]
[1.98000000e+02 5.07000000e+02 4.08228249e-01 2.00000000e+00]
[6.74000000e+02 1.57000000e+02 4.08764449e-01 4.00000000e+00]
[6.91000000e+02 1.27000000e+02 4.10032983e-01 2.80000000e+01]
[2.80000000e+01 4.21000000e+02 4.10112178e-01 2.00000000e+00]
[2.67000000e+02 7.47000000e+02 4.13884127e-01 4.00000000e+00]
[119.         259.           0.41451754   2.        ]
[6.12000000e+02 7.43000000e+02 4.16055167e-01 7.00000000e+00]
[7.90000000e+01 7.57000000e+02 4.17125325e-01 5.00000000e+00]
[2.94000000e+02 7.21000000e+02 4.17764795e-01 4.00000000e+00]
[5.70000000e+01 7.32000000e+02 4.17769747e-01 3.00000000e+00]
[1.41000000e+02 7.39000000e+02 4.20796257e-01 7.00000000e+00]
[7.48000000e+02 4.64000000e+02 4.20985496e-01 4.00000000e+00]
[7.09000000e+02 1.74000000e+02 4.21767561e-01 1.10000000e+01]
[1.11000000e+02 7.31000000e+02 4.23832069e-01 6.00000000e+00]
[6.42000000e+02 7.63000000e+02 4.25683661e-01 1.20000000e+01]
[3.51000000e+02 6.88000000e+02 4.26434557e-01 5.00000000e+00]
[7.59000000e+02 6.32000000e+02 4.30548684e-01 9.00000000e+00]
[7.52000000e+02 7.69000000e+02 4.31194607e-01 1.30000000e+01]
[3.10000000e+01 7.56000000e+02 4.31205284e-01 3.00000000e+00]
[2.03000000e+02 7.42000000e+02 4.31870021e-01 8.00000000e+00]
[7.24000000e+02 4.07000000e+02 4.32458731e-01 4.00000000e+00]
[2.60000000e+01 7.73000000e+02 4.35366322e-01 5.00000000e+00]
[7.10000000e+01 4.62000000e+02 4.37781194e-01 2.00000000e+00]
[7.7000000e+02 2.5800000e+02 4.3791058e-01 1.4000000e+01]
[ 34.         330.           0.43816637   2.        ]
[7.61000000e+02 2.73000000e+02 4.38690425e-01 5.00000000e+00]
[2.99000000e+02 7.29000000e+02 4.39141685e-01 8.00000000e+00]
[7.27000000e+02 8.20000000e+01 4.39902976e-01 5.00000000e+00]
[9.40000000e+01 6.08000000e+02 4.40043228e-01 3.00000000e+00]
[7.50000000e+01 7.74000000e+02 4.41292586e-01 6.00000000e+00]
[7.55000000e+02 2.75000000e+02 4.41302504e-01 2.90000000e+01]
[5.36000000e+02 7.67000000e+02 4.41413491e-01 1.30000000e+01]
[8.60000000e+01 7.03000000e+02 4.42672165e-01 4.00000000e+00]
[6.60000000e+02 4.28000000e+02 4.43013559e-01 3.00000000e+00]
[5.85000000e+02 7.46000000e+02 4.43047517e-01 6.00000000e+00]
[7.80000000e+02 5.05000000e+02 4.45044447e-01 6.00000000e+00]
[7.64000000e+02 1.20000000e+02 4.45662305e-01 5.00000000e+00]
[1.05000000e+02 7.44000000e+02 4.45858841e-01 5.00000000e+00]
[3.26000000e+02 7.34000000e+02 4.47249075e-01 5.00000000e+00]
[2.5000000e+02 6.9500000e+02 4.4743765e-01 1.1000000e+01]
[4.94000000e+02 7.60000000e+02 4.47665703e-01 6.00000000e+00]
[7.7800000e+02 4.7200000e+02 4.4775095e-01 6.0000000e+00]
[1.81000000e+02 7.19000000e+02 4.48513961e-01 3.00000000e+00]
[3.80000000e+01 7.50000000e+02 4.48553964e-01 1.60000000e+01]
[114.         434.           0.44876313   2.        ]
[1.63000000e+02 7.82000000e+02 4.51905317e-01 7.00000000e+00]
[4.35000000e+02 7.18000000e+02 4.52463526e-01 9.00000000e+00]
[5.10000000e+02 7.81000000e+02 4.52484222e-01 4.00000000e+00]
[1.33000000e+02 7.93000000e+02 4.52642318e-01 7.00000000e+00]
[3.63000000e+02 5.21000000e+02 4.53100824e-01 2.00000000e+00]
[6.9600000e+02 7.5400000e+02 4.5342679e-01 1.2000000e+01]
[2.54000000e+02 7.92000000e+02 4.54116288e-01 1.20000000e+01]
[7.83000000e+02 7.88000000e+02 4.54937178e-01 3.50000000e+01]
[7.66000000e+02 7.40000000e+02 4.55027114e-01 1.20000000e+01]
[3.47000000e+02 7.99000000e+02 4.55148093e-01 1.00000000e+01]
[5.87000000e+02 5.93000000e+02 4.55275495e-01 4.00000000e+00]
[1.1600000e+02 7.9100000e+02 4.5580649e-01 6.0000000e+00]
[4.82000000e+02 6.62000000e+02 4.56074575e-01 3.00000000e+00]
[1.73000000e+02 7.37000000e+02 4.57859062e-01 7.00000000e+00]
[3.04000000e+02 7.76000000e+02 4.58056041e-01 1.50000000e+01]
[4.57000000e+02 6.05000000e+02 4.58282706e-01 3.00000000e+00]
[7.86000000e+02 3.57000000e+02 4.58933615e-01 4.00000000e+00]
[1.31000000e+02 8.12000000e+02 4.59495119e-01 1.60000000e+01]
[5.34000000e+02 7.72000000e+02 4.60672116e-01 9.00000000e+00]
[8.08000000e+02 3.75000000e+02 4.60932605e-01 5.00000000e+00]
[2.96000000e+02 8.10000000e+02 4.62822467e-01 4.00000000e+00]
[7.8900000e+02 9.6000000e+01 4.6371095e-01 6.0000000e+00]
[8.06000000e+02 2.41000000e+02 4.63995952e-01 1.30000000e+01]
[353.         424.           0.46456422   2.        ]
[6.67000000e+02 7.38000000e+02 4.67883141e-01 5.00000000e+00]
[1.91000000e+02 7.30000000e+02 4.67971372e-01 1.20000000e+01]
[2.2600000e+02 5.8600000e+02 4.6827843e-01 3.0000000e+00]
[7.30000000e+01 7.96000000e+02 4.68301719e-01 1.70000000e+01]
[ 44.        281.          0.4691218   2.       ]
[1.58000000e+02 7.87000000e+02 4.69510407e-01 7.00000000e+00]
[4.53000000e+02 8.20000000e+02 4.70215497e-01 1.40000000e+01]
[2.28000000e+02 7.35000000e+02 4.70487354e-01 4.00000000e+00]
[224.        331.          0.4712087   2.       ]
[7.77000000e+02 4.79000000e+02 4.72550875e-01 3.00000000e+00]
[4.55000000e+02 7.84000000e+02 4.72731684e-01 1.40000000e+01]
[8.05000000e+02 2.64000000e+02 4.72896965e-01 3.60000000e+01]
[6.21000000e+02 8.29000000e+02 4.76231346e-01 6.00000000e+00]
[8.00000000e+02 7.49000000e+02 4.76248365e-01 7.00000000e+00]
[5.13000000e+02 7.85000000e+02 4.77482745e-01 5.00000000e+00]
[5.06000000e+02 6.27000000e+02 4.77666147e-01 3.00000000e+00]
[5.78000000e+02 3.83000000e+02 4.78374867e-01 3.00000000e+00]
[7.71000000e+02 8.09000000e+02 4.78537294e-01 9.00000000e+00]
[7.79000000e+02 7.51000000e+02 4.78701899e-01 1.30000000e+01]
[4.81000000e+02 8.36000000e+02 4.79135931e-01 6.00000000e+00]
[7.68000000e+02 8.39000000e+02 4.79162617e-01 1.40000000e+01]
[6.00000000e+01 7.97000000e+02 4.80614213e-01 3.00000000e+00]
[8.33000000e+02 8.07000000e+02 4.82819698e-01 4.60000000e+01]
[8.03000000e+02 7.94000000e+02 4.87585857e-01 1.80000000e+01]
[8.15000000e+02 5.01000000e+02 4.88373077e-01 1.70000000e+01]
[4.30000000e+01 8.40000000e+02 4.88882337e-01 1.40000000e+01]
[3.85000000e+02 6.00000000e+02 4.89212614e-01 3.00000000e+00]
[6.1500000e+02 2.2200000e+02 4.8964369e-01 3.0000000e+00]
[5.24000000e+02 8.42000000e+02 4.91063269e-01 1.50000000e+01]
[5.39000000e+02 8.25000000e+02 4.91838526e-01 1.80000000e+01]
[306.         458.           0.49582686   2.        ]
[3.60000000e+01 8.32000000e+02 4.96998362e-01 1.50000000e+01]
[8.13000000e+02 8.18000000e+02 4.97345682e-01 7.00000000e+00]
[2.66000000e+02 8.44000000e+02 4.98003879e-01 4.70000000e+01]
[8.01000000e+02 3.52000000e+02 4.99039861e-01 8.00000000e+00]
[2.84000000e+02 7.58000000e+02 4.99627042e-01 3.00000000e+00]
[7.98000000e+02 3.76000000e+02 4.99952474e-01 8.00000000e+00]
[8.49000000e+02 8.21000000e+02 5.00008133e-01 5.00000000e+00]
[1.18000000e+02 8.11000000e+02 5.00288332e-01 8.00000000e+00]
[4.25000000e+02 8.22000000e+02 5.00325603e-01 6.00000000e+00]
[3.90000000e+02 7.90000000e+02 5.00498736e-01 6.00000000e+00]
[5.8200000e+02 7.0800000e+02 5.0175577e-01 5.0000000e+00]
[4.01000000e+02 5.25000000e+02 5.04362628e-01 2.00000000e+00]
[3.870000e+02 8.500000e+02 5.047272e-01 1.600000e+01]
[5.31000000e+02 8.61000000e+02 5.06543137e-01 7.00000000e+00]
[8.45000000e+02 8.50000000e+01 5.06818488e-01 1.90000000e+01]
[3.70000000e+01 8.59000000e+02 5.06834227e-01 6.00000000e+00]
[179.         417.           0.50708415   2.        ]
[2.20000000e+01 8.23000000e+02 5.07249897e-01 1.30000000e+01]
[8.58000000e+02 4.40000000e+02 5.07938428e-01 9.00000000e+00]
[7.65000000e+02 7.02000000e+02 5.08317825e-01 1.40000000e+01]
[8.55000000e+02 6.09000000e+02 5.08831206e-01 4.90000000e+01]
[8.73000000e+02 4.48000000e+02 5.10847249e-01 5.00000000e+01]
[3.32000000e+02 5.56000000e+02 5.11057756e-01 4.00000000e+00]
[3.7100000e+02 8.3500000e+02 5.1124447e-01 8.0000000e+00]
[6.20000000e+02 2.31000000e+02 5.11879017e-01 3.00000000e+00]
[8.34000000e+02 8.27000000e+02 5.15758581e-01 1.30000000e+01]
[8.67000000e+02 2.25000000e+02 5.15767697e-01 2.00000000e+01]
[5.04000000e+02 8.43000000e+02 5.17066996e-01 4.00000000e+00]
[293.         499.           0.51709922   2.        ]
[8.79000000e+02 8.28000000e+02 5.18494469e-01 3.40000000e+01]
[1.10000000e+02 8.71000000e+02 5.21135145e-01 1.00000000e+01]
[3.60000000e+02 6.97000000e+02 5.21417555e-01 3.00000000e+00]
[5.73000000e+02 8.51000000e+02 5.22644336e-01 2.00000000e+01]
[8.54000000e+02 4.71000000e+02 5.22851763e-01 8.00000000e+00]
[7.15000000e+02 1.07000000e+02 5.23065861e-01 3.00000000e+00]
[5.50000000e+01 8.04000000e+02 5.24417666e-01 1.30000000e+01]
[5.35000000e+02 8.88000000e+02 5.25183711e-01 1.40000000e+01]
[5.91000000e+02 3.14000000e+02 5.25345662e-01 3.00000000e+00]
[3.41000000e+02 7.07000000e+02 5.26884313e-01 1.00000000e+01]
[8.38000000e+02 8.47000000e+02 5.27158485e-01 1.70000000e+01]
[3.55000000e+02 8.63000000e+02 5.27159163e-01 6.00000000e+00]
[7.95000000e+02 8.26000000e+02 5.27367052e-01 5.00000000e+00]
[3.72000000e+02 8.85000000e+02 5.29114245e-01 2.10000000e+01]
[257.         166.           0.52926396   2.        ]
[4.50000000e+01 8.84000000e+02 5.29399296e-01 4.00000000e+00]
[7.62000000e+02 6.13000000e+02 5.33039707e-01 5.00000000e+00]
[1.46000000e+02 6.01000000e+02 5.33870869e-01 3.00000000e+00]
[325.         384.           0.53406876   2.        ]
[8.30000000e+02 8.78000000e+02 5.34556353e-01 1.50000000e+01]
[8.86000000e+02 2.17000000e+02 5.36747908e-01 9.00000000e+00]
[8.16000000e+02 8.24000000e+02 5.37743355e-01 1.20000000e+01]
[8.62000000e+02 9.03000000e+02 5.42136119e-01 1.80000000e+01]
[1.68000000e+02 8.97000000e+02 5.42353946e-01 5.00000000e+00]
[8.41000000e+02 8.52000000e+02 5.44723409e-01 8.00000000e+00]
[8.31000000e+02 1.90000000e+02 5.45090573e-01 4.00000000e+00]
[1.67000000e+02 8.95000000e+02 5.45393595e-01 2.20000000e+01]
[4.96000000e+02 8.48000000e+02 5.45541052e-01 4.00000000e+00]
[7.00000000e+00 9.02000000e+02 5.46274596e-01 1.00000000e+01]
[5.33000000e+02 9.10000000e+02 5.47213246e-01 1.10000000e+01]
[4.80000000e+01 8.82000000e+02 5.50604093e-01 3.50000000e+01]
[4.0300000e+02 8.7000000e+02 5.5355854e-01 1.4000000e+01]
[4.31000000e+02 8.94000000e+02 5.55592041e-01 6.00000000e+00]
[6.35000000e+02 8.65000000e+02 5.57868503e-01 1.80000000e+01]
[5.92000000e+02 8.76000000e+02 5.59366309e-01 1.00000000e+01]
[8.17000000e+02 1.75000000e+02 5.60769345e-01 6.00000000e+00]
[5.30000000e+01 8.75000000e+02 5.61281813e-01 5.00000000e+00]
[1.89000000e+02 8.19000000e+02 5.62223235e-01 7.00000000e+00]
[9.07000000e+02 1.61000000e+02 5.62530307e-01 5.00000000e+00]
[3.99000000e+02 8.60000000e+02 5.63687828e-01 9.00000000e+00]
[5.8000000e+01 9.0400000e+02 5.6440366e-01 1.9000000e+01]
[5.46000000e+02 9.12000000e+02 5.65547162e-01 3.70000000e+01]
[5.29000000e+02 9.15000000e+02 5.65619131e-01 1.90000000e+01]
[8.92000000e+02 2.43000000e+02 5.66387276e-01 1.80000000e+01]
[9.18000000e+02 2.82000000e+02 5.68283806e-01 6.00000000e+00]
[9.25000000e+02 1.10000000e+01 5.69546104e-01 1.90000000e+01]
[8.57000000e+02 9.14000000e+02 5.70055058e-01 9.00000000e+00]
[1.38000000e+02 5.77000000e+02 5.70109709e-01 3.00000000e+00]
[8.69000000e+02 2.63000000e+02 5.70907841e-01 3.00000000e+00]
[3.95000000e+02 8.83000000e+02 5.72075537e-01 1.10000000e+01]
[9.70000000e+01 8.96000000e+02 5.72438517e-01 3.00000000e+00]
[8.74000000e+02 9.09000000e+02 5.73406542e-01 5.40000000e+01]
[9.06000000e+02 9.11000000e+02 5.73909868e-01 1.90000000e+01]
[2.68000000e+02 9.28000000e+02 5.73949705e-01 1.00000000e+01]
[8.8100000e+02 9.2400000e+02 5.7424706e-01 2.1000000e+01]
[422.         378.           0.57472481   2.        ]
[9.27000000e+02 8.93000000e+02 5.76331937e-01 2.50000000e+01]
[2.11000000e+02 9.33000000e+02 5.76595219e-01 5.50000000e+01]
[3.92000000e+02 8.89000000e+02 5.76621208e-01 1.50000000e+01]
[9.01000000e+02 8.99000000e+02 5.76696358e-01 1.80000000e+01]
[ 69.         374.           0.57833845   2.        ]
[6.11000000e+02 9.22000000e+02 5.80765901e-01 2.10000000e+01]
[1.32000000e+02 9.08000000e+02 5.82161705e-01 2.30000000e+01]
[9.26000000e+02 8.64000000e+02 5.82653293e-01 8.00000000e+00]
[4.12000000e+02 9.16000000e+02 5.83243166e-01 1.10000000e+01]
[2.00000000e+02 9.20000000e+02 5.84366652e-01 6.00000000e+00]
[8.72000000e+02 8.87000000e+02 5.84649229e-01 1.70000000e+01]
[362.         446.           0.58772203   2.        ]
[8.80000000e+02 8.46000000e+02 5.87979563e-01 2.10000000e+01]
[9.41000000e+02 4.75000000e+02 5.88311858e-01 1.90000000e+01]
[8.53000000e+02 7.53000000e+02 5.88673858e-01 1.70000000e+01]
[1.47000000e+02 9.34000000e+02 5.88799691e-01 2.00000000e+01]
[4.78000000e+02 9.46000000e+02 5.89636807e-01 1.20000000e+01]
[8.5600000e+02 8.6800000e+02 5.9422323e-01 1.4000000e+01]
[3.43000000e+02 8.98000000e+02 5.95589075e-01 6.00000000e+00]
[9.38000000e+02 9.13000000e+02 5.99292468e-01 3.90000000e+01]
[9.19000000e+02 8.90000000e+02 5.99311706e-01 1.00000000e+01]
[9.40000000e+02 9.50000000e+02 6.00959724e-01 3.60000000e+01]
[2.23000000e+02 9.43000000e+02 6.01120086e-01 2.20000000e+01]
[5.14000000e+02 9.55000000e+02 6.03473016e-01 1.50000000e+01]
[9.52000000e+02 4.20000000e+02 6.06710712e-01 1.80000000e+01]
[9.45000000e+02 6.77000000e+02 6.08704078e-01 1.00000000e+01]
[9.6200000e+02 8.3700000e+02 6.0943465e-01 2.1000000e+01]
[8.00000000e+00 9.58000000e+02 6.09801701e-01 1.10000000e+01]
[9.05000000e+02 2.44000000e+02 6.11273571e-01 6.00000000e+00]
[4.56000000e+02 9.63000000e+02 6.14695575e-01 1.10000000e+01]
[4.52000000e+02 9.59000000e+02 6.18382207e-01 3.70000000e+01]
[9.56000000e+02 2.89000000e+02 6.22224478e-01 7.00000000e+00]
[3.13000000e+02 9.48000000e+02 6.23810864e-01 1.80000000e+01]
[4.85000000e+02 9.54000000e+02 6.25435458e-01 1.30000000e+01]
[9.32000000e+02 9.31000000e+02 6.26031464e-01 1.40000000e+01]
[2.53000000e+02 9.65000000e+02 6.33490329e-01 1.20000000e+01]
[9.23000000e+02 9.57000000e+02 6.33587309e-01 7.60000000e+01]
[3.44000000e+02 9.36000000e+02 6.33826882e-01 2.20000000e+01]
[9.71000000e+02 9.37000000e+02 6.34778726e-01 1.50000000e+01]
[9.69000000e+02 4.74000000e+02 6.36285237e-01 8.00000000e+00]
[9.21000000e+02 9.39000000e+02 6.37189537e-01 6.40000000e+01]
[8.66000000e+02 9.44000000e+02 6.39797499e-01 3.00000000e+01]
[8.40000000e+01 9.72000000e+02 6.41018831e-01 1.50000000e+01]
[2.15000000e+02 9.77000000e+02 6.41061988e-01 9.00000000e+00]
[8.77000000e+02 9.75000000e+02 6.41132383e-01 2.50000000e+01]
[3.98000000e+02 9.78000000e+02 6.43999787e-01 6.50000000e+01]
[7.75000000e+02 1.49000000e+02 6.44546261e-01 3.00000000e+00]
[9.47000000e+02 9.29000000e+02 6.44670746e-01 9.00000000e+00]
[4.93000000e+02 9.76000000e+02 6.45564224e-01 1.60000000e+01]
[151.         500.           0.64636645   2.        ]
[9.68000000e+02 1.30000000e+01 6.47834898e-01 3.80000000e+01]
[9.00000000e+02 9.51000000e+02 6.51656661e-01 2.10000000e+01]
[1.87000000e+02 9.88000000e+02 6.52449239e-01 3.90000000e+01]
[3.89000000e+02 9.83000000e+02 6.52845098e-01 6.60000000e+01]
[9.80000000e+02 5.20000000e+02 6.56972211e-01 1.60000000e+01]
[9.92000000e+02 1.69000000e+02 6.58998426e-01 1.70000000e+01]
[9.73000000e+02 9.79000000e+02 6.61741958e-01 4.20000000e+01]
[9.66000e+02 9.90000e+02 6.65132e-01 4.50000e+01]
[364.         430.           0.66531606   2.        ]
[7.70000000e+01 9.67000000e+02 6.66176588e-01 1.20000000e+01]
[9.74000000e+02 1.71000000e+02 6.66921829e-01 7.70000000e+01]
[2.88000000e+02 9.82000000e+02 6.67012128e-01 2.60000000e+01]
[3.54000000e+02 9.97000000e+02 6.68940669e-01 1.30000000e+01]
[9.98000000e+02 3.88000000e+02 6.69170276e-01 7.80000000e+01]
[3.12000000e+02 9.60000000e+02 6.70950433e-01 2.30000000e+01]
[4.49000000e+02 9.99000000e+02 6.72980682e-01 2.70000000e+01]
[9.4900000e+02 9.6100000e+02 6.7362314e-01 1.7000000e+01]
[4.97000000e+02 1.00200000e+03 6.77639536e-01 2.40000000e+01]
[1.26000000e+02 9.85000000e+02 6.78373394e-01 1.00000000e+01]
[6.56000000e+02 1.00000000e+03 6.79825623e-01 1.50000000e+01]
[9.90000000e+01 9.70000000e+02 6.81085253e-01 1.90000000e+01]
[1.06000000e+02 9.89000000e+02 6.86490163e-01 2.20000000e+01]
[2.92000000e+02 9.94000000e+02 6.90515121e-01 4.30000000e+01]
[4.04000000e+02 1.00900000e+03 6.91491017e-01 2.30000000e+01]
[4.59000000e+02 7.12000000e+02 7.08159662e-01 3.00000000e+00]
[1.0040000e+03 9.8400000e+02 7.1014678e-01 2.0000000e+01]
[9.86000000e+02 1.00500000e+03 7.12065877e-01 4.00000000e+01]
[6.60000000e+01 9.95000000e+02 7.12326053e-01 4.60000000e+01]
[4.66000000e+02 1.01300000e+03 7.13719529e-01 2.10000000e+01]
[9.42000000e+02 1.01500000e+03 7.17827748e-01 4.80000000e+01]
[1.62000000e+02 1.01400000e+03 7.19032719e-01 4.10000000e+01]
[379.         101.           0.72029334   2.        ]
[1.34000000e+02 1.00100000e+03 7.31642331e-01 7.90000000e+01]
[9.64000000e+02 9.35000000e+02 7.32980111e-01 3.10000000e+01]
[9.81000000e+02 1.01600000e+03 7.32996791e-01 3.00000000e+01]
[2.35000000e+02 1.02200000e+03 7.37318232e-01 3.10000000e+01]
[1.01000000e+03 1.02000000e+03 7.37734777e-01 1.22000000e+02]
[1.00300000e+03 1.02300000e+03 7.40586105e-01 5.80000000e+01]
[4.11000000e+02 1.00700000e+03 7.42963513e-01 1.60000000e+01]
[1.01100000e+03 9.91000000e+02 7.44758189e-01 8.90000000e+01]
[4.7000000e+02 1.0240000e+03 7.5817962e-01 1.2300000e+02]
[1.02100000e+03 6.16000000e+02 7.58806527e-01 3.40000000e+01]
[8.9100000e+02 1.0270000e+03 7.6170807e-01 9.9000000e+01]
[ 89.         108.           0.76753217   2.        ]
[1.01700000e+03 1.02800000e+03 7.69160215e-01 1.71000000e+02]
[8.14000000e+02 1.03000000e+03 7.69652924e-01 1.03000000e+02]
[1.02600000e+03 8.02000000e+02 7.73943545e-01 1.80000000e+01]
[1.20000000e+01 1.03200000e+03 7.74166325e-01 1.72000000e+02]
[3.68000000e+02 1.03400000e+03 7.76385077e-01 1.90000000e+01]
[2.34000000e+02 1.02500000e+03 7.76709984e-01 5.90000000e+01]
[3.11000000e+02 1.01900000e+03 7.77347297e-01 3.00000000e+00]
[5.47000000e+02 1.03500000e+03 7.81041561e-01 1.74000000e+02]
[4.19000000e+02 1.00800000e+03 7.89408624e-01 2.00000000e+01]
[2.01000000e+02 1.04000000e+03 7.91402426e-01 2.10000000e+01]
[1.00600000e+03 1.03700000e+03 8.16034206e-01 6.90000000e+01]
[1.03600000e+03 1.04100000e+03 8.16648178e-01 4.00000000e+01]
[319.         447.           0.82807222   2.        ]
[1.01800000e+03 4.16000000e+02 8.30170752e-01 4.20000000e+01]
[9.93000000e+02 1.04500000e+03 8.41373623e-01 5.90000000e+01]
[1.02900000e+03 1.03900000e+03 8.45419446e-01 2.08000000e+02]
[4.84000000e+02 9.87000000e+02 8.51854713e-01 3.00000000e+00]
[4.20000000e+01 1.04300000e+03 8.56026318e-01 4.10000000e+01]
[1.04200000e+03 9.53000000e+02 8.76320059e-01 8.90000000e+01]
[3.2300000e+02 1.0470000e+03 8.8337304e-01 2.0900000e+02]
[9.17000000e+02 1.03300000e+03 8.90664729e-01 1.09000000e+02]
[2.42000000e+02 1.04600000e+03 8.91107522e-01 6.00000000e+01]
[1.04900000e+03 1.01200000e+03 8.93166509e-01 4.40000000e+01]
[1.05400000e+03 1.04400000e+03 9.01318896e-01 4.60000000e+01]
[1.05500000e+03 1.77000000e+02 9.04239511e-01 4.70000000e+01]
[3.42000000e+02 1.04800000e+03 9.08277401e-01 4.00000000e+00]
[1.03100000e+03 1.05000000e+03 9.09477173e-01 9.10000000e+01]
[2.12000000e+02 1.05300000e+03 9.18493747e-01 6.10000000e+01]
[9.30000000e+02 9.96000000e+02 9.22801471e-01 5.00000000e+00]
[3.7000000e+02 1.0580000e+03 9.2735119e-01 9.2000000e+01]
[1.03800000e+03 1.05100000e+03 9.31221703e-01 2.12000000e+02]
[3.16000000e+02 1.06100000e+03 9.39677625e-01 9.30000000e+01]
[4.88000000e+02 1.06300000e+03 9.45679546e-01 9.40000000e+01]
[1.05900000e+03 1.06200000e+03 9.51626468e-01 2.73000000e+02]
[2.0000000e+00 1.0520000e+03 9.5205457e-01 1.1000000e+02]
[1.05600000e+03 1.06500000e+03 9.60281872e-01 3.20000000e+02]
[1.06700000e+03 5.02000000e+02 9.93967357e-01 3.21000000e+02]
[2.40000000e+01 1.06800000e+03 1.02602925e+00 3.22000000e+02]
[1.05700000e+03 1.06900000e+03 1.03170982e+00 3.26000000e+02]
[1.07000000e+03 1.06400000e+03 1.05143675e+00 4.20000000e+02]
[1.07100000e+03 4.23000000e+02 1.05321885e+00 4.21000000e+02]
[377.         429.           1.11283885   2.        ]
[1066.         1072.            1.14730068  531.        ]
[1074.         1060.            1.16928404  536.        ]
[1075.          145.            1.23336122  537.        ]
[1076.         1073.            1.31242315  539.        ]
[1077.          277.            1.31368105  540.        ]
