[  6. 129.   0.   2.]
[64. 68.  0.  2.]
[541.  93.   0.   3.]
[542. 123.   0.   4.]
[543. 214.   0.   5.]
[544. 261.   0.   6.]
[ 72. 437.   0.   2.]
[ 90. 518.   0.   2.]
[140. 380.   0.   2.]
[220. 295.   0.   2.]
[270. 271.   0.   2.]
[550. 400.   0.   3.]
[300. 302.   0.   2.]
[7.80000000e+01 3.15000000e+02 1.05367121e-08 2.00000000e+00]
[5.53000000e+02 1.25000000e+02 1.34463448e-08 3.00000000e+00]
[1.00000000e+00 2.16000000e+02 1.49011612e-08 2.00000000e+00]
[5.55000000e+02 1.13000000e+02 1.49011612e-08 3.00000000e+00]
[3.59000000e+02 4.13000000e+02 1.49011612e-08 2.00000000e+00]
[1.36000000e+02 3.36000000e+02 1.82501207e-08 2.00000000e+00]
[5.00000000e+01 1.35000000e+02 2.10734243e-08 2.00000000e+00]
[5.59000000e+02 3.29000000e+02 2.10734243e-08 3.00000000e+00]
[7.40000000e+01 9.10000000e+01 2.10734243e-08 2.00000000e+00]
[5.61000000e+02 3.17000000e+02 2.10734243e-08 3.00000000e+00]
[9.50000000e+01 1.52000000e+02 2.10734243e-08 2.00000000e+00]
[5.63000000e+02 2.40000000e+02 2.10734243e-08 3.00000000e+00]
[5.64000000e+02 3.01000000e+02 2.10734243e-08 4.00000000e+00]
[5.65000000e+02 3.08000000e+02 2.10734243e-08 5.00000000e+00]
[5.66000000e+02 5.49000000e+02 2.10734243e-08 7.00000000e+00]
[3.07000000e+02 5.67000000e+02 2.10734243e-08 8.00000000e+00]
[1.03000000e+02 1.96000000e+02 2.10734243e-08 2.00000000e+00]
[1.78000000e+02 2.45000000e+02 2.10734243e-08 2.00000000e+00]
[5.52000000e+02 4.68000000e+02 2.48352687e-08 3.00000000e+00]
[8.1000000e+01 5.6800000e+02 2.5969512e-08 9.0000000e+00]
[6.10000000e+01 2.36000000e+02 3.65002415e-08 2.00000000e+00]
[5.62000000e+02 2.74000000e+02 7.74287048e-08 4.00000000e+00]
[3.09000000e+02 3.94000000e+02 4.20272775e-02 2.00000000e+00]
[1.70000000e+02 5.51000000e+02 6.13489452e-02 4.00000000e+00]
[21.         40.          0.06525923  2.        ]
[2.18000000e+02 5.03000000e+02 6.67553151e-02 2.00000000e+00]
[2.06000000e+02 3.22000000e+02 7.56541011e-02 2.00000000e+00]
[5.60000000e+02 1.30000000e+02 7.70653002e-02 4.00000000e+00]
[3.00000000e+01 2.09000000e+02 8.06748589e-02 2.00000000e+00]
[3.39000000e+02 4.73000000e+02 8.52938749e-02 2.00000000e+00]
[4.90000000e+01 2.46000000e+02 8.70285231e-02 2.00000000e+00]
[3.66000000e+02 5.17000000e+02 8.77495348e-02 2.00000000e+00]
[4.92000000e+02 5.23000000e+02 1.06293885e-01 2.00000000e+00]
[3.9700000e+02 4.4400000e+02 1.0810634e-01 2.0000000e+00]
[1.24000000e+02 3.05000000e+02 1.08530518e-01 2.00000000e+00]
[5.48000000e+02 2.98000000e+02 1.09718327e-01 3.00000000e+00]
[1.28000000e+02 2.91000000e+02 1.09913936e-01 2.00000000e+00]
[3.20000000e+02 4.06000000e+02 1.13231418e-01 2.00000000e+00]
[2.90000000e+01 4.86000000e+02 1.16059314e-01 2.00000000e+00]
[2.48000000e+02 5.16000000e+02 1.16855715e-01 2.00000000e+00]
[1.43000000e+02 4.45000000e+02 1.18843233e-01 2.00000000e+00]
[3.46000000e+02 4.38000000e+02 1.19510912e-01 2.00000000e+00]
[5.74000000e+02 1.64000000e+02 1.20307118e-01 5.00000000e+00]
[6.30000000e+01 4.26000000e+02 1.23291247e-01 2.00000000e+00]
[5.40000000e+01 1.48000000e+02 1.23449399e-01 2.00000000e+00]
[3.48000000e+02 3.67000000e+02 1.27924535e-01 2.00000000e+00]
[2.9000000e+02 5.3000000e+02 1.2863548e-01 2.0000000e+00]
[4.36000000e+02 5.22000000e+02 1.31911863e-01 2.00000000e+00]
[4.02000000e+02 4.89000000e+02 1.32364684e-01 2.00000000e+00]
[3.00000000e+00 2.51000000e+02 1.32801284e-01 2.00000000e+00]
[4.10000000e+01 5.94000000e+02 1.33440134e-01 3.00000000e+00]
[4.00000000e+00 2.62000000e+02 1.35758706e-01 2.00000000e+00]
[2.13000000e+02 3.86000000e+02 1.37608285e-01 2.00000000e+00]
[5.76000000e+02 2.29000000e+02 1.41648784e-01 5.00000000e+00]
[5.58000000e+02 1.76000000e+02 1.41736204e-01 3.00000000e+00]
[2.70000000e+01 1.72000000e+02 1.44948965e-01 2.00000000e+00]
[3.03000000e+02 3.69000000e+02 1.45395614e-01 2.00000000e+00]
[5.80000000e+02 5.72000000e+02 1.46646185e-01 1.30000000e+01]
[3.96000000e+02 4.14000000e+02 1.46739892e-01 2.00000000e+00]
[1.60000000e+01 4.39000000e+02 1.46763247e-01 2.00000000e+00]
[8.00000000e+01 4.09000000e+02 1.51588644e-01 2.00000000e+00]
[9.00000000e+00 5.54000000e+02 1.51905196e-01 4.00000000e+00]
[65.         76.          0.15853869  2.        ]
[1.44000000e+02 5.57000000e+02 1.58724508e-01 3.00000000e+00]
[2.05000000e+02 5.71000000e+02 1.61096656e-01 4.00000000e+00]
[2.4700000e+02 2.4900000e+02 1.6354979e-01 2.0000000e+00]
[5.95000000e+02 2.04000000e+02 1.63932763e-01 6.00000000e+00]
[1.85000000e+02 1.95000000e+02 1.65685387e-01 2.00000000e+00]
[2.97000000e+02 4.27000000e+02 1.67879148e-01 2.00000000e+00]
[5.00000000e+00 2.07000000e+02 1.71191335e-01 2.00000000e+00]
[5.32000000e+02 4.77000000e+02 1.79253896e-01 2.00000000e+00]
[5.89000000e+02 1.65000000e+02 1.82652293e-01 3.00000000e+00]
[3.28000000e+02 6.10000000e+02 1.87096867e-01 1.40000000e+01]
[4.18000000e+02 4.61000000e+02 1.87338283e-01 2.00000000e+00]
[3.18000000e+02 5.09000000e+02 1.94485694e-01 2.00000000e+00]
[2.76000000e+02 3.45000000e+02 1.94649054e-01 2.00000000e+00]
[2.39000000e+02 6.25000000e+02 1.95070035e-01 1.50000000e+01]
[9.20000000e+01 2.69000000e+02 1.96323204e-01 2.00000000e+00]
[1.80000000e+02 6.24000000e+02 2.03738013e-01 4.00000000e+00]
[3.93000000e+02 5.11000000e+02 2.03861056e-01 2.00000000e+00]
[2.30000000e+02 6.23000000e+02 2.06557304e-01 3.00000000e+00]
[6.3100000e+02 6.2000000e+01 2.0897721e-01 5.0000000e+00]
[1.70000000e+01 2.83000000e+02 2.10534974e-01 2.00000000e+00]
[3.81000000e+02 4.05000000e+02 2.10682214e-01 2.00000000e+00]
[5.20000000e+01 3.82000000e+02 2.11028638e-01 2.00000000e+00]
[6.06000000e+02 3.34000000e+02 2.12025217e-01 6.00000000e+00]
[1.42000000e+02 5.19000000e+02 2.12677255e-01 2.00000000e+00]
[155.          98.           0.21588049   2.        ]
[ 33.         122.           0.21900548   2.        ]
[6.14000000e+02 1.56000000e+02 2.28415228e-01 5.00000000e+00]
[6.40000000e+02 2.72000000e+02 2.29730665e-01 3.00000000e+00]
[6.34000000e+02 2.33000000e+02 2.32019464e-01 6.00000000e+00]
[1.99000000e+02 6.42000000e+02 2.36892163e-01 6.00000000e+00]
[ 67.         150.           0.23819264   2.        ]
[4.15000000e+02 4.60000000e+02 2.38603893e-01 2.00000000e+00]
[6.0300000e+02 6.3700000e+02 2.4523685e-01 5.0000000e+00]
[ 19.         104.           0.24622002   2.        ]
[ 70.         183.           0.24680608   2.        ]
[6.07000000e+02 1.86000000e+02 2.47363626e-01 4.00000000e+00]
[6.17000000e+02 5.45000000e+02 2.53453208e-01 1.00000000e+01]
[ 83.         159.           0.25527496   2.        ]
[1.40000000e+01 4.33000000e+02 2.58566205e-01 2.00000000e+00]
[117.         153.           0.26014209   2.        ]
[4.08000000e+02 4.50000000e+02 2.64167955e-01 2.00000000e+00]
[6.44000000e+02 3.33000000e+02 2.64773147e-01 7.00000000e+00]
[2.37000000e+02 4.90000000e+02 2.64998226e-01 2.00000000e+00]
[3.65000000e+02 4.43000000e+02 2.70190076e-01 2.00000000e+00]
[6.3900000e+02 5.8400000e+02 2.7408429e-01 4.0000000e+00]
[6.3800000e+02 6.2900000e+02 2.7694886e-01 2.1000000e+01]
[ 35.         160.           0.27739317   2.        ]
[4.60000000e+01 3.27000000e+02 2.80190419e-01 2.00000000e+00]
[6.0200000e+02 2.2100000e+02 2.8058719e-01 3.0000000e+00]
[4.51000000e+02 5.08000000e+02 2.81112942e-01 2.00000000e+00]
[1.15000000e+02 6.57000000e+02 2.81850635e-01 8.00000000e+00]
[1.94000000e+02 4.80000000e+02 2.88850224e-01 2.00000000e+00]
[1.09000000e+02 6.52000000e+02 2.91807581e-01 1.10000000e+01]
[2.27000000e+02 3.40000000e+02 2.97744078e-01 2.00000000e+00]
[3.91000000e+02 4.10000000e+02 3.03050171e-01 2.00000000e+00]
[6.43000000e+02 2.19000000e+02 3.03373395e-01 4.00000000e+00]
[4.95000000e+02 6.71000000e+02 3.03448233e-01 5.00000000e+00]
[6.46000000e+02 2.56000000e+02 3.03592885e-01 3.00000000e+00]
[1.8200000e+02 6.5000000e+02 3.0403392e-01 3.0000000e+00]
[3.56000000e+02 4.67000000e+02 3.08410621e-01 2.00000000e+00]
[0.00000000e+00 4.65000000e+02 3.09590273e-01 2.00000000e+00]
[6.66000000e+02 2.08000000e+02 3.10059253e-01 9.00000000e+00]
[1.54000000e+02 6.74000000e+02 3.10537957e-01 4.00000000e+00]
[5.70000000e+02 2.85000000e+02 3.11151656e-01 3.00000000e+00]
[6.19000000e+02 6.55000000e+02 3.12422749e-01 8.00000000e+00]
[5.98000000e+02 5.26000000e+02 3.14317475e-01 3.00000000e+00]
[3.35000000e+02 4.42000000e+02 3.14429786e-01 2.00000000e+00]
[5.88000000e+02 6.61000000e+02 3.16794939e-01 2.40000000e+01]
[6.51000000e+02 6.45000000e+02 3.18082865e-01 1.00000000e+01]
[6.41000000e+02 6.33000000e+02 3.20713686e-01 5.00000000e+00]
[3.4900000e+02 5.3800000e+02 3.2179643e-01 2.0000000e+00]
[6.77000000e+02 2.02000000e+02 3.22510497e-01 1.00000000e+01]
[6.22000000e+02 6.62000000e+02 3.25109438e-01 4.00000000e+00]
[2.30000000e+01 5.90000000e+02 3.26433723e-01 3.00000000e+00]
[6.49000000e+02 4.69000000e+02 3.27709786e-01 3.00000000e+00]
[6.80000000e+02 1.21000000e+02 3.33076154e-01 9.00000000e+00]
[5.12000000e+02 5.28000000e+02 3.34031824e-01 2.00000000e+00]
[5.99000000e+02 6.89000000e+02 3.35953893e-01 5.00000000e+00]
[2.00000000e+01 6.72000000e+02 3.37615228e-01 6.00000000e+00]
[5.79000000e+02 2.25000000e+02 3.39114899e-01 3.00000000e+00]
[193.         279.           0.34009775   2.        ]
[3.61000000e+02 5.27000000e+02 3.43242707e-01 2.00000000e+00]
[102.         141.           0.34590264   2.        ]
[6.30000000e+02 1.92000000e+02 3.47862768e-01 3.00000000e+00]
[6.53000000e+02 1.84000000e+02 3.48594535e-01 3.00000000e+00]
[5.400000e+02 1.390000e+02 3.497422e-01 3.000000e+00]
[5.75000000e+02 6.82000000e+02 3.50615128e-01 4.00000000e+00]
[6.93000000e+02 4.83000000e+02 3.53318126e-01 6.00000000e+00]
[4.70000000e+01 5.83000000e+02 3.56909409e-01 3.00000000e+00]
[6.90000000e+02 6.83000000e+02 3.58393266e-01 2.70000000e+01]
[5.90000000e+01 6.91000000e+02 3.60203494e-01 1.00000000e+01]
[2.52000000e+02 4.63000000e+02 3.60207445e-01 2.00000000e+00]
[2.65000000e+02 6.88000000e+02 3.65328146e-01 5.00000000e+00]
[287.         324.           0.36629062   2.        ]
[6.76000000e+02 4.91000000e+02 3.67026746e-01 3.00000000e+00]
[3.2000000e+01 6.6300000e+02 3.6803594e-01 3.0000000e+00]
[ 87.         280.           0.36851304   2.        ]
[100.          51.           0.37101662   2.        ]
[6.9400000e+02 6.6900000e+02 3.7422152e-01 8.0000000e+00]
[4.76000000e+02 4.98000000e+02 3.77809346e-01 2.00000000e+00]
[188.         241.           0.37823154   2.        ]
[1.80000000e+01 7.14000000e+02 3.79276535e-01 9.00000000e+00]
[5.96000000e+02 2.38000000e+02 3.79985441e-01 3.00000000e+00]
[3.38000000e+02 6.47000000e+02 3.85683177e-01 3.00000000e+00]
[7.07000000e+02 5.05000000e+02 3.89288663e-01 3.00000000e+00]
[7.13000000e+02 2.55000000e+02 3.89440127e-01 3.00000000e+00]
[6.26000000e+02 5.37000000e+02 3.89505291e-01 3.00000000e+00]
[7.1000000e+02 1.3700000e+02 3.8955438e-01 4.0000000e+00]
[6.85000000e+02 6.92000000e+02 3.90047787e-01 7.00000000e+00]
[210.         383.           0.39072488   2.        ]
[5.70000000e+01 5.15000000e+02 3.91460847e-01 2.00000000e+00]
[8.80000000e+01 6.60000000e+02 3.93166217e-01 5.00000000e+00]
[3.90000000e+01 7.19000000e+02 3.94045676e-01 4.00000000e+00]
[1.12000000e+02 6.87000000e+02 3.94063764e-01 1.10000000e+01]
[2.50000000e+01 6.00000000e+02 3.97743079e-01 3.00000000e+00]
[6.81000000e+02 5.01000000e+02 3.98946141e-01 4.00000000e+00]
[3.47000000e+02 4.87000000e+02 3.99441176e-01 2.00000000e+00]
[2.86000000e+02 6.36000000e+02 4.00431305e-01 3.00000000e+00]
[6.04000000e+02 7.05000000e+02 4.00548692e-01 2.90000000e+01]
[2.32000000e+02 7.27000000e+02 4.00899529e-01 6.00000000e+00]
[203.         358.           0.40183111   2.        ]
[2.60000000e+02 7.23000000e+02 4.02160643e-01 5.00000000e+00]
[4.32000000e+02 7.18000000e+02 4.02552334e-01 4.00000000e+00]
[6.18000000e+02 5.69000000e+02 4.02832146e-01 4.00000000e+00]
[3.37000000e+02 5.29000000e+02 4.03160443e-01 2.00000000e+00]
[3.10000000e+01 7.11000000e+02 4.03282242e-01 4.00000000e+00]
[5.81000000e+02 4.41000000e+02 4.03588014e-01 3.00000000e+00]
[4.5400000e+02 6.6800000e+02 4.0410966e-01 1.2000000e+01]
[3.5000000e+02 7.0300000e+02 4.0430606e-01 7.0000000e+00]
[6.79000000e+02 3.10000000e+02 4.06065824e-01 4.00000000e+00]
[1.98000000e+02 5.07000000e+02 4.08228249e-01 2.00000000e+00]
[6.73000000e+02 7.17000000e+02 4.08764449e-01 1.20000000e+01]
[6.86000000e+02 6.28000000e+02 4.08931219e-01 4.00000000e+00]
[ 28.         326.           0.41011218   2.        ]
[ 82.         127.           0.41017661   2.        ]
[2.67000000e+02 6.97000000e+02 4.11886106e-01 3.00000000e+00]
[6.78000000e+02 6.56000000e+02 4.12835787e-01 6.00000000e+00]
[2.59000000e+02 6.64000000e+02 4.14517538e-01 4.00000000e+00]
[2.58000000e+02 7.44000000e+02 4.16055167e-01 8.00000000e+00]
[6.12000000e+02 6.32000000e+02 4.16124376e-01 4.00000000e+00]
[ 79.         352.           0.41712533   2.        ]
[2.94000000e+02 4.72000000e+02 4.17764795e-01 2.00000000e+00]
[7.01000000e+02 1.11000000e+02 4.18151611e-01 4.00000000e+00]
[7.42000000e+02 4.64000000e+02 4.20985496e-01 4.00000000e+00]
[7.06000000e+02 1.74000000e+02 4.21767561e-01 1.10000000e+01]
[1.57000000e+02 7.47000000e+02 4.23205578e-01 1.30000000e+01]
[1.32000000e+02 6.84000000e+02 4.25977337e-01 1.10000000e+01]
[5.97000000e+02 7.48000000e+02 4.28076133e-01 6.00000000e+00]
[6.98000000e+02 1.97000000e+02 4.29332586e-01 3.00000000e+00]
[6.48000000e+02 7.35000000e+02 4.31243348e-01 1.10000000e+01]
[7.21000000e+02 4.07000000e+02 4.32458731e-01 4.00000000e+00]
[7.37000000e+02 4.34000000e+02 4.33146549e-01 6.00000000e+00]
[3.73000000e+02 7.22000000e+02 4.34541666e-01 4.00000000e+00]
[2.60000000e+01 7.66000000e+02 4.35366322e-01 5.00000000e+00]
[1.19000000e+02 7.53000000e+02 4.35657049e-01 5.00000000e+00]
[7.10000000e+01 4.62000000e+02 4.37781194e-01 2.00000000e+00]
[ 34.         330.           0.43816637   2.        ]
[1.50000000e+01 7.64000000e+02 4.38760915e-01 4.00000000e+00]
[2.99000000e+02 7.61000000e+02 4.39141685e-01 1.40000000e+01]
[ 94.         223.           0.44004323   2.        ]
[7.50000000e+01 7.69000000e+02 4.41292586e-01 6.00000000e+00]
[4.55000000e+02 5.36000000e+02 4.41413491e-01 2.00000000e+00]
[7.55000000e+02 7.54000000e+02 4.41690826e-01 1.20000000e+01]
[6.67000000e+02 4.48000000e+02 4.42297387e-01 3.00000000e+00]
[8.60000000e+01 7.00000000e+02 4.42672165e-01 4.00000000e+00]
[6.58000000e+02 4.28000000e+02 4.43013559e-01 3.00000000e+00]
[6.96000000e+02 7.65000000e+02 4.43047517e-01 1.30000000e+01]
[6.27000000e+02 6.70000000e+02 4.43410479e-01 4.00000000e+00]
[7.59000000e+02 1.20000000e+02 4.45662305e-01 5.00000000e+00]
[1.05000000e+02 7.38000000e+02 4.45858841e-01 5.00000000e+00]
[2.5000000e+02 5.3500000e+02 4.4743765e-01 2.0000000e+00]
[7.78000000e+02 7.45000000e+02 4.47606492e-01 1.60000000e+01]
[6.08000000e+02 7.73000000e+02 4.47730201e-01 6.00000000e+00]
[1.81000000e+02 7.15000000e+02 4.48513961e-01 3.00000000e+00]
[3.80000000e+01 7.43000000e+02 4.48553964e-01 1.30000000e+01]
[114.         226.           0.44876313   2.        ]
[1.33000000e+02 7.51000000e+02 4.50221439e-01 4.00000000e+00]
[7.34000000e+02 2.75000000e+02 4.51010045e-01 3.00000000e+01]
[163.         440.           0.45190532   2.        ]
[4.35000000e+02 4.79000000e+02 4.52463526e-01 2.00000000e+00]
[3.71000000e+02 5.10000000e+02 4.52484222e-01 2.00000000e+00]
[7.16000000e+02 7.63000000e+02 4.52852905e-01 8.00000000e+00]
[3.63000000e+02 5.21000000e+02 4.53100824e-01 2.00000000e+00]
[7.41000000e+02 7.85000000e+02 4.53358189e-01 9.00000000e+00]
[3.92000000e+02 7.20000000e+02 4.54116288e-01 4.00000000e+00]
[7.24000000e+02 2.78000000e+02 4.54175232e-01 8.00000000e+00]
[5.87000000e+02 5.93000000e+02 4.55275495e-01 4.00000000e+00]
[1.1600000e+02 7.4000000e+02 4.5580649e-01 3.0000000e+00]
[4.82000000e+02 6.59000000e+02 4.56074575e-01 3.00000000e+00]
[7.30000000e+02 1.58000000e+02 4.56824977e-01 4.00000000e+00]
[3.04000000e+02 7.31000000e+02 4.58056041e-01 5.00000000e+00]
[7.28000000e+02 7.99000000e+02 4.58248925e-01 1.30000000e+01]
[  7.         457.           0.45828271   2.        ]
[7.81000000e+02 3.57000000e+02 4.58933615e-01 4.00000000e+00]
[ 55.         254.           0.45924983   2.        ]
[1.90000000e+02 7.36000000e+02 4.59340449e-01 3.00000000e+00]
[1.31000000e+02 8.06000000e+02 4.60439036e-01 6.00000000e+00]
[3.76000000e+02 5.34000000e+02 4.60672116e-01 2.00000000e+00]
[8.02000000e+02 3.75000000e+02 4.60932605e-01 5.00000000e+00]
[5.60000000e+01 7.26000000e+02 4.62046422e-01 3.00000000e+00]
[2.96000000e+02 8.04000000e+02 4.62822467e-01 4.00000000e+00]
[7.97000000e+02 7.58000000e+02 4.62941972e-01 1.20000000e+01]
[9.6000000e+01 7.7600000e+02 4.6371095e-01 7.0000000e+00]
[353.         424.           0.46456422   2.        ]
[7.49000000e+02 8.07000000e+02 4.65448732e-01 1.50000000e+01]
[3.51000000e+02 7.02000000e+02 4.67094385e-01 5.00000000e+00]
[6.65000000e+02 7.33000000e+02 4.67883141e-01 5.00000000e+00]
[191.         403.           0.46797137   2.        ]
[7.08000000e+02 7.50000000e+02 4.68299368e-01 7.00000000e+00]
[7.30000000e+01 7.90000000e+02 4.68301719e-01 1.40000000e+01]
[ 44.        281.          0.4691218   2.       ]
[4.53000000e+02 5.24000000e+02 4.70215497e-01 2.00000000e+00]
[6.21000000e+02 7.83000000e+02 4.70487354e-01 6.00000000e+00]
[224.        331.          0.4712087   2.       ]
[6.20000000e+02 4.21000000e+02 4.73906864e-01 3.00000000e+00]
[7.29000000e+02 4.25000000e+02 4.77034896e-01 1.20000000e+01]
[7.67000000e+02 7.87000000e+02 4.77249367e-01 2.20000000e+01]
[1.46000000e+02 7.93000000e+02 4.77482745e-01 3.10000000e+01]
[3.60000000e+01 5.06000000e+02 4.77666147e-01 2.00000000e+00]
[4.81000000e+02 7.80000000e+02 4.79135931e-01 5.00000000e+00]
[6.00000000e+01 5.04000000e+02 4.80614213e-01 2.00000000e+00]
[8.0100000e+02 3.2100000e+02 4.8112361e-01 9.0000000e+00]
[5.78000000e+02 2.92000000e+02 4.81600845e-01 3.00000000e+00]
[7.82000000e+02 5.85000000e+02 4.83117378e-01 1.50000000e+01]
[7.56000000e+02 7.92000000e+02 4.85614141e-01 6.00000000e+00]
[7.72000000e+02 7.95000000e+02 4.86013318e-01 4.00000000e+00]
[7.74000000e+02 7.12000000e+02 4.87567389e-01 1.60000000e+01]
[1.18000000e+02 8.24000000e+02 4.89212614e-01 8.00000000e+00]
[2.73000000e+02 7.57000000e+02 4.89513778e-01 3.00000000e+00]
[6.1500000e+02 2.2200000e+02 4.8964369e-01 3.0000000e+00]
[5.73000000e+02 5.39000000e+02 4.91838526e-01 3.00000000e+00]
[8.42000000e+02 3.95000000e+02 4.95578418e-01 1.70000000e+01]
[306.         458.           0.49582686   2.        ]
[7.9100000e+02 3.6000000e+02 4.9779404e-01 3.0000000e+00]
[2.84000000e+02 7.89000000e+02 4.99627042e-01 4.00000000e+00]
[3.70000000e+01 8.45000000e+02 5.00008133e-01 4.00000000e+00]
[8.17000000e+02 7.84000000e+02 5.00157067e-01 1.70000000e+01]
[3.90000000e+02 7.68000000e+02 5.00498736e-01 5.00000000e+00]
[8.2000000e+02 8.0300000e+02 5.0065227e-01 1.8000000e+01]
[5.8200000e+02 3.5500000e+02 5.0175577e-01 3.0000000e+00]
[8.28000000e+02 8.05000000e+02 5.01885376e-01 1.00000000e+01]
[8.25000000e+02 2.00000000e+02 5.03952799e-01 1.50000000e+01]
[ 53.         401.           0.50436263   2.        ]
[138.        387.          0.5047272   2.       ]
[4.30000000e+01 8.47000000e+02 5.04903066e-01 1.80000000e+01]
[8.50000000e+01 8.57000000e+02 5.05857927e-01 1.60000000e+01]
[5.80000000e+01 5.31000000e+02 5.06543137e-01 2.00000000e+00]
[4.80000000e+01 8.60000000e+02 5.07079531e-01 1.90000000e+01]
[179.         417.           0.50708415   2.        ]
[6.54000000e+02 2.20000000e+01 5.07249897e-01 3.00000000e+00]
[8.11000000e+02 7.32000000e+02 5.07814581e-01 5.00000000e+00]
[7.60000000e+02 6.99000000e+02 5.08317825e-01 1.40000000e+01]
[8.33000000e+02 7.52000000e+02 5.10179627e-01 3.70000000e+01]
[3.32000000e+02 7.62000000e+02 5.11057756e-01 1.20000000e+01]
[7.77000000e+02 7.46000000e+02 5.11495268e-01 4.00000000e+00]
[8.21000000e+02 8.54000000e+02 5.12483898e-01 2.30000000e+01]
[6.05000000e+02 4.71000000e+02 5.13811587e-01 3.00000000e+00]
[8.61000000e+02 2.64000000e+02 5.15953335e-01 1.70000000e+01]
[3.8500000e+02 8.4300000e+02 5.1610142e-01 9.0000000e+00]
[8.3500000e+02 5.1300000e+02 5.1689305e-01 6.0000000e+00]
[2.93000000e+02 8.71000000e+02 5.17099217e-01 2.40000000e+01]
[7.3900000e+02 8.3800000e+02 5.1716331e-01 7.0000000e+00]
[7.70000000e+02 7.86000000e+02 5.18850852e-01 7.00000000e+00]
[1.00000000e+01 8.52000000e+02 5.24033073e-01 1.80000000e+01]
[8.77000000e+02 8.22000000e+02 5.24707234e-01 1.20000000e+01]
[5.91000000e+02 3.14000000e+02 5.25345662e-01 3.00000000e+00]
[8.31000000e+02 8.65000000e+02 5.25396001e-01 1.50000000e+01]
[8.37000000e+02 3.41000000e+02 5.27499386e-01 1.00000000e+01]
[7.88000000e+02 7.96000000e+02 5.27605743e-01 8.00000000e+00]
[8.32000000e+02 8.49000000e+02 5.29347953e-01 2.50000000e+01]
[4.50000000e+01 8.85000000e+02 5.29399296e-01 2.60000000e+01]
[2.68000000e+02 8.50000000e+02 5.29900966e-01 5.00000000e+00]
[7.04000000e+02 8.63000000e+02 5.30558181e-01 2.20000000e+01]
[8.56000000e+02 6.16000000e+02 5.30597913e-01 1.30000000e+01]
[8.51000000e+02 8.19000000e+02 5.32031983e-01 6.00000000e+00]
[8.23000000e+02 8.82000000e+02 5.33453001e-01 1.70000000e+01]
[1.66000000e+02 8.55000000e+02 5.33466284e-01 4.00000000e+00]
[8.13000000e+02 4.97000000e+02 5.33884077e-01 3.00000000e+00]
[7.25000000e+02 2.43000000e+02 5.33986066e-01 3.00000000e+00]
[325.         384.           0.53406876   2.        ]
[2.31000000e+02 8.16000000e+02 5.34234941e-01 5.00000000e+00]
[8.29000000e+02 4.75000000e+02 5.34556353e-01 3.00000000e+00]
[1.10000000e+02 7.94000000e+02 5.38076659e-01 3.00000000e+00]
[8.40000000e+02 8.90000000e+02 5.41144526e-01 1.20000000e+01]
[1.67000000e+02 8.91000000e+02 5.41281768e-01 1.80000000e+01]
[2.28000000e+02 8.89000000e+02 5.41346959e-01 1.40000000e+01]
[168.         244.           0.54235395   2.        ]
[8.74000000e+02 8.00000000e+02 5.43177094e-01 1.30000000e+01]
[5.8600000e+02 8.3900000e+02 5.4419074e-01 1.7000000e+01]
[8.79000000e+02 1.89000000e+02 5.44197585e-01 1.90000000e+01]
[9.04000000e+02 4.96000000e+02 5.44371959e-01 1.80000000e+01]
[8.34000000e+02 5.47000000e+02 5.45957868e-01 4.00000000e+00]
[5.33000000e+02 8.75000000e+02 5.47213246e-01 7.00000000e+00]
[2.57000000e+02 8.92000000e+02 5.49460469e-01 5.00000000e+00]
[8.46000000e+02 3.72000000e+02 5.49640823e-01 4.00000000e+00]
[344.         499.           0.55134103   2.        ]
[1.47000000e+02 9.08000000e+02 5.51657987e-01 8.00000000e+00]
[8.18000000e+02 8.27000000e+02 5.53284433e-01 9.00000000e+00]
[6.95000000e+02 5.14000000e+02 5.54618831e-01 4.00000000e+00]
[446.         525.           0.55601128   2.        ]
[8.08000000e+02 8.72000000e+02 5.56018319e-01 5.00000000e+00]
[7.79000000e+02 6.09000000e+02 5.56358621e-01 5.00000000e+00]
[8.84000000e+02 5.92000000e+02 5.58975323e-01 1.00000000e+01]
[8.14000000e+02 1.75000000e+02 5.60769345e-01 6.00000000e+00]
[8.41000000e+02 8.68000000e+02 5.62159245e-01 4.10000000e+01]
[9.03000000e+02 9.17000000e+02 5.63607714e-01 1.80000000e+01]
[398.         399.           0.56368783   2.        ]
[546.         388.           0.56554716   3.        ]
[8.87000000e+02 4.31000000e+02 5.67414788e-01 6.00000000e+00]
[1.07000000e+02 8.67000000e+02 5.68492493e-01 1.50000000e+01]
[3.54000000e+02 8.73000000e+02 5.69509363e-01 1.80000000e+01]
[9.18000000e+02 7.75000000e+02 5.69948089e-01 1.20000000e+01]
[8.15000000e+02 8.99000000e+02 5.70374374e-01 1.50000000e+01]
[8.64000000e+02 2.63000000e+02 5.70907841e-01 3.00000000e+00]
[8.9400000e+02 8.8000000e+02 5.7092019e-01 1.5000000e+01]
[8.12000000e+02 8.66000000e+02 5.72108913e-01 1.10000000e+01]
[ 97.         520.           0.57243852   2.        ]
[8.9300000e+02 8.5300000e+02 5.7544118e-01 8.0000000e+00]
[8.26000000e+02 4.52000000e+02 5.77008335e-01 3.00000000e+00]
[4.22000000e+02 8.86000000e+02 5.77802252e-01 2.70000000e+01]
[8.96000000e+02 8.76000000e+02 5.78329005e-01 2.90000000e+01]
[3.74000000e+02 9.21000000e+02 5.78338455e-01 1.90000000e+01]
[8.78000000e+02 8.59000000e+02 5.78875173e-01 9.00000000e+00]
[8.44000000e+02 9.26000000e+02 5.79141016e-01 2.10000000e+01]
[6.11000000e+02 4.16000000e+02 5.80765901e-01 3.00000000e+00]
[4.12000000e+02 9.27000000e+02 5.83243166e-01 1.30000000e+01]
[211.         266.           0.58514936   2.        ]
[4.78000000e+02 8.98000000e+02 5.89636807e-01 4.00000000e+00]
[8.10000000e+02 1.87000000e+02 5.89707745e-01 3.00000000e+00]
[8.69000000e+02 9.39000000e+02 5.94014419e-01 3.30000000e+01]
[8.36000000e+02 9.30000000e+02 5.94032267e-01 1.70000000e+01]
[6.35000000e+02 9.36000000e+02 5.94436587e-01 3.10000000e+01]
[3.43000000e+02 9.28000000e+02 5.95589075e-01 1.60000000e+01]
[8.97000000e+02 6.01000000e+02 5.96280858e-01 5.00000000e+00]
[8.58000000e+02 9.45000000e+02 6.03278766e-01 3.50000000e+01]
[6.13000000e+02 2.89000000e+02 6.03611404e-01 3.00000000e+00]
[8.30000000e+02 2.88000000e+02 6.05631129e-01 4.00000000e+00]
[9.35000000e+02 9.06000000e+02 6.05992814e-01 4.50000000e+01]
[4.93000000e+02 9.48000000e+02 6.07755994e-01 1.70000000e+01]
[8.88000000e+02 9.23000000e+02 6.08350543e-01 2.50000000e+01]
[  8.        134.          0.6098017   2.       ]
[3.620000e+02 9.150000e+02 6.121053e-01 3.000000e+00]
[4.56000000e+02 9.50000000e+02 6.14695575e-01 3.60000000e+01]
[9.44000000e+02 1.61000000e+02 6.16884713e-01 4.00000000e+00]
[9.13000000e+02 9.55000000e+02 6.22716655e-01 3.40000000e+01]
[1.20000000e+01 9.53000000e+02 6.23339773e-01 4.60000000e+01]
[9.43000000e+02 4.85000000e+02 6.23706717e-01 5.00000000e+00]
[3.13000000e+02 9.10000000e+02 6.23810864e-01 5.00000000e+00]
[9.37000000e+02 9.42000000e+02 6.25208177e-01 2.10000000e+01]
[8.70000000e+02 9.01000000e+02 6.25653313e-01 1.80000000e+01]
[9.09000000e+02 9.60000000e+02 6.30002398e-01 3.90000000e+01]
[9.6400000e+02 9.2200000e+02 6.3209246e-01 2.3000000e+01]
[9.4100000e+02 4.2000000e+02 6.3227189e-01 1.4000000e+01]
[9.16000000e+02 9.47000000e+02 6.33487699e-01 3.60000000e+01]
[9.4600000e+02 9.3100000e+02 6.3402557e-01 2.8000000e+01]
[9.38000000e+02 9.14000000e+02 6.34094754e-01 1.30000000e+01]
[2.53000000e+02 9.05000000e+02 6.36171783e-01 2.00000000e+01]
[ 84.         169.           0.64101883   2.        ]
[556.         282.           0.64119145   4.        ]
[1.100000e+01 9.710000e+02 6.414906e-01 1.400000e+01]
[9.24000000e+02 3.78000000e+02 6.41698664e-01 7.00000000e+00]
[1.73000000e+02 9.67000000e+02 6.41716747e-01 2.40000000e+01]
[4.94000000e+02 9.52000000e+02 6.44191622e-01 5.00000000e+00]
[7.71000000e+02 9.57000000e+02 6.44546261e-01 5.00000000e+00]
[9.20000000e+02 9.59000000e+02 6.45666595e-01 4.50000000e+01]
[6.90000000e+01 9.77000000e+02 6.45706059e-01 2.50000000e+01]
[151.         500.           0.64636645   2.        ]
[9.12000000e+02 2.17000000e+02 6.47939051e-01 9.00000000e+00]
[9.49000000e+02 9.80000000e+02 6.48284916e-01 5.00000000e+01]
[8.95000000e+02 8.09000000e+02 6.51656661e-01 6.00000000e+00]
[3.89000000e+02 9.84000000e+02 6.52845098e-01 5.10000000e+01]
[3.1200000e+02 9.3300000e+02 6.5402922e-01 9.0000000e+00]
[9.68000000e+02 9.54000000e+02 6.61209012e-01 3.10000000e+01]
[9.00000000e+02 9.66000000e+02 6.63039788e-01 5.70000000e+01]
[9.25000000e+02 1.77000000e+02 6.64145864e-01 1.60000000e+01]
[364.         430.           0.66531606   2.        ]
[9.74000000e+02 9.58000000e+02 6.65499751e-01 4.00000000e+01]
[4.74000000e+02 9.78000000e+02 6.69353584e-01 6.00000000e+00]
[4.49000000e+02 9.11000000e+02 6.72980682e-01 3.00000000e+00]
[9.51000000e+02 2.15000000e+02 6.74025661e-01 4.00000000e+00]
[9.34000000e+02 9.76000000e+02 6.75013634e-01 1.00000000e+01]
[9.02000000e+02 9.89000000e+02 6.80234789e-01 5.90000000e+01]
[ 99.         419.           0.68108525   2.        ]
[9.62000000e+02 9.61000000e+02 6.81309358e-01 5.10000000e+01]
[9.56000000e+02 9.72000000e+02 6.81702441e-01 2.20000000e+01]
[9.75000000e+02 9.70000000e+02 6.82056141e-01 4.20000000e+01]
[9.92000000e+02 7.70000000e+01 6.82110531e-01 4.10000000e+01]
[9.69000000e+02 9.83000000e+02 6.83597732e-01 4.50000000e+01]
[9.73000000e+02 9.32000000e+02 6.83942766e-01 4.00000000e+00]
[577.         101.           0.68436683   3.        ]
[2.34000000e+02 9.94000000e+02 6.85480981e-01 4.00000000e+00]
[9.79000000e+02 1.49000000e+02 6.86363789e-01 6.00000000e+00]
[1.06000000e+02 9.86000000e+02 6.86490163e-01 5.20000000e+01]
[4.04000000e+02 1.00800000e+03 6.91491017e-01 5.30000000e+01]
[6.75000000e+02 1.00200000e+03 6.93353951e-01 4.30000000e+01]
[9.63000000e+02 7.98000000e+02 6.97003193e-01 7.00000000e+00]
[8.81000000e+02 1.00000000e+03 7.04558163e-01 2.50000000e+01]
[9.95000000e+02 9.93000000e+02 7.12260749e-01 1.00000000e+01]
[9.87000000e+02 9.99000000e+02 7.12669529e-01 6.00000000e+01]
[4.66000000e+02 1.01300000e+03 7.13850107e-01 1.10000000e+01]
[2.35000000e+02 1.01500000e+03 7.14040041e-01 1.20000000e+01]
[1.01100000e+03 4.47000000e+02 7.14661958e-01 8.00000000e+00]
[9.96000000e+02 9.65000000e+02 7.14878017e-01 2.80000000e+01]
[311.         379.           0.72029334   2.        ]
[709.         459.           0.72440242   3.        ]
[1.00300000e+03 1.00500000e+03 7.24643278e-01 4.80000000e+01]
[6.6000000e+01 9.8100000e+02 7.2820426e-01 2.6000000e+01]
[9.4000000e+02 1.0140000e+03 7.2822009e-01 6.3000000e+01]
[1.00400000e+03 1.71000000e+02 7.36417478e-01 5.00000000e+00]
[368.         411.           0.74296351   2.        ]
[1.00900000e+03 9.88000000e+02 7.46307013e-01 8.40000000e+01]
[9.19000000e+02 1.02600000e+03 7.48254046e-01 9.00000000e+01]
[4.70000000e+02 9.97000000e+02 7.52797191e-01 6.00000000e+01]
[1.30000000e+01 1.02200000e+03 7.53525345e-01 2.70000000e+01]
[1.00100000e+03 1.02800000e+03 7.54116772e-01 1.02000000e+02]
[1.01000000e+03 1.03000000e+03 7.60559826e-01 1.45000000e+02]
[1.02300000e+03 1.03100000e+03 7.61171229e-01 2.08000000e+02]
[9.90000000e+02 2.01000000e+02 7.63118978e-01 1.70000000e+01]
[1.02100000e+03 1.26000000e+02 7.65067766e-01 4.90000000e+01]
[4.20000000e+01 1.01700000e+03 7.66346237e-01 9.00000000e+00]
[ 89.         108.           0.76753217   2.        ]
[1.01600000e+03 4.23000000e+02 7.68500229e-01 1.30000000e+01]
[8.62000000e+02 2.12000000e+02 7.69415997e-01 3.00000000e+00]
[1.03400000e+03 1.00600000e+03 7.89957675e-01 5.30000000e+01]
[9.07000000e+02 3.23000000e+02 7.95707636e-01 5.00000000e+00]
[1.0180000e+03 1.6200000e+02 8.0329925e-01 2.9000000e+01]
[9.85000000e+02 9.91000000e+02 8.03333496e-01 8.00000000e+00]
[1.03900000e+03 8.48000000e+02 8.06314917e-01 5.50000000e+01]
[1.01200000e+03 1.02400000e+03 8.08995459e-01 3.00000000e+01]
[3.70000000e+02 1.04300000e+03 8.11558667e-01 5.60000000e+01]
[1.00700000e+03 1.03200000e+03 8.17745002e-01 2.14000000e+02]
[1.02900000e+03 1.03300000e+03 8.22044093e-01 4.40000000e+01]
[1.03500000e+03 1.04600000e+03 8.49664987e-01 2.23000000e+02]
[342.         484.           0.85185471   2.        ]
[1.03700000e+03 1.02000000e+03 8.56741235e-01 1.60000000e+01]
[1.04800000e+03 1.05000000e+03 8.59507389e-01 2.39000000e+02]
[1.04100000e+03 1.04700000e+03 8.62248688e-01 7.30000000e+01]
[1.05100000e+03 1.02500000e+03 8.65404408e-01 2.41000000e+02]
[1.0530000e+03 9.9800000e+02 8.6601417e-01 2.4300000e+02]
[1.02700000e+03 1.05200000e+03 8.68230912e-01 1.63000000e+02]
[2.00000000e+00 1.03800000e+03 8.79394796e-01 4.00000000e+00]
[1.04400000e+03 2.42000000e+02 8.82640933e-01 3.10000000e+01]
[1.01900000e+03 1.05400000e+03 9.25628622e-01 2.45000000e+02]
[8.8300000e+02 1.0420000e+03 9.3395022e-01 1.8000000e+01]
[316.         488.           0.93967762   2.        ]
[1.05500000e+03 1.05800000e+03 9.41832891e-01 4.08000000e+02]
[1.04900000e+03 1.04000000e+03 9.59003154e-01 7.00000000e+00]
[1.03600000e+03 1.04500000e+03 9.60735928e-01 5.80000000e+01]
[1.0610000e+03 1.0630000e+03 9.9702726e-01 4.6600000e+02]
[1.05600000e+03 1.06400000e+03 1.00530071e+00 4.70000000e+02]
[1.05700000e+03 5.02000000e+02 1.01458706e+00 3.20000000e+01]
[2.40000000e+01 1.06200000e+03 1.02355426e+00 8.00000000e+00]
[1.06500000e+03 1.06600000e+03 1.04776796e+00 5.02000000e+02]
[982.         277.           1.07854133   3.        ]
[1068.         1060.            1.08181514  504.        ]
[1059.         145.           1.0987054   19.       ]
[377.         429.           1.11283885   2.        ]
[1067.         1070.            1.12179943  512.        ]
[1073.         1071.            1.12798921  531.        ]
[1074.          929.            1.12827973  534.        ]
[1075.          319.            1.20009664  535.        ]
[1076.         1069.            1.29808433  538.        ]
[1077.         1072.            1.31425297  540.        ]
