[  6. 129.   0.   2.]
[64. 68.  0.  2.]
[541.  93.   0.   3.]
[542. 123.   0.   4.]
[543. 214.   0.   5.]
[544. 261.   0.   6.]
[ 72. 437.   0.   2.]
[ 90. 518.   0.   2.]
[140. 298.   0.   2.]
[220. 295.   0.   2.]
[270. 271.   0.   2.]
[550. 170.   0.   3.]
[300. 302.   0.   2.]
[7.80000000e+01 3.15000000e+02 1.05367121e-08 2.00000000e+00]
[5.53000000e+02 1.25000000e+02 1.34463448e-08 3.00000000e+00]
[1.00000000e+00 2.16000000e+02 1.49011612e-08 2.00000000e+00]
[5.55000000e+02 1.13000000e+02 1.49011612e-08 3.00000000e+00]
[3.59000000e+02 4.13000000e+02 1.49011612e-08 2.00000000e+00]
[1.36000000e+02 3.36000000e+02 1.82501207e-08 2.00000000e+00]
[5.00000000e+01 1.35000000e+02 2.10734243e-08 2.00000000e+00]
[5.59000000e+02 5.49000000e+02 2.10734243e-08 4.00000000e+00]
[7.40000000e+01 9.10000000e+01 2.10734243e-08 2.00000000e+00]
[5.61000000e+02 3.17000000e+02 2.10734243e-08 3.00000000e+00]
[9.50000000e+01 1.52000000e+02 2.10734243e-08 2.00000000e+00]
[5.63000000e+02 2.40000000e+02 2.10734243e-08 3.00000000e+00]
[5.64000000e+02 3.01000000e+02 2.10734243e-08 4.00000000e+00]
[5.65000000e+02 3.08000000e+02 2.10734243e-08 5.00000000e+00]
[5.66000000e+02 5.60000000e+02 2.10734243e-08 9.00000000e+00]
[3.07000000e+02 5.67000000e+02 2.10734243e-08 1.00000000e+01]
[1.03000000e+02 1.96000000e+02 2.10734243e-08 2.00000000e+00]
[1.78000000e+02 2.45000000e+02 2.10734243e-08 2.00000000e+00]
[5.52000000e+02 4.68000000e+02 2.48352687e-08 3.00000000e+00]
[6.10000000e+01 2.36000000e+02 3.65002415e-08 2.00000000e+00]
[5.62000000e+02 2.74000000e+02 7.74287048e-08 4.00000000e+00]
[5.68000000e+02 3.29000000e+02 1.38557715e-02 1.10000000e+01]
[5.51000000e+02 2.29000000e+02 1.53372363e-02 4.00000000e+00]
[5.7400000e+02 1.3000000e+02 2.4584354e-02 1.2000000e+01]
[5.76000000e+02 3.28000000e+02 3.52190865e-02 1.30000000e+01]
[5.48000000e+02 3.80000000e+02 3.65727757e-02 3.00000000e+00]
[5.75000000e+02 4.00000000e+02 4.03410973e-02 5.00000000e+00]
[3.09000000e+02 3.94000000e+02 4.20272775e-02 2.00000000e+00]
[8.10000000e+01 5.77000000e+02 4.53273591e-02 1.40000000e+01]
[21.         40.          0.06525923  2.        ]
[2.18000000e+02 5.03000000e+02 6.67553151e-02 2.00000000e+00]
[2.06000000e+02 3.22000000e+02 7.56541011e-02 2.00000000e+00]
[3.00000000e+01 2.09000000e+02 8.06748589e-02 2.00000000e+00]
[3.39000000e+02 4.73000000e+02 8.52938749e-02 2.00000000e+00]
[4.90000000e+01 2.46000000e+02 8.70285231e-02 2.00000000e+00]
[3.66000000e+02 5.17000000e+02 8.77495348e-02 2.00000000e+00]
[4.92000000e+02 5.23000000e+02 1.06293885e-01 2.00000000e+00]
[3.9700000e+02 4.4400000e+02 1.0810634e-01 2.0000000e+00]
[1.24000000e+02 3.05000000e+02 1.08530518e-01 2.00000000e+00]
[1.28000000e+02 2.91000000e+02 1.09913936e-01 2.00000000e+00]
[3.20000000e+02 4.06000000e+02 1.13231418e-01 2.00000000e+00]
[2.90000000e+01 4.86000000e+02 1.16059314e-01 2.00000000e+00]
[2.48000000e+02 5.16000000e+02 1.16855715e-01 2.00000000e+00]
[1.43000000e+02 4.45000000e+02 1.18843233e-01 2.00000000e+00]
[3.46000000e+02 4.38000000e+02 1.19510912e-01 2.00000000e+00]
[5.73000000e+02 1.64000000e+02 1.20307118e-01 5.00000000e+00]
[6.30000000e+01 4.26000000e+02 1.23291247e-01 2.00000000e+00]
[5.40000000e+01 1.48000000e+02 1.23449399e-01 2.00000000e+00]
[3.48000000e+02 3.67000000e+02 1.27924535e-01 2.00000000e+00]
[2.9000000e+02 5.3000000e+02 1.2863548e-01 2.0000000e+00]
[4.36000000e+02 5.22000000e+02 1.31911863e-01 2.00000000e+00]
[4.02000000e+02 4.89000000e+02 1.32364684e-01 2.00000000e+00]
[2.51000000e+02 5.58000000e+02 1.32801284e-01 3.00000000e+00]
[4.10000000e+01 5.97000000e+02 1.33440134e-01 3.00000000e+00]
[4.00000000e+00 2.62000000e+02 1.35758706e-01 2.00000000e+00]
[2.13000000e+02 3.86000000e+02 1.37608285e-01 2.00000000e+00]
[2.70000000e+01 1.72000000e+02 1.44948965e-01 2.00000000e+00]
[3.03000000e+02 3.69000000e+02 1.45395614e-01 2.00000000e+00]
[3.96000000e+02 4.14000000e+02 1.46739892e-01 2.00000000e+00]
[1.60000000e+01 4.39000000e+02 1.46763247e-01 2.00000000e+00]
[8.00000000e+01 4.09000000e+02 1.51588644e-01 2.00000000e+00]
[9.00000000e+00 5.54000000e+02 1.51905196e-01 4.00000000e+00]
[65.         76.          0.15853869  2.        ]
[1.44000000e+02 5.57000000e+02 1.58724508e-01 3.00000000e+00]
[5.71000000e+02 5.45000000e+02 1.61096656e-01 9.00000000e+00]
[2.4700000e+02 2.4900000e+02 1.6354979e-01 2.0000000e+00]
[5.98000000e+02 2.04000000e+02 1.63932763e-01 6.00000000e+00]
[1.85000000e+02 1.95000000e+02 1.65685387e-01 2.00000000e+00]
[2.97000000e+02 4.27000000e+02 1.67879148e-01 2.00000000e+00]
[5.00000000e+00 2.07000000e+02 1.71191335e-01 2.00000000e+00]
[5.32000000e+02 4.77000000e+02 1.79253896e-01 2.00000000e+00]
[5.92000000e+02 1.65000000e+02 1.82652293e-01 3.00000000e+00]
[4.18000000e+02 4.61000000e+02 1.87338283e-01 2.00000000e+00]
[2.05000000e+02 6.17000000e+02 1.88486896e-01 1.00000000e+01]
[3.18000000e+02 5.09000000e+02 1.94485694e-01 2.00000000e+00]
[2.76000000e+02 3.45000000e+02 1.94649054e-01 2.00000000e+00]
[9.20000000e+01 2.69000000e+02 1.96323204e-01 2.00000000e+00]
[5.81000000e+02 2.39000000e+02 1.98197373e-01 1.50000000e+01]
[1.80000000e+02 6.24000000e+02 2.03738013e-01 4.00000000e+00]
[3.93000000e+02 5.11000000e+02 2.03861056e-01 2.00000000e+00]
[6.23000000e+02 1.22000000e+02 2.06557304e-01 3.00000000e+00]
[6.3100000e+02 6.2000000e+01 2.0897721e-01 5.0000000e+00]
[1.70000000e+01 2.83000000e+02 2.10534974e-01 2.00000000e+00]
[3.81000000e+02 4.05000000e+02 2.10682214e-01 2.00000000e+00]
[5.20000000e+01 6.06000000e+02 2.11028638e-01 4.00000000e+00]
[1.42000000e+02 5.88000000e+02 2.12677255e-01 3.00000000e+00]
[6.30000000e+02 5.79000000e+02 2.12678241e-01 2.00000000e+01]
[3.00000000e+00 6.05000000e+02 2.13069914e-01 4.00000000e+00]
[155.          98.           0.21588049   2.        ]
[6.37000000e+02 3.82000000e+02 2.26132135e-01 5.00000000e+00]
[6.14000000e+02 1.56000000e+02 2.28415228e-01 5.00000000e+00]
[1.76000000e+02 6.43000000e+02 2.29182513e-01 6.00000000e+00]
[6.41000000e+02 2.19000000e+02 2.29730665e-01 3.00000000e+00]
[6.34000000e+02 3.33000000e+02 2.32019464e-01 6.00000000e+00]
[6.46000000e+02 1.15000000e+02 2.35904625e-01 7.00000000e+00]
[2.30000000e+02 6.33000000e+02 2.36124146e-01 4.00000000e+00]
[1.86000000e+02 6.44000000e+02 2.36892163e-01 7.00000000e+00]
[ 67.         150.           0.23819264   2.        ]
[4.15000000e+02 4.60000000e+02 2.38603893e-01 2.00000000e+00]
[6.47000000e+02 2.08000000e+02 2.44436474e-01 8.00000000e+00]
[ 19.         104.           0.24622002   2.        ]
[7.00000000e+01 6.07000000e+02 2.46806082e-01 3.00000000e+00]
[6.39000000e+02 1.94000000e+02 2.52680885e-01 2.10000000e+01]
[6.52000000e+02 2.02000000e+02 2.54330518e-01 9.00000000e+00]
[ 83.         184.           0.25527496   2.        ]
[6.4500000e+02 2.7200000e+02 2.5563381e-01 4.0000000e+00]
[1.40000000e+01 4.33000000e+02 2.58566205e-01 2.00000000e+00]
[1.53000000e+02 6.19000000e+02 2.60142091e-01 7.00000000e+00]
[6.55000000e+02 5.78000000e+02 2.61094372e-01 2.40000000e+01]
[6.3800000e+02 5.1900000e+02 2.6322075e-01 4.0000000e+00]
[6.56000000e+02 1.12000000e+02 2.63238464e-01 1.00000000e+01]
[4.08000000e+02 4.50000000e+02 2.64167955e-01 2.00000000e+00]
[2.37000000e+02 4.90000000e+02 2.64998226e-01 2.00000000e+00]
[3.65000000e+02 4.43000000e+02 2.70190076e-01 2.00000000e+00]
[6.49000000e+02 6.40000000e+02 2.72467795e-01 1.10000000e+01]
[1.09000000e+02 6.26000000e+02 2.76295075e-01 1.10000000e+01]
[1.60000000e+02 6.61000000e+02 2.77393167e-01 2.50000000e+01]
[3.27000000e+02 3.20000000e+01 2.80190419e-01 2.00000000e+00]
[5.08000000e+02 6.58000000e+02 2.81112942e-01 5.00000000e+00]
[6.63000000e+02 1.67000000e+02 2.82213562e-01 1.10000000e+01]
[6.53000000e+02 3.34000000e+02 2.83390412e-01 3.00000000e+00]
[6.57000000e+02 8.60000000e+01 2.87124422e-01 3.00000000e+00]
[6.72000000e+02 6.71000000e+02 2.95250149e-01 1.60000000e+01]
[3.40000000e+02 6.22000000e+02 2.97744078e-01 3.00000000e+00]
[4.10000000e+02 6.27000000e+02 3.03050171e-01 3.00000000e+00]
[2.00000000e+01 6.76000000e+02 3.03448233e-01 4.00000000e+00]
[2.56000000e+02 6.78000000e+02 3.03592885e-01 5.00000000e+00]
[1.5400000e+02 6.5400000e+02 3.0403392e-01 4.0000000e+00]
[4.6000000e+01 6.7000000e+02 3.0733919e-01 3.0000000e+00]
[3.56000000e+02 4.67000000e+02 3.08410621e-01 2.00000000e+00]
[0.00000000e+00 4.65000000e+02 3.09590273e-01 2.00000000e+00]
[5.70000000e+02 2.85000000e+02 3.11151656e-01 3.00000000e+00]
[6.01000000e+02 5.26000000e+02 3.14317475e-01 3.00000000e+00]
[4.42000000e+02 5.80000000e+02 3.14429786e-01 3.00000000e+00]
[6.73000000e+02 6.69000000e+02 3.17485429e-01 2.80000000e+01]
[3.4900000e+02 6.0000000e+02 3.2179643e-01 3.0000000e+00]
[6.86000000e+02 3.51000000e+02 3.31166106e-01 4.00000000e+00]
[5.12000000e+02 6.48000000e+02 3.34031824e-01 5.00000000e+00]
[6.67000000e+02 1.99000000e+02 3.34064802e-01 1.20000000e+01]
[6.74000000e+02 1.59000000e+02 3.34473184e-01 4.00000000e+00]
[6.02000000e+02 5.93000000e+02 3.35953893e-01 4.00000000e+00]
[5.84000000e+02 6.79000000e+02 3.39114899e-01 7.00000000e+00]
[1.21000000e+02 6.60000000e+02 3.39746917e-01 8.00000000e+00]
[2.7900000e+02 6.4200000e+02 3.4009775e-01 6.0000000e+00]
[3.61000000e+02 5.27000000e+02 3.43242707e-01 2.00000000e+00]
[2.30000000e+01 6.93000000e+02 3.44272498e-01 5.00000000e+00]
[6.80000000e+02 6.64000000e+02 3.45078235e-01 6.00000000e+00]
[102.         197.           0.34590264   2.        ]
[6.29000000e+02 6.95000000e+02 3.47862768e-01 1.00000000e+01]
[5.400000e+02 6.280000e+02 3.497422e-01 4.000000e+00]
[4.95000000e+02 6.94000000e+02 3.53905357e-01 8.00000000e+00]
[6.90000000e+02 5.28000000e+02 3.54707848e-01 6.00000000e+00]
[6.75000000e+02 3.50000000e+01 3.55311863e-01 1.70000000e+01]
[5.87000000e+02 4.80000000e+01 3.56909409e-01 3.00000000e+00]
[2.52000000e+02 6.87000000e+02 3.60207445e-01 2.90000000e+01]
[6.89000000e+02 6.66000000e+02 3.61891913e-01 6.00000000e+00]
[6.98000000e+02 6.32000000e+02 3.61940392e-01 7.00000000e+00]
[7.05000000e+02 2.33000000e+02 3.64556822e-01 1.80000000e+01]
[7.04000000e+02 2.78000000e+02 3.65266402e-01 7.00000000e+00]
[8.20000000e+01 7.07000000e+02 3.65328146e-01 3.00000000e+01]
[3.24000000e+02 6.68000000e+02 3.66290618e-01 1.20000000e+01]
[6.83000000e+02 4.91000000e+02 3.67026746e-01 3.00000000e+00]
[2.80000000e+02 6.50000000e+02 3.68513036e-01 3.00000000e+00]
[100.          51.           0.37101662   2.        ]
[1.82000000e+02 6.99000000e+02 3.71524001e-01 7.00000000e+00]
[3.91000000e+02 6.77000000e+02 3.72286739e-01 4.00000000e+00]
[7.17000000e+02 1.83000000e+02 3.73998526e-01 8.00000000e+00]
[2.2700000e+02 7.0300000e+02 3.7451665e-01 9.0000000e+00]
[7.11000000e+02 3.21000000e+02 3.75597357e-01 8.00000000e+00]
[4.98000000e+02 4.55000000e+02 3.77809346e-01 2.00000000e+00]
[1.88000000e+02 6.88000000e+02 3.78231542e-01 4.00000000e+00]
[7.21000000e+02 3.41000000e+02 3.79101577e-01 9.00000000e+00]
[1.80000000e+01 7.20000000e+02 3.79276535e-01 1.00000000e+01]
[4.48000000e+02 4.69000000e+02 3.79916854e-01 2.00000000e+00]
[5.99000000e+02 2.38000000e+02 3.79985441e-01 3.00000000e+00]
[1.93000000e+02 6.96000000e+02 3.80044471e-01 7.00000000e+00]
[7.08000000e+02 3.10000000e+01 3.82851193e-01 7.00000000e+00]
[2.21000000e+02 6.91000000e+02 3.82952232e-01 1.30000000e+01]
[3.38000000e+02 6.81000000e+02 3.85683177e-01 4.00000000e+00]
[7.09000000e+02 6.12000000e+02 3.86790314e-01 9.00000000e+00]
[7.16000000e+02 2.55000000e+02 3.89440127e-01 3.00000000e+00]
[6.25000000e+02 3.73000000e+02 3.89505291e-01 3.00000000e+00]
[7.1400000e+02 1.3700000e+02 3.8955438e-01 4.0000000e+00]
[5.05000000e+02 4.83000000e+02 3.90262376e-01 2.00000000e+00]
[7.23000000e+02 1.00000000e+01 3.90579922e-01 5.00000000e+00]
[2.10000000e+02 6.18000000e+02 3.90724876e-01 3.00000000e+00]
[1.39000000e+02 7.02000000e+02 3.91096203e-01 5.00000000e+00]
[5.15000000e+02 5.60000000e+01 3.91460847e-01 2.00000000e+00]
[3.30000000e+01 7.24000000e+02 3.93013241e-01 1.00000000e+01]
[8.80000000e+01 7.28000000e+02 3.93166217e-01 8.00000000e+00]
[3.90000000e+01 7.31000000e+02 3.94045676e-01 5.00000000e+00]
[7.29000000e+02 2.80000000e+01 3.96945918e-01 8.00000000e+00]
[2.50000000e+01 7.18000000e+02 3.97743079e-01 5.00000000e+00]
[6.85000000e+02 3.58000000e+02 3.98946141e-01 4.00000000e+00]
[3.47000000e+02 4.87000000e+02 3.99441176e-01 2.00000000e+00]
[6.36000000e+02 7.30000000e+02 4.00431305e-01 1.50000000e+01]
[2.32000000e+02 7.42000000e+02 4.00899529e-01 9.00000000e+00]
[7.37000000e+02 2.41000000e+02 4.00967231e-01 6.00000000e+00]
[4.32000000e+02 7.43000000e+02 4.02552334e-01 6.00000000e+00]
[7.34000000e+02 3.85000000e+02 4.03082319e-01 4.00000000e+00]
[3.37000000e+02 6.97000000e+02 4.03160443e-01 3.00000000e+00]
[7.35000000e+02 2.60000000e+02 4.03538616e-01 5.00000000e+00]
[5.85000000e+02 4.41000000e+02 4.03588014e-01 3.00000000e+00]
[7.00000000e+02 1.50000000e+01 4.03643319e-01 3.00000000e+00]
[4.5400000e+02 7.4800000e+02 4.0410966e-01 1.6000000e+01]
[7.12000000e+02 1.27000000e+02 4.04239115e-01 3.10000000e+01]
[7.32000000e+02 2.58000000e+02 4.04334159e-01 1.00000000e+01]
[7.44000000e+02 6.51000000e+02 4.05419323e-01 1.00000000e+01]
[6.84000000e+02 7.59000000e+02 4.06065824e-01 1.30000000e+01]
[5.90000000e+01 7.01000000e+02 4.07053889e-01 1.10000000e+01]
[3.50000000e+02 7.61000000e+02 4.07253888e-01 1.40000000e+01]
[4.700000e+01 7.060000e+02 4.079424e-01 4.000000e+00]
[5.07000000e+02 6.62000000e+02 4.08228249e-01 5.00000000e+00]
[8.70000000e+01 7.15000000e+02 4.10175388e-01 4.00000000e+00]
[2.67000000e+02 7.53000000e+02 4.13884127e-01 4.00000000e+00]
[2.59000000e+02 7.54000000e+02 4.14517538e-01 6.00000000e+00]
[7.90000000e+01 7.67000000e+02 4.17125325e-01 5.00000000e+00]
[7.52000000e+02 5.89000000e+02 4.17440462e-01 6.00000000e+00]
[2.94000000e+02 7.25000000e+02 4.17764795e-01 1.10000000e+01]
[5.70000000e+01 7.40000000e+02 4.17769747e-01 3.00000000e+00]
[1.41000000e+02 7.49000000e+02 4.20796257e-01 1.00000000e+01]
[7.55000000e+02 4.64000000e+02 4.20985496e-01 4.00000000e+00]
[7.39000000e+02 7.50000000e+02 4.23832069e-01 1.10000000e+01]
[1.17000000e+02 7.62000000e+02 4.25802938e-01 1.20000000e+01]
[2.99000000e+02 5.46000000e+02 4.26970639e-01 3.00000000e+00]
[7.26000000e+02 7.58000000e+02 4.27212032e-01 3.30000000e+01]
[7.46000000e+02 2.44000000e+02 4.31258659e-01 5.00000000e+00]
[3.10000000e+02 7.63000000e+02 4.32011711e-01 1.50000000e+01]
[7.60000000e+02 2.93000000e+02 4.32373775e-01 1.10000000e+01]
[7.33000000e+02 4.07000000e+02 4.32458731e-01 4.00000000e+00]
[7.70000000e+02 1.58000000e+02 4.32580474e-01 7.00000000e+00]
[2.60000000e+01 7.82000000e+02 4.35366322e-01 5.00000000e+00]
[7.22000000e+02 5.36000000e+02 4.36571846e-01 3.00000000e+00]
[4.760000e+02 7.850000e+02 4.375472e-01 4.000000e+00]
[7.10000000e+01 4.62000000e+02 4.37781194e-01 2.00000000e+00]
[3.40000000e+01 7.68000000e+02 4.38166367e-01 7.00000000e+00]
[9.40000000e+01 6.09000000e+02 4.40043228e-01 3.00000000e+00]
[3.26000000e+02 7.51000000e+02 4.40768157e-01 7.00000000e+00]
[7.50000000e+01 7.84000000e+02 4.41292586e-01 6.00000000e+00]
[7.83000000e+02 4.96000000e+02 4.41485724e-01 8.00000000e+00]
[2.03000000e+02 7.79000000e+02 4.42146552e-01 6.00000000e+00]
[7.71000000e+02 2.73000000e+02 4.42527616e-01 1.20000000e+01]
[6.65000000e+02 4.28000000e+02 4.43013559e-01 3.00000000e+00]
[3.35000000e+02 7.81000000e+02 4.43303629e-01 1.20000000e+01]
[7.74000000e+02 1.20000000e+02 4.45662305e-01 5.00000000e+00]
[1.11000000e+02 7.75000000e+02 4.45746447e-01 1.20000000e+01]
[1.05000000e+02 7.90000000e+02 4.45858841e-01 8.00000000e+00]
[7.94000000e+02 4.72000000e+02 4.46414228e-01 1.30000000e+01]
[7.1000000e+02 4.2500000e+02 4.4697825e-01 1.9000000e+01]
[2.5000000e+02 7.8000000e+02 4.4743765e-01 1.6000000e+01]
[4.94000000e+02 7.69000000e+02 4.47665703e-01 6.00000000e+00]
[3.80000000e+01 7.57000000e+02 4.48553964e-01 1.70000000e+01]
[114.         434.           0.44876313   2.        ]
[7.13000000e+02 8.04000000e+02 4.49914952e-01 2.90000000e+01]
[1.63000000e+02 7.91000000e+02 4.51905317e-01 7.00000000e+00]
[7.92000000e+02 5.37000000e+02 4.52334058e-01 9.00000000e+00]
[4.35000000e+02 7.19000000e+02 4.52463526e-01 9.00000000e+00]
[5.10000000e+02 7.89000000e+02 4.52484222e-01 4.00000000e+00]
[1.33000000e+02 8.03000000e+02 4.52642318e-01 7.00000000e+00]
[3.63000000e+02 5.21000000e+02 4.53100824e-01 2.00000000e+00]
[2.54000000e+02 8.02000000e+02 4.54116288e-01 1.70000000e+01]
[1.57000000e+02 7.66000000e+02 4.54186674e-01 5.00000000e+00]
[5.91000000e+02 5.96000000e+02 4.55275495e-01 4.00000000e+00]
[1.1600000e+02 7.9900000e+02 4.5580649e-01 9.0000000e+00]
[2.96000000e+02 6.92000000e+02 4.56074575e-01 5.00000000e+00]
[3.04000000e+02 7.93000000e+02 4.58056041e-01 7.00000000e+00]
[7.00000000e+00 8.17000000e+02 4.58282706e-01 6.00000000e+00]
[7.95000000e+02 3.57000000e+02 4.58933615e-01 4.00000000e+00]
[4.21000000e+02 6.20000000e+02 4.59463144e-01 3.00000000e+00]
[5.01000000e+02 7.98000000e+02 4.59495119e-01 1.30000000e+01]
[3.76000000e+02 5.34000000e+02 4.60672116e-01 2.00000000e+00]
[8.15000000e+02 4.12000000e+02 4.60932605e-01 5.00000000e+00]
[1.81000000e+02 7.86000000e+02 4.63044424e-01 5.00000000e+00]
[7.9700000e+02 9.6000000e+01 4.6371095e-01 6.0000000e+00]
[7.78000000e+02 2.64000000e+02 4.64236815e-01 3.40000000e+01]
[3.5300000e+02 6.1500000e+02 4.6456422e-01 3.0000000e+00]
[2.65000000e+02 7.36000000e+02 4.65291897e-01 3.00000000e+00]
[7.65000000e+02 7.73000000e+02 4.65801565e-01 1.50000000e+01]
[1.07000000e+02 7.76000000e+02 4.66441322e-01 1.30000000e+01]
[8.27000000e+02 2.66000000e+02 4.67179923e-01 3.50000000e+01]
[1.91000000e+02 8.16000000e+02 4.67971372e-01 1.00000000e+01]
[2.2600000e+02 8.2300000e+02 4.6827843e-01 3.0000000e+00]
[ 73.         200.           0.46830172   2.        ]
[4.40000000e+01 8.25000000e+02 4.69121804e-01 6.00000000e+00]
[8.32000000e+02 2.75000000e+02 4.69801517e-01 3.60000000e+01]
[4.53000000e+02 8.22000000e+02 4.70215497e-01 1.40000000e+01]
[6.21000000e+02 7.45000000e+02 4.70487354e-01 7.00000000e+00]
[224.        331.          0.4712087   2.       ]
[8.37000000e+02 6.10000000e+02 4.73834128e-01 3.80000000e+01]
[3.71000000e+02 8.30000000e+02 4.76248365e-01 1.60000000e+01]
[1.46000000e+02 8.09000000e+02 4.77482745e-01 1.00000000e+01]
[5.06000000e+02 6.03000000e+02 4.77666147e-01 3.00000000e+00]
[5.83000000e+02 7.38000000e+02 4.78374867e-01 5.00000000e+00]
[8.41000000e+02 8.29000000e+02 4.78639052e-01 4.10000000e+01]
[4.81000000e+02 8.19000000e+02 4.79135931e-01 7.00000000e+00]
[8.45000000e+02 3.83000000e+02 4.79753836e-01 6.00000000e+00]
[5.38000000e+02 8.26000000e+02 4.80489329e-01 7.00000000e+00]
[6.00000000e+01 8.18000000e+02 4.80614213e-01 8.00000000e+00]
[8.05000000e+02 8.34000000e+02 4.86616571e-01 5.00000000e+00]
[8.35000000e+02 8.50000000e+01 4.87676592e-01 3.00000000e+00]
[4.51000000e+02 8.01000000e+02 4.87693194e-01 2.00000000e+01]
[8.39000000e+02 6.16000000e+02 4.90304133e-01 1.00000000e+01]
[5.24000000e+02 8.28000000e+02 4.91063269e-01 4.00000000e+00]
[7.56000000e+02 7.88000000e+02 4.91449199e-01 1.00000000e+01]
[5.39000000e+02 2.43000000e+02 4.91838526e-01 2.00000000e+00]
[7.27000000e+02 8.21000000e+02 4.92483363e-01 6.00000000e+00]
[8.46000000e+02 4.63000000e+02 4.93080559e-01 4.20000000e+01]
[8.59000000e+02 7.47000000e+02 4.94239122e-01 4.40000000e+01]
[4.80000000e+02 8.60000000e+02 4.94472152e-01 4.50000000e+01]
[306.         458.           0.49582686   2.        ]
[8.14000000e+02 8.00000000e+02 4.98584317e-01 1.80000000e+01]
[8.11000000e+02 4.01000000e+02 4.99039861e-01 8.00000000e+00]
[2.84000000e+02 8.56000000e+02 4.99627042e-01 1.10000000e+01]
[6.60000000e+01 5.69000000e+02 4.99651746e-01 3.00000000e+00]
[8.07000000e+02 4.40000000e+02 4.99952474e-01 8.00000000e+00]
[3.74000000e+02 8.08000000e+02 5.00288332e-01 1.00000000e+01]
[4.57000000e+02 8.47000000e+02 5.00303132e-01 8.00000000e+00]
[ 58.         390.           0.50049874   2.        ]
[8.31000000e+02 8.53000000e+02 5.01340335e-01 3.30000000e+01]
[5.8600000e+02 8.3800000e+02 5.0175577e-01 1.6000000e+01]
[3.870000e+02 7.960000e+02 5.047272e-01 1.300000e+01]
[8.24000000e+02 8.68000000e+02 5.05007629e-01 1.50000000e+01]
[4.17000000e+02 8.70000000e+02 5.07084154e-01 3.00000000e+00]
[2.20000000e+01 8.63000000e+02 5.07249897e-01 1.90000000e+01]
[5.50000000e+01 8.13000000e+02 5.08518772e-01 1.80000000e+01]
[3.32000000e+02 5.56000000e+02 5.11057756e-01 4.00000000e+00]
[3.54000000e+02 8.52000000e+02 5.12829166e-01 4.00000000e+00]
[8.54000000e+02 5.95000000e+02 5.12832292e-01 1.20000000e+01]
[8.36000000e+02 8.65000000e+02 5.13430583e-01 1.70000000e+01]
[6.08000000e+02 8.69000000e+02 5.13811587e-01 1.00000000e+01]
[8.44000000e+02 5.47000000e+02 5.14276955e-01 5.00000000e+00]
[3.30000000e+02 8.73000000e+02 5.14332689e-01 1.40000000e+01]
[7.77000000e+02 3.95000000e+02 5.16685667e-01 4.00000000e+00]
[4.79000000e+02 8.43000000e+02 5.19728437e-01 1.10000000e+01]
[8.51000000e+02 3.60000000e+02 5.19798569e-01 6.00000000e+00]
[8.83000000e+02 3.92000000e+02 5.21206484e-01 6.00000000e+00]
[3.72000000e+02 7.87000000e+02 5.22644336e-01 3.00000000e+00]
[8.64000000e+02 4.24000000e+02 5.24039818e-01 9.00000000e+00]
[5.35000000e+02 5.90000000e+02 5.25183711e-01 3.00000000e+00]
[5.94000000e+02 8.49000000e+02 5.25345662e-01 9.00000000e+00]
[355.          43.           0.52715916   2.        ]
[2.28000000e+02 8.80000000e+02 5.27619141e-01 1.30000000e+01]
[1.20000000e+01 8.42000000e+02 5.29399296e-01 1.70000000e+01]
[2.22000000e+02 8.85000000e+02 5.30329028e-01 5.00000000e+00]
[8.33000000e+02 8.72000000e+02 5.30921323e-01 2.60000000e+01]
[4.85000000e+02 8.87000000e+02 5.33039707e-01 7.00000000e+00]
[8.92000000e+02 6.11000000e+02 5.33444353e-01 1.10000000e+01]
[166.         257.           0.53346628   2.        ]
[4.50000000e+01 8.95000000e+02 5.33764467e-01 1.80000000e+01]
[3.84000000e+02 8.20000000e+02 5.34068756e-01 5.00000000e+00]
[8.40000000e+02 8.86000000e+02 5.34556353e-01 1.30000000e+01]
[8.81000000e+02 8.10000000e+02 5.35359634e-01 2.10000000e+01]
[2.31000000e+02 6.35000000e+02 5.37513253e-01 3.00000000e+00]
[8.90000000e+02 3.52000000e+02 5.41068124e-01 1.00000000e+01]
[8.06000000e+02 1.19000000e+02 5.41695479e-01 3.00000000e+01]
[2.86000000e+02 8.48000000e+02 5.44241302e-01 7.00000000e+00]
[9.04000000e+02 2.81000000e+02 5.46881765e-01 2.20000000e+01]
[533.         217.           0.54721325   2.        ]
[9.07000000e+02 8.79000000e+02 5.47804132e-01 3.40000000e+01]
[8.67000000e+02 4.97000000e+02 5.49974381e-01 9.00000000e+00]
[5.04000000e+02 8.77000000e+02 5.50710673e-01 1.90000000e+01]
[3.75000000e+02 8.74000000e+02 5.51178979e-01 1.60000000e+01]
[4.99000000e+02 9.05000000e+02 5.51341031e-01 4.00000000e+00]
[6.04000000e+02 9.03000000e+02 5.52645369e-01 1.50000000e+01]
[5.29000000e+02 8.58000000e+02 5.52810289e-01 7.00000000e+00]
[3.60000000e+01 8.94000000e+02 5.53745912e-01 1.40000000e+01]
[8.61000000e+02 1.73000000e+02 5.55247361e-01 4.60000000e+01]
[4.31000000e+02 9.09000000e+02 5.55592041e-01 2.30000000e+01]
[5.25000000e+02 8.91000000e+02 5.56011283e-01 4.00000000e+00]
[7.64000000e+02 8.97000000e+02 5.56293185e-01 3.00000000e+01]
[1.10000000e+02 9.06000000e+02 5.56569539e-01 1.10000000e+01]
[5.72000000e+02 8.89000000e+02 5.57783525e-01 5.00000000e+00]
[1.90000000e+02 8.84000000e+02 5.59911639e-01 1.50000000e+01]
[9.1900000e+02 2.1100000e+02 5.5993385e-01 4.7000000e+01]
[8.500000e+02 9.130000e+02 5.605172e-01 2.700000e+01]
[5.30000000e+01 8.78000000e+02 5.61281813e-01 5.00000000e+00]
[9.26000000e+02 3.99000000e+02 5.61398054e-01 4.80000000e+01]
[9.29000000e+02 1.06000000e+02 5.61444784e-01 4.90000000e+01]
[1.89000000e+02 8.99000000e+02 5.62223235e-01 1.20000000e+01]
[8.82000000e+02 4.71000000e+02 5.62409566e-01 1.10000000e+01]
[3.98000000e+02 9.30000000e+02 5.64826696e-01 5.00000000e+01]
[9.11000000e+02 1.38000000e+02 5.67270149e-01 3.50000000e+01]
[9.17000000e+02 8.55000000e+02 5.67807846e-01 1.10000000e+01]
[9.28000000e+02 2.82000000e+02 5.68283806e-01 6.00000000e+00]
[9.3400000e+02 9.3600000e+02 5.6888138e-01 4.1000000e+01]
[5.20000000e+02 9.22000000e+02 5.72438517e-01 3.10000000e+01]
[2.63000000e+02 8.75000000e+02 5.73439777e-01 4.00000000e+00]
[9.21000000e+02 1.01000000e+02 5.73904441e-01 5.00000000e+00]
[2.23000000e+02 9.01000000e+02 5.74724814e-01 1.90000000e+01]
[5.13000000e+02 9.16000000e+02 5.74774363e-01 1.60000000e+01]
[4.82000000e+02 9.32000000e+02 5.76287999e-01 1.20000000e+01]
[9.08000000e+02 8.57000000e+02 5.77037632e-01 9.00000000e+00]
[9.27000000e+02 1.31000000e+02 5.77735909e-01 2.80000000e+01]
[4.22000000e+02 9.41000000e+02 5.77802252e-01 2.00000000e+01]
[9.31000000e+02 9.12000000e+02 5.78380496e-01 2.10000000e+01]
[1.92000000e+02 8.71000000e+02 5.79780918e-01 3.40000000e+01]
[8.93000000e+02 8.76000000e+02 5.79974902e-01 2.10000000e+01]
[4.46000000e+02 9.40000000e+02 5.87722026e-01 6.00000000e+00]
[9.1000000e+02 9.4300000e+02 5.8818458e-01 1.4000000e+01]
[4.78000000e+02 8.98000000e+02 5.89636807e-01 8.00000000e+00]
[1.61000000e+02 9.46000000e+02 5.94600757e-01 2.10000000e+01]
[3.43000000e+02 7.72000000e+02 5.95589075e-01 4.00000000e+00]
[9.49000000e+02 1.34000000e+02 5.96778549e-01 2.20000000e+01]
[1.10000000e+01 9.44000000e+02 5.98382638e-01 1.00000000e+01]
[9.55000000e+02 4.03000000e+02 5.98460302e-01 2.30000000e+01]
[9.37000000e+02 9.56000000e+02 6.00901762e-01 5.10000000e+01]
[3.12000000e+02 9.00000000e+02 6.03473016e-01 3.00000000e+00]
[6.13000000e+02 9.54000000e+02 6.03611404e-01 6.00000000e+00]
[5.14000000e+02 9.23000000e+02 6.03740415e-01 1.20000000e+01]
[1.68000000e+02 9.38000000e+02 6.05552945e-01 3.20000000e+01]
[8.6600000e+02 9.4500000e+02 6.0761371e-01 3.1000000e+01]
[1.79000000e+02 9.39000000e+02 6.07640977e-01 5.00000000e+00]
[9.200000e+02 9.530000e+02 6.079281e-01 4.400000e+01]
[9.35000000e+02 9.25000000e+02 6.09153523e-01 2.60000000e+01]
[1.74000000e+02 9.48000000e+02 6.12866591e-01 3.50000000e+01]
[4.56000000e+02 9.61000000e+02 6.14695575e-01 1.30000000e+01]
[1.75000000e+02 9.14000000e+02 6.15731553e-01 1.70000000e+01]
[1.87000000e+02 9.65000000e+02 6.18382207e-01 4.50000000e+01]
[6.59000000e+02 6.82000000e+02 6.20591829e-01 4.00000000e+00]
[9.02000000e+02 9.42000000e+02 6.20614712e-01 2.10000000e+01]
[3.13000000e+02 9.24000000e+02 6.23810864e-01 6.00000000e+00]
[9.60000000e+02 2.89000000e+02 6.24722183e-01 7.00000000e+00]
[1.32000000e+02 9.57000000e+02 6.24722642e-01 2.40000000e+01]
[3.44000000e+02 9.70000000e+02 6.33826882e-01 4.60000000e+01]
[9.58000000e+02 3.70000000e+01 6.36134844e-01 5.20000000e+01]
[4.93000000e+02 9.66000000e+02 6.36142317e-01 2.70000000e+01]
[2.87000000e+02 9.77000000e+02 6.40054313e-01 5.30000000e+01]
[8.40000000e+01 9.59000000e+02 6.41018831e-01 4.00000000e+00]
[9.18000000e+02 8.88000000e+02 6.43116547e-01 2.00000000e+01]
[9.51000000e+02 9.15000000e+02 6.44838457e-01 1.80000000e+01]
[6.90000000e+01 9.63000000e+02 6.45706059e-01 3.20000000e+01]
[3.2500000e+02 9.7200000e+02 6.4600257e-01 2.2000000e+01]
[151.         500.           0.64636645   2.        ]
[8.96000000e+02 9.62000000e+02 6.46622733e-01 3.70000000e+01]
[3.62000000e+02 9.50000000e+02 6.50523251e-01 7.00000000e+00]
[9.47000000e+02 8.00000000e+00 6.51114677e-01 2.20000000e+01]
[9.74000000e+02 4.74000000e+02 6.52351671e-01 8.00000000e+00]
[3.89000000e+02 9.33000000e+02 6.52845098e-01 5.10000000e+01]
[9.70000000e+01 9.80000000e+02 6.53216643e-01 5.00000000e+00]
[9.89000000e+02 2.15000000e+02 6.55343262e-01 9.00000000e+00]
[9.88000000e+02 9.75000000e+02 6.55981879e-01 4.60000000e+01]
[4.52000000e+02 9.76000000e+02 6.61337747e-01 4.70000000e+01]
[9.91000000e+02 9.86000000e+02 6.61429973e-01 4.20000000e+01]
[4.20000000e+02 9.78000000e+02 6.61512851e-01 2.80000000e+01]
[3.64000000e+02 9.84000000e+02 6.65316065e-01 2.30000000e+01]
[3.78000000e+02 9.52000000e+02 6.66960819e-01 9.00000000e+00]
[4.49000000e+02 9.82000000e+02 6.72980682e-01 1.90000000e+01]
[7.70000000e+01 9.68000000e+02 6.76625585e-01 1.40000000e+01]
[9.93000000e+02 2.53000000e+02 6.78319148e-01 4.70000000e+01]
[9.90000000e+01 9.67000000e+02 6.81085253e-01 3.60000000e+01]
[1.30000000e+01 9.94000000e+02 6.81144432e-01 4.80000000e+01]
[1.18000000e+02 9.90000000e+02 6.82474862e-01 5.20000000e+01]
[4.75000000e+02 9.96000000e+02 6.84284588e-01 2.90000000e+01]
[9.71000000e+02 1.77000000e+02 6.85688223e-01 5.00000000e+00]
[2.92000000e+02 9.83000000e+02 6.90515121e-01 3.30000000e+01]
[1.47000000e+02 9.99000000e+02 6.90655705e-01 2.00000000e+01]
[4.04000000e+02 1.00500000e+03 6.91491017e-01 3.00000000e+01]
[9.73000000e+02 8.12000000e+02 6.97651606e-01 8.00000000e+00]
[4.30000000e+02 9.97000000e+02 7.03238745e-01 2.40000000e+01]
[4.59000000e+02 9.79000000e+02 7.08159662e-01 5.40000000e+01]
[4.66000000e+02 9.92000000e+02 7.11185195e-01 1.00000000e+01]
[1.01000000e+03 1.00000000e+03 7.13682003e-01 2.20000000e+01]
[9.98000000e+02 4.70000000e+02 7.17883551e-01 1.00000000e+01]
[3.11000000e+02 1.00700000e+03 7.20293337e-01 3.40000000e+01]
[2.68000000e+02 1.00300000e+03 7.22187084e-01 4.90000000e+01]
[582.         126.           0.72341646   3.        ]
[9.95000000e+02 1.69000000e+02 7.32539515e-01 4.30000000e+01]
[1.01500000e+03 1.01700000e+03 7.34125039e-01 5.90000000e+01]
[1.01900000e+03 1.00100000e+03 7.35009678e-01 9.00000000e+01]
[1.00600000e+03 1.49000000e+02 7.35818816e-01 6.00000000e+00]
[2.35000000e+02 1.01200000e+03 7.37318232e-01 5.50000000e+01]
[4.19000000e+02 1.00200000e+03 7.39326385e-01 3.70000000e+01]
[3.88000000e+02 1.02100000e+03 7.39504945e-01 9.10000000e+01]
[1.02200000e+03 4.11000000e+02 7.39764042e-01 7.00000000e+00]
[2.88000000e+02 1.01100000e+03 7.44216039e-01 2.50000000e+01]
[9.87000000e+02 1.02700000e+03 7.49590901e-01 3.20000000e+01]
[1.0080000e+03 1.0180000e+03 7.4989177e-01 2.3000000e+01]
[1.0140000e+03 1.0260000e+03 7.5241041e-01 2.9000000e+01]
[4.16000000e+02 1.02500000e+03 7.59384797e-01 9.20000000e+01]
[1.62000000e+02 1.03100000e+03 7.64572139e-01 9.30000000e+01]
[5.31000000e+02 1.00400000e+03 7.66067046e-01 5.30000000e+01]
[1.0290000e+03 8.6200000e+02 7.6672542e-01 2.5000000e+01]
[8.90000000e+01 1.02800000e+03 7.67532173e-01 3.30000000e+01]
[1.98000000e+02 1.02000000e+03 7.67701108e-01 6.00000000e+01]
[1.71000000e+02 1.03000000e+03 7.71271519e-01 3.00000000e+01]
[1.03400000e+03 2.34000000e+02 7.71354175e-01 2.60000000e+01]
[1.00900000e+03 1.03300000e+03 7.75433134e-01 8.30000000e+01]
[3.68000000e+02 1.03700000e+03 7.76385077e-01 3.10000000e+01]
[1.01300000e+03 1.03500000e+03 7.78722729e-01 4.30000000e+01]
[1.01600000e+03 3.79000000e+02 7.95026315e-01 3.50000000e+01]
[1.03900000e+03 1.04200000e+03 8.06700226e-01 1.18000000e+02]
[1.04100000e+03 1.02300000e+03 8.20651488e-01 9.80000000e+01]
[4.4700000e+02 1.0400000e+03 8.2807222e-01 3.2000000e+01]
[1.03600000e+03 1.03200000e+03 8.29011679e-01 1.53000000e+02]
[2.25000000e+02 1.02400000e+03 8.34758259e-01 3.80000000e+01]
[4.84000000e+02 9.81000000e+02 8.51854713e-01 2.10000000e+01]
[4.20000000e+01 1.04500000e+03 8.56026318e-01 3.30000000e+01]
[1.04400000e+03 1.08000000e+02 8.58402869e-01 9.90000000e+01]
[1.05000000e+03 9.69000000e+02 8.58612511e-01 1.16000000e+02]
[1.04300000e+03 3.23000000e+02 8.59895851e-01 1.19000000e+02]
[1.05200000e+03 2.42000000e+02 8.61838287e-01 1.20000000e+02]
[4.2300000e+02 1.0510000e+03 8.6274104e-01 1.1700000e+02]
[1.05300000e+03 1.04800000e+03 8.62925703e-01 1.41000000e+02]
[1.05500000e+03 1.04600000e+03 9.00772667e-01 2.94000000e+02]
[1.04900000e+03 1.04700000e+03 9.09081157e-01 7.10000000e+01]
[3.70000000e+02 1.05700000e+03 9.15233349e-01 7.20000000e+01]
[2.12000000e+02 1.05800000e+03 9.18493747e-01 7.30000000e+01]
[1.05900000e+03 5.02000000e+02 9.36837758e-01 7.40000000e+01]
[2.01000000e+02 1.05600000e+03 9.37534023e-01 2.95000000e+02]
[4.88000000e+02 1.05400000e+03 9.39677625e-01 1.18000000e+02]
[2.40000000e+01 1.06100000e+03 9.59618455e-01 2.96000000e+02]
[3.42000000e+02 1.06300000e+03 9.92911434e-01 2.97000000e+02]
[3.16000000e+02 1.06200000e+03 9.93159397e-01 1.19000000e+02]
[1.06500000e+03 1.06000000e+03 1.05633198e+00 1.93000000e+02]
[1038.        1066.           1.0769016  219.       ]
[ 985.         1064.            1.07854133  299.        ]
[   2.         1067.            1.08104109  220.        ]
[ 741.       1068.          1.093865  309.      ]
[ 377.         1069.            1.11283885  221.        ]
[1071.          964.            1.16604893  226.        ]
[1070.         1072.            1.16906944  535.        ]
[ 319.         1073.            1.20759913  536.        ]
[ 145.         1074.            1.20915673  537.        ]
[277.         429.           1.25126885   2.        ]
[1076.          314.            1.30281598    3.        ]
[1075.         1077.            1.40230911  540.        ]
