[  6. 129.   0.   2.]
[64. 68.  0.  2.]
[541.  93.   0.   3.]
[542. 123.   0.   4.]
[543. 214.   0.   5.]
[544. 261.   0.   6.]
[ 72. 437.   0.   2.]
[ 90. 518.   0.   2.]
[140. 380.   0.   2.]
[220. 295.   0.   2.]
[270. 271.   0.   2.]
[550. 400.   0.   3.]
[300. 302.   0.   2.]
[7.80000000e+01 3.15000000e+02 1.05367121e-08 2.00000000e+00]
[5.53000000e+02 1.25000000e+02 1.34463448e-08 3.00000000e+00]
[1.00000000e+00 2.16000000e+02 1.49011612e-08 2.00000000e+00]
[5.55000000e+02 1.13000000e+02 1.49011612e-08 3.00000000e+00]
[3.59000000e+02 4.13000000e+02 1.49011612e-08 2.00000000e+00]
[1.36000000e+02 3.36000000e+02 1.82501207e-08 2.00000000e+00]
[5.00000000e+01 1.35000000e+02 2.10734243e-08 2.00000000e+00]
[5.59000000e+02 3.29000000e+02 2.10734243e-08 3.00000000e+00]
[7.40000000e+01 9.10000000e+01 2.10734243e-08 2.00000000e+00]
[5.61000000e+02 3.17000000e+02 2.10734243e-08 3.00000000e+00]
[9.50000000e+01 1.52000000e+02 2.10734243e-08 2.00000000e+00]
[5.63000000e+02 2.40000000e+02 2.10734243e-08 3.00000000e+00]
[5.64000000e+02 3.01000000e+02 2.10734243e-08 4.00000000e+00]
[5.65000000e+02 3.08000000e+02 2.10734243e-08 5.00000000e+00]
[5.66000000e+02 5.49000000e+02 2.10734243e-08 7.00000000e+00]
[3.07000000e+02 5.67000000e+02 2.10734243e-08 8.00000000e+00]
[1.03000000e+02 1.96000000e+02 2.10734243e-08 2.00000000e+00]
[1.78000000e+02 2.45000000e+02 2.10734243e-08 2.00000000e+00]
[5.52000000e+02 4.68000000e+02 2.48352687e-08 3.00000000e+00]
[8.1000000e+01 5.6800000e+02 2.5969512e-08 9.0000000e+00]
[6.10000000e+01 2.36000000e+02 3.65002415e-08 2.00000000e+00]
[5.62000000e+02 2.74000000e+02 7.74287048e-08 4.00000000e+00]
[3.09000000e+02 3.94000000e+02 4.20272775e-02 2.00000000e+00]
[1.70000000e+02 5.51000000e+02 6.13489452e-02 4.00000000e+00]
[21.         40.          0.06525923  2.        ]
[2.18000000e+02 5.03000000e+02 6.67553151e-02 2.00000000e+00]
[2.06000000e+02 3.22000000e+02 7.56541011e-02 2.00000000e+00]
[5.60000000e+02 1.30000000e+02 7.70653002e-02 4.00000000e+00]
[3.00000000e+01 2.09000000e+02 8.06748589e-02 2.00000000e+00]
[3.39000000e+02 4.73000000e+02 8.52938749e-02 2.00000000e+00]
[4.90000000e+01 2.46000000e+02 8.70285231e-02 2.00000000e+00]
[3.66000000e+02 5.17000000e+02 8.77495348e-02 2.00000000e+00]
[4.92000000e+02 5.23000000e+02 1.06293885e-01 2.00000000e+00]
[3.9700000e+02 4.4400000e+02 1.0810634e-01 2.0000000e+00]
[1.24000000e+02 3.05000000e+02 1.08530518e-01 2.00000000e+00]
[5.48000000e+02 2.98000000e+02 1.09718327e-01 3.00000000e+00]
[1.28000000e+02 2.91000000e+02 1.09913936e-01 2.00000000e+00]
[3.20000000e+02 4.06000000e+02 1.13231418e-01 2.00000000e+00]
[2.90000000e+01 4.86000000e+02 1.16059314e-01 2.00000000e+00]
[2.48000000e+02 5.16000000e+02 1.16855715e-01 2.00000000e+00]
[1.43000000e+02 4.45000000e+02 1.18843233e-01 2.00000000e+00]
[3.46000000e+02 4.38000000e+02 1.19510912e-01 2.00000000e+00]
[5.74000000e+02 1.64000000e+02 1.20307118e-01 5.00000000e+00]
[6.30000000e+01 4.26000000e+02 1.23291247e-01 2.00000000e+00]
[5.40000000e+01 1.48000000e+02 1.23449399e-01 2.00000000e+00]
[3.48000000e+02 3.67000000e+02 1.27924535e-01 2.00000000e+00]
[2.9000000e+02 5.3000000e+02 1.2863548e-01 2.0000000e+00]
[4.36000000e+02 5.22000000e+02 1.31911863e-01 2.00000000e+00]
[4.02000000e+02 4.89000000e+02 1.32364684e-01 2.00000000e+00]
[3.00000000e+00 2.51000000e+02 1.32801284e-01 2.00000000e+00]
[41.         52.          0.13344013  2.        ]
[4.00000000e+00 2.62000000e+02 1.35758706e-01 2.00000000e+00]
[2.13000000e+02 3.86000000e+02 1.37608285e-01 2.00000000e+00]
[5.76000000e+02 2.29000000e+02 1.41648784e-01 5.00000000e+00]
[5.58000000e+02 1.76000000e+02 1.41736204e-01 3.00000000e+00]
[2.70000000e+01 1.72000000e+02 1.44948965e-01 2.00000000e+00]
[3.03000000e+02 3.69000000e+02 1.45395614e-01 2.00000000e+00]
[5.80000000e+02 5.72000000e+02 1.46646185e-01 1.30000000e+01]
[3.96000000e+02 4.14000000e+02 1.46739892e-01 2.00000000e+00]
[1.60000000e+01 4.39000000e+02 1.46763247e-01 2.00000000e+00]
[8.00000000e+01 4.09000000e+02 1.51588644e-01 2.00000000e+00]
[9.00000000e+00 5.54000000e+02 1.51905196e-01 4.00000000e+00]
[65.         76.          0.15853869  2.        ]
[1.44000000e+02 5.57000000e+02 1.58724508e-01 3.00000000e+00]
[2.05000000e+02 5.71000000e+02 1.61096656e-01 4.00000000e+00]
[2.4700000e+02 2.4900000e+02 1.6354979e-01 2.0000000e+00]
[5.95000000e+02 2.04000000e+02 1.63932763e-01 6.00000000e+00]
[6.03000000e+02 3.82000000e+02 1.65330718e-01 3.00000000e+00]
[1.85000000e+02 1.95000000e+02 1.65685387e-01 2.00000000e+00]
[2.97000000e+02 4.27000000e+02 1.67879148e-01 2.00000000e+00]
[5.00000000e+00 2.07000000e+02 1.71191335e-01 2.00000000e+00]
[2.30000000e+02 5.32000000e+02 1.79253896e-01 2.00000000e+00]
[5.89000000e+02 1.65000000e+02 1.82652293e-01 3.00000000e+00]
[3.28000000e+02 6.10000000e+02 1.87096867e-01 1.40000000e+01]
[4.18000000e+02 4.61000000e+02 1.87338283e-01 2.00000000e+00]
[3.18000000e+02 5.09000000e+02 1.94485694e-01 2.00000000e+00]
[2.76000000e+02 3.45000000e+02 1.94649054e-01 2.00000000e+00]
[2.39000000e+02 6.26000000e+02 1.95070035e-01 1.50000000e+01]
[9.20000000e+01 2.69000000e+02 1.96323204e-01 2.00000000e+00]
[1.80000000e+02 6.25000000e+02 2.03738013e-01 4.00000000e+00]
[3.93000000e+02 5.11000000e+02 2.03861056e-01 2.00000000e+00]
[6.3200000e+02 2.3300000e+02 2.0897721e-01 5.0000000e+00]
[1.70000000e+01 2.83000000e+02 2.10534974e-01 2.00000000e+00]
[3.81000000e+02 4.05000000e+02 2.10682214e-01 2.00000000e+00]
[6.06000000e+02 3.34000000e+02 2.12025217e-01 6.00000000e+00]
[1.42000000e+02 5.19000000e+02 2.12677255e-01 2.00000000e+00]
[1.55000000e+02 2.72000000e+02 2.15880492e-01 2.00000000e+00]
[ 33.         122.           0.21900548   2.        ]
[6.14000000e+02 1.56000000e+02 2.28415228e-01 5.00000000e+00]
[186.         199.           0.23689216   2.        ]
[ 67.         150.           0.23819264   2.        ]
[4.15000000e+02 4.60000000e+02 2.38603893e-01 2.00000000e+00]
[6.24000000e+02 4.77000000e+02 2.38903265e-01 3.00000000e+00]
[9.80000000e+01 6.39000000e+02 2.40549768e-01 3.00000000e+00]
[6.200000e+01 6.340000e+02 2.430213e-01 6.000000e+00]
[ 19.         104.           0.24622002   2.        ]
[ 70.         183.           0.24680608   2.        ]
[6.17000000e+02 5.45000000e+02 2.53453208e-01 1.00000000e+01]
[ 83.         159.           0.25527496   2.        ]
[1.40000000e+01 4.33000000e+02 2.58566205e-01 2.00000000e+00]
[117.         153.           0.26014209   2.        ]
[4.08000000e+02 4.50000000e+02 2.64167955e-01 2.00000000e+00]
[2.37000000e+02 4.90000000e+02 2.64998226e-01 2.00000000e+00]
[3.33000000e+02 6.47000000e+02 2.67033512e-01 7.00000000e+00]
[3.65000000e+02 4.43000000e+02 2.70190076e-01 2.00000000e+00]
[6.3800000e+02 5.8400000e+02 2.7408429e-01 4.0000000e+00]
[1.15000000e+02 6.56000000e+02 2.75888432e-01 8.00000000e+00]
[6.3700000e+02 6.3000000e+02 2.7694886e-01 2.1000000e+01]
[ 35.         160.           0.27739317   2.        ]
[6.41000000e+02 6.07000000e+02 2.78918549e-01 8.00000000e+00]
[4.60000000e+01 3.27000000e+02 2.80190419e-01 2.00000000e+00]
[6.0200000e+02 2.2100000e+02 2.8058719e-01 3.0000000e+00]
[4.51000000e+02 5.08000000e+02 2.81112942e-01 2.00000000e+00]
[1.94000000e+02 4.80000000e+02 2.88850224e-01 2.00000000e+00]
[1.09000000e+02 6.50000000e+02 2.91807581e-01 1.10000000e+01]
[2.27000000e+02 3.40000000e+02 2.97744078e-01 2.00000000e+00]
[6.46000000e+02 2.19000000e+02 3.01062914e-01 4.00000000e+00]
[3.91000000e+02 4.10000000e+02 3.03050171e-01 2.00000000e+00]
[2.00000000e+01 4.95000000e+02 3.03448233e-01 2.00000000e+00]
[6.43000000e+02 2.56000000e+02 3.03592885e-01 3.00000000e+00]
[154.         182.           0.30403392   2.        ]
[6.6200000e+02 6.4200000e+02 3.0468707e-01 1.0000000e+01]
[6.59000000e+02 2.02000000e+02 3.04911526e-01 9.00000000e+00]
[3.56000000e+02 4.67000000e+02 3.08410621e-01 2.00000000e+00]
[0.00000000e+00 4.65000000e+02 3.09590273e-01 2.00000000e+00]
[5.70000000e+02 2.85000000e+02 3.11151656e-01 3.00000000e+00]
[6.19000000e+02 6.53000000e+02 3.12422749e-01 8.00000000e+00]
[5.98000000e+02 5.26000000e+02 3.14317475e-01 3.00000000e+00]
[6.75000000e+02 2.08000000e+02 3.14391823e-01 1.00000000e+01]
[3.35000000e+02 4.42000000e+02 3.14429786e-01 2.00000000e+00]
[5.88000000e+02 6.60000000e+02 3.16794939e-01 2.40000000e+01]
[6.40000000e+02 5.12000000e+02 3.20713686e-01 3.00000000e+00]
[3.4900000e+02 5.3800000e+02 3.2179643e-01 2.0000000e+00]
[6.23000000e+02 6.61000000e+02 3.25109438e-01 4.00000000e+00]
[23.         32.          0.32643372  2.        ]
[6.48000000e+02 4.69000000e+02 3.27709786e-01 3.00000000e+00]
[6.49000000e+02 6.73000000e+02 3.31492618e-01 4.00000000e+00]
[6.79000000e+02 1.21000000e+02 3.33076154e-01 9.00000000e+00]
[5.99000000e+02 5.90000000e+02 3.35953893e-01 4.00000000e+00]
[5.79000000e+02 2.25000000e+02 3.39114899e-01 3.00000000e+00]
[193.         279.           0.34009775   2.        ]
[3.61000000e+02 5.27000000e+02 3.43242707e-01 2.00000000e+00]
[102.         141.           0.34590264   2.        ]
[6.31000000e+02 1.92000000e+02 3.47862768e-01 3.00000000e+00]
[6.51000000e+02 1.84000000e+02 3.48594535e-01 3.00000000e+00]
[5.400000e+02 1.390000e+02 3.497422e-01 3.000000e+00]
[5.75000000e+02 6.82000000e+02 3.50615128e-01 4.00000000e+00]
[4.70000000e+01 5.83000000e+02 3.56909409e-01 3.00000000e+00]
[6.71000000e+02 6.68000000e+02 3.57828092e-01 4.00000000e+00]
[6.88000000e+02 6.83000000e+02 3.58393266e-01 2.70000000e+01]
[5.90000000e+01 6.90000000e+02 3.60203494e-01 1.00000000e+01]
[2.52000000e+02 4.63000000e+02 3.60207445e-01 2.00000000e+00]
[6.9100000e+02 4.8300000e+02 3.6128612e-01 5.0000000e+00]
[8.80000000e+01 5.94000000e+02 3.63184565e-01 3.00000000e+00]
[ 82.         265.           0.36532815   2.        ]
[287.         324.           0.36629062   2.        ]
[6.77000000e+02 4.91000000e+02 3.67026746e-01 3.00000000e+00]
[ 87.         280.           0.36851304   2.        ]
[100.          51.           0.37101662   2.        ]
[4.76000000e+02 4.98000000e+02 3.77809346e-01 2.00000000e+00]
[188.         241.           0.37823154   2.        ]
[ 18.         273.           0.37927654   2.        ]
[5.96000000e+02 2.38000000e+02 3.79985441e-01 3.00000000e+00]
[6.84000000e+02 6.45000000e+02 3.84185015e-01 6.00000000e+00]
[6.69000000e+02 6.36000000e+02 3.84812528e-01 6.00000000e+00]
[6.44000000e+02 6.63000000e+02 3.85683177e-01 4.00000000e+00]
[3.38000000e+02 7.18000000e+02 3.86091401e-01 5.00000000e+00]
[7.04000000e+02 5.05000000e+02 3.89288663e-01 3.00000000e+00]
[6.87000000e+02 3.50000000e+02 3.89417819e-01 3.00000000e+00]
[7.11000000e+02 2.55000000e+02 3.89440127e-01 3.00000000e+00]
[6.27000000e+02 5.37000000e+02 3.89505291e-01 3.00000000e+00]
[7.0900000e+02 1.3700000e+02 3.8955438e-01 4.0000000e+00]
[210.         383.           0.39072488   2.        ]
[5.70000000e+01 5.15000000e+02 3.91460847e-01 2.00000000e+00]
[3.90000000e+01 7.19000000e+02 3.94045676e-01 6.00000000e+00]
[1.12000000e+02 6.81000000e+02 3.96630202e-01 1.10000000e+01]
[2.50000000e+01 6.00000000e+02 3.97743079e-01 3.00000000e+00]
[6.80000000e+02 5.01000000e+02 3.98946141e-01 4.00000000e+00]
[3.47000000e+02 4.87000000e+02 3.99441176e-01 2.00000000e+00]
[7.05000000e+02 2.99000000e+02 4.00099695e-01 6.00000000e+00]
[6.04000000e+02 1.46000000e+02 4.00548692e-01 3.00000000e+00]
[2.32000000e+02 6.58000000e+02 4.00899529e-01 5.00000000e+00]
[203.         358.           0.40183111   2.        ]
[2.60000000e+02 6.33000000e+02 4.02160643e-01 3.00000000e+00]
[1.68000000e+02 4.32000000e+02 4.02552334e-01 2.00000000e+00]
[3.37000000e+02 5.29000000e+02 4.03160443e-01 2.00000000e+00]
[7.24000000e+02 2.59000000e+02 4.03538616e-01 5.00000000e+00]
[5.81000000e+02 4.41000000e+02 4.03588014e-01 3.00000000e+00]
[3.7200000e+02 4.5400000e+02 4.0410966e-01 2.0000000e+00]
[7.06000000e+02 7.34000000e+02 4.06027281e-01 8.00000000e+00]
[6.78000000e+02 3.10000000e+02 4.06065824e-01 4.00000000e+00]
[6.64000000e+02 6.67000000e+02 4.06900037e-01 1.40000000e+01]
[1.98000000e+02 5.07000000e+02 4.08228249e-01 2.00000000e+00]
[6.72000000e+02 1.57000000e+02 4.08764449e-01 4.00000000e+00]
[5.97000000e+02 6.85000000e+02 4.08931219e-01 4.00000000e+00]
[2.80000000e+01 7.27000000e+02 4.10112178e-01 7.00000000e+00]
[2.67000000e+02 6.94000000e+02 4.11886106e-01 3.00000000e+00]
[6.86000000e+02 7.01000000e+02 4.12889657e-01 8.00000000e+00]
[6.12000000e+02 2.58000000e+02 4.16055167e-01 3.00000000e+00]
[6.20000000e+02 6.93000000e+02 4.16119895e-01 5.00000000e+00]
[ 79.         352.           0.41712533   2.        ]
[6.89000000e+02 6.54000000e+02 4.17503478e-01 6.00000000e+00]
[4.72000000e+02 7.51000000e+02 4.17764795e-01 4.00000000e+00]
[6.98000000e+02 1.11000000e+02 4.18151611e-01 4.00000000e+00]
[7.02000000e+02 1.27000000e+02 4.20083857e-01 2.80000000e+01]
[7.40000000e+02 4.64000000e+02 4.20985496e-01 4.00000000e+00]
[7.03000000e+02 1.74000000e+02 4.21767561e-01 1.10000000e+01]
[7.3900000e+02 1.5000000e+01 4.2498678e-01 6.0000000e+00]
[7.14000000e+02 2.94000000e+02 4.25946599e-01 3.00000000e+00]
[7.1700000e+02 6.7400000e+02 4.2658258e-01 1.6000000e+01]
[6.95000000e+02 1.97000000e+02 4.29332586e-01 3.00000000e+00]
[5.69000000e+02 6.18000000e+02 4.30396855e-01 4.00000000e+00]
[ 31.         190.           0.43120528   2.        ]
[7.21000000e+02 7.62000000e+02 4.32304305e-01 1.90000000e+01]
[7.50000000e+01 7.22000000e+02 4.32458731e-01 4.00000000e+00]
[3.73000000e+02 7.23000000e+02 4.34541666e-01 4.00000000e+00]
[ 26.         110.           0.43536632   2.        ]
[7.10000000e+01 4.62000000e+02 4.37781194e-01 2.00000000e+00]
[ 34.         330.           0.43816637   2.        ]
[7.48000000e+02 3.51000000e+02 4.39621855e-01 8.00000000e+00]
[ 94.         223.           0.44004323   2.        ]
[4.55000000e+02 5.36000000e+02 4.41413491e-01 2.00000000e+00]
[6.66000000e+02 4.48000000e+02 4.42297387e-01 3.00000000e+00]
[8.60000000e+01 4.81000000e+02 4.42672165e-01 2.00000000e+00]
[6.55000000e+02 4.28000000e+02 4.43013559e-01 3.00000000e+00]
[6.28000000e+02 6.70000000e+02 4.43410479e-01 4.00000000e+00]
[7.16000000e+02 5.28000000e+02 4.43603924e-01 7.00000000e+00]
[7.58000000e+02 9.60000000e+01 4.45662305e-01 5.00000000e+00]
[105.         191.           0.44585884   2.        ]
[7.57000000e+02 7.75000000e+02 4.45995862e-01 3.10000000e+01]
[3.26000000e+02 7.72000000e+02 4.47249075e-01 9.00000000e+00]
[2.5000000e+02 5.3500000e+02 4.4743765e-01 2.0000000e+00]
[6.08000000e+02 5.10000000e+02 4.47730201e-01 3.00000000e+00]
[1.81000000e+02 7.12000000e+02 4.48513961e-01 3.00000000e+00]
[ 38.         200.           0.44855396   2.        ]
[114.         226.           0.44876313   2.        ]
[7.52000000e+02 7.42000000e+02 4.49519186e-01 1.30000000e+01]
[1.33000000e+02 7.49000000e+02 4.50221439e-01 4.00000000e+00]
[7.47000000e+02 6.29000000e+02 4.51655241e-01 6.00000000e+00]
[163.         440.           0.45190532   2.        ]
[7.60000000e+02 4.34000000e+02 4.52276332e-01 7.00000000e+00]
[4.35000000e+02 4.79000000e+02 4.52463526e-01 2.00000000e+00]
[7.13000000e+02 7.91000000e+02 4.52852905e-01 8.00000000e+00]
[3.63000000e+02 5.21000000e+02 4.53100824e-01 2.00000000e+00]
[2.54000000e+02 7.66000000e+02 4.54116288e-01 2.00000000e+01]
[5.87000000e+02 3.75000000e+02 4.55275495e-01 3.00000000e+00]
[1.1600000e+02 7.8300000e+02 4.5580649e-01 1.0000000e+01]
[395.         407.           0.45580719   2.        ]
[2.96000000e+02 4.82000000e+02 4.56074575e-01 2.00000000e+00]
[7.79000000e+02 2.78000000e+02 4.56174074e-01 8.00000000e+00]
[7.29000000e+02 1.58000000e+02 4.56824977e-01 4.00000000e+00]
[7.36000000e+02 7.93000000e+02 4.57187165e-01 1.00000000e+01]
[7.07000000e+02 7.20000000e+02 4.57763548e-01 5.00000000e+00]
[3.04000000e+02 7.43000000e+02 4.58056041e-01 5.00000000e+00]
[  7.         457.           0.45828271   2.        ]
[7.77000000e+02 3.57000000e+02 4.58933615e-01 4.00000000e+00]
[7.330000e+02 7.540000e+02 4.598984e-01 9.000000e+00]
[3.76000000e+02 5.34000000e+02 4.60672116e-01 2.00000000e+00]
[5.60000000e+01 7.26000000e+02 4.62046422e-01 3.00000000e+00]
[7.61000000e+02 7.55000000e+02 4.63098723e-01 7.00000000e+00]
[6.00000000e+01 8.04000000e+02 4.63232111e-01 1.10000000e+01]
[1.3100000e+02 8.0600000e+02 4.6341778e-01 6.0000000e+00]
[7.50000000e+02 7.46000000e+02 4.64018013e-01 1.20000000e+01]
[7.82000000e+02 2.75000000e+02 4.64496936e-01 3.20000000e+01]
[353.         424.           0.46456422   2.        ]
[1.07000000e+02 6.65000000e+02 4.67883141e-01 3.00000000e+00]
[8.16000000e+02 8.05000000e+02 4.67940566e-01 3.70000000e+01]
[7.95000000e+02 7.56000000e+02 4.68261354e-01 1.20000000e+01]
[7.35000000e+02 7.30000000e+02 4.68737562e-01 6.00000000e+00]
[ 44.        281.          0.4691218   2.       ]
[4.53000000e+02 5.24000000e+02 4.70215497e-01 2.00000000e+00]
[6.22000000e+02 7.78000000e+02 4.70487354e-01 6.00000000e+00]
[224.        331.          0.4712087   2.       ]
[4.30000000e+01 7.32000000e+02 4.71542316e-01 7.00000000e+00]
[73.         85.          0.47313269  2.        ]
[7.28000000e+02 4.25000000e+02 4.73574384e-01 1.20000000e+01]
[7.80000000e+02 1.20000000e+02 4.73789022e-01 6.00000000e+00]
[6.21000000e+02 4.21000000e+02 4.73906864e-01 3.00000000e+00]
[8.19000000e+02 2.64000000e+02 4.74915567e-01 3.80000000e+01]
[7.8500000e+02 7.6300000e+02 4.7553737e-01 6.0000000e+00]
[3.60000000e+01 5.06000000e+02 4.77666147e-01 2.00000000e+00]
[5.78000000e+02 2.92000000e+02 4.81600845e-01 3.00000000e+00]
[8.21000000e+02 8.14000000e+02 4.83790944e-01 1.20000000e+01]
[8.02000000e+02 3.21000000e+02 4.83868169e-01 9.00000000e+00]
[7.90000000e+02 7.38000000e+02 4.85614141e-01 6.00000000e+00]
[7.71000000e+02 7.94000000e+02 4.86013318e-01 4.00000000e+00]
[8.07000000e+02 6.97000000e+02 4.86424784e-01 5.00000000e+00]
[7.53000000e+02 8.37000000e+02 4.87299048e-01 8.00000000e+00]
[3.85000000e+02 7.68000000e+02 4.89212614e-01 5.00000000e+00]
[6.99000000e+02 6.57000000e+02 4.89485038e-01 6.00000000e+00]
[6.1500000e+02 2.2200000e+02 4.8964369e-01 3.0000000e+00]
[7.65000000e+02 8.42000000e+02 4.90361869e-01 8.00000000e+00]
[7.8700000e+02 8.2700000e+02 4.9088462e-01 4.0000000e+00]
[5.73000000e+02 5.39000000e+02 4.91838526e-01 3.00000000e+00]
[7.8100000e+02 4.0300000e+02 4.9202355e-01 3.0000000e+00]
[8.31000000e+02 2.66000000e+02 4.94049148e-01 3.90000000e+01]
[306.         458.           0.49582686   2.        ]
[7.8800000e+02 3.6000000e+02 4.9779404e-01 3.0000000e+00]
[7.69000000e+02 7.67000000e+02 4.99053661e-01 6.00000000e+00]
[2.84000000e+02 7.86000000e+02 4.99627042e-01 4.00000000e+00]
[3.70000000e+01 8.43000000e+02 5.00008133e-01 4.00000000e+00]
[118.         374.           0.50028833   2.        ]
[ 58.         390.           0.50049874   2.        ]
[8.44000000e+02 2.93000000e+02 5.00977466e-01 9.00000000e+00]
[5.8200000e+02 3.5500000e+02 5.0175577e-01 3.0000000e+00]
[6.16000000e+02 8.24000000e+02 5.01885376e-01 9.00000000e+00]
[3.71000000e+02 5.85000000e+02 5.02991028e-01 3.00000000e+00]
[8.20000000e+02 8.29000000e+02 5.04146604e-01 1.80000000e+01]
[ 53.         401.           0.50436263   2.        ]
[7.980000e+02 5.930000e+02 5.044171e-01 5.000000e+00]
[138.        387.          0.5047272   2.       ]
[8.15000000e+02 8.26000000e+02 5.04849237e-01 1.90000000e+01]
[7.00000000e+02 4.80000000e+01 5.07079531e-01 4.00000000e+00]
[179.         417.           0.50708415   2.        ]
[6.52000000e+02 2.20000000e+01 5.07249897e-01 3.00000000e+00]
[7.59000000e+02 6.96000000e+02 5.08317825e-01 1.40000000e+01]
[7.84000000e+02 7.97000000e+02 5.10057997e-01 2.20000000e+01]
[8.51000000e+02 7.92000000e+02 5.10670366e-01 8.00000000e+00]
[332.         456.           0.51105776   2.        ]
[7.74000000e+02 7.45000000e+02 5.11495268e-01 4.00000000e+00]
[286.         354.           0.51282917   2.        ]
[6.05000000e+02 4.71000000e+02 5.13811587e-01 3.00000000e+00]
[8.13000000e+02 8.69000000e+02 5.15330601e-01 3.30000000e+01]
[7.44000000e+02 1.19000000e+02 5.16354203e-01 1.50000000e+01]
[ 66.       504.         0.517067   2.      ]
[8.12000000e+02 7.10000000e+02 5.17099767e-01 9.00000000e+00]
[8.56000000e+02 7.15000000e+02 5.22123498e-01 1.20000000e+01]
[5.91000000e+02 3.14000000e+02 5.25345662e-01 3.00000000e+00]
[8.28000000e+02 1.67000000e+02 5.26457887e-01 1.30000000e+01]
[2.5700000e+02 8.0000000e+02 5.2736505e-01 3.0000000e+00]
[7.76000000e+02 5.13000000e+02 5.29296262e-01 3.00000000e+00]
[12.        45.         0.5293993  2.       ]
[8.60000000e+02 1.89000000e+02 5.29441789e-01 1.90000000e+01]
[2.68000000e+02 8.52000000e+02 5.29900966e-01 5.00000000e+00]
[1.32000000e+02 7.41000000e+02 5.30891702e-01 3.00000000e+00]
[8.36000000e+02 3.41000000e+02 5.31815451e-01 1.00000000e+01]
[8.53000000e+02 8.17000000e+02 5.32031983e-01 6.00000000e+00]
[7.89000000e+02 4.96000000e+02 5.33482856e-01 1.40000000e+01]
[8.10000000e+02 4.97000000e+02 5.33884077e-01 3.00000000e+00]
[7.25000000e+02 7.64000000e+02 5.33986066e-01 6.00000000e+00]
[325.         384.           0.53406876   2.        ]
[8.30000000e+02 2.31000000e+02 5.34234941e-01 4.00000000e+00]
[1.00000000e+01 8.85000000e+02 5.34529061e-01 2.00000000e+01]
[8.25000000e+02 4.75000000e+02 5.34556353e-01 3.00000000e+00]
[8.09000000e+02 3.89000000e+02 5.35284706e-01 1.00000000e+01]
[8.41000000e+02 8.48000000e+02 5.36395248e-01 4.40000000e+01]
[1.66000000e+02 8.57000000e+02 5.36441691e-01 4.00000000e+00]
[8.39000000e+02 8.01000000e+02 5.39156839e-01 7.00000000e+00]
[8.47000000e+02 8.81000000e+02 5.45141459e-01 1.60000000e+01]
[8.33000000e+02 5.47000000e+02 5.45957868e-01 4.00000000e+00]
[147.         533.           0.54721325   2.        ]
[8.55000000e+02 5.31000000e+02 5.49068524e-01 3.00000000e+00]
[8.50000000e+02 8.59000000e+02 5.49435944e-01 6.00000000e+00]
[8.34000000e+02 2.43000000e+02 5.49763125e-01 4.00000000e+00]
[344.         499.           0.55134103   2.        ]
[9.70000000e+01 8.82000000e+02 5.52060151e-01 4.00000000e+00]
[8.75000000e+02 8.35000000e+02 5.53378206e-01 4.50000000e+01]
[8.40000000e+02 8.89000000e+02 5.53513123e-01 1.40000000e+01]
[8.64000000e+02 9.01000000e+02 5.53555821e-01 3.50000000e+01]
[6.92000000e+02 5.14000000e+02 5.54618831e-01 4.00000000e+00]
[7.7300000e+02 8.9000000e+02 5.5590631e-01 1.6000000e+01]
[446.         525.           0.55601128   2.        ]
[8.76000000e+02 8.45000000e+02 5.56373766e-01 1.90000000e+01]
[5.9200000e+02 8.5800000e+02 5.5714838e-01 1.1000000e+01]
[8.70000000e+02 8.91000000e+02 5.60984309e-01 1.10000000e+01]
[9.05000000e+02 7.37000000e+02 5.61005571e-01 8.00000000e+00]
[2.28000000e+02 9.16000000e+02 5.61969111e-01 1.20000000e+01]
[1.61000000e+02 8.32000000e+02 5.62159245e-01 7.00000000e+00]
[8.62000000e+02 1.75000000e+02 5.63270111e-01 6.00000000e+00]
[398.         399.           0.56368783   2.        ]
[4.20000000e+02 9.13000000e+02 5.63720414e-01 1.70000000e+01]
[8.03000000e+02 4.04000000e+02 5.64674504e-01 5.00000000e+00]
[8.9800000e+02 3.9200000e+02 5.6537158e-01 4.5000000e+01]
[546.         388.           0.56554716   3.        ]
[9.00000000e+02 8.74000000e+02 5.65843376e-01 1.00000000e+01]
[9.15000000e+02 8.63000000e+02 5.66995266e-01 2.10000000e+01]
[8.86000000e+02 4.31000000e+02 5.67414788e-01 6.00000000e+00]
[8.78000000e+02 9.11000000e+02 5.68585923e-01 4.40000000e+01]
[8.92000000e+02 9.06000000e+02 5.69293031e-01 1.00000000e+01]
[8.79000000e+02 7.99000000e+02 5.69374799e-01 2.20000000e+01]
[8.11000000e+02 9.10000000e+02 5.70374374e-01 1.70000000e+01]
[8.66000000e+02 2.63000000e+02 5.70907841e-01 3.00000000e+00]
[ 55.         187.           0.57104535   2.        ]
[8.22000000e+02 4.52000000e+02 5.77008335e-01 3.00000000e+00]
[9.09000000e+02 4.22000000e+02 5.78394909e-01 4.60000000e+01]
[6.11000000e+02 4.16000000e+02 5.80765901e-01 3.00000000e+00]
[8.18000000e+02 6.09000000e+02 5.81823635e-01 5.00000000e+00]
[8.65000000e+02 5.20000000e+02 5.82284964e-01 5.00000000e+00]
[412.         493.           0.58324317   2.        ]
[9.25000000e+02 7.31000000e+02 5.83347371e-01 4.70000000e+01]
[9.42000000e+02 8.54000000e+02 5.83557845e-01 4.90000000e+01]
[2.11000000e+02 9.43000000e+02 5.86881581e-01 5.00000000e+01]
[8.8300000e+02 9.0300000e+02 5.8907714e-01 5.0000000e+00]
[4.78000000e+02 9.17000000e+02 5.89636807e-01 1.20000000e+01]
[8.71000000e+02 5.56000000e+02 5.90945597e-01 5.00000000e+00]
[9.28000000e+02 7.08000000e+02 5.91852417e-01 2.30000000e+01]
[8.68000000e+02 1.77000000e+02 5.92873856e-01 1.50000000e+01]
[9.30000000e+02 8.73000000e+02 5.93138365e-01 4.60000000e+01]
[6.35000000e+02 1.01000000e+02 5.94436587e-01 3.00000000e+00]
[215.         343.           0.59558908   2.        ]
[9.18000000e+02 9.46000000e+02 5.96227386e-01 2.00000000e+01]
[8.96000000e+02 6.01000000e+02 5.96280858e-01 5.00000000e+00]
[577.         244.           0.59800145   3.        ]
[9.350000e+02 9.370000e+02 5.980651e-01 4.800000e+01]
[9.33000000e+02 4.74000000e+02 6.03603348e-01 1.80000000e+01]
[6.13000000e+02 2.89000000e+02 6.03611404e-01 3.00000000e+00]
[9.36000000e+02 5.86000000e+02 6.04290543e-01 5.00000000e+00]
[9.53000000e+02 4.85000000e+02 6.04481443e-01 2.10000000e+01]
[8.38000000e+02 9.56000000e+02 6.06165717e-01 5.20000000e+01]
[9.4000000e+02 8.2300000e+02 6.0788791e-01 7.0000000e+00]
[  8.        134.          0.6098017   2.       ]
[3.620000e+02 9.140000e+02 6.121053e-01 3.000000e+00]
[8.94000000e+02 2.88000000e+02 6.17811853e-01 5.00000000e+00]
[8.61000000e+02 9.47000000e+02 6.18722039e-01 7.00000000e+00]
[313.         447.           0.62381086   2.        ]
[9.50000000e+02 9.31000000e+02 6.25053991e-01 5.60000000e+01]
[9.29000000e+02 8.72000000e+02 6.25653313e-01 1.00000000e+01]
[9.27000000e+02 9.65000000e+02 6.28970668e-01 1.50000000e+01]
[9.08000000e+02 1.69000000e+02 6.29473158e-01 5.00000000e+00]
[9.57000000e+02 4.94000000e+02 6.37140912e-01 1.90000000e+01]
[9.62000000e+02 9.68000000e+02 6.37671164e-01 6.30000000e+01]
[9.61000000e+02 9.32000000e+02 6.38760922e-01 7.40000000e+01]
[9.74000000e+02 9.20000000e+02 6.39880855e-01 8.10000000e+01]
[9.19000000e+02 9.23000000e+02 6.40955838e-01 2.90000000e+01]
[9.51000000e+02 9.70000000e+02 6.42305768e-01 1.80000000e+01]
[9.73000000e+02 8.99000000e+02 6.42805384e-01 6.70000000e+01]
[8.95000000e+02 9.12000000e+02 6.43209784e-01 2.40000000e+01]
[9.66000000e+02 2.82000000e+02 6.43949934e-01 8.00000000e+00]
[9.76000000e+02 9.24000000e+02 6.44281587e-01 3.40000000e+01]
[7.70000000e+02 1.49000000e+02 6.44546261e-01 3.00000000e+00]
[13.         69.          0.64570606  2.        ]
[151.         500.           0.64636645   2.        ]
[1.06000000e+02 9.54000000e+02 6.48284916e-01 6.00000000e+00]
[8.46000000e+02 8.87000000e+02 6.49490561e-01 6.00000000e+00]
[9.63000000e+02 2.53000000e+02 6.50299595e-01 3.00000000e+00]
[8.93000000e+02 3.64000000e+02 6.51656661e-01 3.00000000e+00]
[9.81000000e+02 9.59000000e+02 6.52469102e-01 3.90000000e+01]
[8.6700000e+02 6.7600000e+02 6.5358648e-01 5.0000000e+00]
[9.41000000e+02 9.75000000e+02 6.53683103e-01 8.30000000e+01]
[9.44000000e+02 8.97000000e+02 6.60972856e-01 6.00000000e+01]
[9.92000000e+02 9.22000000e+02 6.61707005e-01 6.20000000e+01]
[9.49000000e+02 9.39000000e+02 6.62560065e-01 2.00000000e+01]
[9.7800000e+02 9.2600000e+02 6.6497908e-01 7.0000000e+01]
[ 11.         419.           0.66545212   2.        ]
[1.71000000e+02 9.95000000e+02 6.66124677e-01 7.10000000e+01]
[8.40000000e+01 9.71000000e+02 6.67306431e-01 6.00000000e+00]
[8.84000000e+02 9.60000000e+02 6.68637155e-01 2.30000000e+01]
[9.7200000e+02 9.5800000e+02 6.6900538e-01 2.2000000e+01]
[1.00000000e+03 9.52000000e+02 6.71185532e-01 2.40000000e+01]
[9.79000000e+02 8.80000000e+02 6.71838866e-01 2.70000000e+01]
[4.49000000e+02 9.07000000e+02 6.72980682e-01 3.00000000e+00]
[9.69000000e+02 3.78000000e+02 6.75180723e-01 1.10000000e+01]
[9.86000000e+02 4.11000000e+02 6.75881127e-01 7.00000000e+00]
[9.45000000e+02 9.77000000e+02 6.78234691e-01 2.30000000e+01]
[1.73000000e+02 9.93000000e+02 6.79530735e-01 6.30000000e+01]
[2.34000000e+02 1.00300000e+03 6.85480981e-01 4.00000000e+00]
[3.12000000e+02 9.38000000e+02 6.87974584e-01 4.00000000e+00]
[9.64000000e+02 1.00100000e+03 6.89809901e-01 2.70000000e+01]
[1.01000000e+03 4.66000000e+02 6.97427144e-01 2.80000000e+01]
[9.48000000e+02 9.80000000e+02 6.98307361e-01 3.10000000e+01]
[9.90000000e+02 3.70000000e+02 7.00899506e-01 6.00000000e+00]
[1.00600000e+03 8.49000000e+02 7.07039944e-01 2.50000000e+01]
[1.00500000e+03 7.70000000e+01 7.14533187e-01 8.00000000e+00]
[2.17000000e+02 1.01400000e+03 7.15630429e-01 2.60000000e+01]
[8.08000000e+02 1.01600000e+03 7.16868075e-01 3.00000000e+01]
[9.04000000e+02 1.00900000e+03 7.17117257e-01 7.00000000e+00]
[1.0120000e+03 1.0150000e+03 7.1808461e-01 3.9000000e+01]
[9.87000000e+02 1.00200000e+03 7.18746724e-01 3.00000000e+01]
[9.96000000e+02 9.90000000e+01 7.19061334e-01 3.00000000e+00]
[311.         379.           0.72029334   2.        ]
[9.89000000e+02 9.91000000e+02 7.20545275e-01 1.22000000e+02]
[7.96000000e+02 9.82000000e+02 7.22496945e-01 5.00000000e+00]
[9.98000000e+02 9.97000000e+02 7.22863051e-01 7.70000000e+01]
[4.2000000e+01 9.6700000e+02 7.2323721e-01 3.0000000e+00]
[1.62000000e+02 1.00400000e+03 7.24015801e-01 1.20000000e+01]
[9.83000000e+02 8.77000000e+02 7.24584227e-01 4.00000000e+00]
[9.55000000e+02 1.26000000e+02 7.33806368e-01 4.00000000e+00]
[235.         423.           0.73731823   2.        ]
[9.94000000e+02 4.70000000e+02 7.45805795e-01 2.10000000e+01]
[1.01900000e+03 1.01300000e+03 7.49755907e-01 4.50000000e+01]
[9.8800000e+02 4.3000000e+02 7.5131995e-01 4.0000000e+00]
[1.02100000e+03 4.59000000e+02 7.53284022e-01 4.00000000e+00]
[2.00000000e+00 1.02500000e+03 7.53913831e-01 7.80000000e+01]
[9.99000000e+02 1.01800000e+03 7.54392834e-01 3.00000000e+01]
[9.85000000e+02 1.00700000e+03 7.60788967e-01 6.90000000e+01]
[ 89.         108.           0.76753217   2.        ]
[1.0320000e+03 1.0340000e+03 7.6778641e-01 4.9000000e+01]
[1.03100000e+03 2.01000000e+02 7.73666262e-01 2.20000000e+01]
[1.03000000e+03 1.01100000e+03 7.81897401e-01 3.00000000e+01]
[1.03600000e+03 1.02300000e+03 7.82987116e-01 1.52000000e+02]
[9.02000000e+02 3.23000000e+02 7.95707636e-01 5.00000000e+00]
[1.02600000e+03 1.02400000e+03 7.96913661e-01 8.00000000e+00]
[1.03700000e+03 9.21000000e+02 8.01759225e-01 7.50000000e+01]
[1.02000000e+03 2.42000000e+02 8.13927197e-01 3.10000000e+01]
[1.03900000e+03 1.04600000e+03 8.20388022e-01 8.00000000e+01]
[1.04200000e+03 1.02700000e+03 8.26904065e-01 1.64000000e+02]
[1.02800000e+03 1.04300000e+03 8.40242963e-01 9.00000000e+00]
[1.00800000e+03 1.04100000e+03 8.46999866e-01 3.40000000e+01]
[342.         484.           0.85185471   2.        ]
[1.03800000e+03 1.05000000e+03 8.54360199e-01 3.60000000e+01]
[1.04700000e+03 1.04000000e+03 8.56217572e-01 1.02000000e+02]
[1.01700000e+03 1.03300000e+03 8.64008331e-01 3.40000000e+01]
[1.04800000e+03 1.04500000e+03 8.66535625e-01 2.39000000e+02]
[1.05300000e+03 1.04400000e+03 8.69368753e-01 1.10000000e+02]
[1.05600000e+03 3.68000000e+02 8.69598419e-01 1.11000000e+02]
[1.0550000e+03 1.0490000e+03 8.8703697e-01 2.4800000e+02]
[1.05700000e+03 1.02900000e+03 8.92168743e-01 1.15000000e+02]
[1.05900000e+03 2.12000000e+02 8.93481162e-01 1.16000000e+02]
[1.05800000e+03 1.02200000e+03 9.01761221e-01 2.50000000e+02]
[316.         488.           0.93967762   2.        ]
[1.03500000e+03 1.06100000e+03 9.46771884e-01 3.28000000e+02]
[9.84000000e+02 1.05100000e+03 9.59003154e-01 4.00000000e+00]
[1.06300000e+03 1.06000000e+03 9.66594991e-01 4.44000000e+02]
[1.0540000e+03 1.0620000e+03 9.8227441e-01 3.6000000e+01]
[8.88000000e+02 1.06600000e+03 1.00983159e+00 4.60000000e+01]
[1.0520000e+03 1.0640000e+03 1.0145403e+00 4.0000000e+01]
[1.06500000e+03 5.02000000e+02 1.03284254e+00 4.45000000e+02]
[1.06800000e+03 2.77000000e+02 1.06473297e+00 4.10000000e+01]
[377.         429.           1.11283885   2.        ]
[1067.          145.            1.11337802   47.        ]
[ 24.         319.           1.11588899   2.        ]
[1069.         1070.            1.11865669  486.        ]
[1072.          934.            1.16829852   50.        ]
[1074.         1075.            1.19365193  536.        ]
[1076.         1073.            1.19958635  538.        ]
[1077.         1071.            1.26450867  540.        ]
