[  1. 216.   0.   2.]
[540. 113.   0.   3.]
[  6. 129.   0.   2.]
[64. 68.  0.  2.]
[543.  93.   0.   3.]
[544. 123.   0.   4.]
[545. 214.   0.   5.]
[546. 261.   0.   6.]
[ 78. 125.   0.   2.]
[548. 315.   0.   3.]
[ 90. 518.   0.   2.]
[196. 350.   0.   2.]
[136. 336.   0.   2.]
[220. 295.   0.   2.]
[270. 271.   0.   2.]
[554. 170.   0.   3.]
[300. 302.   0.   2.]
[359. 413.   0.   2.]
[5.00000000e+01 1.35000000e+02 1.49011612e-08 2.00000000e+00]
[5.58000000e+02 5.53000000e+02 1.49011612e-08 4.00000000e+00]
[7.20000000e+01 4.37000000e+02 1.49011612e-08 2.00000000e+00]
[1.40000000e+02 5.55000000e+02 1.49011612e-08 4.00000000e+00]
[1.78000000e+02 2.45000000e+02 1.49011612e-08 2.00000000e+00]
[5.56000000e+02 2.05000000e+02 1.89139771e-08 3.00000000e+00]
[7.40000000e+01 9.10000000e+01 2.10734243e-08 2.00000000e+00]
[5.64000000e+02 3.17000000e+02 2.10734243e-08 3.00000000e+00]
[9.50000000e+01 1.52000000e+02 2.10734243e-08 2.00000000e+00]
[5.66000000e+02 2.40000000e+02 2.10734243e-08 3.00000000e+00]
[5.67000000e+02 3.01000000e+02 2.10734243e-08 4.00000000e+00]
[5.68000000e+02 3.08000000e+02 2.10734243e-08 5.00000000e+00]
[5.69000000e+02 5.59000000e+02 2.10734243e-08 9.00000000e+00]
[3.07000000e+02 5.70000000e+02 2.10734243e-08 1.00000000e+01]
[6.10000000e+01 2.36000000e+02 3.94247668e-08 2.00000000e+00]
[5.65000000e+02 2.74000000e+02 8.09340216e-08 4.00000000e+00]
[5.71000000e+02 3.29000000e+02 1.45176713e-02 1.10000000e+01]
[5.74000000e+02 1.30000000e+02 2.57587667e-02 1.20000000e+01]
[5.75000000e+02 3.28000000e+02 3.69533764e-02 1.30000000e+01]
[3.09000000e+02 4.42000000e+02 4.40797821e-02 2.00000000e+00]
[5.63000000e+02 5.47000000e+02 4.54383593e-02 9.00000000e+00]
[5.7600000e+02 2.3900000e+02 4.7141516e-02 1.4000000e+01]
[5.79000000e+02 1.94000000e+02 5.67201056e-02 1.50000000e+01]
[8.10000000e+01 5.80000000e+02 6.59020507e-02 1.60000000e+01]
[21.         40.          0.06705018  2.        ]
[2.18000000e+02 1.55000000e+02 7.03795074e-02 2.00000000e+00]
[2.0600000e+02 3.2200000e+02 7.4490596e-02 2.0000000e+00]
[3.0000000e+01 2.0900000e+02 7.9391993e-02 2.0000000e+00]
[3.39000000e+02 4.73000000e+02 8.23962141e-02 2.00000000e+00]
[4.90000000e+01 2.46000000e+02 8.54421194e-02 2.00000000e+00]
[3.66000000e+02 5.17000000e+02 8.76558573e-02 2.00000000e+00]
[4.92000000e+02 5.23000000e+02 1.05684793e-01 2.00000000e+00]
[1.24000000e+02 3.05000000e+02 1.05965791e-01 2.00000000e+00]
[3.2000000e+02 4.0600000e+02 1.1045668e-01 2.0000000e+00]
[3.97000000e+02 4.44000000e+02 1.12343295e-01 2.00000000e+00]
[2.90000000e+01 5.85000000e+02 1.15354064e-01 3.00000000e+00]
[1.28000000e+02 2.91000000e+02 1.15444485e-01 2.00000000e+00]
[3.46000000e+02 5.88000000e+02 1.18011473e-01 3.00000000e+00]
[1.43000000e+02 5.90000000e+02 1.18053992e-01 3.00000000e+00]
[5.16000000e+02 4.10000000e+02 1.19805078e-01 2.00000000e+00]
[2.98000000e+02 5.61000000e+02 1.20382012e-01 5.00000000e+00]
[2.90000000e+02 5.30000000e+02 1.21386851e-01 2.00000000e+00]
[5.9800000e+02 2.2900000e+02 1.2154527e-01 6.0000000e+00]
[4.26000000e+02 2.38000000e+02 1.25541344e-01 2.00000000e+00]
[3.67000000e+02 5.26000000e+02 1.27458337e-01 2.00000000e+00]
[4.3600000e+02 5.2200000e+02 1.3066916e-01 2.0000000e+00]
[5.40000000e+01 1.48000000e+02 1.34200882e-01 2.00000000e+00]
[4.02000000e+02 4.89000000e+02 1.34571689e-01 2.00000000e+00]
[5.73000000e+02 1.64000000e+02 1.34970612e-01 5.00000000e+00]
[2.62000000e+02 6.00000000e+02 1.39243855e-01 7.00000000e+00]
[2.13000000e+02 3.86000000e+02 1.39819423e-01 2.00000000e+00]
[3.69000000e+02 5.81000000e+02 1.40759234e-01 1.70000000e+01]
[3.00000000e+00 5.52000000e+02 1.41794566e-01 3.00000000e+00]
[3.82000000e+02 5.20000000e+01 1.41836437e-01 2.00000000e+00]
[6.11000000e+02 4.38000000e+02 1.41868595e-01 3.00000000e+00]
[5.51000000e+02 5.91000000e+02 1.41979367e-01 4.00000000e+00]
[1.6000000e+01 4.3900000e+02 1.4494577e-01 2.0000000e+00]
[3.96000000e+02 4.14000000e+02 1.46116969e-01 2.00000000e+00]
[2.70000000e+01 1.72000000e+02 1.46613989e-01 2.00000000e+00]
[8.00000000e+01 4.09000000e+02 1.50613459e-01 2.00000000e+00]
[2.47000000e+02 6.13000000e+02 1.52692348e-01 5.00000000e+00]
[65.         76.          0.15416388  2.        ]
[9.00000000e+00 5.49000000e+02 1.55069213e-01 4.00000000e+00]
[5.78000000e+02 1.09000000e+02 1.59577214e-01 1.00000000e+01]
[1.85000000e+02 1.95000000e+02 1.61942766e-01 2.00000000e+00]
[1.44000000e+02 5.57000000e+02 1.62010199e-01 3.00000000e+00]
[6.06000000e+02 2.04000000e+02 1.62082117e-01 6.00000000e+00]
[5.77000000e+02 3.65000000e+02 1.62235015e-01 3.00000000e+00]
[6.21000000e+02 3.24000000e+02 1.66911214e-01 1.10000000e+01]
[2.97000000e+02 6.23000000e+02 1.68130508e-01 4.00000000e+00]
[4.18000000e+02 4.61000000e+02 1.80110536e-01 2.00000000e+00]
[6.26000000e+02 4.68000000e+02 1.85493634e-01 1.20000000e+01]
[5.32000000e+02 4.77000000e+02 1.88025421e-01 2.00000000e+00]
[5.94000000e+02 1.65000000e+02 1.92872994e-01 3.00000000e+00]
[3.45000000e+02 5.42000000e+02 1.93039637e-01 3.00000000e+00]
[3.18000000e+02 5.09000000e+02 1.93084068e-01 2.00000000e+00]
[9.20000000e+01 2.69000000e+02 1.93901082e-01 2.00000000e+00]
[3.48000000e+02 6.02000000e+02 1.95927589e-01 3.00000000e+00]
[3.8100000e+02 4.0500000e+02 2.0361799e-01 2.0000000e+00]
[5.00000000e+00 2.07000000e+02 2.04622847e-01 2.00000000e+00]
[1.70000000e+01 2.83000000e+02 2.04829074e-01 2.00000000e+00]
[1.80000000e+02 6.31000000e+02 2.07488491e-01 4.00000000e+00]
[5.8300000e+02 9.8000000e+01 2.0749626e-01 3.0000000e+00]
[6.30000000e+02 1.22000000e+02 2.11731853e-01 3.00000000e+00]
[6.39000000e+02 6.20000000e+01 2.15624927e-01 5.00000000e+00]
[6.12000000e+02 5.95000000e+02 2.16391123e-01 6.00000000e+00]
[5.11000000e+02 6.14000000e+02 2.16626106e-01 3.00000000e+00]
[6.10000000e+02 1.76000000e+02 2.17819299e-01 4.00000000e+00]
[6.20000000e+02 6.45000000e+02 2.20971015e-01 8.00000000e+00]
[6.01000000e+02 3.10000000e+01 2.27955721e-01 3.00000000e+00]
[4.00000000e+02 6.07000000e+02 2.30549166e-01 8.00000000e+00]
[6.42000000e+02 3.33000000e+02 2.39549483e-01 6.00000000e+00]
[1.42000000e+02 6.43000000e+02 2.41889701e-01 7.00000000e+00]
[6.49000000e+02 1.15000000e+02 2.43849293e-01 7.00000000e+00]
[2.30000000e+02 6.41000000e+02 2.45122275e-01 4.00000000e+00]
[4.15000000e+02 4.60000000e+02 2.45873091e-01 2.00000000e+00]
[1.04000000e+02 6.48000000e+02 2.46570098e-01 9.00000000e+00]
[4.33000000e+02 3.56000000e+02 2.52086754e-01 2.00000000e+00]
[6.51000000e+02 2.08000000e+02 2.52639189e-01 8.00000000e+00]
[4.08000000e+02 4.50000000e+02 2.56590723e-01 2.00000000e+00]
[5.97000000e+02 3.91000000e+02 2.60473638e-01 3.00000000e+00]
[1.99000000e+02 6.46000000e+02 2.60717659e-01 9.00000000e+00]
[6.25000000e+02 4.43000000e+02 2.61417894e-01 4.00000000e+00]
[1.53000000e+02 6.24000000e+02 2.62504845e-01 7.00000000e+00]
[6.56000000e+02 2.02000000e+02 2.62644818e-01 9.00000000e+00]
[2.37000000e+02 4.90000000e+02 2.67194806e-01 2.00000000e+00]
[6.62000000e+02 1.12000000e+02 2.74394404e-01 1.00000000e+01]
[ 70.         183.           0.27451336   2.        ]
[6.40000000e+02 2.19000000e+02 2.82514777e-01 4.00000000e+00]
[5.93000000e+02 4.86000000e+02 2.87981064e-01 4.00000000e+00]
[5.08000000e+02 6.44000000e+02 2.89098766e-01 4.00000000e+00]
[6.64000000e+02 3.50000000e+01 2.94664277e-01 1.10000000e+01]
[2.76000000e+02 6.32000000e+02 2.95298563e-01 4.00000000e+00]
[1.90000000e+01 6.54000000e+02 3.00942323e-01 1.00000000e+01]
[6.18000000e+02 2.49000000e+02 3.02617269e-01 6.00000000e+00]
[ 67.         150.           0.30371485   2.        ]
[5.96000000e+02 4.45000000e+02 3.05664945e-01 4.00000000e+00]
[1.86000000e+02 6.59000000e+02 3.08860667e-01 1.00000000e+01]
[3.34000000e+02 6.71000000e+02 3.09168273e-01 1.10000000e+01]
[6.47000000e+02 4.32000000e+02 3.10585615e-01 4.00000000e+00]
[2.27000000e+02 3.40000000e+02 3.14963939e-01 2.00000000e+00]
[6.69000000e+02 1.67000000e+02 3.15780672e-01 1.20000000e+01]
[6.37000000e+02 2.56000000e+02 3.22593858e-01 3.00000000e+00]
[1.82000000e+02 6.65000000e+02 3.23705031e-01 3.00000000e+00]
[4.60000000e+01 4.87000000e+02 3.23768359e-01 2.00000000e+00]
[3.61000000e+02 5.27000000e+02 3.26488171e-01 2.00000000e+00]
[5.62000000e+02 2.85000000e+02 3.27272779e-01 3.00000000e+00]
[4.95000000e+02 6.78000000e+02 3.27766902e-01 3.00000000e+00]
[6.6600000e+02 6.8500000e+02 3.2777709e-01 7.0000000e+00]
[ 83.         184.           0.32833414   2.        ]
[6.76000000e+02 4.69000000e+02 3.30382285e-01 1.20000000e+01]
[2.00000000e+01 6.80000000e+02 3.30737242e-01 4.00000000e+00]
[6.79000000e+02 6.68000000e+02 3.30786655e-01 1.60000000e+01]
[6.27000000e+02 6.58000000e+02 3.31441978e-01 7.00000000e+00]
[6.81000000e+02 6.57000000e+02 3.32197831e-01 5.00000000e+00]
[6.60000000e+02 3.51000000e+02 3.36337872e-01 5.00000000e+00]
[6.09000000e+02 1.60000000e+02 3.37275245e-01 1.80000000e+01]
[6.94000000e+02 1.27000000e+02 3.47123155e-01 1.90000000e+01]
[1.17000000e+02 6.61000000e+02 3.49249927e-01 8.00000000e+00]
[3.30000000e+01 6.52000000e+02 3.49973432e-01 5.00000000e+00]
[6.87000000e+02 8.60000000e+01 3.51247702e-01 3.00000000e+00]
[5.28000000e+02 6.97000000e+02 3.52389441e-01 6.00000000e+00]
[6.77000000e+02 3.26000000e+02 3.52597196e-01 5.00000000e+00]
[6.95000000e+02 6.88000000e+02 3.55359873e-01 3.10000000e+01]
[1.56000000e+02 6.75000000e+02 3.57044349e-01 1.10000000e+01]
[2.21000000e+02 6.89000000e+02 3.58346196e-01 5.00000000e+00]
[2.52000000e+02 4.63000000e+02 3.59015947e-01 2.00000000e+00]
[6.99000000e+02 3.21000000e+02 3.60539721e-01 7.00000000e+00]
[6.82000000e+02 3.27000000e+02 3.61370327e-01 3.00000000e+00]
[5.99000000e+02 2.30000000e+01 3.61385969e-01 3.00000000e+00]
[1.54000000e+02 6.92000000e+02 3.61775916e-01 6.00000000e+00]
[0.00000000e+00 4.65000000e+02 3.63006914e-01 2.00000000e+00]
[5.84000000e+02 7.03000000e+02 3.63468061e-01 7.00000000e+00]
[5.38000000e+02 6.70000000e+02 3.66531215e-01 5.00000000e+00]
[8.20000000e+01 7.04000000e+02 3.70311099e-01 3.00000000e+00]
[6.50000000e+02 5.19000000e+02 3.70962786e-01 8.00000000e+00]
[7.07000000e+02 4.83000000e+02 3.72379373e-01 4.00000000e+00]
[6.34000000e+02 6.96000000e+02 3.72569729e-01 1.00000000e+01]
[7.05000000e+02 2.78000000e+02 3.73442759e-01 8.00000000e+00]
[6.93000000e+02 3.94000000e+02 3.74541967e-01 6.00000000e+00]
[5.87000000e+02 4.80000000e+01 3.74678195e-01 3.00000000e+00]
[7.16000000e+02 3.41000000e+02 3.78275827e-01 9.00000000e+00]
[1.3700000e+02 7.0900000e+02 3.7837572e-01 3.0000000e+00]
[102.          15.           0.38096261   2.        ]
[6.90000000e+02 2.33000000e+02 3.82356315e-01 1.70000000e+01]
[5.90000000e+01 7.15000000e+02 3.83094626e-01 1.10000000e+01]
[6.55000000e+02 4.67000000e+02 3.85151819e-01 3.00000000e+00]
[6.30000000e+01 7.00000000e+02 3.87757568e-01 6.00000000e+00]
[7.20000000e+02 2.60000000e+02 3.88416727e-01 4.00000000e+00]
[1.93000000e+02 5.89000000e+02 3.91098622e-01 3.00000000e+00]
[6.8600000e+02 7.1400000e+02 3.9128567e-01 1.1000000e+01]
[5.12000000e+02 7.19000000e+02 3.91735633e-01 1.00000000e+01]
[ 18.         273.           0.39462788   2.        ]
[6.72000000e+02 7.28000000e+02 3.95220478e-01 1.70000000e+01]
[6.98000000e+02 2.96000000e+02 4.04448423e-01 4.00000000e+00]
[7.26000000e+02 4.91000000e+02 4.05340332e-01 5.00000000e+00]
[8.70000000e+01 7.23000000e+02 4.07614444e-01 1.20000000e+01]
[100.          51.           0.40904946   2.        ]
[6.91000000e+02 4.27000000e+02 4.13240274e-01 8.00000000e+00]
[4.48000000e+02 7.01000000e+02 4.13841396e-01 3.20000000e+01]
[4.54000000e+02 6.36000000e+02 4.14137096e-01 3.00000000e+00]
[7.21000000e+02 6.16000000e+02 4.15043095e-01 4.00000000e+00]
[7.12000000e+02 2.65000000e+02 4.15990076e-01 4.00000000e+00]
[7.11000000e+02 1.88000000e+02 4.16471723e-01 6.00000000e+00]
[4.00000000e+00 7.08000000e+02 4.18204357e-01 7.00000000e+00]
[7.37000000e+02 2.66000000e+02 4.18739422e-01 3.30000000e+01]
[6.28000000e+02 3.73000000e+02 4.20458391e-01 3.00000000e+00]
[8.80000000e+01 7.13000000e+02 4.20475433e-01 9.00000000e+00]
[7.43000000e+02 3.80000000e+02 4.21882374e-01 3.40000000e+01]
[4.70000000e+01 7.18000000e+02 4.23272049e-01 4.00000000e+00]
[7.46000000e+02 4.80000000e+02 4.23355085e-01 3.50000000e+01]
[4.10000000e+01 7.45000000e+02 4.24444534e-01 1.00000000e+01]
[3.20000000e+01 7.06000000e+02 4.24961024e-01 4.00000000e+00]
[7.10000000e+01 4.62000000e+02 4.26382192e-01 2.00000000e+00]
[2.50000000e+01 6.03000000e+02 4.26459184e-01 3.00000000e+00]
[7.41000000e+02 6.04000000e+02 4.28495672e-01 8.00000000e+00]
[7.5300000e+02 1.0000000e+01 4.2857156e-01 9.0000000e+00]
[3.63000000e+02 5.72000000e+02 4.30420023e-01 3.00000000e+00]
[7.32000000e+02 7.00000000e+00 4.32023922e-01 5.00000000e+00]
[6.84000000e+02 3.10000000e+02 4.34566104e-01 4.00000000e+00]
[3.49000000e+02 7.54000000e+02 4.34948695e-01 1.00000000e+01]
[7.44000000e+02 3.85000000e+02 4.36502664e-01 4.00000000e+00]
[7.50000000e+02 3.58000000e+02 4.38444604e-01 5.00000000e+00]
[7.17000000e+02 3.35000000e+02 4.38622539e-01 7.00000000e+00]
[1.57000000e+02 6.73000000e+02 4.39241527e-01 3.00000000e+00]
[2.72000000e+02 7.30000000e+02 4.39512604e-01 3.00000000e+00]
[1.40000000e+01 7.22000000e+02 4.40024383e-01 1.80000000e+01]
[7.56000000e+02 6.08000000e+02 4.42156545e-01 7.00000000e+00]
[6.53000000e+02 4.82000000e+02 4.42895785e-01 3.00000000e+00]
[2.10000000e+02 7.31000000e+02 4.45539624e-01 1.80000000e+01]
[4.98000000e+02 4.55000000e+02 4.46765603e-01 2.00000000e+00]
[2.59000000e+02 7.33000000e+02 4.47732186e-01 6.00000000e+00]
[6.35000000e+02 7.60000000e+02 4.47903916e-01 8.00000000e+00]
[1.39000000e+02 7.62000000e+02 4.48079668e-01 4.00000000e+00]
[7.27000000e+02 7.49000000e+02 4.49288632e-01 1.30000000e+01]
[7.59000000e+02 1.58000000e+02 4.53597246e-01 5.00000000e+00]
[7.63000000e+02 1.32000000e+02 4.54369887e-01 4.00000000e+00]
[5.8600000e+02 4.6400000e+02 4.5482104e-01 3.0000000e+00]
[6.2900000e+02 3.8000000e+01 4.5565269e-01 1.3000000e+01]
[7.02000000e+02 7.74000000e+02 4.56519892e-01 1.50000000e+01]
[7.50000000e+01 7.35000000e+02 4.57577551e-01 3.00000000e+00]
[7.5700000e+02 2.5800000e+02 4.5981239e-01 5.0000000e+00]
[2.51000000e+02 7.77000000e+02 4.60124047e-01 1.60000000e+01]
[2.67000000e+02 6.83000000e+02 4.60179823e-01 3.00000000e+00]
[2.32000000e+02 7.72000000e+02 4.60830374e-01 1.40000000e+01]
[2.03000000e+02 7.70000000e+02 4.62828196e-01 9.00000000e+00]
[5.07000000e+02 7.68000000e+02 4.64026257e-01 3.00000000e+00]
[1.33000000e+02 7.81000000e+02 4.66270995e-01 4.00000000e+00]
[3.40000000e+01 7.69000000e+02 4.70038952e-01 7.00000000e+00]
[7.42000000e+02 2.75000000e+02 4.70284106e-01 8.00000000e+00]
[7.73000000e+02 5.37000000e+02 4.70534737e-01 6.00000000e+00]
[3.3800000e+02 7.6600000e+02 4.7079182e-01 4.0000000e+00]
[7.65000000e+02 4.57000000e+02 4.72571961e-01 8.00000000e+00]
[1.41000000e+02 7.82000000e+02 4.74441188e-01 1.50000000e+01]
[7.40000000e+02 3.47000000e+02 4.77020224e-01 5.00000000e+00]
[7.92000000e+02 2.64000000e+02 4.77225261e-01 6.00000000e+00]
[2.60000000e+01 7.78000000e+02 4.80236647e-01 4.00000000e+00]
[7.79000000e+02 3.93000000e+02 4.80729678e-01 6.00000000e+00]
[7.38000000e+02 7.80000000e+02 4.81384189e-01 1.90000000e+01]
[4.94000000e+02 7.85000000e+02 4.82159472e-01 5.00000000e+00]
[ 60.         250.           0.48367324   2.        ]
[7.90000000e+02 5.13000000e+02 4.85465971e-01 9.00000000e+00]
[3.37000000e+02 5.29000000e+02 4.85736033e-01 2.00000000e+00]
[2.99000000e+02 7.67000000e+02 4.86142895e-01 1.90000000e+01]
[1.16000000e+02 8.00000000e+02 4.86803931e-01 3.00000000e+00]
[1.20000000e+02 7.75000000e+02 4.88360804e-01 4.00000000e+00]
[6.63000000e+02 4.28000000e+02 4.89687914e-01 3.00000000e+00]
[6.74000000e+02 1.63000000e+02 4.93925489e-01 5.00000000e+00]
[7.93000000e+02 5.05000000e+02 4.94122583e-01 7.00000000e+00]
[1.1100000e+02 7.7100000e+02 4.9448627e-01 5.0000000e+00]
[7.83000000e+02 4.34000000e+02 4.94748456e-01 1.00000000e+01]
[7.58000000e+02 4.53000000e+02 4.94969769e-01 1.10000000e+01]
[7.87000000e+02 4.35000000e+02 4.96513641e-01 9.00000000e+00]
[2.55000000e+02 7.94000000e+02 4.98431553e-01 5.00000000e+00]
[8.10000000e+02 3.87000000e+02 4.98622639e-01 1.00000000e+01]
[5.15000000e+02 5.60000000e+01 4.99050667e-01 2.00000000e+00]
[7.990000e+02 4.810000e+02 4.996896e-01 1.000000e+01]
[1.21000000e+02 7.34000000e+02 5.00201807e-01 1.30000000e+01]
[5.01000000e+02 8.08000000e+02 5.00321952e-01 1.10000000e+01]
[451.         425.           0.50094337   2.        ]
[7.1000000e+02 7.9600000e+02 5.0164672e-01 2.6000000e+01]
[2.92000000e+02 8.17000000e+02 5.01679723e-01 3.00000000e+00]
[3.04000000e+02 8.16000000e+02 5.02348209e-01 1.20000000e+01]
[4.01000000e+02 8.11000000e+02 5.04719412e-01 6.00000000e+00]
[472.         286.           0.50698349   2.        ]
[8.04000000e+02 3.57000000e+02 5.07367182e-01 4.00000000e+00]
[3.52000000e+02 7.97000000e+02 5.09175921e-01 6.00000000e+00]
[1.05000000e+02 7.47000000e+02 5.09890884e-01 5.00000000e+00]
[8.07000000e+02 2.41000000e+02 5.11946855e-01 6.00000000e+00]
[7.76000000e+02 8.18000000e+02 5.12433521e-01 3.90000000e+01]
[4.41000000e+02 8.03000000e+02 5.12696355e-01 5.00000000e+00]
[2.84000000e+02 7.39000000e+02 5.12950301e-01 5.00000000e+00]
[114.       191.         0.513376   2.      ]
[8.12000000e+02 1.46000000e+02 5.13795128e-01 1.10000000e+01]
[3.30000000e+02 7.86000000e+02 5.14307202e-01 8.00000000e+00]
[2.00000000e+02 7.89000000e+02 5.15926743e-01 5.00000000e+00]
[73.        85.         0.5167113  2.       ]
[8.1400000e+02 1.5900000e+02 5.1688244e-01 1.1000000e+01]
[8.15000000e+02 1.74000000e+02 5.18964256e-01 1.40000000e+01]
[281.          94.           0.51906767   2.        ]
[5.70000000e+01 8.13000000e+02 5.19544465e-01 3.00000000e+00]
[8.20000000e+02 7.95000000e+02 5.21007798e-01 1.80000000e+01]
[2.8000000e+01 8.0200000e+02 5.2136679e-01 4.0000000e+00]
[8.01000000e+02 5.03000000e+02 5.21485294e-01 2.00000000e+01]
[3.31000000e+02 7.61000000e+02 5.21869528e-01 8.00000000e+00]
[3.92000000e+02 7.88000000e+02 5.24163908e-01 7.00000000e+00]
[1.9800000e+02 7.8400000e+02 5.2470912e-01 4.0000000e+00]
[7.9800000e+02 8.4100000e+02 5.2536335e-01 2.2000000e+01]
[6.67000000e+02 8.09000000e+02 5.26757065e-01 1.50000000e+01]
[3.71000000e+02 7.25000000e+02 5.27121817e-01 7.00000000e+00]
[1.03000000e+02 8.06000000e+02 5.27324857e-01 8.00000000e+00]
[7.48000000e+02 2.11000000e+02 5.28283419e-01 3.60000000e+01]
[8.05000000e+02 4.93000000e+02 5.29556132e-01 6.00000000e+00]
[3.32000000e+02 8.22000000e+02 5.30016211e-01 3.00000000e+00]
[8.49000000e+02 1.73000000e+02 5.30651065e-01 3.70000000e+01]
[6.19000000e+02 3.53000000e+02 5.32765053e-01 3.00000000e+00]
[431.         476.           0.53338524   2.        ]
[3.03000000e+02 8.52000000e+02 5.33634255e-01 3.80000000e+01]
[8.390000e+02 8.450000e+02 5.338772e-01 4.000000e+01]
[3.74000000e+02 8.43000000e+02 5.34140244e-01 8.00000000e+00]
[5.24000000e+02 8.40000000e+02 5.34255371e-01 5.00000000e+00]
[4.79000000e+02 8.32000000e+02 5.34335385e-01 9.00000000e+00]
[8.24000000e+02 4.74000000e+02 5.34690582e-01 7.00000000e+00]
[ 58.         390.           0.53559231   2.        ]
[7.55000000e+02 5.21000000e+02 5.36742183e-01 4.00000000e+00]
[ 97.         407.           0.53804835   2.        ]
[2.48000000e+02 7.91000000e+02 5.38756687e-01 1.60000000e+01]
[1.66000000e+02 8.28000000e+02 5.39131815e-01 6.00000000e+00]
[5.06000000e+02 7.52000000e+02 5.40901191e-01 4.00000000e+00]
[1.92000000e+02 8.36000000e+02 5.41161044e-01 1.50000000e+01]
[ 55.        254.          0.5416901   2.       ]
[8.53000000e+02 4.24000000e+02 5.41753239e-01 4.00000000e+00]
[1.10000000e+02 8.21000000e+02 5.43406105e-01 7.00000000e+00]
[2.80000000e+02 8.26000000e+02 5.44863884e-01 7.00000000e+00]
[7.9000000e+01 8.6000000e+02 5.4487771e-01 8.0000000e+00]
[ 45.         168.           0.54579555   2.        ]
[8.37000000e+02 8.29000000e+02 5.51977044e-01 7.00000000e+00]
[6.2200000e+02 2.3100000e+02 5.5249081e-01 3.0000000e+00]
[2.24000000e+02 8.59000000e+02 5.53349104e-01 1.00000000e+01]
[9.60000000e+01 8.71000000e+02 5.54389045e-01 8.00000000e+00]
[6.60000000e+01 8.48000000e+02 5.54792761e-01 9.00000000e+00]
[2.93000000e+02 8.33000000e+02 5.55884217e-01 6.00000000e+00]
[8.50000000e+02 4.12000000e+02 5.57314478e-01 7.00000000e+00]
[4.17000000e+02 8.61000000e+02 5.58389781e-01 3.00000000e+00]
[2.79000000e+02 8.66000000e+02 5.58464881e-01 5.00000000e+00]
[8.47000000e+02 5.10000000e+02 5.59623587e-01 8.00000000e+00]
[1.07000000e+02 8.56000000e+02 5.59992819e-01 4.10000000e+01]
[5.36000000e+02 8.64000000e+02 5.61765004e-01 1.70000000e+01]
[3.89000000e+02 8.31000000e+02 5.63081008e-01 1.20000000e+01]
[8.69000000e+02 8.70000000e+02 5.63567578e-01 1.10000000e+01]
[5.50000000e+02 8.82000000e+02 5.64225107e-01 7.00000000e+00]
[4.96000000e+02 5.92000000e+02 5.64714378e-01 3.00000000e+00]
[8.46000000e+02 8.77000000e+02 5.65315572e-01 2.30000000e+01]
[4.40000000e+01 8.74000000e+02 5.65427598e-01 8.00000000e+00]
[2.26000000e+02 8.30000000e+02 5.67096949e-01 3.00000000e+00]
[6.33000000e+02 8.85000000e+02 5.69177793e-01 1.90000000e+01]
[3.60000000e+02 8.92000000e+02 5.70680852e-01 4.00000000e+00]
[7.6400000e+02 7.2400000e+02 5.7290788e-01 2.1000000e+01]
[8.34000000e+02 5.39000000e+02 5.73428375e-01 3.00000000e+00]
[1.81000000e+02 8.91000000e+02 5.74952359e-01 9.00000000e+00]
[355.         403.           0.58125855   2.        ]
[5.30000000e+01 8.51000000e+02 5.82326886e-01 4.00000000e+00]
[4.21000000e+02 8.58000000e+02 5.82726975e-01 6.00000000e+00]
[8.54000000e+02 8.97000000e+02 5.83881392e-01 1.10000000e+01]
[8.80000000e+02 4.40000000e+02 5.84182975e-01 8.00000000e+00]
[1.19000000e+02 8.27000000e+02 5.85225213e-01 4.00000000e+01]
[2.23000000e+02 8.89000000e+02 5.85547846e-01 4.00000000e+00]
[3.90000000e+01 8.79000000e+02 5.85683733e-01 7.00000000e+00]
[3.75000000e+02 9.02000000e+02 5.85704912e-01 9.00000000e+00]
[3.70000000e+01 8.87000000e+02 5.86439117e-01 1.20000000e+01]
[1.18000000e+02 8.57000000e+02 5.87089401e-01 9.00000000e+00]
[8.95000000e+02 2.20000000e+01 5.88719973e-01 2.20000000e+01]
[4.58000000e+02 8.35000000e+02 5.91727941e-01 1.20000000e+01]
[1.90000000e+02 8.83000000e+02 5.91840518e-01 9.00000000e+00]
[8.75000000e+02 9.00000000e+02 5.92777117e-01 9.00000000e+00]
[3.60000000e+01 8.93000000e+02 5.94123247e-01 2.00000000e+01]
[2.28000000e+02 8.76000000e+02 5.95307697e-01 1.10000000e+01]
[1.89000000e+02 8.90000000e+02 5.95632141e-01 2.40000000e+01]
[1.97000000e+02 9.12000000e+02 5.96554848e-01 1.00000000e+01]
[2.57000000e+02 8.63000000e+02 5.96798349e-01 3.00000000e+00]
[217.         533.           0.59692523   2.        ]
[5.34000000e+02 8.94000000e+02 5.97643788e-01 5.00000000e+00]
[2.43000000e+02 8.65000000e+02 5.98664339e-01 7.00000000e+00]
[5.35000000e+02 8.68000000e+02 6.00190609e-01 3.00000000e+00]
[9.07000000e+02 2.22000000e+02 6.00373713e-01 1.30000000e+01]
[8.98000000e+02 8.25000000e+02 6.00699836e-01 7.00000000e+00]
[8.96000000e+02 3.54000000e+02 6.04852429e-01 4.00000000e+00]
[8.99000000e+02 2.94000000e+02 6.05367777e-01 5.00000000e+00]
[3.76000000e+02 9.19000000e+02 6.07272678e-01 6.00000000e+00]
[3.13000000e+02 8.62000000e+02 6.15484879e-01 5.00000000e+00]
[8.84000000e+02 8.19000000e+02 6.16583229e-01 4.40000000e+01]
[4.22000000e+02 9.28000000e+02 6.16805331e-01 4.50000000e+01]
[2.63000000e+02 8.44000000e+02 6.17780319e-01 5.00000000e+00]
[9.17000000e+02 9.20000000e+02 6.17910467e-01 1.00000000e+01]
[3.88000000e+02 9.11000000e+02 6.21050025e-01 1.00000000e+01]
[4.99000000e+02 9.16000000e+02 6.21076965e-01 1.10000000e+01]
[8.73000000e+02 9.29000000e+02 6.23328261e-01 4.70000000e+01]
[9.01000000e+02 9.04000000e+02 6.23395881e-01 1.50000000e+01]
[9.25000000e+02 3.95000000e+02 6.24177518e-01 6.00000000e+00]
[8.72000000e+02 5.14000000e+02 6.24258111e-01 9.00000000e+00]
[1.38000000e+02 9.03000000e+02 6.26361862e-01 4.10000000e+01]
[6.15000000e+02 9.15000000e+02 6.26509335e-01 2.60000000e+01]
[3.43000000e+02 9.37000000e+02 6.30509205e-01 1.00000000e+01]
[8.78000000e+02 5.04000000e+02 6.32826419e-01 1.00000000e+01]
[4.30000000e+01 9.31000000e+02 6.33839954e-01 1.10000000e+01]
[1.34000000e+02 9.42000000e+02 6.34699279e-01 1.20000000e+01]
[9.26000000e+02 4.97000000e+02 6.35467564e-01 7.00000000e+00]
[9.36000000e+02 5.60000000e+02 6.36486544e-01 8.00000000e+00]
[8.38000000e+02 9.40000000e+02 6.41675439e-01 1.30000000e+01]
[5.25000000e+02 9.44000000e+02 6.44533362e-01 8.00000000e+00]
[9.21000000e+02 9.05000000e+02 6.45743943e-01 1.00000000e+01]
[9.90000000e+01 9.45000000e+02 6.46876232e-01 9.00000000e+00]
[2.53000000e+02 9.39000000e+02 6.50470531e-01 2.70000000e+01]
[9.35000000e+02 3.78000000e+02 6.55681879e-01 1.60000000e+01]
[3.84000000e+02 8.86000000e+02 6.56395559e-01 1.30000000e+01]
[9.51000000e+02 1.20000000e+01 6.59205472e-01 1.70000000e+01]
[3.72000000e+02 9.09000000e+02 6.60748994e-01 2.30000000e+01]
[1.31000000e+02 9.48000000e+02 6.62006291e-01 1.10000000e+01]
[6.17000000e+02 9.46000000e+02 6.62064871e-01 1.50000000e+01]
[9.06000000e+02 9.08000000e+02 6.63752299e-01 1.80000000e+01]
[9.14000000e+02 7.36000000e+02 6.63939371e-01 1.90000000e+01]
[9.43000000e+02 9.23000000e+02 6.64732472e-01 1.90000000e+01]
[9.38000000e+02 9.24000000e+02 6.65574487e-01 4.50000000e+01]
[9.47000000e+02 9.22000000e+02 6.66208678e-01 2.10000000e+01]
[9.5300000e+02 4.2000000e+02 6.6950471e-01 1.8000000e+01]
[6.90000000e+01 9.41000000e+02 6.70515471e-01 1.10000000e+01]
[9.18000000e+02 9.10000000e+02 6.71091032e-01 1.40000000e+01]
[4.52000000e+02 9.33000000e+02 6.71747529e-01 1.20000000e+01]
[9.34000000e+02 9.62000000e+02 6.71853511e-01 6.50000000e+01]
[9.60000000e+02 5.41000000e+02 6.72176164e-01 4.80000000e+01]
[8.23000000e+02 9.52000000e+02 6.72354919e-01 1.70000000e+01]
[478.         485.           0.67315587   2.        ]
[3.99000000e+02 8.55000000e+02 6.73317426e-01 3.90000000e+01]
[1.10000e+01 9.67000e+02 6.74422e-01 4.90000e+01]
[3.98000000e+02 9.70000000e+02 6.74968248e-01 4.00000000e+01]
[9.58000000e+02 9.13000000e+02 6.85443067e-01 3.90000000e+01]
[8.40000000e+01 9.59000000e+02 6.89769395e-01 2.00000000e+01]
[3.44000000e+02 9.65000000e+02 6.90700212e-01 1.30000000e+01]
[2.68000000e+02 9.66000000e+02 6.91377589e-01 6.60000000e+01]
[4.75000000e+02 9.32000000e+02 6.93309788e-01 1.10000000e+01]
[8.42000000e+02 9.77000000e+02 6.93589297e-01 1.90000000e+01]
[2.44000000e+02 9.55000000e+02 6.95374875e-01 1.20000000e+01]
[9.56000000e+02 2.89000000e+02 6.95384052e-01 1.60000000e+01]
[8.67000000e+02 9.54000000e+02 6.97060132e-01 3.80000000e+01]
[638.         520.           0.69759354   3.        ]
[8.81000000e+02 9.30000000e+02 7.06817995e-01 8.00000000e+00]
[7.70000000e+01 9.27000000e+02 7.09878901e-01 6.00000000e+00]
[362.        466.          0.7099539   2.       ]
[4.04000000e+02 9.57000000e+02 7.10745052e-01 1.90000000e+01]
[9.6400000e+02 1.2600000e+02 7.1098022e-01 1.5000000e+01]
[9.74000000e+02 9.50000000e+02 7.11162932e-01 4.70000000e+01]
[3.1200000e+02 9.6100000e+02 7.1162945e-01 2.2000000e+01]
[9.80000000e+02 9.85000000e+02 7.16524433e-01 1.80000000e+01]
[9.49000000e+02 9.71000000e+02 7.16937854e-01 5.80000000e+01]
[9.87000000e+02 3.06000000e+02 7.18194799e-01 1.60000000e+01]
[9.92000000e+02 9.82000000e+02 7.20673496e-01 1.90000000e+01]
[9.90000000e+02 2.15000000e+02 7.21738137e-01 1.90000000e+01]
[6.05000000e+02 9.72000000e+02 7.22483548e-01 4.20000000e+01]
[9.6900000e+02 9.7600000e+02 7.2498955e-01 6.8000000e+01]
[1.61000000e+02 9.73000000e+02 7.31653782e-01 4.00000000e+01]
[1.06000000e+02 9.95000000e+02 7.36852658e-01 4.30000000e+01]
[5.82000000e+02 9.79000000e+02 7.38988093e-01 1.40000000e+01]
[4.1900000e+02 9.9100000e+02 7.3941547e-01 5.9000000e+01]
[4.46000000e+02 9.89000000e+02 7.40068804e-01 2.30000000e+01]
[9.83000000e+02 9.97000000e+02 7.40151487e-01 4.80000000e+01]
[449.        471.          0.7425934   2.       ]
[8.0000000e+00 9.8800000e+02 7.4449358e-01 4.8000000e+01]
[364.        430.          0.7475467   2.       ]
[4.56000000e+02 1.00000000e+03 7.50945243e-01 6.00000000e+01]
[1.51000000e+02 1.00300000e+03 7.52775924e-01 3.00000000e+00]
[4.59000000e+02 9.84000000e+02 7.54267665e-01 7.00000000e+00]
[9.96000000e+02 4.70000000e+02 7.54538083e-01 6.90000000e+01]
[1.00900000e+03 9.75000000e+02 7.57356913e-01 8.20000000e+01]
[7.51000000e+02 1.00100000e+03 7.61124089e-01 2.50000000e+01]
[9.63000000e+02 8.88000000e+02 7.61823053e-01 1.80000000e+01]
[9.930000e+02 9.780000e+02 7.643647e-01 3.800000e+01]
[9.81000000e+02 2.01000000e+02 7.65835801e-01 3.90000000e+01]
[4.11000000e+02 1.00800000e+03 7.66225186e-01 8.00000000e+00]
[1.014000e+03 1.710000e+02 7.666903e-01 4.000000e+01]
[2.12000000e+02 1.01600000e+03 7.67757486e-01 4.10000000e+01]
[1.00500000e+03 9.94000000e+02 7.73601059e-01 2.10000000e+01]
[235.         149.           0.77616085   2.        ]
[1.01000000e+03 1.87000000e+02 7.76297207e-01 8.30000000e+01]
[2.25000000e+02 1.00600000e+03 7.76496432e-01 6.10000000e+01]
[1.02000000e+03 9.99000000e+02 7.78407172e-01 9.70000000e+01]
[2.88000000e+02 1.01800000e+03 7.82557945e-01 2.20000000e+01]
[1.30000000e+01 1.02200000e+03 7.83100542e-01 9.80000000e+01]
[9.86000000e+02 9.98000000e+02 7.86711871e-01 6.20000000e+01]
[2.820000e+02 1.011000e+03 7.896471e-01 2.600000e+01]
[9.68000000e+02 1.02500000e+03 8.03768718e-01 7.90000000e+01]
[5.31000000e+02 1.00400000e+03 8.04343065e-01 4.90000000e+01]
[1.01900000e+03 1.02600000e+03 8.04669378e-01 2.80000000e+01]
[1.0150000e+03 1.0290000e+03 8.0522095e-01 3.6000000e+01]
[3.7900000e+02 1.0170000e+03 8.1677567e-01 4.2000000e+01]
[1.02700000e+03 1.01300000e+03 8.25368307e-01 1.17000000e+02]
[3.68000000e+02 1.03000000e+03 8.43956989e-01 3.70000000e+01]
[3.25000000e+02 1.03200000e+03 8.49877394e-01 1.18000000e+02]
[1.02100000e+03 2.87000000e+02 8.50868685e-01 6.20000000e+01]
[1.03500000e+03 3.83000000e+02 8.52318656e-01 6.30000000e+01]
[1.02400000e+03 1.01200000e+03 8.53498625e-01 1.16000000e+02]
[4.88000000e+02 1.02800000e+03 8.65234389e-01 5.00000000e+01]
[1.69000000e+02 1.03600000e+03 8.67541762e-01 6.40000000e+01]
[1.03700000e+03 8.90000000e+01 8.75693096e-01 1.17000000e+02]
[1.04000000e+03 1.77000000e+02 8.76693332e-01 1.18000000e+02]
[1.02300000e+03 1.03400000e+03 8.78112961e-01 1.40000000e+02]
[1.04100000e+03 1.03100000e+03 8.78543669e-01 1.60000000e+02]
[1.00700000e+03 5.00000000e+02 8.79036412e-01 4.00000000e+00]
[2.40000000e+01 1.03300000e+03 8.83400328e-01 3.80000000e+01]
[2.34000000e+02 1.04200000e+03 8.84012747e-01 1.41000000e+02]
[1.01000000e+02 1.04600000e+03 8.97277263e-01 1.42000000e+02]
[3.42000000e+02 1.04500000e+03 9.01140666e-01 3.90000000e+01]
[4.16000000e+02 1.04700000e+03 9.05263708e-01 1.43000000e+02]
[4.23000000e+02 1.04400000e+03 9.10843938e-01 5.00000000e+00]
[1.04300000e+03 1.62000000e+02 9.28027816e-01 1.61000000e+02]
[447.          42.           0.93017065   2.        ]
[1.05200000e+03 1.75000000e+02 9.31151258e-01 3.00000000e+00]
[1.0020000e+03 1.0510000e+03 9.3384504e-01 2.0900000e+02]
[2.42000000e+02 1.03900000e+03 9.54572646e-01 6.50000000e+01]
[1.0800000e+02 1.0490000e+03 9.5919402e-01 1.4400000e+02]
[3.70000000e+02 1.05500000e+03 9.85342029e-01 6.60000000e+01]
[3.1900000e+02 1.0380000e+03 9.8825139e-01 5.1000000e+01]
[3.11000000e+02 1.05400000e+03 1.00606364e+00 2.10000000e+02]
[3.23000000e+02 1.05900000e+03 1.00811617e+00 2.11000000e+02]
[1.04800000e+03 1.06000000e+03 1.01662916e+00 2.50000000e+02]
[1.05800000e+03 1.05700000e+03 1.04442494e+00 1.17000000e+02]
[4.84000000e+02 1.06100000e+03 1.04460542e+00 2.51000000e+02]
[  2.         729.           1.05094059  11.        ]
[1050.         1056.            1.06680037  149.        ]
[1062.         1053.            1.06838737  120.        ]
[1066.          316.            1.08153031  121.        ]
[1067.         502.           1.0832626  122.       ]
[1068.         1063.            1.13064407  373.        ]
[1065.        1069.           1.1392919  522.       ]
[ 314.         1070.            1.15888063  523.        ]
[ 377.         1071.            1.17192387  524.        ]
[1064.         1072.            1.20468338  535.        ]
[1073.          179.            1.27460116  536.        ]
[1074.          145.            1.27476648  537.        ]
[147.         277.           1.30036948   2.        ]
[1075.          429.            1.36374496  538.        ]
[1077.         1076.            1.38888783  540.        ]
