[  1. 216.   0.   2.]
[540. 113.   0.   3.]
[  6. 129.   0.   2.]
[64. 68.  0.  2.]
[543.  93.   0.   3.]
[544. 123.   0.   4.]
[545. 214.   0.   5.]
[546. 261.   0.   6.]
[ 78. 125.   0.   2.]
[548. 315.   0.   3.]
[ 90. 518.   0.   2.]
[103. 196.   0.   2.]
[136. 336.   0.   2.]
[220. 295.   0.   2.]
[270. 271.   0.   2.]
[554. 400.   0.   3.]
[300. 302.   0.   2.]
[359. 413.   0.   2.]
[5.00000000e+01 1.35000000e+02 1.49011612e-08 2.00000000e+00]
[5.58000000e+02 3.29000000e+02 1.49011612e-08 3.00000000e+00]
[7.20000000e+01 4.37000000e+02 1.49011612e-08 2.00000000e+00]
[1.40000000e+02 3.80000000e+02 1.49011612e-08 2.00000000e+00]
[1.78000000e+02 2.45000000e+02 1.49011612e-08 2.00000000e+00]
[5.56000000e+02 4.68000000e+02 1.89139771e-08 3.00000000e+00]
[7.40000000e+01 9.10000000e+01 2.10734243e-08 2.00000000e+00]
[5.64000000e+02 3.17000000e+02 2.10734243e-08 3.00000000e+00]
[9.50000000e+01 1.52000000e+02 2.10734243e-08 2.00000000e+00]
[5.66000000e+02 2.40000000e+02 2.10734243e-08 3.00000000e+00]
[5.67000000e+02 3.01000000e+02 2.10734243e-08 4.00000000e+00]
[5.68000000e+02 3.08000000e+02 2.10734243e-08 5.00000000e+00]
[5.69000000e+02 5.53000000e+02 2.10734243e-08 7.00000000e+00]
[3.07000000e+02 5.70000000e+02 2.10734243e-08 8.00000000e+00]
[8.10000000e+01 5.71000000e+02 2.56238631e-08 9.00000000e+00]
[6.10000000e+01 2.36000000e+02 3.94247668e-08 2.00000000e+00]
[5.65000000e+02 2.74000000e+02 8.09340216e-08 4.00000000e+00]
[3.09000000e+02 3.94000000e+02 4.40797821e-02 2.00000000e+00]
[1.70000000e+02 5.55000000e+02 6.38717648e-02 4.00000000e+00]
[21.         40.          0.06705018  2.        ]
[2.18000000e+02 5.03000000e+02 7.03795074e-02 2.00000000e+00]
[2.0600000e+02 3.2200000e+02 7.4490596e-02 2.0000000e+00]
[5.59000000e+02 1.30000000e+02 7.90573588e-02 4.00000000e+00]
[3.0000000e+01 2.0900000e+02 7.9391993e-02 2.0000000e+00]
[3.39000000e+02 4.73000000e+02 8.23962141e-02 2.00000000e+00]
[4.90000000e+01 2.46000000e+02 8.54421194e-02 2.00000000e+00]
[3.66000000e+02 5.17000000e+02 8.76558573e-02 2.00000000e+00]
[4.92000000e+02 5.23000000e+02 1.05684793e-01 2.00000000e+00]
[1.24000000e+02 3.05000000e+02 1.05965791e-01 2.00000000e+00]
[3.2000000e+02 4.0600000e+02 1.1045668e-01 2.0000000e+00]
[3.97000000e+02 4.44000000e+02 1.12343295e-01 2.00000000e+00]
[2.90000000e+01 4.86000000e+02 1.15354064e-01 2.00000000e+00]
[1.28000000e+02 2.91000000e+02 1.15444485e-01 2.00000000e+00]
[3.46000000e+02 4.38000000e+02 1.18011473e-01 2.00000000e+00]
[1.43000000e+02 4.45000000e+02 1.18053992e-01 2.00000000e+00]
[2.48000000e+02 5.16000000e+02 1.19805078e-01 2.00000000e+00]
[5.61000000e+02 2.98000000e+02 1.20382012e-01 3.00000000e+00]
[2.90000000e+02 5.30000000e+02 1.21386851e-01 2.00000000e+00]
[6.30000000e+01 4.26000000e+02 1.25541344e-01 2.00000000e+00]
[3.48000000e+02 3.67000000e+02 1.27458337e-01 2.00000000e+00]
[4.3600000e+02 5.2200000e+02 1.3066916e-01 2.0000000e+00]
[5.40000000e+01 1.48000000e+02 1.34200882e-01 2.00000000e+00]
[4.02000000e+02 4.89000000e+02 1.34571689e-01 2.00000000e+00]
[5.74000000e+02 1.64000000e+02 1.34970612e-01 5.00000000e+00]
[4.00000000e+00 2.62000000e+02 1.39243855e-01 2.00000000e+00]
[2.13000000e+02 3.86000000e+02 1.39819423e-01 2.00000000e+00]
[3.03000000e+02 3.69000000e+02 1.40759234e-01 2.00000000e+00]
[3.00000000e+00 2.51000000e+02 1.41794566e-01 2.00000000e+00]
[3.82000000e+02 5.91000000e+02 1.41836437e-01 3.00000000e+00]
[41.         52.          0.14193291  2.        ]
[5.76000000e+02 2.29000000e+02 1.44093935e-01 5.00000000e+00]
[1.6000000e+01 4.3900000e+02 1.4494577e-01 2.0000000e+00]
[3.96000000e+02 4.14000000e+02 1.46116969e-01 2.00000000e+00]
[5.52000000e+02 1.76000000e+02 1.46279306e-01 3.00000000e+00]
[2.70000000e+01 1.72000000e+02 1.46613989e-01 2.00000000e+00]
[8.00000000e+01 4.09000000e+02 1.50613459e-01 2.00000000e+00]
[2.47000000e+02 2.49000000e+02 1.52692348e-01 2.00000000e+00]
[5.80000000e+02 5.72000000e+02 1.53786391e-01 1.30000000e+01]
[65.         76.          0.15416388  2.        ]
[9.00000000e+00 5.49000000e+02 1.55069213e-01 4.00000000e+00]
[1.85000000e+02 1.95000000e+02 1.61942766e-01 2.00000000e+00]
[1.44000000e+02 5.57000000e+02 1.62010199e-01 3.00000000e+00]
[6.01000000e+02 2.04000000e+02 1.62082117e-01 6.00000000e+00]
[2.97000000e+02 4.27000000e+02 1.68130508e-01 2.00000000e+00]
[4.18000000e+02 4.61000000e+02 1.80110536e-01 2.00000000e+00]
[2.05000000e+02 5.63000000e+02 1.81753381e-01 4.00000000e+00]
[5.32000000e+02 4.77000000e+02 1.88025421e-01 2.00000000e+00]
[6.15000000e+02 3.28000000e+02 1.91861107e-01 1.40000000e+01]
[5.90000000e+02 1.65000000e+02 1.92872994e-01 3.00000000e+00]
[2.76000000e+02 3.45000000e+02 1.93039637e-01 2.00000000e+00]
[3.18000000e+02 5.09000000e+02 1.93084068e-01 2.00000000e+00]
[9.20000000e+01 2.69000000e+02 1.93901082e-01 2.00000000e+00]
[6.25000000e+02 2.39000000e+02 2.01284109e-01 1.50000000e+01]
[3.8100000e+02 4.0500000e+02 2.0361799e-01 2.0000000e+00]
[5.00000000e+00 2.07000000e+02 2.04622847e-01 2.00000000e+00]
[1.70000000e+01 2.83000000e+02 2.04829074e-01 2.00000000e+00]
[1.80000000e+02 2.33000000e+02 2.07488491e-01 2.00000000e+00]
[2.30000000e+02 6.24000000e+02 2.11731853e-01 3.00000000e+00]
[3.93000000e+02 5.11000000e+02 2.16626106e-01 2.00000000e+00]
[6.17000000e+02 1.56000000e+02 2.20971015e-01 5.00000000e+00]
[6.08000000e+02 3.34000000e+02 2.28343854e-01 6.00000000e+00]
[ 33.         122.           0.23155899   2.        ]
[6.26000000e+02 6.34000000e+02 2.31560426e-01 5.00000000e+00]
[1.42000000e+02 5.19000000e+02 2.41889701e-01 2.00000000e+00]
[4.15000000e+02 4.60000000e+02 2.45873091e-01 2.00000000e+00]
[ 19.        104.          0.2465701   2.       ]
[6.11000000e+02 1.86000000e+02 2.51523598e-01 4.00000000e+00]
[6.30000000e+02 1.94000000e+02 2.51890674e-01 1.60000000e+01]
[1.40000000e+01 4.33000000e+02 2.52086754e-01 2.00000000e+00]
[6.40000000e+02 3.33000000e+02 2.52893922e-01 6.00000000e+00]
[1.55000000e+02 2.72000000e+02 2.55870401e-01 2.00000000e+00]
[4.08000000e+02 4.50000000e+02 2.56590723e-01 2.00000000e+00]
[3.65000000e+02 4.43000000e+02 2.61254439e-01 2.00000000e+00]
[117.         153.           0.26250485   2.        ]
[1.15000000e+02 6.47000000e+02 2.65244946e-01 7.00000000e+00]
[2.37000000e+02 4.90000000e+02 2.67194806e-01 2.00000000e+00]
[9.80000000e+01 6.48000000e+02 2.67231725e-01 3.00000000e+00]
[5.47000000e+02 3.24000000e+02 2.67779431e-01 7.00000000e+00]
[6.37000000e+02 1.99000000e+02 2.69723252e-01 6.00000000e+00]
[ 70.         183.           0.27451336   2.        ]
[6.45000000e+02 4.80000000e+02 2.75554123e-01 1.70000000e+01]
[1.09000000e+02 6.23000000e+02 2.77222289e-01 5.00000000e+00]
[6.07000000e+02 6.06000000e+02 2.79501862e-01 5.00000000e+00]
[6.20000000e+01 6.52000000e+02 2.86384314e-01 8.00000000e+00]
[4.51000000e+02 5.08000000e+02 2.89098766e-01 2.00000000e+00]
[6.41000000e+02 5.84000000e+02 2.96314408e-01 4.00000000e+00]
[3.560000e+02 4.670000e+02 3.009205e-01 2.000000e+00]
[6.38000000e+02 6.58000000e+02 3.02440964e-01 2.30000000e+01]
[ 67.         150.           0.30371485   2.        ]
[ 35.         160.           0.30594008   2.        ]
[6.56000000e+02 6.44000000e+02 3.13639443e-01 1.00000000e+01]
[2.27000000e+02 3.40000000e+02 3.14963939e-01 2.00000000e+00]
[5.90000000e+01 6.20000000e+02 3.17010665e-01 7.00000000e+00]
[6.32000000e+02 2.56000000e+02 3.22593858e-01 3.00000000e+00]
[154.         182.           0.32370503   2.        ]
[4.60000000e+01 3.27000000e+02 3.23768359e-01 2.00000000e+00]
[6.54000000e+02 2.19000000e+02 3.24179705e-01 4.00000000e+00]
[3.91000000e+02 4.10000000e+02 3.25245196e-01 2.00000000e+00]
[3.61000000e+02 5.27000000e+02 3.26488171e-01 2.00000000e+00]
[5.62000000e+02 2.85000000e+02 3.27272779e-01 3.00000000e+00]
[4.95000000e+02 6.74000000e+02 3.27766902e-01 5.00000000e+00]
[ 83.         159.           0.32833414   2.        ]
[6.3900000e+02 5.1200000e+02 3.2976771e-01 3.0000000e+00]
[ 20.         221.           0.33073724   2.        ]
[5.97000000e+02 5.26000000e+02 3.35813242e-01 3.00000000e+00]
[5.94000000e+02 6.65000000e+02 3.42029526e-01 2.60000000e+01]
[6.43000000e+02 4.69000000e+02 3.47432979e-01 3.00000000e+00]
[3.35000000e+02 4.42000000e+02 3.48532329e-01 2.00000000e+00]
[6.61000000e+02 2.08000000e+02 3.50218842e-01 9.00000000e+00]
[6.57000000e+02 6.72000000e+02 3.58236183e-01 4.00000000e+00]
[6.71000000e+02 6.67000000e+02 3.58428873e-01 5.00000000e+00]
[2.52000000e+02 4.63000000e+02 3.59015947e-01 2.00000000e+00]
[5.95000000e+02 2.30000000e+01 3.61385969e-01 3.00000000e+00]
[0.00000000e+00 4.65000000e+02 3.63006914e-01 2.00000000e+00]
[5.79000000e+02 2.25000000e+02 3.63468061e-01 3.00000000e+00]
[3.49000000e+02 5.38000000e+02 3.66531215e-01 2.00000000e+00]
[6.5500000e+02 6.5900000e+02 3.6940042e-01 1.2000000e+01]
[ 82.        265.          0.3703111   2.       ]
[6.86000000e+02 1.12000000e+02 3.70967212e-01 1.00000000e+01]
[6.90000000e+02 4.83000000e+02 3.72379373e-01 4.00000000e+00]
[6.29000000e+02 1.92000000e+02 3.72569729e-01 3.00000000e+00]
[4.70000000e+01 5.83000000e+02 3.74678195e-01 3.00000000e+00]
[6.70000000e+02 1.21000000e+02 3.77620457e-01 8.00000000e+00]
[1.3700000e+02 4.9100000e+02 3.7837572e-01 2.0000000e+00]
[102.         141.           0.38096261   2.        ]
[8.70000000e+01 6.51000000e+02 3.82605316e-01 3.00000000e+00]
[6.79000000e+02 1.84000000e+02 3.85683034e-01 3.00000000e+00]
[6.80000000e+02 6.35000000e+02 3.87549718e-01 6.00000000e+00]
[6.84000000e+02 6.83000000e+02 3.89667398e-01 2.90000000e+01]
[193.         279.           0.39109862   2.        ]
[5.75000000e+02 6.85000000e+02 3.94359396e-01 4.00000000e+00]
[ 18.         273.           0.39462788   2.        ]
[31.         32.          0.40384167  2.        ]
[7.0000000e+02 1.7400000e+02 4.0499708e-01 9.0000000e+00]
[6.69000000e+02 6.88000000e+02 4.05789698e-01 7.00000000e+00]
[2.58000000e+02 5.87000000e+02 4.06528444e-01 3.00000000e+00]
[6.89000000e+02 5.05000000e+02 4.06787746e-01 3.00000000e+00]
[6.96000000e+02 2.02000000e+02 4.08648746e-01 1.10000000e+01]
[ 75.         100.           0.40904946   2.        ]
[6.81000000e+02 6.78000000e+02 4.09612862e-01 7.00000000e+00]
[3.72000000e+02 4.54000000e+02 4.14137096e-01 2.00000000e+00]
[6.97000000e+02 2.99000000e+02 4.15820738e-01 5.00000000e+00]
[6.22000000e+02 5.37000000e+02 4.20458391e-01 3.00000000e+00]
[ 88.         232.           0.42047543   2.        ]
[6.73000000e+02 4.87000000e+02 4.20786669e-01 3.00000000e+00]
[2.60000000e+02 6.36000000e+02 4.21548504e-01 3.00000000e+00]
[6.91000000e+02 7.01000000e+02 4.22052427e-01 4.00000000e+00]
[1.68000000e+02 4.32000000e+02 4.22163373e-01 2.00000000e+00]
[7.06000000e+02 1.27000000e+02 4.22271138e-01 3.00000000e+01]
[ 10.         188.           0.42343035   2.        ]
[5.81000000e+02 4.41000000e+02 4.24594687e-01 3.00000000e+00]
[5.510000e+02 3.500000e+02 4.259381e-01 3.000000e+00]
[7.17000000e+02 7.12000000e+02 4.26086111e-01 1.40000000e+01]
[7.10000000e+01 4.62000000e+02 4.26382192e-01 2.00000000e+00]
[2.50000000e+01 5.98000000e+02 4.26459184e-01 3.00000000e+00]
[6.02000000e+02 7.26000000e+02 4.28441884e-01 3.20000000e+01]
[3.63000000e+02 5.21000000e+02 4.30420023e-01 2.00000000e+00]
[7.03000000e+02 2.80000000e+02 4.31644991e-01 4.00000000e+00]
[5.96000000e+02 2.38000000e+02 4.33054177e-01 3.00000000e+00]
[6.77000000e+02 3.10000000e+02 4.34566104e-01 4.00000000e+00]
[ 48.        157.          0.4361647   2.       ]
[3.38000000e+02 6.42000000e+02 4.42895785e-01 3.00000000e+00]
[7.21000000e+02 6.63000000e+02 4.43944526e-01 6.00000000e+00]
[210.         383.           0.44553962   2.        ]
[4.76000000e+02 4.98000000e+02 4.46765603e-01 2.00000000e+00]
[5.42000000e+02 6.27000000e+02 4.47021733e-01 4.00000000e+00]
[ 28.         326.           0.44734832   2.        ]
[119.         259.           0.44773219   2.        ]
[139.         253.           0.44807967   2.        ]
[1.50000000e+01 7.02000000e+02 4.48352715e-01 3.00000000e+00]
[6.87000000e+02 6.49000000e+02 4.49182754e-01 6.00000000e+00]
[7.22000000e+02 1.05000000e+02 4.50050465e-01 4.00000000e+00]
[6.82000000e+02 5.01000000e+02 4.50337631e-01 4.00000000e+00]
[6.09000000e+02 7.13000000e+02 4.51418602e-01 5.00000000e+00]
[7.09000000e+02 2.94000000e+02 4.51918824e-01 3.00000000e+00]
[6.60000000e+02 7.07000000e+02 4.53079438e-01 7.00000000e+00]
[7.05000000e+02 5.28000000e+02 4.53936114e-01 7.00000000e+00]
[4.6400000e+02 7.2800000e+02 4.5482104e-01 4.0000000e+00]
[6.05000000e+02 6.68000000e+02 4.55934759e-01 1.20000000e+01]
[203.        358.          0.4563384   2.       ]
[2.67000000e+02 6.76000000e+02 4.60179823e-01 3.00000000e+00]
[ 51.         395.           0.46186645   2.        ]
[1.98000000e+02 5.07000000e+02 4.64026257e-01 2.00000000e+00]
[1.33000000e+02 7.58000000e+02 4.66270995e-01 4.00000000e+00]
[6.66000000e+02 7.30000000e+02 4.68053325e-01 1.60000000e+01]
[7.14000000e+02 3.47000000e+02 4.68278328e-01 4.00000000e+00]
[5.99000000e+02 6.93000000e+02 4.69217211e-01 4.00000000e+00]
[6.28000000e+02 6.75000000e+02 4.69423794e-01 4.00000000e+00]
[ 34.         330.           0.47003895   2.        ]
[7.24000000e+02 4.34000000e+02 4.71984227e-01 5.00000000e+00]
[7.51000000e+02 7.37000000e+02 4.72376518e-01 9.00000000e+00]
[1.20000000e+02 7.55000000e+02 4.75589048e-01 5.00000000e+00]
[7.47000000e+02 2.84000000e+02 4.76953204e-01 4.00000000e+00]
[7.29000000e+02 6.14000000e+02 4.77118143e-01 5.00000000e+00]
[7.3300000e+02 2.7500000e+02 4.7878014e-01 3.3000000e+01]
[6.94000000e+02 2.87000000e+02 4.79978915e-01 1.30000000e+01]
[ 26.         163.           0.48023665   2.        ]
[1.90000000e+02 7.57000000e+02 4.80870158e-01 3.00000000e+00]
[3.52000000e+02 4.94000000e+02 4.82159472e-01 2.00000000e+00]
[7.54000000e+02 2.78000000e+02 4.83414457e-01 8.00000000e+00]
[5.86000000e+02 3.75000000e+02 4.83597056e-01 3.00000000e+00]
[6.00000000e+01 5.04000000e+02 4.83673236e-01 2.00000000e+00]
[7.52000000e+02 4.72000000e+02 4.84237732e-01 4.00000000e+00]
[7.15000000e+02 4.25000000e+02 4.84811043e-01 1.20000000e+01]
[7.68000000e+02 7.23000000e+02 4.85377417e-01 1.20000000e+01]
[ 79.         337.           0.48573603   2.        ]
[116.         376.           0.48680393   2.        ]
[3.51000000e+02 5.29000000e+02 4.87842567e-01 2.00000000e+00]
[7.72000000e+02 2.64000000e+02 4.88181649e-01 3.40000000e+01]
[3.73000000e+02 7.20000000e+02 4.88507784e-01 4.00000000e+00]
[7.40000000e+02 7.53000000e+02 4.88593071e-01 1.30000000e+01]
[6.95000000e+02 7.63000000e+02 4.89410555e-01 6.00000000e+00]
[6.53000000e+02 4.28000000e+02 4.89687914e-01 3.00000000e+00]
[7.10000000e+02 7.50000000e+02 4.89782961e-01 6.00000000e+00]
[6.50000000e+02 7.08000000e+02 4.90834854e-01 6.00000000e+00]
[7.86000000e+02 2.66000000e+02 4.91110018e-01 3.50000000e+01]
[111.         241.           0.49448627   2.        ]
[4.53000000e+02 5.24000000e+02 4.95863733e-01 2.00000000e+00]
[7.77000000e+02 3.21000000e+02 4.96834703e-01 9.00000000e+00]
[255.         407.           0.49843155   2.        ]
[5.70000000e+01 5.15000000e+02 4.99050667e-01 2.00000000e+00]
[7.67000000e+02 2.23000000e+02 4.99822335e-01 6.00000000e+00]
[435.         479.           0.50062248   2.        ]
[7.27000000e+02 7.64000000e+02 5.01915028e-01 6.00000000e+00]
[131.         304.           0.50234821   2.        ]
[1.07000000e+02 6.62000000e+02 5.02600791e-01 3.00000000e+00]
[4.55000000e+02 5.36000000e+02 5.03858222e-01 2.00000000e+00]
[5.78000000e+02 2.92000000e+02 5.04509127e-01 3.00000000e+00]
[ 53.         401.           0.50471941   2.        ]
[2.50000000e+02 7.45000000e+02 5.04994549e-01 3.00000000e+00]
[7.83000000e+02 7.61000000e+02 5.06439159e-01 6.00000000e+00]
[7.90000000e+02 3.57000000e+02 5.07367182e-01 4.00000000e+00]
[5.73000000e+02 5.39000000e+02 5.08194201e-01 3.00000000e+00]
[3.90000000e+01 7.19000000e+02 5.09308158e-01 6.00000000e+00]
[7.38000000e+02 7.62000000e+02 5.09900343e-01 1.80000000e+01]
[7.1600000e+02 9.6000000e+01 5.1227226e-01 3.0000000e+00]
[2.86000000e+02 6.31000000e+02 5.12558404e-01 3.00000000e+00]
[114.       226.         0.513376   2.      ]
[ 86.         481.           0.51472501   2.        ]
[ 73.         200.           0.51592674   2.        ]
[7.39000000e+02 7.92000000e+02 5.15972875e-01 9.00000000e+00]
[ 38.         387.           0.51666703   2.        ]
[1.18000000e+02 7.89000000e+02 5.17662941e-01 7.00000000e+00]
[7.32000000e+02 1.58000000e+02 5.18874726e-01 4.00000000e+00]
[ 44.         281.           0.51906767   2.        ]
[3.85000000e+02 8.20000000e+02 5.19463615e-01 8.00000000e+00]
[2.24000000e+02 5.85000000e+02 5.21869528e-01 3.00000000e+00]
[331.         513.           0.52234021   2.        ]
[7.49000000e+02 7.91000000e+02 5.24058256e-01 1.00000000e+01]
[254.         392.           0.52416391   2.        ]
[8.26000000e+02 7.75000000e+02 5.24260228e-01 1.30000000e+01]
[7.7400000e+02 7.6900000e+02 5.2542013e-01 7.0000000e+00]
[7.59000000e+02 8.13000000e+02 5.27042569e-01 5.00000000e+00]
[371.         510.           0.52712182   2.        ]
[7.66000000e+02 8.00000000e+02 5.27480174e-01 4.00000000e+00]
[ 99.         332.           0.53001621   2.        ]
[8.0300000e+02 5.8200000e+02 5.3105892e-01 5.0000000e+00]
[7.99000000e+02 7.88000000e+02 5.31381265e-01 1.90000000e+01]
[2.68000000e+02 7.42000000e+02 5.31663062e-01 3.00000000e+00]
[7.11000000e+02 6.98000000e+02 5.31714662e-01 1.20000000e+01]
[7.9400000e+02 8.0100000e+02 5.3192387e-01 8.0000000e+00]
[3.70000000e+01 6.16000000e+02 5.32765053e-01 3.00000000e+00]
[6.19000000e+02 6.21000000e+02 5.33013399e-01 5.00000000e+00]
[7.97000000e+02 5.14000000e+02 5.34045785e-01 3.00000000e+00]
[7.56000000e+02 7.80000000e+02 5.34179511e-01 1.60000000e+01]
[7.78000000e+02 1.75000000e+02 5.34965329e-01 4.00000000e+00]
[ 58.         390.           0.53559231   2.        ]
[6.1200000e+02 4.1600000e+02 5.3630204e-01 3.0000000e+00]
[5.89000000e+02 3.14000000e+02 5.36599706e-01 3.00000000e+00]
[7.00000000e+00 7.04000000e+02 5.36797241e-01 4.00000000e+00]
[8.42000000e+02 1.32000000e+02 5.37376765e-01 1.70000000e+01]
[7.85000000e+02 4.21000000e+02 5.39403463e-01 3.00000000e+00]
[ 36.         506.           0.54090119   2.        ]
[7.4400000e+02 8.1800000e+02 5.4111495e-01 1.1000000e+01]
[191.         403.           0.54231192   2.        ]
[7.96000000e+02 3.41000000e+02 5.43276971e-01 1.00000000e+01]
[7.48000000e+02 7.93000000e+02 5.43288878e-01 4.10000000e+01]
[8.35000000e+02 4.50000000e+01 5.45373393e-01 2.00000000e+01]
[8.47000000e+02 4.57000000e+02 5.45843614e-01 5.00000000e+00]
[6.99000000e+02 5.20000000e+02 5.46239952e-01 4.00000000e+00]
[7.70000000e+02 1.97000000e+02 5.47110535e-01 5.00000000e+00]
[296.         482.           0.54715265   2.        ]
[8.54000000e+02 1.46000000e+02 5.48553653e-01 4.20000000e+01]
[7.43000000e+02 8.38000000e+02 5.49125255e-01 1.20000000e+01]
[7.81000000e+02 1.67000000e+02 5.49423897e-01 1.30000000e+01]
[222.         353.           0.55079419   2.        ]
[8.1200000e+02 6.9200000e+02 5.5195023e-01 2.1000000e+01]
[8.48000000e+02 8.14000000e+02 5.52256908e-01 2.00000000e+01]
[6.1800000e+02 2.3100000e+02 5.5249081e-01 3.0000000e+00]
[7.60000000e+02 8.04000000e+02 5.53521458e-01 4.00000000e+00]
[8.0800000e+02 7.7600000e+02 5.5406979e-01 8.0000000e+00]
[2.93000000e+02 8.28000000e+02 5.55884217e-01 1.40000000e+01]
[8.1700000e+02 8.5000000e+01 5.5649247e-01 3.0000000e+00]
[8.15000000e+02 3.60000000e+02 5.56887428e-01 3.00000000e+00]
[8.37000000e+02 7.35000000e+02 5.57036336e-01 1.60000000e+01]
[179.         417.           0.55838978   2.        ]
[166.         257.           0.55880994   2.        ]
[5.60000000e+01 7.98000000e+02 5.59201607e-01 3.00000000e+00]
[6.03000000e+02 4.71000000e+02 5.59902089e-01 3.00000000e+00]
[8.07000000e+02 4.22000000e+02 5.60158296e-01 4.00000000e+00]
[8.64000000e+02 2.43000000e+02 5.60200311e-01 2.20000000e+01]
[8.19000000e+02 7.73000000e+02 5.64651458e-01 1.50000000e+01]
[4.30000000e+01 7.71000000e+02 5.65502223e-01 6.00000000e+00]
[6.46000000e+02 2.20000000e+01 5.65868088e-01 3.00000000e+00]
[7.36000000e+02 8.31000000e+02 5.66280746e-01 5.00000000e+00]
[8.51000000e+02 8.49000000e+02 5.66587389e-01 1.40000000e+01]
[7.41000000e+02 8.78000000e+02 5.68321586e-01 2.40000000e+01]
[4.96000000e+02 8.55000000e+02 5.68761581e-01 2.10000000e+01]
[8.2100000e+02 2.2800000e+02 5.6994054e-01 5.0000000e+00]
[8.41000000e+02 8.30000000e+02 5.71534452e-01 8.00000000e+00]
[1.1000000e+02 8.8700000e+02 5.7248987e-01 9.0000000e+00]
[8.61000000e+02 7.46000000e+02 5.72913846e-01 1.40000000e+01]
[8.11000000e+02 8.05000000e+02 5.73909246e-01 9.00000000e+00]
[8.39000000e+02 8.63000000e+02 5.74573547e-01 5.00000000e+00]
[8.24000000e+02 4.75000000e+02 5.75306854e-01 4.00000000e+00]
[8.36000000e+02 4.31000000e+02 5.77960332e-01 4.00000000e+00]
[8.56000000e+02 8.59000000e+02 5.78539934e-01 7.00000000e+00]
[5.50000000e+01 8.27000000e+02 5.80037036e-01 3.00000000e+00]
[7.84000000e+02 5.34000000e+02 5.80355688e-01 3.00000000e+00]
[134.         355.           0.58125855   2.        ]
[7.18000000e+02 8.79000000e+02 5.81774204e-01 1.70000000e+01]
[1.06000000e+02 7.87000000e+02 5.85010117e-01 5.00000000e+00]
[5.9300000e+02 5.8800000e+02 5.8595852e-01 4.0000000e+00]
[8.70000000e+02 3.54000000e+02 5.87641029e-01 4.00000000e+00]
[8.77000000e+02 7.82000000e+02 5.88429899e-01 1.60000000e+01]
[398.         448.           0.58940553   2.        ]
[7.79000000e+02 5.35000000e+02 5.89494388e-01 3.00000000e+00]
[5.92000000e+02 4.93000000e+02 5.91315415e-01 3.00000000e+00]
[306.         458.           0.59172794   2.        ]
[8.50000000e+02 8.86000000e+02 5.92414435e-01 7.00000000e+00]
[8.8300000e+02 8.6900000e+02 5.9398583e-01 2.8000000e+01]
[8.89000000e+02 1.89000000e+02 5.94184547e-01 1.50000000e+01]
[8.29000000e+02 4.40000000e+02 5.94710521e-01 8.00000000e+00]
[8.58000000e+02 8.45000000e+02 5.96607938e-01 8.00000000e+00]
[217.         533.           0.59692523   2.        ]
[3.74000000e+02 8.23000000e+02 5.96949644e-01 9.00000000e+00]
[8.40000000e+02 7.65000000e+02 5.97241593e-01 9.00000000e+00]
[8.22000000e+02 9.40000000e+01 5.97920458e-01 3.00000000e+00]
[8.60000000e+02 3.89000000e+02 6.00671786e-01 4.30000000e+01]
[4.24000000e+02 8.88000000e+02 6.02544991e-01 1.00000000e+01]
[8.44000000e+02 5.31000000e+02 6.03233747e-01 3.00000000e+00]
[1.8100000e+02 8.9300000e+02 6.0523584e-01 5.0000000e+00]
[8.16000000e+02 1.47000000e+02 6.07804142e-01 3.00000000e+00]
[8.65000000e+02 8.33000000e+02 6.09544331e-01 2.20000000e+01]
[8.71000000e+02 7.25000000e+02 6.09920607e-01 5.00000000e+00]
[9.04000000e+02 9.02000000e+02 6.11466556e-01 1.90000000e+01]
[8.90000000e+02 8.80000000e+02 6.13341063e-01 1.50000000e+01]
[8.94000000e+02 8.76000000e+02 6.13940176e-01 1.00000000e+01]
[8.32000000e+02 8.95000000e+02 6.15121215e-01 7.00000000e+00]
[8.75000000e+02 8.68000000e+02 6.15211432e-01 1.10000000e+01]
[8.96000000e+02 9.05000000e+02 6.15330993e-01 6.00000000e+00]
[ 42.         313.           0.61548488   2.        ]
[8.73000000e+02 2.63000000e+02 6.15968153e-01 3.00000000e+00]
[211.         604.           0.61659963   3.        ]
[9.10000000e+02 7.95000000e+02 6.16615545e-01 1.00000000e+01]
[9.24000000e+02 8.84000000e+02 6.17327639e-01 3.90000000e+01]
[8.40000000e+01 8.74000000e+02 6.18198033e-01 3.00000000e+00]
[8.62000000e+02 8.81000000e+02 6.18211644e-01 1.60000000e+01]
[8.34000000e+02 8.52000000e+02 6.19853898e-01 7.00000000e+00]
[3.88000000e+02 8.57000000e+02 6.21050025e-01 5.00000000e+00]
[344.         499.           0.62107696   2.        ]
[9.15000000e+02 4.52000000e+02 6.22029746e-01 4.00000000e+00]
[8.06000000e+02 4.56000000e+02 6.28484009e-01 3.00000000e+00]
[215.        343.          0.6305092   2.       ]
[9.32000000e+02 6.10000000e+02 6.30926507e-01 1.20000000e+01]
[8.10000000e+02 4.59000000e+02 6.37703655e-01 4.00000000e+00]
[9.11000000e+02 9.00000000e+02 6.40317497e-01 1.20000000e+01]
[5.25000000e+02 9.17000000e+02 6.44533362e-01 1.10000000e+01]
[412.         420.           0.64553644   2.        ]
[9.1600000e+02 9.0300000e+02 6.4837216e-01 4.5000000e+01]
[9.27000000e+02 4.74000000e+02 6.50539591e-01 1.20000000e+01]
[9.3300000e+02 9.3600000e+02 6.5058695e-01 4.6000000e+01]
[9.2500000e+02 6.3300000e+02 6.5336268e-01 1.2000000e+01]
[9.09000000e+02 9.42000000e+02 6.53432632e-01 2.70000000e+01]
[9.22000000e+02 4.85000000e+02 6.53652384e-01 6.00000000e+00]
[9.0100000e+02 9.4900000e+02 6.5511913e-01 5.0000000e+01]
[9.23000000e+02 8.85000000e+02 6.55451078e-01 4.00000000e+01]
[325.         384.           0.65639556   2.        ]
[9.07000000e+02 5.50000000e+02 6.58529802e-01 9.00000000e+00]
[9.21000000e+02 8.98000000e+02 6.59129588e-01 3.90000000e+01]
[5.6000000e+02 9.3700000e+02 6.5955184e-01 7.0000000e+00]
[9.44000000e+02 9.39000000e+02 6.62061923e-01 1.60000000e+01]
[613.         289.           0.66206487   3.        ]
[1.73000000e+02 9.13000000e+02 6.62967095e-01 1.00000000e+01]
[8.99000000e+02 8.92000000e+02 6.65581313e-01 9.00000000e+00]
[9.08000000e+02 8.82000000e+02 6.65853058e-01 3.30000000e+01]
[4.97000000e+02 9.45000000e+02 6.66131201e-01 1.20000000e+01]
[13.         69.          0.67051547  2.        ]
[8.00000000e+00 8.97000000e+02 6.71530918e-01 3.00000000e+00]
[8.09000000e+02 6.00000000e+02 6.72354919e-01 6.00000000e+00]
[162.         478.           0.67315587   2.        ]
[9.3400000e+02 1.6900000e+02 6.7434968e-01 4.0000000e+00]
[9.59000000e+02 9.19000000e+02 6.77168551e-01 2.10000000e+01]
[9.63000000e+02 8.66000000e+02 6.77372929e-01 3.60000000e+01]
[664.         370.           0.67822931   3.        ]
[8.72000000e+02 1.77000000e+02 6.82052365e-01 1.70000000e+01]
[1.20000000e+01 9.52000000e+02 6.82827848e-01 7.00000000e+00]
[9.20000000e+02 9.12000000e+02 6.83349548e-01 5.00000000e+00]
[3.12000000e+02 9.64000000e+02 6.83993655e-01 1.30000000e+01]
[9.57000000e+02 8.91000000e+02 6.88180299e-01 4.40000000e+01]
[9.26000000e+02 9.47000000e+02 6.89811067e-01 5.20000000e+01]
[9.61000000e+02 9.31000000e+02 6.91934004e-01 1.30000000e+01]
[541.         282.           0.69376578   4.        ]
[9.54000000e+02 9.74000000e+02 6.94410492e-01 4.70000000e+01]
[577.         138.           0.69537488   3.        ]
[9.82000000e+02 2.44000000e+02 6.95438935e-01 4.00000000e+00]
[9.28000000e+02 9.71000000e+02 6.95920705e-01 4.20000000e+01]
[9.69000000e+02 9.70000000e+01 6.96231672e-01 5.00000000e+00]
[8.0200000e+02 9.8100000e+02 6.9930367e-01 4.9000000e+01]
[9.43000000e+02 7.34000000e+02 7.00774701e-01 6.00000000e+00]
[9.48000000e+02 9.60000000e+02 7.03899711e-01 1.50000000e+01]
[362.        466.          0.7099539   2.       ]
[9.50000000e+02 9.75000000e+02 7.12159324e-01 1.70000000e+01]
[9.70000000e+02 1.61000000e+02 7.14233444e-01 2.20000000e+01]
[9.67000000e+02 8.25000000e+02 7.15261902e-01 8.00000000e+00]
[9.77000000e+02 9.53000000e+02 7.15365406e-01 9.40000000e+01]
[9.80000000e+02 9.93000000e+02 7.19116119e-01 9.80000000e+01]
[3.99000000e+02 9.78000000e+02 7.22106452e-01 5.30000000e+01]
[9.62000000e+02 9.79000000e+02 7.23551395e-01 2.20000000e+01]
[9.87000000e+02 7.70000000e+01 7.24044011e-01 7.00000000e+00]
[9.88000000e+02 9.41000000e+02 7.24169686e-01 1.70000000e+01]
[  2.         404.           0.72614891   2.        ]
[9.94000000e+02 9.51000000e+02 7.26325603e-01 1.25000000e+02]
[ 11.         419.           0.72878764   2.        ]
[9.91000000e+02 9.46000000e+02 7.32734254e-01 2.40000000e+01]
[731.        446.          0.7400688   3.       ]
[9.14000000e+02 8.67000000e+02 7.43817746e-01 1.30000000e+01]
[9.55000000e+02 9.92000000e+02 7.45680023e-01 1.00000000e+01]
[9.38000000e+02 1.00200000e+03 7.45930713e-01 2.60000000e+01]
[364.        430.          0.7475467   2.       ]
[9.3500000e+02 9.8600000e+02 7.4832517e-01 6.5000000e+01]
[9.97000000e+02 4.11000000e+02 7.48445378e-01 8.00000000e+00]
[9.73000000e+02 4.70000000e+02 7.49533849e-01 1.80000000e+01]
[9.85000000e+02 1.71000000e+02 7.51354072e-01 6.00000000e+00]
[151.         500.           0.75277592   2.        ]
[9.98000000e+02 9.89000000e+02 7.53155111e-01 1.90000000e+01]
[1.00800000e+03 9.95000000e+02 7.55046159e-01 1.18000000e+02]
[9.18000000e+02 2.12000000e+02 7.56294746e-01 4.00000000e+00]
[9.84000000e+02 9.76000000e+02 7.57085969e-01 5.50000000e+01]
[9.68000000e+02 1.00600000e+03 7.60667086e-01 2.80000000e+01]
[1.01700000e+03 3.78000000e+02 7.63612284e-01 2.90000000e+01]
[1.00000000e+03 1.00900000e+03 7.70165208e-01 1.33000000e+02]
[1.01900000e+03 9.58000000e+02 7.74732748e-01 1.40000000e+02]
[9.56000000e+02 1.00400000e+03 7.74828543e-01 2.20000000e+01]
[235.         423.           0.77616085   2.        ]
[1.02000000e+03 9.40000000e+02 7.77203111e-01 1.43000000e+02]
[1.02300000e+03 1.00100000e+03 7.78361233e-01 1.45000000e+02]
[9.65000000e+02 6.60000000e+01 7.79364485e-01 3.00000000e+00]
[101.         288.           0.78255794   2.        ]
[1.49000000e+02 1.01400000e+03 7.83458784e-01 1.19000000e+02]
[9.96000000e+02 1.01600000e+03 7.87083921e-01 7.70000000e+01]
[9.90000000e+02 1.26000000e+02 7.90513058e-01 1.80000000e+01]
[8.90000000e+01 9.72000000e+02 7.92672382e-01 4.00000000e+00]
[1.02800000e+03 8.43000000e+02 7.93571683e-01 8.10000000e+01]
[368.         449.           0.79405845   2.        ]
[1.01300000e+03 1.02200000e+03 8.04322008e-01 2.10000000e+01]
[9.66000000e+02 1.01100000e+03 8.04907746e-01 9.00000000e+00]
[311.         379.           0.81677567   2.        ]
[1.01000e+03 2.01000e+02 8.22988e-01 1.90000e+01]
[1.02900000e+03 1.00500000e+03 8.33334192e-01 2.80000000e+01]
[1.02400000e+03 9.83000000e+02 8.34307377e-01 1.49000000e+02]
[1.03400000e+03 8.46000000e+02 8.40182875e-01 1.20000000e+01]
[1.01500000e+03 1.03100000e+03 8.41025432e-01 8.50000000e+01]
[1.03800000e+03 1.03600000e+03 8.47898377e-01 1.68000000e+02]
[1.03300000e+03 1.00700000e+03 8.49443089e-01 2.30000000e+01]
[1.04100000e+03 1.02700000e+03 8.55660046e-01 2.87000000e+02]
[1.03700000e+03 9.06000000e+02 8.57857611e-01 3.00000000e+01]
[1.04300000e+03 1.00300000e+03 8.61597231e-01 2.90000000e+02]
[1.03000e+03 1.03200e+03 8.71732e-01 6.00000e+00]
[1.01800000e+03 1.87000000e+02 8.75832399e-01 3.00000000e+01]
[ 24.         323.           0.88340033   2.        ]
[1.04400000e+03 2.34000000e+02 8.86430857e-01 3.10000000e+01]
[1.04500000e+03 1.04000000e+03 8.93088527e-01 3.75000000e+02]
[1.04200000e+03 1.02600000e+03 8.93227874e-01 2.50000000e+01]
[9.29000000e+02 3.19000000e+02 8.94329029e-01 3.00000000e+00]
[342.         484.           0.90114067   2.        ]
[1.03900000e+03 2.42000000e+02 9.01640095e-01 1.30000000e+01]
[1.05000000e+03 1.04600000e+03 9.05915749e-01 3.81000000e+02]
[1.05200000e+03 4.47000000e+02 9.14818957e-01 4.00000000e+00]
[1.05100000e+03 1.04900000e+03 9.28824018e-01 5.60000000e+01]
[1.05500000e+03 1.05400000e+03 9.51139083e-01 3.94000000e+02]
[1.05800000e+03 1.04700000e+03 9.53630009e-01 4.24000000e+02]
[1.0590000e+03 1.0250000e+03 9.5394194e-01 4.2700000e+02]
[108.         277.           0.95919402   2.        ]
[1.06000000e+03 1.03500000e+03 9.65647956e-01 4.29000000e+02]
[316.        488.          0.9729105   2.       ]
[9.9900000e+02 1.0210000e+03 9.8060557e-01 2.4000000e+01]
[1.0120000e+03 1.0530000e+03 9.9050595e-01 4.0000000e+00]
[1.0640000e+03 8.5300000e+02 1.0027674e+00 3.4000000e+01]
[1.06200000e+03 1.05700000e+03 1.02066795e+00 4.85000000e+02]
[1.05600000e+03 1.06700000e+03 1.03060148e+00 4.89000000e+02]
[1.06800000e+03 5.02000000e+02 1.03642289e+00 4.90000000e+02]
[1069.         1063.            1.13498315  492.        ]
[1048.          930.            1.14792963    5.        ]
[1061.         1065.            1.15397527    6.        ]
[1070.          377.            1.15545371  493.        ]
[1066.         1071.            1.16171959   39.        ]
[1073.          145.            1.19182284  494.        ]
[1074.         1075.            1.19606378  533.        ]
[1076.         1072.            1.29887246  539.        ]
[1077.          429.            1.43454586  540.        ]
