[  1. 216.   0.   2.]
[540. 113.   0.   3.]
[  6. 129.   0.   2.]
[64. 68.  0.  2.]
[543.  93.   0.   3.]
[544. 123.   0.   4.]
[545. 214.   0.   5.]
[546. 261.   0.   6.]
[ 78. 125.   0.   2.]
[548. 315.   0.   3.]
[ 90. 518.   0.   2.]
[103. 196.   0.   2.]
[136. 336.   0.   2.]
[220. 295.   0.   2.]
[270. 271.   0.   2.]
[554. 400.   0.   3.]
[300. 302.   0.   2.]
[359. 413.   0.   2.]
[5.00000000e+01 1.35000000e+02 1.49011612e-08 2.00000000e+00]
[5.58000000e+02 3.29000000e+02 1.49011612e-08 3.00000000e+00]
[7.20000000e+01 4.37000000e+02 1.49011612e-08 2.00000000e+00]
[1.40000000e+02 3.80000000e+02 1.49011612e-08 2.00000000e+00]
[1.78000000e+02 2.45000000e+02 1.49011612e-08 2.00000000e+00]
[5.56000000e+02 4.68000000e+02 1.89139771e-08 3.00000000e+00]
[7.40000000e+01 9.10000000e+01 2.10734243e-08 2.00000000e+00]
[5.64000000e+02 3.17000000e+02 2.10734243e-08 3.00000000e+00]
[9.50000000e+01 1.52000000e+02 2.10734243e-08 2.00000000e+00]
[5.66000000e+02 2.40000000e+02 2.10734243e-08 3.00000000e+00]
[5.67000000e+02 3.01000000e+02 2.10734243e-08 4.00000000e+00]
[5.68000000e+02 3.08000000e+02 2.10734243e-08 5.00000000e+00]
[5.69000000e+02 5.53000000e+02 2.10734243e-08 7.00000000e+00]
[3.07000000e+02 5.70000000e+02 2.10734243e-08 8.00000000e+00]
[8.10000000e+01 5.71000000e+02 2.56238631e-08 9.00000000e+00]
[6.10000000e+01 2.36000000e+02 3.94247668e-08 2.00000000e+00]
[5.65000000e+02 2.74000000e+02 8.09340216e-08 4.00000000e+00]
[3.09000000e+02 3.94000000e+02 4.40797821e-02 2.00000000e+00]
[1.70000000e+02 5.55000000e+02 6.38717648e-02 4.00000000e+00]
[21.         40.          0.06705018  2.        ]
[2.18000000e+02 5.03000000e+02 7.03795074e-02 2.00000000e+00]
[2.0600000e+02 3.2200000e+02 7.4490596e-02 2.0000000e+00]
[5.59000000e+02 1.30000000e+02 7.90573588e-02 4.00000000e+00]
[3.0000000e+01 2.0900000e+02 7.9391993e-02 2.0000000e+00]
[3.39000000e+02 4.73000000e+02 8.23962141e-02 2.00000000e+00]
[4.90000000e+01 2.46000000e+02 8.54421194e-02 2.00000000e+00]
[3.66000000e+02 5.17000000e+02 8.76558573e-02 2.00000000e+00]
[4.92000000e+02 5.23000000e+02 1.05684793e-01 2.00000000e+00]
[1.24000000e+02 3.05000000e+02 1.05965791e-01 2.00000000e+00]
[3.2000000e+02 4.0600000e+02 1.1045668e-01 2.0000000e+00]
[3.97000000e+02 4.44000000e+02 1.12343295e-01 2.00000000e+00]
[2.90000000e+01 4.86000000e+02 1.15354064e-01 2.00000000e+00]
[1.28000000e+02 2.91000000e+02 1.15444485e-01 2.00000000e+00]
[3.46000000e+02 4.38000000e+02 1.18011473e-01 2.00000000e+00]
[1.43000000e+02 4.45000000e+02 1.18053992e-01 2.00000000e+00]
[2.48000000e+02 5.16000000e+02 1.19805078e-01 2.00000000e+00]
[5.61000000e+02 2.98000000e+02 1.20382012e-01 3.00000000e+00]
[2.90000000e+02 5.30000000e+02 1.21386851e-01 2.00000000e+00]
[6.30000000e+01 4.26000000e+02 1.25541344e-01 2.00000000e+00]
[3.48000000e+02 3.67000000e+02 1.27458337e-01 2.00000000e+00]
[4.3600000e+02 5.2200000e+02 1.3066916e-01 2.0000000e+00]
[5.40000000e+01 1.48000000e+02 1.34200882e-01 2.00000000e+00]
[4.02000000e+02 4.89000000e+02 1.34571689e-01 2.00000000e+00]
[5.74000000e+02 1.64000000e+02 1.34970612e-01 5.00000000e+00]
[4.00000000e+00 2.62000000e+02 1.39243855e-01 2.00000000e+00]
[2.13000000e+02 3.86000000e+02 1.39819423e-01 2.00000000e+00]
[3.03000000e+02 3.69000000e+02 1.40759234e-01 2.00000000e+00]
[3.00000000e+00 2.51000000e+02 1.41794566e-01 2.00000000e+00]
[3.82000000e+02 5.91000000e+02 1.41836437e-01 3.00000000e+00]
[41.         52.          0.14193291  2.        ]
[5.76000000e+02 2.29000000e+02 1.44093935e-01 5.00000000e+00]
[1.6000000e+01 4.3900000e+02 1.4494577e-01 2.0000000e+00]
[3.96000000e+02 4.14000000e+02 1.46116969e-01 2.00000000e+00]
[5.52000000e+02 1.76000000e+02 1.46279306e-01 3.00000000e+00]
[2.70000000e+01 1.72000000e+02 1.46613989e-01 2.00000000e+00]
[8.00000000e+01 4.09000000e+02 1.50613459e-01 2.00000000e+00]
[2.47000000e+02 2.49000000e+02 1.52692348e-01 2.00000000e+00]
[5.80000000e+02 5.72000000e+02 1.53786391e-01 1.30000000e+01]
[65.         76.          0.15416388  2.        ]
[9.00000000e+00 5.49000000e+02 1.55069213e-01 4.00000000e+00]
[1.85000000e+02 1.95000000e+02 1.61942766e-01 2.00000000e+00]
[1.44000000e+02 5.57000000e+02 1.62010199e-01 3.00000000e+00]
[6.01000000e+02 2.04000000e+02 1.62082117e-01 6.00000000e+00]
[2.97000000e+02 4.27000000e+02 1.68130508e-01 2.00000000e+00]
[4.18000000e+02 4.61000000e+02 1.80110536e-01 2.00000000e+00]
[2.05000000e+02 5.63000000e+02 1.81753381e-01 4.00000000e+00]
[5.32000000e+02 4.77000000e+02 1.88025421e-01 2.00000000e+00]
[6.15000000e+02 3.28000000e+02 1.91861107e-01 1.40000000e+01]
[5.90000000e+02 1.65000000e+02 1.92872994e-01 3.00000000e+00]
[2.76000000e+02 3.45000000e+02 1.93039637e-01 2.00000000e+00]
[3.18000000e+02 5.09000000e+02 1.93084068e-01 2.00000000e+00]
[9.20000000e+01 2.69000000e+02 1.93901082e-01 2.00000000e+00]
[6.25000000e+02 2.39000000e+02 2.01284109e-01 1.50000000e+01]
[3.8100000e+02 4.0500000e+02 2.0361799e-01 2.0000000e+00]
[5.00000000e+00 2.07000000e+02 2.04622847e-01 2.00000000e+00]
[1.70000000e+01 2.83000000e+02 2.04829074e-01 2.00000000e+00]
[1.80000000e+02 2.33000000e+02 2.07488491e-01 2.00000000e+00]
[2.30000000e+02 6.24000000e+02 2.11731853e-01 3.00000000e+00]
[3.93000000e+02 5.11000000e+02 2.16626106e-01 2.00000000e+00]
[6.17000000e+02 1.56000000e+02 2.20971015e-01 5.00000000e+00]
[6.08000000e+02 3.34000000e+02 2.28343854e-01 6.00000000e+00]
[ 33.         122.           0.23155899   2.        ]
[6.26000000e+02 6.34000000e+02 2.31560426e-01 5.00000000e+00]
[1.42000000e+02 5.19000000e+02 2.41889701e-01 2.00000000e+00]
[4.15000000e+02 4.60000000e+02 2.45873091e-01 2.00000000e+00]
[ 19.        104.          0.2465701   2.       ]
[6.11000000e+02 6.37000000e+02 2.51523598e-01 8.00000000e+00]
[6.30000000e+02 1.94000000e+02 2.51890674e-01 1.60000000e+01]
[1.40000000e+01 4.33000000e+02 2.52086754e-01 2.00000000e+00]
[6.40000000e+02 3.33000000e+02 2.52893922e-01 6.00000000e+00]
[155.         98.          0.2558704   2.       ]
[4.08000000e+02 4.50000000e+02 2.56590723e-01 2.00000000e+00]
[186.         199.           0.26071766   2.        ]
[3.65000000e+02 4.43000000e+02 2.61254439e-01 2.00000000e+00]
[6.48000000e+02 2.72000000e+02 2.62056013e-01 3.00000000e+00]
[117.         153.           0.26250485   2.        ]
[1.15000000e+02 6.47000000e+02 2.65244946e-01 7.00000000e+00]
[2.37000000e+02 4.90000000e+02 2.67194806e-01 2.00000000e+00]
[5.47000000e+02 3.24000000e+02 2.67779431e-01 7.00000000e+00]
[ 70.         183.           0.27451336   2.        ]
[6.45000000e+02 4.80000000e+02 2.75554123e-01 1.70000000e+01]
[1.09000000e+02 6.23000000e+02 2.77222289e-01 5.00000000e+00]
[6.07000000e+02 6.06000000e+02 2.79501862e-01 5.00000000e+00]
[6.20000000e+01 6.54000000e+02 2.86384314e-01 8.00000000e+00]
[4.51000000e+02 5.08000000e+02 2.89098766e-01 2.00000000e+00]
[6.41000000e+02 5.84000000e+02 2.96314408e-01 4.00000000e+00]
[3.560000e+02 4.670000e+02 3.009205e-01 2.000000e+00]
[6.38000000e+02 6.58000000e+02 3.02440964e-01 2.30000000e+01]
[ 67.         150.           0.30371485   2.        ]
[3.50000000e+01 6.32000000e+02 3.05940078e-01 3.00000000e+00]
[6.44000000e+02 6.50000000e+02 3.07660119e-01 1.00000000e+01]
[2.27000000e+02 3.40000000e+02 3.14963939e-01 2.00000000e+00]
[5.90000000e+01 6.20000000e+02 3.17010665e-01 7.00000000e+00]
[6.52000000e+02 2.19000000e+02 3.23649323e-01 4.00000000e+00]
[154.         182.           0.32370503   2.        ]
[4.60000000e+01 3.27000000e+02 3.23768359e-01 2.00000000e+00]
[3.91000000e+02 4.10000000e+02 3.25245196e-01 2.00000000e+00]
[3.61000000e+02 5.27000000e+02 3.26488171e-01 2.00000000e+00]
[5.62000000e+02 2.85000000e+02 3.27272779e-01 3.00000000e+00]
[4.95000000e+02 6.71000000e+02 3.27766902e-01 5.00000000e+00]
[6.67000000e+02 1.60000000e+02 3.27952347e-01 4.00000000e+00]
[ 83.         159.           0.32833414   2.        ]
[6.3900000e+02 5.1200000e+02 3.2976771e-01 3.0000000e+00]
[ 20.         221.           0.33073724   2.        ]
[6.66000000e+02 2.56000000e+02 3.35573283e-01 3.00000000e+00]
[5.97000000e+02 5.26000000e+02 3.35813242e-01 3.00000000e+00]
[5.94000000e+02 6.65000000e+02 3.42029526e-01 2.60000000e+01]
[6.43000000e+02 4.69000000e+02 3.47432979e-01 3.00000000e+00]
[3.35000000e+02 4.42000000e+02 3.48532329e-01 2.00000000e+00]
[6.61000000e+02 2.08000000e+02 3.50218842e-01 9.00000000e+00]
[6.57000000e+02 6.72000000e+02 3.58236183e-01 4.00000000e+00]
[2.52000000e+02 4.63000000e+02 3.59015947e-01 2.00000000e+00]
[5.95000000e+02 2.30000000e+01 3.61385969e-01 3.00000000e+00]
[0.00000000e+00 4.65000000e+02 3.63006914e-01 2.00000000e+00]
[5.79000000e+02 2.25000000e+02 3.63468061e-01 3.00000000e+00]
[3.49000000e+02 5.38000000e+02 3.66531215e-01 2.00000000e+00]
[6.5600000e+02 6.5900000e+02 3.6940042e-01 1.2000000e+01]
[ 82.        265.          0.3703111   2.       ]
[6.87000000e+02 1.12000000e+02 3.70967212e-01 1.00000000e+01]
[6.90000000e+02 4.83000000e+02 3.72379373e-01 4.00000000e+00]
[6.29000000e+02 1.92000000e+02 3.72569729e-01 3.00000000e+00]
[4.70000000e+01 5.83000000e+02 3.74678195e-01 3.00000000e+00]
[6.70000000e+02 1.21000000e+02 3.77620457e-01 8.00000000e+00]
[1.3700000e+02 4.9100000e+02 3.7837572e-01 2.0000000e+00]
[102.         141.           0.38096261   2.        ]
[8.70000000e+01 6.53000000e+02 3.82605316e-01 3.00000000e+00]
[6.79000000e+02 1.84000000e+02 3.85683034e-01 3.00000000e+00]
[6.80000000e+02 6.35000000e+02 3.87549718e-01 6.00000000e+00]
[6.85000000e+02 6.84000000e+02 3.89667398e-01 2.90000000e+01]
[193.         279.           0.39109862   2.        ]
[5.75000000e+02 6.86000000e+02 3.94359396e-01 4.00000000e+00]
[ 18.         273.           0.39462788   2.        ]
[3.20000000e+01 6.69000000e+02 4.03841675e-01 3.00000000e+00]
[7.0000000e+02 1.7400000e+02 4.0499708e-01 9.0000000e+00]
[2.58000000e+02 5.87000000e+02 4.06528444e-01 3.00000000e+00]
[6.89000000e+02 5.05000000e+02 4.06787746e-01 3.00000000e+00]
[6.81000000e+02 6.77000000e+02 4.06867422e-01 7.00000000e+00]
[6.96000000e+02 2.02000000e+02 4.08648746e-01 1.10000000e+01]
[ 75.         100.           0.40904946   2.        ]
[3.72000000e+02 4.54000000e+02 4.14137096e-01 2.00000000e+00]
[6.97000000e+02 2.99000000e+02 4.15820738e-01 5.00000000e+00]
[6.22000000e+02 5.37000000e+02 4.20458391e-01 3.00000000e+00]
[8.80000000e+01 6.63000000e+02 4.20475433e-01 5.00000000e+00]
[6.73000000e+02 4.87000000e+02 4.20786669e-01 3.00000000e+00]
[2.60000000e+02 6.36000000e+02 4.21548504e-01 3.00000000e+00]
[6.05000000e+02 6.68000000e+02 4.21817753e-01 1.20000000e+01]
[6.91000000e+02 7.01000000e+02 4.22052427e-01 4.00000000e+00]
[1.68000000e+02 4.32000000e+02 4.22163373e-01 2.00000000e+00]
[7.06000000e+02 1.27000000e+02 4.22271138e-01 3.00000000e+01]
[ 10.         188.           0.42343035   2.        ]
[5.81000000e+02 4.41000000e+02 4.24594687e-01 3.00000000e+00]
[5.510000e+02 3.500000e+02 4.259381e-01 3.000000e+00]
[7.10000000e+01 4.62000000e+02 4.26382192e-01 2.00000000e+00]
[2.50000000e+01 5.98000000e+02 4.26459184e-01 3.00000000e+00]
[6.02000000e+02 7.26000000e+02 4.28441884e-01 3.20000000e+01]
[3.63000000e+02 5.21000000e+02 4.30420023e-01 2.00000000e+00]
[7.03000000e+02 7.11000000e+02 4.31644991e-01 1.20000000e+01]
[6.78000000e+02 1.73000000e+02 4.32148597e-01 5.00000000e+00]
[5.96000000e+02 2.38000000e+02 4.33054177e-01 3.00000000e+00]
[6.76000000e+02 3.10000000e+02 4.34566104e-01 4.00000000e+00]
[1.57000000e+02 6.82000000e+02 4.36164698e-01 4.00000000e+00]
[6.42000000e+02 4.82000000e+02 4.42895785e-01 3.00000000e+00]
[7.20000000e+02 6.60000000e+02 4.43986166e-01 1.00000000e+01]
[210.         383.           0.44553962   2.        ]
[4.76000000e+02 4.98000000e+02 4.46765603e-01 2.00000000e+00]
[5.42000000e+02 5.99000000e+02 4.47021733e-01 4.00000000e+00]
[ 28.         326.           0.44734832   2.        ]
[2.59000000e+02 7.10000000e+02 4.47732186e-01 4.00000000e+00]
[139.         253.           0.44807967   2.        ]
[1.50000000e+01 7.24000000e+02 4.48352715e-01 5.00000000e+00]
[6.88000000e+02 6.49000000e+02 4.49182754e-01 6.00000000e+00]
[3.38000000e+02 6.51000000e+02 4.49594322e-01 3.00000000e+00]
[7.21000000e+02 3.47000000e+02 4.50050465e-01 4.00000000e+00]
[6.83000000e+02 5.01000000e+02 4.50337631e-01 4.00000000e+00]
[6.09000000e+02 7.12000000e+02 4.51418602e-01 5.00000000e+00]
[7.09000000e+02 2.94000000e+02 4.51918824e-01 3.00000000e+00]
[2.32000000e+02 7.40000000e+02 4.53123433e-01 1.10000000e+01]
[7.05000000e+02 5.28000000e+02 4.53936114e-01 7.00000000e+00]
[4.6400000e+02 7.2800000e+02 4.5482104e-01 4.0000000e+00]
[6.27000000e+02 6.93000000e+02 4.55718704e-01 4.00000000e+00]
[3.580000e+02 7.370000e+02 4.563384e-01 5.000000e+00]
[2.67000000e+02 6.75000000e+02 4.60179823e-01 3.00000000e+00]
[ 51.         395.           0.46186645   2.        ]
[190.        203.          0.4628282   2.       ]
[1.98000000e+02 5.07000000e+02 4.64026257e-01 2.00000000e+00]
[1.33000000e+02 7.59000000e+02 4.66270995e-01 4.00000000e+00]
[6.28000000e+02 6.74000000e+02 4.69423794e-01 4.00000000e+00]
[ 34.         330.           0.47003895   2.        ]
[7.14000000e+02 7.35000000e+02 4.71799337e-01 1.20000000e+01]
[4.80000000e+01 7.38000000e+02 4.72865541e-01 5.00000000e+00]
[7.50000000e+02 1.05000000e+02 4.73429393e-01 5.00000000e+00]
[7.4400000e+02 3.1000000e+01 4.7347174e-01 3.0000000e+00]
[7.07000000e+02 5.85000000e+02 4.74006406e-01 4.00000000e+00]
[1.20000000e+02 7.56000000e+02 4.75589048e-01 5.00000000e+00]
[7.29000000e+02 6.14000000e+02 4.77118143e-01 5.00000000e+00]
[7.3200000e+02 2.7500000e+02 4.7878014e-01 3.3000000e+01]
[6.94000000e+02 2.87000000e+02 4.79978915e-01 1.30000000e+01]
[ 26.         163.           0.48023665   2.        ]
[7.52000000e+02 7.22000000e+02 4.81580697e-01 8.00000000e+00]
[3.52000000e+02 4.94000000e+02 4.82159472e-01 2.00000000e+00]
[7.4300000e+02 1.1100000e+02 4.8283973e-01 5.0000000e+00]
[7.55000000e+02 2.78000000e+02 4.83414457e-01 8.00000000e+00]
[5.86000000e+02 3.75000000e+02 4.83597056e-01 3.00000000e+00]
[6.00000000e+01 5.04000000e+02 4.83673236e-01 2.00000000e+00]
[7.53000000e+02 4.72000000e+02 4.84237732e-01 4.00000000e+00]
[6.95000000e+02 7.13000000e+02 4.84648516e-01 5.00000000e+00]
[7.15000000e+02 4.25000000e+02 4.84811043e-01 1.20000000e+01]
[7.90000000e+01 7.63000000e+02 4.85736033e-01 5.00000000e+00]
[116.         376.           0.48680393   2.        ]
[3.51000000e+02 7.49000000e+02 4.87842567e-01 4.00000000e+00]
[7.73000000e+02 2.64000000e+02 4.88181649e-01 3.40000000e+01]
[7.02000000e+02 7.47000000e+02 4.88397859e-01 7.00000000e+00]
[3.73000000e+02 7.19000000e+02 4.88507784e-01 4.00000000e+00]
[6.55000000e+02 4.28000000e+02 4.89687914e-01 3.00000000e+00]
[7.88000000e+02 2.66000000e+02 4.91110018e-01 3.50000000e+01]
[284.         455.           0.49250863   2.        ]
[4.53000000e+02 7.78000000e+02 4.95863733e-01 6.00000000e+00]
[7.79000000e+02 3.21000000e+02 4.96834703e-01 9.00000000e+00]
[4.07000000e+02 7.60000000e+02 4.98431553e-01 3.00000000e+00]
[5.70000000e+01 5.15000000e+02 4.99050667e-01 2.00000000e+00]
[435.         479.           0.50062248   2.        ]
[1.31000000e+02 7.58000000e+02 5.02348209e-01 6.00000000e+00]
[1.07000000e+02 6.62000000e+02 5.02600791e-01 3.00000000e+00]
[7.99000000e+02 3.04000000e+02 5.03311389e-01 7.00000000e+00]
[5.78000000e+02 2.92000000e+02 5.04509127e-01 3.00000000e+00]
[7.54000000e+02 7.89000000e+02 5.04656263e-01 1.80000000e+01]
[ 53.         401.           0.50471941   2.        ]
[2.50000000e+02 7.45000000e+02 5.04994549e-01 5.00000000e+00]
[7.85000000e+02 3.37000000e+02 5.05533843e-01 6.00000000e+00]
[2.5500000e+02 7.9600000e+02 5.0593147e-01 4.0000000e+00]
[7.91000000e+02 3.57000000e+02 5.07367182e-01 4.00000000e+00]
[5.39000000e+02 6.92000000e+02 5.08194201e-01 4.00000000e+00]
[7.1600000e+02 9.6000000e+01 5.1227226e-01 3.0000000e+00]
[1.19000000e+02 8.05000000e+02 5.12556833e-01 6.00000000e+00]
[6.31000000e+02 7.23000000e+02 5.12558404e-01 1.40000000e+01]
[7.87000000e+02 7.08000000e+02 5.12691924e-01 8.00000000e+00]
[7.51000000e+02 8.01000000e+02 5.12803491e-01 1.10000000e+01]
[114.       226.         0.513376   2.      ]
[7.68000000e+02 7.61000000e+02 5.13777007e-01 7.00000000e+00]
[ 86.         481.           0.51472501   2.        ]
[7.67000000e+02 7.66000000e+02 5.14766023e-01 1.70000000e+01]
[ 73.         200.           0.51592674   2.        ]
[7.18000000e+02 7.76000000e+02 5.16519345e-01 1.30000000e+01]
[ 38.         387.           0.51666703   2.        ]
[7.57000000e+02 7.94000000e+02 5.16802333e-01 1.00000000e+01]
[3.85000000e+02 7.90000000e+02 5.17662941e-01 5.00000000e+00]
[7.46000000e+02 2.41000000e+02 5.18329208e-01 3.00000000e+00]
[7.31000000e+02 1.58000000e+02 5.18874726e-01 4.00000000e+00]
[ 44.         281.           0.51906767   2.        ]
[ 45.         434.           0.51915263   2.        ]
[2.24000000e+02 7.98000000e+02 5.21869528e-01 3.00000000e+00]
[331.         513.           0.52234021   2.        ]
[254.         392.           0.52416391   2.        ]
[7.7500000e+02 1.1000000e+02 5.2542013e-01 3.0000000e+00]
[7.69000000e+02 8.13000000e+02 5.25773274e-01 1.10000000e+01]
[7.71000000e+02 5.82000000e+02 5.26386264e-01 7.00000000e+00]
[371.         510.           0.52712182   2.        ]
[2.86000000e+02 8.12000000e+02 5.28149641e-01 1.50000000e+01]
[ 99.         332.           0.53001621   2.        ]
[7.42000000e+02 7.93000000e+02 5.31663062e-01 4.00000000e+00]
[3.70000000e+01 6.16000000e+02 5.32765053e-01 3.00000000e+00]
[6.19000000e+02 6.21000000e+02 5.33013399e-01 5.00000000e+00]
[7.34000000e+02 6.98000000e+02 5.33911852e-01 1.50000000e+01]
[118.         374.           0.53414024   2.        ]
[6.33000000e+02 5.24000000e+02 5.34255371e-01 3.00000000e+00]
[3.90000000e+01 8.16000000e+02 5.34377818e-01 8.00000000e+00]
[7.80000000e+02 1.75000000e+02 5.34965329e-01 4.00000000e+00]
[ 58.         390.           0.53559231   2.        ]
[6.1200000e+02 4.1600000e+02 5.3630204e-01 3.0000000e+00]
[5.89000000e+02 3.14000000e+02 5.36599706e-01 3.00000000e+00]
[7.00000000e+00 7.04000000e+02 5.36797241e-01 4.00000000e+00]
[2.68000000e+02 8.37000000e+02 5.37109789e-01 5.00000000e+00]
[2.9600000e+02 7.3900000e+02 5.3716136e-01 4.0000000e+00]
[ 94.        223.          0.5386665   2.       ]
[1.66000000e+02 8.33000000e+02 5.39131815e-01 8.00000000e+00]
[ 36.         506.           0.54090119   2.        ]
[4.30000000e+01 8.18000000e+02 5.41523409e-01 1.80000000e+01]
[191.         403.           0.54231192   2.        ]
[7.95000000e+02 3.41000000e+02 5.43276971e-01 1.00000000e+01]
[7.48000000e+02 7.92000000e+02 5.43288878e-01 4.10000000e+01]
[243.         280.           0.54486388   2.        ]
[8.48000000e+02 4.57000000e+02 5.45843614e-01 5.00000000e+00]
[8.03000000e+02 7.70000000e+02 5.46220355e-01 2.20000000e+01]
[6.99000000e+02 5.20000000e+02 5.46239952e-01 4.00000000e+00]
[8.20000000e+02 8.54000000e+02 5.46278982e-01 3.10000000e+01]
[7.82000000e+02 1.32000000e+02 5.46611274e-01 5.00000000e+00]
[8.57000000e+02 1.46000000e+02 5.48553653e-01 4.20000000e+01]
[7.84000000e+02 1.67000000e+02 5.49423897e-01 1.30000000e+01]
[8.07000000e+02 5.14000000e+02 5.50578265e-01 5.00000000e+00]
[222.         353.           0.55079419   2.        ]
[8.06000000e+02 7.77000000e+02 5.51116064e-01 8.00000000e+00]
[8.3200000e+02 8.4300000e+02 5.5170928e-01 1.9000000e+01]
[6.1800000e+02 2.3100000e+02 5.5249081e-01 3.0000000e+00]
[293.         499.           0.55588422   2.        ]
[8.1900000e+02 8.5000000e+01 5.5649247e-01 3.0000000e+00]
[8.15000000e+02 8.10000000e+02 5.56887428e-01 5.00000000e+00]
[4.21000000e+02 8.70000000e+02 5.57050433e-01 4.00000000e+00]
[8.27000000e+02 3.60000000e+02 5.58308794e-01 3.00000000e+00]
[179.         417.           0.55838978   2.        ]
[5.60000000e+01 7.97000000e+02 5.59201607e-01 3.00000000e+00]
[6.03000000e+02 4.71000000e+02 5.59902089e-01 3.00000000e+00]
[5.36000000e+02 8.60000000e+02 5.61765004e-01 2.30000000e+01]
[8.21000000e+02 7.74000000e+02 5.64651458e-01 1.50000000e+01]
[6.46000000e+02 2.20000000e+01 5.65868088e-01 3.00000000e+00]
[7.72000000e+02 8.62000000e+02 5.66157041e-01 3.60000000e+01]
[7.36000000e+02 8.34000000e+02 5.66280746e-01 5.00000000e+00]
[8.63000000e+02 8.35000000e+02 5.67627517e-01 2.00000000e+01]
[7.41000000e+02 8.02000000e+02 5.68321586e-01 5.00000000e+00]
[4.96000000e+02 8.23000000e+02 5.68761581e-01 6.00000000e+00]
[8.2500000e+02 2.2800000e+02 5.6994054e-01 5.0000000e+00]
[8.31000000e+02 8.66000000e+02 5.72468726e-01 8.00000000e+00]
[5.73000000e+02 7.17000000e+02 5.73177239e-01 4.00000000e+00]
[8.38000000e+02 8.67000000e+02 5.74573547e-01 5.00000000e+00]
[7.83000000e+02 8.64000000e+02 5.77764782e-01 4.70000000e+01]
[8.11000000e+02 4.22000000e+02 5.77801133e-01 7.00000000e+00]
[5.50000000e+01 8.30000000e+02 5.80037036e-01 3.00000000e+00]
[7.86000000e+02 5.34000000e+02 5.80355688e-01 3.00000000e+00]
[134.         355.           0.58125855   2.        ]
[7.65000000e+02 8.28000000e+02 5.82680276e-01 5.00000000e+00]
[7.27000000e+02 8.22000000e+02 5.83007448e-01 1.20000000e+01]
[4.31000000e+02 8.79000000e+02 5.83552225e-01 2.40000000e+01]
[8.880000e+02 4.400000e+02 5.846689e-01 9.000000e+00]
[5.9300000e+02 5.8800000e+02 5.8595852e-01 4.0000000e+00]
[8.72000000e+02 3.54000000e+02 5.87641029e-01 4.00000000e+00]
[398.         448.           0.58940553   2.        ]
[5.35000000e+02 8.82000000e+02 5.89494388e-01 3.70000000e+01]
[2.44000000e+02 8.14000000e+02 5.90050656e-01 1.20000000e+01]
[5.92000000e+02 8.44000000e+02 5.91315415e-01 6.00000000e+00]
[306.         458.           0.59172794   2.        ]
[1.81000000e+02 8.98000000e+02 5.91998058e-01 2.50000000e+01]
[8.53000000e+02 8.87000000e+02 5.92414435e-01 7.00000000e+00]
[8.73000000e+02 7.25000000e+02 5.93308414e-01 7.00000000e+00]
[8.24000000e+02 8.65000000e+02 5.94838095e-01 1.60000000e+01]
[8.7400000e+02 5.2900000e+02 5.9656436e-01 5.0000000e+00]
[217.         533.           0.59692523   2.        ]
[8.39000000e+02 7.64000000e+02 5.97241593e-01 9.00000000e+00]
[8.40000000e+02 8.00000000e+02 5.97924503e-01 1.80000000e+01]
[8.58000000e+02 8.52000000e+02 5.98276476e-01 1.00000000e+01]
[8.59000000e+02 8.78000000e+02 5.99924732e-01 8.00000000e+00]
[2.57000000e+02 9.15000000e+02 6.01415554e-01 1.10000000e+01]
[4.24000000e+02 8.99000000e+02 6.02544991e-01 1.00000000e+01]
[8.45000000e+02 5.31000000e+02 6.03233747e-01 3.00000000e+00]
[7.81000000e+02 9.03000000e+02 6.04569296e-01 3.90000000e+01]
[8.83000000e+02 8.69000000e+02 6.06299032e-01 2.40000000e+01]
[8.26000000e+02 4.52000000e+02 6.07400831e-01 3.00000000e+00]
[8.17000000e+02 1.47000000e+02 6.07804142e-01 3.00000000e+00]
[8.97000000e+02 1.89000000e+02 6.09805902e-01 1.30000000e+01]
[8.77000000e+02 8.68000000e+02 6.12115722e-01 1.10000000e+01]
[ 42.         313.           0.61548488   2.        ]
[1.97000000e+02 9.25000000e+02 6.15775956e-01 1.20000000e+01]
[8.76000000e+02 2.63000000e+02 6.15968153e-01 3.00000000e+00]
[211.         604.           0.61659963   3.        ]
[9.07000000e+02 8.49000000e+02 6.16938079e-01 3.00000000e+01]
[9.09000000e+02 8.55000000e+02 6.17150835e-01 9.00000000e+00]
[5.60000000e+02 8.84000000e+02 6.21050025e-01 2.20000000e+01]
[8.92000000e+02 9.20000000e+02 6.24861411e-01 4.60000000e+01]
[8.61000000e+02 3.88000000e+02 6.25983787e-01 5.00000000e+00]
[8.94000000e+02 4.93000000e+02 6.26299731e-01 4.00000000e+00]
[8.04000000e+02 4.56000000e+02 6.28484009e-01 3.00000000e+00]
[8.91000000e+02 9.29000000e+02 6.28646361e-01 5.00000000e+01]
[9.16000000e+02 8.50000000e+02 6.29724222e-01 1.20000000e+01]
[215.        343.          0.6305092   2.       ]
[1.20000000e+01 8.75000000e+02 6.33639546e-01 4.00000000e+00]
[1.10000000e+01 8.85000000e+02 6.38467111e-01 6.00000000e+00]
[9.37000000e+02 3.89000000e+02 6.39315193e-01 5.10000000e+01]
[8.89000000e+02 8.09000000e+02 6.41933093e-01 8.00000000e+00]
[9.21000000e+02 9.11000000e+02 6.42829669e-01 2.90000000e+01]
[5.25000000e+02 9.18000000e+02 6.44533362e-01 1.10000000e+01]
[412.         420.           0.64553644   2.        ]
[1.3800000e+02 9.3300000e+02 6.4860014e-01 4.7000000e+01]
[8.93000000e+02 9.04000000e+02 6.49084293e-01 1.50000000e+01]
[9.3500000e+02 9.3100000e+02 6.5063322e-01 1.3000000e+01]
[8.80000000e+02 9.01000000e+02 6.53099025e-01 1.90000000e+01]
[8.40000000e+01 9.17000000e+02 6.53916752e-01 1.20000000e+01]
[8.46000000e+02 9.44000000e+02 6.55094329e-01 3.20000000e+01]
[9.42000000e+02 9.02000000e+02 6.55330332e-01 5.30000000e+01]
[325.         384.           0.65639556   2.        ]
[312.         610.           0.65653841   3.        ]
[9.38000000e+02 8.42000000e+02 6.58248318e-01 1.50000000e+01]
[9.08000000e+02 5.50000000e+02 6.58529802e-01 9.00000000e+00]
[8.51000000e+02 9.30000000e+02 6.61387822e-01 3.20000000e+01]
[613.         289.           0.66206487   3.        ]
[8.36000000e+02 4.19000000e+02 6.63312079e-01 3.00000000e+00]
[8.96000000e+02 4.75000000e+02 6.64727538e-01 6.00000000e+00]
[8.41000000e+02 3.99000000e+02 6.64952271e-01 3.00000000e+00]
[8.81000000e+02 6.64000000e+02 6.65791677e-01 5.00000000e+00]
[8.71000000e+02 3.44000000e+02 6.65960855e-01 3.00000000e+00]
[9.27000000e+02 4.74000000e+02 6.67839713e-01 1.30000000e+01]
[13.         69.          0.67051547  2.        ]
[1.06000000e+02 8.86000000e+02 6.70533812e-01 7.00000000e+00]
[9.000000e+02 9.580000e+02 6.713285e-01 3.600000e+01]
[8.00000000e+00 8.95000000e+02 6.71530918e-01 3.00000000e+00]
[8.08000000e+02 6.00000000e+02 6.72354919e-01 6.00000000e+00]
[162.         478.           0.67315587   2.        ]
[9.22000000e+02 9.68000000e+02 6.75827349e-01 3.90000000e+01]
[9.45000000e+02 9.49000000e+02 6.77980126e-01 2.40000000e+01]
[4.97000000e+02 9.73000000e+02 6.82402905e-01 2.50000000e+01]
[9.23000000e+02 9.12000000e+02 6.83349548e-01 5.00000000e+00]
[9.43000000e+02 4.59000000e+02 6.84927211e-01 9.00000000e+00]
[9.61000000e+02 8.29000000e+02 6.89123006e-01 8.00000000e+00]
[9.70000000e+01 9.51000000e+02 6.89615821e-01 1.30000000e+01]
[9.78000000e+02 1.69000000e+02 6.89718198e-01 1.40000000e+01]
[9.24000000e+02 8.47000000e+02 6.92863866e-01 1.60000000e+01]
[9.53000000e+02 9.62000000e+02 6.93722946e-01 5.60000000e+01]
[541.         282.           0.69376578   4.        ]
[9.50000000e+02 9.47000000e+02 6.94546121e-01 6.60000000e+01]
[9.10000000e+02 9.32000000e+02 7.04657714e-01 3.80000000e+01]
[8.90000000e+02 9.36000000e+02 7.04965114e-01 8.00000000e+00]
[362.        466.          0.7099539   2.       ]
[3.78000000e+02 9.72000000e+02 7.11086035e-01 4.00000000e+01]
[9.34000000e+02 9.79000000e+02 7.13053724e-01 1.90000000e+01]
[9.7600000e+02 9.8200000e+02 7.1483024e-01 1.3000000e+01]
[9.1900000e+02 9.5500000e+02 7.1488365e-01 6.0000000e+00]
[9.65000000e+02 4.85000000e+02 7.15023311e-01 1.40000000e+01]
[9.59000000e+02 9.39000000e+02 7.15507202e-01 5.00000000e+00]
[9.52000000e+02 1.61000000e+02 7.16105977e-01 3.30000000e+01]
[9.89000000e+02 7.70000000e+01 7.16688642e-01 1.40000000e+01]
[9.63000000e+02 3.70000000e+02 7.19267215e-01 6.00000000e+00]
[9.05000000e+02 9.46000000e+02 7.20484773e-01 8.00000000e+00]
[9.67000000e+02 9.81000000e+02 7.24044333e-01 6.30000000e+01]
[9.14000000e+02 9.84000000e+02 7.24723739e-01 5.60000000e+01]
[  2.         404.           0.72614891   2.        ]
[9.56000000e+02 9.75000000e+02 7.27017712e-01 2.00000000e+01]
[9.93000000e+02 9.91000000e+02 7.27835059e-01 4.70000000e+01]
[9.64000000e+02 1.00100000e+03 7.30794278e-01 5.00000000e+01]
[730.        446.          0.7400688   3.       ]
[9.48000000e+02 1.87000000e+02 7.44209465e-01 1.60000000e+01]
[9.54000000e+02 9.70000000e+02 7.45680023e-01 8.00000000e+00]
[9.98000000e+02 4.70000000e+02 7.47397815e-01 5.70000000e+01]
[364.        430.          0.7475467   2.       ]
[9.1300000e+02 9.8700000e+02 7.5174265e-01 4.9000000e+01]
[151.         500.           0.75277592   2.        ]
[9.41000000e+02 9.83000000e+02 7.54442289e-01 7.20000000e+01]
[9.8800000e+02 1.7100000e+02 7.5792061e-01 2.0000000e+01]
[9.9400000e+02 7.3300000e+02 7.5823867e-01 1.6000000e+01]
[9.69000000e+02 9.80000000e+02 7.59082744e-01 1.90000000e+01]
[9.77000000e+02 9.97000000e+02 7.60412674e-01 7.10000000e+01]
[9.74000000e+02 9.96000000e+02 7.60468179e-01 3.30000000e+01]
[9.85000000e+02 9.60000000e+02 7.61011146e-01 1.10000000e+01]
[1.00400000e+03 1.00600000e+03 7.63706043e-01 7.30000000e+01]
[368.         411.           0.76622519   2.        ]
[9.40000000e+02 9.90000000e+02 7.66981888e-01 1.00000000e+01]
[235.         423.           0.77616085   2.        ]
[9.95000000e+02 1.01700000e+03 7.79259692e-01 7.90000000e+01]
[9.66000000e+02 6.60000000e+01 7.79364485e-01 3.00000000e+00]
[2.88000000e+02 1.00200000e+03 7.82557945e-01 5.10000000e+01]
[1.00300000e+03 1.49000000e+02 7.83458784e-01 4.00000000e+00]
[1.00000000e+03 1.26000000e+02 7.83861963e-01 2.10000000e+01]
[1.01000000e+03 1.01200000e+03 7.88576478e-01 8.80000000e+01]
[1.01600000e+03 1.02600000e+03 7.90781955e-01 9.90000000e+01]
[ 89.         449.           0.79267238   2.        ]
[1.00800000e+03 7.62000000e+02 7.95740039e-01 5.10000000e+01]
[177.         201.           0.80001574   2.        ]
[1.02500000e+03 5.77000000e+02 8.01304892e-01 2.30000000e+01]
[1.01000000e+02 1.02300000e+03 8.05783542e-01 5.20000000e+01]
[9.92000000e+02 9.86000000e+02 8.15503384e-01 7.00000000e+00]
[311.         379.           0.81677567   2.        ]
[1.02700000e+03 1.01500000e+03 8.24551024e-01 1.32000000e+02]
[9.57000000e+02 1.01400000e+03 8.35758525e-01 8.00000000e+01]
[1.02100000e+03 1.03500000e+03 8.42623154e-01 2.11000000e+02]
[1.01300000e+03 1.01100000e+03 8.42682203e-01 3.90000000e+01]
[1.03300000e+03 1.02000000e+03 8.44347244e-01 9.00000000e+00]
[1.01900000e+03 2.12000000e+02 8.47165338e-01 1.10000000e+01]
[1.03100000e+03 1.03200000e+03 8.50816182e-01 7.50000000e+01]
[1.02400000e+03 1.01800000e+03 8.67188752e-01 6.00000000e+00]
[1.04000000e+03 1.02200000e+03 8.69096142e-01 1.40000000e+01]
[ 24.         323.           0.88340033   2.        ]
[1.03600000e+03 1.02900000e+03 8.84684438e-01 1.31000000e+02]
[1.03700000e+03 1.03800000e+03 8.84698304e-01 2.50000000e+02]
[1.00500000e+03 1.04500000e+03 8.88527268e-01 1.39000000e+02]
[1.04100000e+03 2.34000000e+02 8.92897096e-01 7.60000000e+01]
[9.26000000e+02 3.19000000e+02 8.94329029e-01 3.00000000e+00]
[342.         484.           0.90114067   2.        ]
[1.04300000e+03 1.04600000e+03 9.01807903e-01 2.64000000e+02]
[1.03900000e+03 1.00700000e+03 9.05258286e-01 1.10000000e+01]
[1.04900000e+03 4.47000000e+02 9.14818957e-01 4.00000000e+00]
[1.04800000e+03 1.02800000e+03 9.15739864e-01 7.80000000e+01]
[1.04200000e+03 1.05100000e+03 9.29609929e-01 2.70000000e+02]
[1.05500000e+03 1.03000000e+03 9.38359906e-01 2.72000000e+02]
[1.05400000e+03 9.06000000e+02 9.44485203e-01 8.00000000e+01]
[1.05200000e+03 1.08000000e+02 9.47532784e-01 1.20000000e+01]
[1.05600000e+03 1.03400000e+03 9.52399431e-01 2.74000000e+02]
[8.56000000e+02 1.04700000e+03 9.64908119e-01 1.49000000e+02]
[4.88000000e+02 1.05900000e+03 9.72910495e-01 2.75000000e+02]
[1.0090000e+03 1.0500000e+03 9.9050595e-01 4.0000000e+00]
[242.         502.           0.99602888   2.        ]
[9.99000000e+02 1.06000000e+03 9.96254628e-01 1.51000000e+02]
[1.05700000e+03 1.06100000e+03 1.00367685e+00 3.55000000e+02]
[1.06500000e+03 1.05800000e+03 1.05004579e+00 3.67000000e+02]
[1.06600000e+03 1.05300000e+03 1.05721033e+00 3.71000000e+02]
[1.06300000e+03 3.77000000e+02 1.06260077e+00 3.00000000e+00]
[1067.          971.            1.08343276  373.        ]
[1069.          316.            1.09764078  374.        ]
[1070.         1068.            1.12208985  377.        ]
[1044.          928.            1.14792963    5.        ]
[1064.         1072.            1.16859606  156.        ]
[1071.          145.            1.17039513  378.        ]
[1073.         1074.            1.18277718  534.        ]
[1062.          277.            1.21210395    5.        ]
[1075.         1076.            1.30478115  539.        ]
[1077.          429.            1.42706256  540.        ]
