[  1. 216.   0.   2.]
[540. 113.   0.   3.]
[  6. 129.   0.   2.]
[64. 68.  0.  2.]
[543.  93.   0.   3.]
[544. 123.   0.   4.]
[545. 214.   0.   5.]
[546. 261.   0.   6.]
[ 78. 315.   0.   2.]
[ 95. 152.   0.   2.]
[549. 240.   0.   3.]
[550. 301.   0.   4.]
[551. 308.   0.   5.]
[552. 220.   0.   6.]
[307. 553.   0.   7.]
[ 90. 518.   0.   2.]
[103. 196.   0.   2.]
[270. 271.   0.   2.]
[557. 140.   0.   3.]
[300. 302.   0.   2.]
[359. 413.   0.   2.]
[5.54000000e+02 2.95000000e+02 5.72887609e-09 8.00000000e+00]
[5.48000000e+02 1.25000000e+02 9.93410746e-09 3.00000000e+00]
[8.10000000e+01 5.61000000e+02 1.47465514e-08 9.00000000e+00]
[1.36000000e+02 3.36000000e+02 1.49011612e-08 2.00000000e+00]
[5.59000000e+02 4.68000000e+02 1.89139771e-08 3.00000000e+00]
[5.58000000e+02 1.70000000e+02 2.09081399e-08 4.00000000e+00]
[7.20000000e+01 4.37000000e+02 2.35608046e-08 2.00000000e+00]
[2.05000000e+02 2.51000000e+02 2.58095683e-08 2.00000000e+00]
[5.00000000e+01 1.35000000e+02 2.98023224e-08 2.00000000e+00]
[5.69000000e+02 3.29000000e+02 2.98023224e-08 3.00000000e+00]
[7.40000000e+01 9.10000000e+01 2.98023224e-08 2.00000000e+00]
[5.71000000e+02 3.17000000e+02 2.98023224e-08 3.00000000e+00]
[1.78000000e+02 2.45000000e+02 2.98023224e-08 2.00000000e+00]
[2.40000000e+01 4.23000000e+02 3.33200094e-08 2.00000000e+00]
[6.10000000e+01 2.36000000e+02 3.94247668e-08 2.00000000e+00]
[5.72000000e+02 2.74000000e+02 6.32202728e-08 4.00000000e+00]
[3.80000000e+02 4.00000000e+02 8.36325598e-08 2.00000000e+00]
[5.6600000e+02 5.7700000e+02 1.6540422e-02 6.0000000e+00]
[4.00000000e+00 2.62000000e+02 7.97283029e-02 2.00000000e+00]
[2.06000000e+02 3.22000000e+02 8.80901384e-02 2.00000000e+00]
[2.18000000e+02 5.03000000e+02 9.15351476e-02 2.00000000e+00]
[21.         40.          0.09424761  2.        ]
[5.70000000e+02 1.30000000e+02 9.77663877e-02 4.00000000e+00]
[3.09000000e+02 3.94000000e+02 1.13554712e-01 2.00000000e+00]
[1.65000000e+02 2.91000000e+02 1.27329197e-01 2.00000000e+00]
[5.63000000e+02 4.80000000e+02 1.34295092e-01 1.00000000e+01]
[1.24000000e+02 3.05000000e+02 1.43956369e-01 2.00000000e+00]
[5.76000000e+02 1.21000000e+02 1.47711792e-01 5.00000000e+00]
[1.0900000e+02 5.6500000e+02 1.5219818e-01 4.0000000e+00]
[3.00000000e+00 2.21000000e+02 1.53378122e-01 2.00000000e+00]
[5.88000000e+02 1.64000000e+02 1.58186003e-01 6.00000000e+00]
[4.36000000e+02 5.22000000e+02 1.59304943e-01 2.00000000e+00]
[5.78000000e+02 2.98000000e+02 1.62053826e-01 7.00000000e+00]
[3.20000000e+02 4.06000000e+02 1.65856757e-01 2.00000000e+00]
[3.39000000e+02 4.73000000e+02 1.66913646e-01 2.00000000e+00]
[5.90000000e+02 5.68000000e+02 1.66960572e-01 4.00000000e+00]
[ 54.         148.           0.17029586   2.        ]
[5.64000000e+02 1.76000000e+02 1.71113989e-01 3.00000000e+00]
[2.29000000e+02 5.93000000e+02 1.72107536e-01 8.00000000e+00]
[4.90000000e+01 2.46000000e+02 1.75754914e-01 2.00000000e+00]
[1.43000000e+02 4.45000000e+02 1.77035229e-01 2.00000000e+00]
[1.28000000e+02 5.85000000e+02 1.77625635e-01 3.00000000e+00]
[3.00000000e+01 2.09000000e+02 1.80419571e-01 2.00000000e+00]
[3.03000000e+02 3.69000000e+02 1.81735907e-01 2.00000000e+00]
[4.02000000e+02 4.89000000e+02 1.84597774e-01 2.00000000e+00]
[9.00000000e+00 5.62000000e+02 1.85595233e-01 4.00000000e+00]
[5.83000000e+02 5.86000000e+02 1.85735877e-01 1.40000000e+01]
[5.32000000e+02 4.77000000e+02 1.88025421e-01 2.00000000e+00]
[3.48000000e+02 3.67000000e+02 1.92651364e-01 2.00000000e+00]
[5.9100000e+02 2.0400000e+02 1.9718722e-01 7.0000000e+00]
[2.19000000e+02 4.54000000e+02 1.97835799e-01 2.00000000e+00]
[9.20000000e+01 2.69000000e+02 2.02205018e-01 2.00000000e+00]
[2.47000000e+02 2.49000000e+02 2.05691869e-01 2.00000000e+00]
[4.92000000e+02 5.23000000e+02 2.06576291e-01 2.00000000e+00]
[6.07000000e+02 1.54000000e+02 2.10150237e-01 1.50000000e+01]
[5.80000000e+02 2.25000000e+02 2.10383341e-01 3.00000000e+00]
[2.30000000e+02 6.08000000e+02 2.11731853e-01 3.00000000e+00]
[2.10000000e+02 3.83000000e+02 2.16439157e-01 2.00000000e+00]
[ 62.         180.           0.21802634   2.        ]
[6.30000000e+01 4.26000000e+02 2.22793603e-01 2.00000000e+00]
[3.97000000e+02 4.44000000e+02 2.26566363e-01 2.00000000e+00]
[3.96000000e+02 4.14000000e+02 2.31510474e-01 2.00000000e+00]
[ 33.         122.           0.23155899   2.        ]
[1.70000000e+01 2.83000000e+02 2.31985745e-01 2.00000000e+00]
[65.         76.          0.23260145  2.        ]
[2.76000000e+02 3.45000000e+02 2.36501911e-01 2.00000000e+00]
[3.27000000e+02 5.38000000e+02 2.37957707e-01 2.00000000e+00]
[ 87.         153.           0.24190542   2.        ]
[6.15000000e+02 3.28000000e+02 2.43584136e-01 1.60000000e+01]
[ 73.         200.           0.24526085   2.        ]
[2.0700000e+02 2.5600000e+02 2.4701404e-01 2.0000000e+00]
[4.15000000e+02 4.60000000e+02 2.47252331e-01 2.00000000e+00]
[4.10000000e+01 3.82000000e+02 2.48380718e-01 2.00000000e+00]
[5.79000000e+02 5.99000000e+02 2.48875027e-01 1.00000000e+01]
[6.29000000e+02 2.39000000e+02 2.51162505e-01 1.70000000e+01]
[185.         195.           0.25348435   2.        ]
[3.6600000e+02 5.1700000e+02 2.5465216e-01 2.0000000e+00]
[3.4600000e+02 4.3800000e+02 2.5633776e-01 2.0000000e+00]
[1.44000000e+02 5.60000000e+02 2.58263061e-01 3.00000000e+00]
[4.18000000e+02 4.61000000e+02 2.58874699e-01 2.00000000e+00]
[1.55000000e+02 2.85000000e+02 2.62629562e-01 2.00000000e+00]
[2.97000000e+02 4.27000000e+02 2.65471299e-01 2.00000000e+00]
[4.28000000e+02 6.23000000e+02 2.65995207e-01 3.00000000e+00]
[5.47000000e+02 3.24000000e+02 2.67779431e-01 7.00000000e+00]
[6.10000000e+02 6.28000000e+02 2.67885769e-01 9.00000000e+00]
[6.02000000e+02 2.33000000e+02 2.68603468e-01 4.00000000e+00]
[2.90000000e+01 4.86000000e+02 2.69241065e-01 2.00000000e+00]
[ 20.         119.           0.26949152   2.        ]
[1.60000000e+01 4.39000000e+02 2.72045644e-01 2.00000000e+00]
[5.97000000e+02 1.50000000e+02 2.76374129e-01 3.00000000e+00]
[6.43000000e+02 5.28000000e+02 2.78401244e-01 4.00000000e+00]
[2.90000000e+02 5.30000000e+02 2.81081353e-01 2.00000000e+00]
[6.06000000e+02 1.56000000e+02 2.82260372e-01 5.00000000e+00]
[6.34000000e+02 3.34000000e+02 2.83256679e-01 1.10000000e+01]
[ 19.         104.           0.28492092   2.        ]
[5.9600000e+02 5.8900000e+02 2.8559916e-01 8.0000000e+00]
[9.80000000e+01 6.41000000e+02 2.85903913e-01 3.00000000e+00]
[3.81000000e+02 4.05000000e+02 2.89701426e-01 2.00000000e+00]
[2.13000000e+02 3.86000000e+02 2.96988305e-01 2.00000000e+00]
[1.4000000e+01 4.3300000e+02 3.0088898e-01 2.0000000e+00]
[6.3500000e+02 4.4800000e+02 3.0255696e-01 1.8000000e+01]
[3.9300000e+02 5.1100000e+02 3.0292267e-01 2.0000000e+00]
[6.5100000e+02 5.1200000e+02 3.0521941e-01 5.0000000e+00]
[6.33000000e+02 5.20000000e+01 3.05282864e-01 3.00000000e+00]
[8.00000000e+01 4.09000000e+02 3.07769409e-01 2.00000000e+00]
[6.54000000e+02 7.00000000e+01 3.08842553e-01 1.20000000e+01]
[2.4800000e+02 5.1600000e+02 3.1140253e-01 2.0000000e+00]
[3.18000000e+02 5.09000000e+02 3.14086331e-01 2.00000000e+00]
[5.98000000e+02 1.86000000e+02 3.14512144e-01 4.00000000e+00]
[6.5600000e+02 6.4400000e+02 3.1561832e-01 1.5000000e+01]
[6.46000000e+02 6.19000000e+02 3.16391706e-01 6.00000000e+00]
[ 27.         172.           0.31748107   2.        ]
[5.00000000e+00 6.31000000e+02 3.18370088e-01 3.00000000e+00]
[6.48000000e+02 3.80000000e+01 3.24227903e-01 3.00000000e+00]
[3.70000000e+01 6.11000000e+02 3.31537666e-01 3.00000000e+00]
[6.61000000e+02 1.94000000e+02 3.32427057e-01 1.90000000e+01]
[5.42000000e+02 6.26000000e+02 3.33083063e-01 4.00000000e+00]
[6.76000000e+02 2.52000000e+02 3.38619531e-01 2.00000000e+01]
[6.53000000e+02 1.99000000e+02 3.40514948e-01 6.00000000e+00]
[5.90000000e+01 6.45000000e+02 3.42235263e-01 1.00000000e+01]
[1.150000e+02 6.710000e+02 3.442322e-01 7.000000e+00]
[5.75000000e+02 1.51000000e+02 3.44775131e-01 3.00000000e+00]
[1.32000000e+02 3.72000000e+02 3.46520695e-01 2.00000000e+00]
[1.57000000e+02 4.95000000e+02 3.46846811e-01 2.00000000e+00]
[3.56000000e+02 4.67000000e+02 3.48209824e-01 2.00000000e+00]
[6.66000000e+02 6.55000000e+02 3.52007653e-01 1.40000000e+01]
[6.49000000e+02 2.30000000e+01 3.53226009e-01 3.00000000e+00]
[ 34.         275.           0.35435878   2.        ]
[5.73000000e+02 6.57000000e+02 3.60144757e-01 5.00000000e+00]
[6.78000000e+02 1.60000000e+02 3.60903952e-01 2.10000000e+01]
[6.89000000e+02 3.58000000e+02 3.61470729e-01 6.00000000e+00]
[202.         333.           0.36531379   2.        ]
[4.2000000e+01 4.8400000e+02 3.6912681e-01 2.0000000e+00]
[6.6000000e+01 5.5600000e+02 3.6930143e-01 3.0000000e+00]
[6.70000000e+02 3.40000000e+02 3.70255295e-01 1.60000000e+01]
[6.86000000e+02 4.69000000e+02 3.70353021e-01 1.50000000e+01]
[335.         338.           0.37444201   2.        ]
[6.1200000e+02 1.9200000e+02 3.7544275e-01 3.0000000e+00]
[2.27000000e+02 6.95000000e+02 3.79013388e-01 1.70000000e+01]
[4.08000000e+02 4.50000000e+02 3.79615369e-01 2.00000000e+00]
[6.63000000e+02 5.92000000e+02 3.80888731e-01 7.00000000e+00]
[2.37000000e+02 4.90000000e+02 3.81762604e-01 2.00000000e+00]
[2.59000000e+02 4.91000000e+02 3.82930161e-01 2.00000000e+00]
[4.51000000e+02 5.08000000e+02 3.83345315e-01 2.00000000e+00]
[3.65000000e+02 4.43000000e+02 3.86731246e-01 2.00000000e+00]
[313.       378.         0.387071   2.      ]
[1.00000000e+01 6.16000000e+02 3.88795364e-01 4.00000000e+00]
[ 58.         263.           0.39139943   2.        ]
[6.73000000e+02 6.96000000e+02 3.94593057e-01 1.80000000e+01]
[6.79000000e+02 6.69000000e+02 3.94752845e-01 1.00000000e+01]
[1.73000000e+02 4.87000000e+02 3.96785413e-01 2.00000000e+00]
[6.74000000e+02 6.50000000e+02 3.98085597e-01 6.00000000e+00]
[6.93000000e+02 4.88000000e+02 3.98790435e-01 3.00000000e+00]
[1.42000000e+02 5.19000000e+02 3.99383475e-01 2.00000000e+00]
[6.75000000e+02 3.50000000e+02 3.99405888e-01 4.00000000e+00]
[4.40000000e+01 4.52000000e+02 4.00776567e-01 2.00000000e+00]
[6.90000000e+02 3.50000000e+01 4.00904814e-01 2.20000000e+01]
[6.81000000e+02 2.08000000e+02 4.02100105e-01 8.00000000e+00]
[7.17000000e+02 4.63000000e+02 4.05719559e-01 2.30000000e+01]
[3.21000000e+02 7.01000000e+02 4.06511669e-01 8.00000000e+00]
[7.09000000e+02 6.88000000e+02 4.08115274e-01 2.00000000e+01]
[6.87000000e+02 7.15000000e+02 4.10794398e-01 7.00000000e+00]
[6.99000000e+02 7.03000000e+02 4.11083659e-01 1.90000000e+01]
[1.37000000e+02 4.53000000e+02 4.12012819e-01 2.00000000e+00]
[ 25.         404.           0.41425519   2.        ]
[2.72000000e+02 7.22000000e+02 4.14643606e-01 8.00000000e+00]
[7.21000000e+02 2.65000000e+02 4.22308611e-01 2.10000000e+01]
[2.50000000e+02 4.42000000e+02 4.22900056e-01 2.00000000e+00]
[2.78000000e+02 7.20000000e+02 4.23029817e-01 9.00000000e+00]
[193.         279.           0.42380423   2.        ]
[7.10000000e+01 4.62000000e+02 4.26382192e-01 2.00000000e+00]
[118.         374.           0.42888858   2.        ]
[7.19000000e+02 1.82000000e+02 4.28957067e-01 2.40000000e+01]
[11.         15.          0.42923161  2.        ]
[6.91000000e+02 2.55000000e+02 4.29763167e-01 7.00000000e+00]
[6.8300000e+02 2.4400000e+02 4.3053912e-01 3.0000000e+00]
[5.84000000e+02 3.60000000e+02 4.32426694e-01 3.00000000e+00]
[7.12000000e+02 7.23000000e+02 4.34095532e-01 2.50000000e+01]
[6.6800000e+02 5.1300000e+02 4.3449567e-01 3.0000000e+00]
[ 82.         127.           0.43635742   2.        ]
[6.80000000e+02 1.74000000e+02 4.36831233e-01 1.10000000e+01]
[4.60000000e+01 6.20000000e+02 4.37014092e-01 3.00000000e+00]
[6.82000000e+02 3.95000000e+02 4.41889233e-01 4.00000000e+00]
[2.32000000e+02 6.14000000e+02 4.44063854e-01 3.00000000e+00]
[6.77000000e+02 5.41000000e+02 4.44382119e-01 7.00000000e+00]
[1.39000000e+02 7.26000000e+02 4.45688587e-01 9.00000000e+00]
[280.         117.           0.44632961   2.        ]
[183.         347.           0.44815931   2.        ]
[7.33000000e+02 8.30000000e+01 4.49129512e-01 2.50000000e+01]
[1.88000000e+02 6.27000000e+02 4.49924796e-01 3.00000000e+00]
[ 88.         435.           0.45090016   2.        ]
[7.49000000e+02 3.91000000e+02 4.51718356e-01 2.60000000e+01]
[1.34000000e+02 5.39000000e+02 4.55798321e-01 2.00000000e+00]
[6.00000000e+02 1.00000000e+02 4.58705828e-01 3.00000000e+00]
[6.62000000e+02 7.10000000e+02 4.58830618e-01 1.20000000e+01]
[6.37000000e+02 3.71000000e+02 4.59431475e-01 3.00000000e+00]
[1.80000000e+01 7.38000000e+02 4.60441064e-01 2.60000000e+01]
[106.         158.           0.46257035   2.        ]
[7.02000000e+02 4.10000000e+02 4.63899075e-01 3.00000000e+00]
[7.29000000e+02 3.57000000e+02 4.66623775e-01 1.00000000e+01]
[4.65000000e+02 7.42000000e+02 4.66909093e-01 4.00000000e+00]
[7.18000000e+02 6.92000000e+02 4.67591695e-01 1.00000000e+01]
[370.        459.          0.4686339   2.       ]
[7.52000000e+02 3.31000000e+02 4.69254472e-01 2.70000000e+01]
[6.84000000e+02 2.84000000e+02 4.70054877e-01 3.00000000e+00]
[4.83000000e+02 7.28000000e+02 4.72676369e-01 3.00000000e+00]
[6.67000000e+02 4.12000000e+02 4.72765118e-01 3.00000000e+00]
[1.68000000e+02 5.67000000e+02 4.74075274e-01 3.00000000e+00]
[7.06000000e+02 5.21000000e+02 4.74262814e-01 3.00000000e+00]
[6.7000000e+01 7.4500000e+02 4.7467279e-01 8.0000000e+00]
[6.25000000e+02 6.58000000e+02 4.75637131e-01 4.00000000e+00]
[7.41000000e+02 6.98000000e+02 4.79093778e-01 1.40000000e+01]
[3.61000000e+02 5.27000000e+02 4.79292987e-01 2.00000000e+00]
[5.55000000e+02 5.06000000e+02 4.79902859e-01 3.00000000e+00]
[7.07000000e+02 1.62000000e+02 4.80903954e-01 5.00000000e+00]
[4.5000000e+01 7.3600000e+02 4.8100853e-01 4.0000000e+00]
[167.         434.           0.48108159   2.        ]
[120.         163.           0.48119979   2.        ]
[ 75.        485.          0.4856361   2.       ]
[6.97000000e+02 7.79000000e+02 4.86688755e-01 4.00000000e+00]
[ 55.         107.           0.48829369   2.        ]
[6.17000000e+02 7.60000000e+02 4.88875203e-01 1.30000000e+01]
[7.35000000e+02 6.09000000e+02 4.89788167e-01 9.00000000e+00]
[5.1000000e+01 6.1300000e+02 4.9204756e-01 3.0000000e+00]
[7.27000000e+02 2.64000000e+02 4.92234385e-01 2.20000000e+01]
[7.24000000e+02 7.54000000e+02 4.92608753e-01 5.00000000e+00]
[2.6000000e+02 7.6100000e+02 4.9273988e-01 5.0000000e+00]
[3.84000000e+02 6.40000000e+02 4.93065704e-01 3.00000000e+00]
[7.46000000e+02 7.50000000e+02 4.93159916e-01 1.20000000e+01]
[3.20000000e+01 7.89000000e+02 4.96030762e-01 1.30000000e+01]
[7.34000000e+02 5.04000000e+02 4.97637696e-01 3.00000000e+00]
[7.57000000e+02 1.38000000e+02 4.99130333e-01 2.70000000e+01]
[1.12000000e+02 7.62000000e+02 4.99455342e-01 1.10000000e+01]
[7.64000000e+02 7.00000000e+02 4.99655776e-01 2.90000000e+01]
[3.44000000e+02 5.26000000e+02 5.00678094e-01 2.00000000e+00]
[ 60.         337.           0.50203567   2.        ]
[7.92000000e+02 2.94000000e+02 5.03524285e-01 2.80000000e+01]
[5.37000000e+02 6.39000000e+02 5.03944403e-01 4.00000000e+00]
[7.13000000e+02 1.26000000e+02 5.03961448e-01 4.00000000e+00]
[7.25000000e+02 2.24000000e+02 5.06096058e-01 3.00000000e+00]
[7.97000000e+02 7.70000000e+02 5.08138546e-01 3.60000000e+01]
[2.22000000e+02 5.10000000e+02 5.08768502e-01 2.00000000e+00]
[1.46000000e+02 7.94000000e+02 5.09150333e-01 3.00000000e+01]
[7.85000000e+02 2.66000000e+02 5.09471492e-01 2.30000000e+01]
[7.40000000e+02 7.48000000e+02 5.09628267e-01 4.00000000e+00]
[7.80000000e+02 7.68000000e+02 5.11311543e-01 7.00000000e+00]
[7.74000000e+02 7.82000000e+02 5.12826413e-01 1.60000000e+01]
[4.70000000e+01 5.95000000e+02 5.17677511e-01 3.00000000e+00]
[7.86000000e+02 7.65000000e+02 5.18075877e-01 8.00000000e+00]
[1.97000000e+02 7.66000000e+02 5.18135321e-01 4.00000000e+00]
[5.94000000e+02 7.83000000e+02 5.18630245e-01 1.10000000e+01]
[ 53.         231.           0.51898847   2.        ]
[4.80000000e+01 8.01000000e+02 5.19256858e-01 3.70000000e+01]
[5.87000000e+02 1.75000000e+02 5.21312587e-01 3.00000000e+00]
[7.87000000e+02 7.04000000e+02 5.22996885e-01 7.00000000e+00]
[3.87000000e+02 8.13000000e+02 5.24022881e-01 3.80000000e+01]
[7.53000000e+02 8.09000000e+02 5.28395276e-01 1.00000000e+01]
[6.90000000e+01 7.47000000e+02 5.28452474e-01 3.00000000e+00]
[6.36000000e+02 6.38000000e+02 5.28543891e-01 4.00000000e+00]
[ 39.        432.          0.5293882   2.       ]
[2.60000000e+01 7.84000000e+02 5.29748671e-01 4.00000000e+00]
[2.80000000e+01 8.06000000e+02 5.30029386e-01 8.00000000e+00]
[8.03000000e+02 7.88000000e+02 5.30277715e-01 3.30000000e+01]
[7.71000000e+02 7.90000000e+02 5.30895773e-01 1.70000000e+01]
[8.23000000e+02 1.84000000e+02 5.30912684e-01 3.40000000e+01]
[203.         362.           0.53251765   2.        ]
[6.52000000e+02 4.03000000e+02 5.32893188e-01 3.00000000e+00]
[7.32000000e+02 3.85000000e+02 5.35659825e-01 3.00000000e+00]
[189.         535.           0.53773934   2.        ]
[373.         479.           0.53798124   2.        ]
[7.91000000e+02 1.16000000e+02 5.42502497e-01 4.00000000e+00]
[7.14000000e+02 5.07000000e+02 5.44344913e-01 3.00000000e+00]
[3.32000000e+02 6.32000000e+02 5.44472592e-01 3.00000000e+00]
[7.81000000e+02 7.72000000e+02 5.44635022e-01 1.60000000e+01]
[3.60000000e+01 7.51000000e+02 5.44667545e-01 3.00000000e+00]
[449.         482.           0.54630725   2.        ]
[6.6000000e+02 3.6300000e+02 5.4901478e-01 3.0000000e+00]
[1.02000000e+02 8.11000000e+02 5.49775571e-01 1.20000000e+01]
[3.49000000e+02 8.16000000e+02 5.50173924e-01 3.90000000e+01]
[1.91000000e+02 8.08000000e+02 5.50929615e-01 4.00000000e+00]
[8.2400000e+02 2.5400000e+02 5.5140182e-01 1.8000000e+01]
[326.         420.           0.55219715   2.        ]
[6.22000000e+02 4.17000000e+02 5.52502315e-01 3.00000000e+00]
[8.15000000e+02 8.22000000e+02 5.52585296e-01 1.50000000e+01]
[6.65000000e+02 1.41000000e+02 5.54122671e-01 3.00000000e+00]
[6.94000000e+02 6.30000000e+02 5.54501986e-01 5.00000000e+00]
[7.76000000e+02 2.38000000e+02 5.56790829e-01 5.00000000e+00]
[7.43000000e+02 1.59000000e+02 5.56921961e-01 5.00000000e+00]
[241.        243.          0.5572381   2.       ]
[8.18000000e+02 8.17000000e+02 5.57639601e-01 1.30000000e+01]
[8.47000000e+02 4.24000000e+02 5.58136577e-01 6.00000000e+00]
[235.         524.           0.56079288   2.        ]
[7.31000000e+02 6.85000000e+02 5.63532325e-01 4.00000000e+00]
[6.1800000e+02 5.1400000e+02 5.6389895e-01 3.0000000e+00]
[8.00000000e+02 7.98000000e+02 5.64545689e-01 7.00000000e+00]
[343.         422.           0.56455219   2.        ]
[8.12000000e+02 4.01000000e+02 5.66160903e-01 3.00000000e+00]
[7.3900000e+02 8.0700000e+02 5.6747965e-01 1.9000000e+01]
[8.44000000e+02 8.19000000e+02 5.69316697e-01 1.90000000e+01]
[0.0000000e+00 5.8100000e+02 5.7003343e-01 3.0000000e+00]
[8.21000000e+02 3.52000000e+02 5.71635685e-01 5.00000000e+00]
[9.60000000e+01 8.59000000e+02 5.72405085e-01 2.00000000e+01]
[7.9500000e+02 4.5500000e+02 5.7515254e-01 3.0000000e+00]
[7.08000000e+02 1.98000000e+02 5.75264847e-01 3.00000000e+00]
[1.33000000e+02 7.67000000e+02 5.75604035e-01 4.00000000e+00]
[398.         399.           0.57621201   2.        ]
[8.43000000e+02 4.30000000e+02 5.77710761e-01 4.00000000e+00]
[6.72000000e+02 8.27000000e+02 5.78334793e-01 5.00000000e+00]
[8.05000000e+02 8.25000000e+02 5.82289593e-01 3.80000000e+01]
[8.33000000e+02 4.72000000e+02 5.82325007e-01 4.00000000e+00]
[8.38000000e+02 8.10000000e+02 5.83263505e-01 1.60000000e+01]
[8.41000000e+02 3.54000000e+02 5.84930052e-01 1.90000000e+01]
[8.50000000e+02 8.71000000e+02 5.85810979e-01 2.90000000e+01]
[8.72000000e+02 2.96000000e+02 5.87777997e-01 2.00000000e+01]
[8.6200000e+02 7.9600000e+02 5.8894314e-01 2.2000000e+01]
[57.         97.          0.58908174  2.        ]
[  7.         478.           0.58908188   2.        ]
[3.10000000e+01 8.40000000e+02 5.91611768e-01 5.00000000e+00]
[8.14000000e+02 3.89000000e+02 5.92291635e-01 4.00000000e+00]
[2.99000000e+02 8.73000000e+02 5.92980951e-01 3.00000000e+01]
[6.59000000e+02 8.26000000e+02 5.95089036e-01 4.00000000e+00]
[7.77000000e+02 7.55000000e+02 5.95759027e-01 1.40000000e+01]
[306.         446.           0.59593792   2.        ]
[7.59000000e+02 8.58000000e+02 5.96294205e-01 2.20000000e+01]
[8.32000000e+02 7.56000000e+02 5.96817045e-01 6.00000000e+00]
[7.30000000e+02 7.44000000e+02 5.97357214e-01 5.00000000e+00]
[1.11000000e+02 8.39000000e+02 6.00732474e-01 4.00000000e+01]
[3.10000000e+02 8.75000000e+02 6.00957942e-01 2.30000000e+01]
[258.         456.           0.60112858   2.        ]
[7.99000000e+02 4.98000000e+02 6.01250509e-01 5.00000000e+00]
[4.96000000e+02 8.69000000e+02 6.02382791e-01 3.90000000e+01]
[7.75000000e+02 2.68000000e+02 6.06061371e-01 6.00000000e+00]
[8.74000000e+02 2.73000000e+02 6.07349974e-01 2.10000000e+01]
[8.49000000e+02 8.80000000e+02 6.08678301e-01 3.20000000e+01]
[8.2900000e+02 4.5700000e+02 6.0914244e-01 3.0000000e+00]
[493.         529.           0.60926028   2.        ]
[8.79000000e+02 3.75000000e+02 6.17556826e-01 5.00000000e+00]
[8.55000000e+02 8.84000000e+02 6.19893096e-01 2.90000000e+01]
[8.82000000e+02 8.88000000e+02 6.21040487e-01 3.70000000e+01]
[8.68000000e+02 4.40000000e+02 6.21212277e-01 6.00000000e+00]
[5.01000000e+02 8.87000000e+02 6.22818601e-01 4.10000000e+01]
[8.64000000e+02 8.67000000e+02 6.22872087e-01 7.00000000e+00]
[8.81000000e+02 4.71000000e+02 6.23044775e-01 5.00000000e+00]
[6.64000000e+02 8.86000000e+02 6.25232476e-01 8.00000000e+00]
[7.16000000e+02 8.57000000e+02 6.27951926e-01 5.00000000e+00]
[287.         330.           0.62871349   2.        ]
[8.60000000e+02 8.54000000e+02 6.29429915e-01 6.00000000e+00]
[8.70000000e+02 8.93000000e+02 6.30058364e-01 2.50000000e+01]
[8.04000000e+02 8.91000000e+02 6.30088911e-01 6.20000000e+01]
[8.35000000e+02 2.28000000e+02 6.32318041e-01 4.00000000e+00]
[7.93000000e+02 9.08000000e+02 6.32631789e-01 3.60000000e+01]
[8.99000000e+02 4.25000000e+02 6.32885905e-01 3.80000000e+01]
[7.05000000e+02 8.31000000e+02 6.33164839e-01 6.00000000e+00]
[8.37000000e+02 8.53000000e+02 6.33650032e-01 7.00000000e+00]
[8.42000000e+02 8.56000000e+02 6.34667812e-01 4.00000000e+00]
[6.03000000e+02 8.94000000e+02 6.35375167e-01 3.40000000e+01]
[8.2000000e+02 8.3600000e+02 6.3636588e-01 4.0000000e+00]
[9.00000000e+02 6.47000000e+02 6.36913872e-01 8.00000000e+00]
[8.61000000e+02 1.10000000e+02 6.39248448e-01 6.00000000e+00]
[8.98000000e+02 6.42000000e+02 6.39974093e-01 3.10000000e+01]
[8.02000000e+02 9.11000000e+02 6.45336107e-01 3.80000000e+01]
[8.78000000e+02 9.16000000e+02 6.47868521e-01 3.90000000e+01]
[  2.         341.           0.65086005   2.        ]
[6.01000000e+02 8.96000000e+02 6.51617969e-01 4.00000000e+00]
[9.22000000e+02 4.64000000e+02 6.51823728e-01 4.00000000e+01]
[9.03000000e+02 4.31000000e+02 6.51889986e-01 6.00000000e+00]
[8.76000000e+02 2.26000000e+02 6.52003489e-01 3.00000000e+00]
[355.         441.           0.65288272   2.        ]
[3.51000000e+02 9.13000000e+02 6.55414258e-01 7.00000000e+00]
[376.         494.           0.65728705   2.        ]
[190.         293.           0.65750638   2.        ]
[7.58000000e+02 9.20000000e+02 6.60665202e-01 3.30000000e+01]
[9.10000000e+02 8.30000000e+02 6.61904676e-01 6.00000000e+00]
[8.50000000e+01 8.92000000e+02 6.62374012e-01 7.00000000e+00]
[9.18000000e+02 4.16000000e+02 6.62386548e-01 9.00000000e+00]
[9.09000000e+02 7.11000000e+02 6.62410606e-01 6.40000000e+01]
[8.4500000e+02 8.9700000e+02 6.6338159e-01 8.0000000e+00]
[8.77000000e+02 5.20000000e+02 6.66839167e-01 3.00000000e+00]
[1.61000000e+02 9.12000000e+02 6.68140549e-01 3.90000000e+01]
[8.4600000e+02 9.0100000e+02 6.7210948e-01 4.6000000e+01]
[8.48000000e+02 9.21000000e+02 6.73851591e-01 4.30000000e+01]
[7.70000000e+01 9.41000000e+02 6.75194993e-01 4.40000000e+01]
[9.07000000e+02 9.40000000e+02 6.76015765e-01 5.20000000e+01]
[7.37000000e+02 5.31000000e+02 6.76637527e-01 4.00000000e+00]
[6.24000000e+02 9.25000000e+02 6.77369421e-01 4.20000000e+01]
[2.11000000e+02 9.36000000e+02 6.77428046e-01 6.50000000e+01]
[ 56.         353.           0.67805591   2.        ]
[2.5300000e+02 7.6900000e+02 6.8006332e-01 4.0000000e+00]
[9.15000000e+02 9.39000000e+02 6.81374131e-01 4.30000000e+01]
[9.46000000e+02 5.05000000e+02 6.81865946e-01 6.60000000e+01]
[8.51000000e+02 1.05000000e+02 6.83486967e-01 7.00000000e+00]
[9.02000000e+02 1.79000000e+02 6.85201027e-01 8.00000000e+00]
[8.52000000e+02 9.43000000e+02 6.85978736e-01 5.40000000e+01]
[8.83000000e+02 8.95000000e+02 6.87664732e-01 5.00000000e+00]
[9.32000000e+02 9.04000000e+02 6.88878431e-01 4.10000000e+01]
[267.         419.           0.69196854   2.        ]
[7.78000000e+02 2.23000000e+02 6.95951821e-01 3.00000000e+00]
[3.90000000e+02 8.85000000e+02 7.01150869e-01 7.00000000e+00]
[ 94.         215.           0.70320737   2.        ]
[9.35000000e+02 3.04000000e+02 7.03698626e-01 1.00000000e+01]
[9.1700000e+02 9.2900000e+02 7.0373787e-01 1.1000000e+01]
[9.19000000e+02 9.49000000e+02 7.05738432e-01 4.90000000e+01]
[9.4700000e+02 9.2700000e+02 7.0579249e-01 5.0000000e+00]
[9.33000000e+02 9.55000000e+02 7.07637013e-01 4.70000000e+01]
[9.45000000e+02 3.88000000e+02 7.08917906e-01 4.30000000e+01]
[8.00000000e+00 9.34000000e+02 7.12471419e-01 8.00000000e+00]
[8.90000000e+02 9.30000000e+02 7.12651719e-01 7.00000000e+00]
[9.42000000e+02 9.48000000e+02 7.13123601e-01 4.80000000e+01]
[7.90000000e+01 9.53000000e+02 7.15622543e-01 5.50000000e+01]
[9.68000000e+02 8.89000000e+02 7.16131047e-01 5.00000000e+01]
[9.26000000e+02 9.51000000e+02 7.16347383e-01 1.30000000e+01]
[9.56000000e+02 7.63000000e+02 7.17180948e-01 4.00000000e+00]
[4.76000000e+02 9.67000000e+02 7.20419156e-01 8.00000000e+00]
[149.         181.           0.72204925   2.        ]
[4.3000000e+01 9.5000000e+02 7.2228636e-01 6.7000000e+01]
[2.92000000e+02 9.73000000e+02 7.28560266e-01 9.00000000e+00]
[9.70000000e+02 2.82000000e+02 7.29268028e-01 5.10000000e+01]
[8.65000000e+02 9.62000000e+02 7.32115799e-01 5.30000000e+01]
[9.65000000e+02 1.14000000e+02 7.34898775e-01 4.40000000e+01]
[9.6000000e+02 9.6100000e+02 7.3601718e-01 2.1000000e+01]
[8.34000000e+02 1.77000000e+02 7.37269714e-01 1.70000000e+01]
[9.64000000e+02 3.25000000e+02 7.37765966e-01 4.80000000e+01]
[9.71000000e+02 9.14000000e+02 7.37845524e-01 2.00000000e+01]
[9.37000000e+02 9.24000000e+02 7.38595144e-01 1.20000000e+01]
[2.20000000e+01 9.83000000e+02 7.39195445e-01 2.10000000e+01]
[9.63000000e+02 2.17000000e+02 7.42553098e-01 6.00000000e+00]
[9.57000000e+02 9.80000000e+02 7.44417031e-01 2.40000000e+01]
[466.         500.           0.74450601   2.        ]
[9.79000000e+02 9.78000000e+02 7.47710161e-01 9.70000000e+01]
[1.30000000e+01 9.31000000e+02 7.48625165e-01 3.00000000e+00]
[9.38000000e+02 9.89000000e+02 7.50537314e-01 1.00000000e+02]
[5.25000000e+02 9.54000000e+02 7.51457793e-01 6.00000000e+00]
[8.66000000e+02 9.75000000e+02 7.54777085e-01 6.90000000e+01]
[9.85000000e+02 9.74000000e+02 7.57571439e-01 2.30000000e+01]
[9.66000000e+02 9.69000000e+02 7.60463472e-01 6.30000000e+01]
[4.11000000e+02 9.77000000e+02 7.61570483e-01 5.20000000e+01]
[2.86000000e+02 9.06000000e+02 7.61694214e-01 3.00000000e+00]
[8.28000000e+02 9.93000000e+02 7.63659621e-01 7.20000000e+01]
[1.31000000e+02 8.63000000e+02 7.65249761e-01 4.00000000e+00]
[257.         407.           0.76628213   2.        ]
[8.40000000e+01 9.87000000e+02 7.70234565e-01 2.50000000e+01]
[9.05000000e+02 4.99000000e+02 7.71245298e-01 6.00000000e+00]
[ 99.         470.           0.78448093   2.        ]
[4.21000000e+02 9.58000000e+02 7.84961841e-01 8.00000000e+00]
[9.52000000e+02 3.64000000e+02 7.86503829e-01 9.00000000e+00]
[1.00200000e+03 9.76000000e+02 7.89624633e-01 1.50000000e+01]
[9.96000000e+02 9.95000000e+02 7.91580937e-01 1.15000000e+02]
[1.66000000e+02 1.00100000e+03 7.93701864e-01 2.60000000e+01]
[9.94000000e+02 3.68000000e+02 7.93960549e-01 2.40000000e+01]
[4.75000000e+02 9.98000000e+02 7.98599839e-01 7.30000000e+01]
[9.84000000e+02 5.36000000e+02 7.98654756e-01 1.30000000e+01]
[1.00500000e+03 9.59000000e+02 8.05424299e-01 1.10000000e+01]
[1.00800000e+03 9.91000000e+02 8.08343818e-01 1.26000000e+02]
[9.82000000e+02 1.01000000e+03 8.08816924e-01 1.21000000e+02]
[242.         458.           0.80950588   2.        ]
[1.00900000e+03 1.00700000e+03 8.13433016e-01 1.39000000e+02]
[101.         312.           0.82065313   2.        ]
[9.28000000e+02 1.01300000e+03 8.23215512e-01 1.28000000e+02]
[1.00300000e+03 9.72000000e+02 8.29312267e-01 6.00000000e+00]
[1.00400000e+03 9.86000000e+02 8.30895493e-01 1.40000000e+01]
[1.00600000e+03 2.81000000e+02 8.32163409e-01 1.60000000e+01]
[9.81000000e+02 2.01000000e+02 8.32952459e-01 1.80000000e+01]
[582.         474.           0.83690407   3.        ]
[9.900000e+02 1.018000e+03 8.378506e-01 1.310000e+02]
[1.02100000e+03 3.11000000e+02 8.42725904e-01 1.70000000e+01]
[1.01400000e+03 3.92000000e+02 8.46752765e-01 1.22000000e+02]
[1.87000000e+02 9.88000000e+02 8.50469382e-01 3.00000000e+00]
[5.3400000e+02 1.0200000e+03 8.5817041e-01 1.5000000e+01]
[6.04000000e+02 1.02600000e+03 8.58517594e-01 1.24000000e+02]
[1.01500000e+03 9.92000000e+02 8.58859658e-01 8.00000000e+00]
[1.01600000e+03 9.97000000e+02 8.59110164e-01 1.42000000e+02]
[1.0000000e+03 3.1400000e+02 8.6178199e-01 3.0000000e+00]
[1.0190000e+03 1.0310000e+03 8.6357494e-01 1.4800000e+02]
[9.99000000e+02 9.44000000e+02 8.63896085e-01 8.00000000e+00]
[1.02500000e+03 1.03300000e+03 8.64120981e-01 1.65000000e+02]
[5.1500000e+02 1.0280000e+03 8.6987672e-01 1.6000000e+01]
[1.03500000e+03 7.73000000e+02 8.70763932e-01 1.67000000e+02]
[9.23000000e+02 6.05000000e+02 8.77776958e-01 4.00000000e+00]
[1.03700000e+03 1.71000000e+02 8.88128948e-01 1.68000000e+02]
[2.88000000e+02 1.03600000e+03 8.94012341e-01 1.70000000e+01]
[1.02400000e+03 1.03400000e+03 8.94913234e-01 1.39000000e+02]
[1.04100000e+03 1.03200000e+03 8.99428505e-01 1.42000000e+02]
[3.23000000e+02 1.03000000e+03 9.09142758e-01 9.00000000e+00]
[1.03900000e+03 1.02200000e+03 9.19879496e-01 1.86000000e+02]
[1.02300000e+03 2.12000000e+02 9.20639065e-01 4.00000000e+00]
[1.20000000e+01 1.04400000e+03 9.23135597e-01 1.87000000e+02]
[319.         447.           0.93017065   2.        ]
[1.01200000e+03 3.42000000e+02 9.33098764e-01 1.20000000e+01]
[1.01100000e+03 1.02900000e+03 9.38786536e-01 1.37000000e+02]
[1.04200000e+03 1.04600000e+03 9.44561359e-01 3.29000000e+02]
[1.02700000e+03 3.79000000e+02 9.46833036e-01 4.00000000e+00]
[621.        502.          0.9517179   3.       ]
[ 89.         497.           0.95490801   2.        ]
[1.05000000e+03 2.89000000e+02 9.61583293e-01 3.30000000e+02]
[5.74000000e+02 1.04300000e+03 9.68069652e-01 1.10000000e+01]
[1.01700000e+03 1.05400000e+03 9.77477102e-01 3.32000000e+02]
[377.         533.           0.98647094   2.        ]
[1.04000000e+03 1.05600000e+03 1.01343996e+00 3.49000000e+02]
[2.34000000e+02 1.04700000e+03 1.02182431e+00 3.00000000e+00]
[1.05500000e+03 4.81000000e+02 1.02190215e+00 1.20000000e+01]
[1.05800000e+03 1.05200000e+03 1.03048032e+00 3.52000000e+02]
[1.0530000e+03 1.6900000e+02 1.0340957e+00 3.0000000e+00]
[1.04500000e+03 1.08000000e+02 1.04019795e+00 5.00000000e+00]
[1.04800000e+03 1.06100000e+03 1.04194439e+00 3.64000000e+02]
[1.0510000e+03 1.0590000e+03 1.0579035e+00 7.0000000e+00]
[1063.          316.            1.06917658    6.        ]
[1038.         1049.            1.07477128  141.        ]
[1060.          147.            1.07776068   13.        ]
[1066.         1057.            1.09608102    8.        ]
[1064.          277.            1.10356177  365.        ]
[1069.         1070.            1.11879817  373.        ]
[1071.         1062.            1.12948471  376.        ]
[1072.         1065.            1.14900745  383.        ]
[1067.           86.            1.16745841  142.        ]
[1073.        1068.           1.1762894  396.       ]
[1074.          145.            1.19206654  143.        ]
[1076.         1075.            1.21763705  539.        ]
[1077.         429.           1.3692322  540.       ]
