[  1. 216.   0.   2.]
[540. 113.   0.   3.]
[  6. 129.   0.   2.]
[64. 68.  0.  2.]
[543.  93.   0.   3.]
[544. 123.   0.   4.]
[545. 214.   0.   5.]
[546. 261.   0.   6.]
[ 78. 315.   0.   2.]
[ 95. 152.   0.   2.]
[549. 240.   0.   3.]
[550. 301.   0.   4.]
[551. 308.   0.   5.]
[552. 220.   0.   6.]
[307. 553.   0.   7.]
[ 90. 518.   0.   2.]
[103. 196.   0.   2.]
[270. 271.   0.   2.]
[557. 140.   0.   3.]
[300. 302.   0.   2.]
[359. 413.   0.   2.]
[5.54000000e+02 2.95000000e+02 5.72887609e-09 8.00000000e+00]
[5.48000000e+02 1.25000000e+02 9.93410746e-09 3.00000000e+00]
[8.10000000e+01 5.61000000e+02 1.47465514e-08 9.00000000e+00]
[1.36000000e+02 3.36000000e+02 1.49011612e-08 2.00000000e+00]
[5.59000000e+02 4.68000000e+02 1.89139771e-08 3.00000000e+00]
[5.58000000e+02 1.70000000e+02 2.09081399e-08 4.00000000e+00]
[7.20000000e+01 4.37000000e+02 2.35608046e-08 2.00000000e+00]
[2.05000000e+02 2.51000000e+02 2.58095683e-08 2.00000000e+00]
[5.00000000e+01 1.35000000e+02 2.98023224e-08 2.00000000e+00]
[5.69000000e+02 3.29000000e+02 2.98023224e-08 3.00000000e+00]
[7.40000000e+01 9.10000000e+01 2.98023224e-08 2.00000000e+00]
[5.71000000e+02 3.17000000e+02 2.98023224e-08 3.00000000e+00]
[1.78000000e+02 2.45000000e+02 2.98023224e-08 2.00000000e+00]
[2.40000000e+01 4.23000000e+02 3.33200094e-08 2.00000000e+00]
[6.10000000e+01 2.36000000e+02 3.94247668e-08 2.00000000e+00]
[5.72000000e+02 2.74000000e+02 6.32202728e-08 4.00000000e+00]
[4.00000000e+02 5.66000000e+02 8.36325598e-08 5.00000000e+00]
[3.80000000e+02 5.77000000e+02 7.35135062e-03 6.00000000e+00]
[4.00000000e+00 2.62000000e+02 7.97283029e-02 2.00000000e+00]
[2.06000000e+02 3.22000000e+02 8.80901384e-02 2.00000000e+00]
[2.18000000e+02 5.03000000e+02 9.15351476e-02 2.00000000e+00]
[21.         40.          0.09424761  2.        ]
[5.70000000e+02 1.30000000e+02 9.77663877e-02 4.00000000e+00]
[3.09000000e+02 3.94000000e+02 1.13554712e-01 2.00000000e+00]
[1.65000000e+02 2.91000000e+02 1.27329197e-01 2.00000000e+00]
[5.63000000e+02 4.80000000e+02 1.34295092e-01 1.00000000e+01]
[1.24000000e+02 3.05000000e+02 1.43956369e-01 2.00000000e+00]
[5.76000000e+02 1.21000000e+02 1.47711792e-01 5.00000000e+00]
[5.6500000e+02 5.6800000e+02 1.5219818e-01 5.0000000e+00]
[3.00000000e+00 2.21000000e+02 1.53378122e-01 2.00000000e+00]
[5.88000000e+02 1.64000000e+02 1.58186003e-01 6.00000000e+00]
[4.36000000e+02 5.22000000e+02 1.59304943e-01 2.00000000e+00]
[2.98000000e+02 5.78000000e+02 1.63388128e-01 7.00000000e+00]
[3.20000000e+02 4.06000000e+02 1.65856757e-01 2.00000000e+00]
[3.39000000e+02 4.73000000e+02 1.66913646e-01 2.00000000e+00]
[ 54.         148.           0.17029586   2.        ]
[5.64000000e+02 1.76000000e+02 1.71113989e-01 3.00000000e+00]
[4.90000000e+01 2.46000000e+02 1.75754914e-01 2.00000000e+00]
[1.43000000e+02 4.45000000e+02 1.77035229e-01 2.00000000e+00]
[1.28000000e+02 5.85000000e+02 1.77625635e-01 3.00000000e+00]
[3.00000000e+01 2.09000000e+02 1.80419571e-01 2.00000000e+00]
[3.03000000e+02 3.69000000e+02 1.81735907e-01 2.00000000e+00]
[1.09000000e+02 5.89000000e+02 1.84301348e-01 6.00000000e+00]
[4.02000000e+02 4.89000000e+02 1.84597774e-01 2.00000000e+00]
[9.00000000e+00 5.62000000e+02 1.85595233e-01 4.00000000e+00]
[5.83000000e+02 5.86000000e+02 1.85735877e-01 1.40000000e+01]
[5.32000000e+02 4.77000000e+02 1.88025421e-01 2.00000000e+00]
[3.48000000e+02 3.67000000e+02 1.92651364e-01 2.00000000e+00]
[5.93000000e+02 5.79000000e+02 1.93733295e-01 9.00000000e+00]
[5.9100000e+02 2.0400000e+02 1.9718722e-01 7.0000000e+00]
[2.19000000e+02 4.54000000e+02 1.97835799e-01 2.00000000e+00]
[9.20000000e+01 2.69000000e+02 2.02205018e-01 2.00000000e+00]
[2.47000000e+02 2.49000000e+02 2.05691869e-01 2.00000000e+00]
[4.92000000e+02 5.23000000e+02 2.06576291e-01 2.00000000e+00]
[2.29000000e+02 6.09000000e+02 2.08429227e-01 1.00000000e+01]
[6.06000000e+02 3.28000000e+02 2.10150237e-01 1.50000000e+01]
[5.80000000e+02 2.25000000e+02 2.10383341e-01 3.00000000e+00]
[2.30000000e+02 6.07000000e+02 2.11731853e-01 3.00000000e+00]
[6.1600000e+02 2.3900000e+02 2.1519563e-01 1.6000000e+01]
[2.10000000e+02 3.83000000e+02 2.16439157e-01 2.00000000e+00]
[ 62.         180.           0.21802634   2.        ]
[6.19000000e+02 1.54000000e+02 2.21362144e-01 1.70000000e+01]
[6.30000000e+01 4.26000000e+02 2.22793603e-01 2.00000000e+00]
[3.97000000e+02 4.44000000e+02 2.26566363e-01 2.00000000e+00]
[3.96000000e+02 4.14000000e+02 2.31510474e-01 2.00000000e+00]
[1.22000000e+02 4.28000000e+02 2.31558986e-01 2.00000000e+00]
[1.70000000e+01 2.83000000e+02 2.31985745e-01 2.00000000e+00]
[65.         76.          0.23260145  2.        ]
[3.45000000e+02 5.42000000e+02 2.36501911e-01 3.00000000e+00]
[3.27000000e+02 5.38000000e+02 2.37957707e-01 2.00000000e+00]
[1.53000000e+02 6.10000000e+02 2.41905423e-01 8.00000000e+00]
[ 73.         200.           0.24526085   2.        ]
[2.0700000e+02 6.1500000e+02 2.4701404e-01 1.1000000e+01]
[4.15000000e+02 4.60000000e+02 2.47252331e-01 2.00000000e+00]
[3.82000000e+02 5.20000000e+01 2.48380718e-01 2.00000000e+00]
[6.26000000e+02 5.28000000e+02 2.48888721e-01 3.00000000e+00]
[185.         195.           0.25348435   2.        ]
[3.6600000e+02 5.1700000e+02 2.5465216e-01 2.0000000e+00]
[4.10000000e+01 6.35000000e+02 2.54659234e-01 3.00000000e+00]
[3.4600000e+02 4.3800000e+02 2.5633776e-01 2.0000000e+00]
[8.70000000e+01 6.31000000e+02 2.57919083e-01 9.00000000e+00]
[1.44000000e+02 5.60000000e+02 2.58263061e-01 3.00000000e+00]
[4.18000000e+02 4.61000000e+02 2.58874699e-01 2.00000000e+00]
[1.55000000e+02 2.85000000e+02 2.62629562e-01 2.00000000e+00]
[2.97000000e+02 4.27000000e+02 2.65471299e-01 2.00000000e+00]
[6.36000000e+02 2.78000000e+02 2.67071056e-01 4.00000000e+00]
[5.47000000e+02 6.03000000e+02 2.67779431e-01 1.20000000e+01]
[6.00000000e+02 6.21000000e+02 2.68603468e-01 5.00000000e+00]
[2.90000000e+01 4.86000000e+02 2.69241065e-01 2.00000000e+00]
[2.00000000e+01 5.90000000e+02 2.69491522e-01 3.00000000e+00]
[1.60000000e+01 4.39000000e+02 2.72045644e-01 2.00000000e+00]
[5.96000000e+02 1.50000000e+02 2.76374129e-01 3.00000000e+00]
[2.90000000e+02 5.30000000e+02 2.81081353e-01 2.00000000e+00]
[6.05000000e+02 1.56000000e+02 2.82260372e-01 5.00000000e+00]
[ 19.         104.           0.28492092   2.        ]
[9.80000000e+01 6.44000000e+02 2.85903913e-01 3.00000000e+00]
[2.76000000e+02 6.29000000e+02 2.88678619e-01 4.00000000e+00]
[3.81000000e+02 6.51000000e+02 2.89701426e-01 3.00000000e+00]
[6.46000000e+02 3.21000000e+02 2.95514924e-01 5.00000000e+00]
[2.13000000e+02 3.86000000e+02 2.96988305e-01 2.00000000e+00]
[1.4000000e+01 4.3300000e+02 3.0088898e-01 2.0000000e+00]
[6.2200000e+02 1.9400000e+02 3.0255696e-01 1.8000000e+01]
[3.9300000e+02 5.1100000e+02 3.0292267e-01 2.0000000e+00]
[3.34000000e+02 6.33000000e+02 3.04625031e-01 1.20000000e+01]
[3.30000000e+01 6.59000000e+02 3.07311203e-01 6.00000000e+00]
[8.00000000e+01 4.09000000e+02 3.07769409e-01 2.00000000e+00]
[6.48000000e+02 1.15000000e+02 3.09530365e-01 6.00000000e+00]
[6.62000000e+02 2.52000000e+02 3.09854258e-01 1.90000000e+01]
[2.4800000e+02 5.1600000e+02 3.1140253e-01 2.0000000e+00]
[6.47000000e+02 6.50000000e+02 3.12573933e-01 1.50000000e+01]
[6.65000000e+02 5.12000000e+02 3.13583648e-01 7.00000000e+00]
[3.18000000e+02 5.09000000e+02 3.14086331e-01 2.00000000e+00]
[5.97000000e+02 6.54000000e+02 3.14512144e-01 8.00000000e+00]
[6.68000000e+02 4.48000000e+02 3.15084854e-01 2.00000000e+01]
[ 27.         172.           0.31748107   2.        ]
[6.67000000e+02 3.33000000e+02 3.18044281e-01 7.00000000e+00]
[6.76000000e+02 2.33000000e+02 3.18669879e-01 8.00000000e+00]
[4.05000000e+02 6.58000000e+02 3.25462751e-01 4.00000000e+00]
[186.         199.           0.32727377   2.        ]
[6.11000000e+02 6.78000000e+02 3.31537666e-01 6.00000000e+00]
[6.70000000e+02 3.24000000e+02 3.32731827e-01 1.60000000e+01]
[5.00000000e+00 6.64000000e+02 3.33003616e-01 1.30000000e+01]
[5.75000000e+02 1.51000000e+02 3.44775131e-01 3.00000000e+00]
[1.32000000e+02 3.72000000e+02 3.46520695e-01 2.00000000e+00]
[1.57000000e+02 4.95000000e+02 3.46846811e-01 2.00000000e+00]
[ 38.         119.           0.34693254   2.        ]
[3.56000000e+02 4.67000000e+02 3.48209824e-01 2.00000000e+00]
[6.82000000e+02 2.75000000e+02 3.53884598e-01 1.40000000e+01]
[3.58000000e+02 6.80000000e+02 3.60144757e-01 7.00000000e+00]
[6.5600000e+02 6.8900000e+02 3.6061403e-01 1.0000000e+01]
[6.74000000e+02 1.60000000e+02 3.60903952e-01 2.10000000e+01]
[6.55000000e+02 1.83000000e+02 3.67249065e-01 3.00000000e+00]
[4.2000000e+01 4.8400000e+02 3.6912681e-01 2.0000000e+00]
[6.6000000e+01 5.5600000e+02 3.6930143e-01 3.0000000e+00]
[6.41000000e+02 1.92000000e+02 3.70077931e-01 1.00000000e+01]
[2.30000000e+01 6.73000000e+02 3.73374907e-01 9.00000000e+00]
[335.         338.           0.37444201   2.        ]
[2.27000000e+02 6.81000000e+02 3.79013388e-01 1.70000000e+01]
[4.08000000e+02 4.50000000e+02 3.79615369e-01 2.00000000e+00]
[2.37000000e+02 4.90000000e+02 3.81762604e-01 2.00000000e+00]
[2.59000000e+02 6.98000000e+02 3.82930161e-01 1.80000000e+01]
[5.08000000e+02 4.65000000e+02 3.83345315e-01 2.00000000e+00]
[6.88000000e+02 2.65000000e+02 3.83802017e-01 1.50000000e+01]
[3.65000000e+02 4.43000000e+02 3.86731246e-01 2.00000000e+00]
[313.       378.         0.387071   2.      ]
[1.00000000e+01 6.17000000e+02 3.88795364e-01 4.00000000e+00]
[7.03000000e+02 3.40000000e+01 3.91001514e-01 1.60000000e+01]
[ 58.         263.           0.39139943   2.        ]
[6.77000000e+02 2.08000000e+02 3.94017845e-01 9.00000000e+00]
[1.73000000e+02 4.87000000e+02 3.96785413e-01 2.00000000e+00]
[6.93000000e+02 4.88000000e+02 3.98790435e-01 3.00000000e+00]
[7.00000000e+01 6.91000000e+02 3.99290846e-01 2.20000000e+01]
[1.42000000e+02 5.19000000e+02 3.99383475e-01 2.00000000e+00]
[2.72000000e+02 6.90000000e+02 3.99483583e-01 1.10000000e+01]
[5.73000000e+02 2.55000000e+02 4.00350854e-01 3.00000000e+00]
[4.40000000e+01 4.52000000e+02 4.00776567e-01 2.00000000e+00]
[6.95000000e+02 6.12000000e+02 4.02943064e-01 1.20000000e+01]
[7.0100000e+02 3.4000000e+02 4.0415752e-01 1.9000000e+01]
[6.7100000e+02 6.1800000e+02 4.0633716e-01 1.0000000e+01]
[7.18000000e+02 6.86000000e+02 4.07766854e-01 2.10000000e+01]
[4.53000000e+02 1.00000000e+02 4.12012819e-01 2.00000000e+00]
[5.9200000e+02 6.4300000e+02 4.1362888e-01 4.0000000e+00]
[4.04000000e+02 7.19000000e+02 4.14255187e-01 1.10000000e+01]
[6.92000000e+02 7.12000000e+02 4.15682511e-01 2.50000000e+01]
[7.20000000e+02 6.52000000e+02 4.17027485e-01 2.40000000e+01]
[5.90000000e+01 7.17000000e+02 4.18408416e-01 1.30000000e+01]
[6.96000000e+02 6.30000000e+02 4.19279971e-01 1.10000000e+01]
[4.42000000e+02 6.97000000e+02 4.22900056e-01 3.00000000e+00]
[193.         279.           0.42380423   2.        ]
[3.50000000e+02 7.27000000e+02 4.24602916e-01 1.20000000e+01]
[7.0200000e+02 7.1400000e+02 4.2510038e-01 1.3000000e+01]
[4.69000000e+02 7.24000000e+02 4.25585702e-01 2.60000000e+01]
[7.10000000e+01 4.62000000e+02 4.26382192e-01 2.00000000e+00]
[118.         374.           0.42888858   2.        ]
[1.10000000e+01 6.63000000e+02 4.29231614e-01 3.00000000e+00]
[6.8400000e+02 2.4400000e+02 4.3053912e-01 3.0000000e+00]
[7.25000000e+02 1.80000000e+01 4.31751004e-01 2.50000000e+01]
[5.84000000e+02 3.60000000e+02 4.32426694e-01 3.00000000e+00]
[7.37000000e+02 3.87000000e+02 4.33523411e-01 2.60000000e+01]
[6.7200000e+02 5.1300000e+02 4.3449567e-01 3.0000000e+00]
[7.21000000e+02 5.98000000e+02 4.34621955e-01 4.00000000e+00]
[7.39000000e+02 4.91000000e+02 4.35110192e-01 2.70000000e+01]
[3.50000000e+01 7.07000000e+02 4.35962606e-01 1.70000000e+01]
[ 82.         127.           0.43635742   2.        ]
[2.50000000e+01 7.23000000e+02 4.36804334e-01 1.20000000e+01]
[4.60000000e+01 7.30000000e+02 4.37014092e-01 1.30000000e+01]
[6.57000000e+02 7.31000000e+02 4.37509293e-01 1.70000000e+01]
[6.83000000e+02 3.95000000e+02 4.41889233e-01 4.00000000e+00]
[2.32000000e+02 6.14000000e+02 4.44063854e-01 3.00000000e+00]
[139.         188.           0.44568859   2.        ]
[280.         117.           0.44632961   2.        ]
[ 83.         331.           0.44943864   2.        ]
[ 88.         435.           0.45090016   2.        ]
[2.50000000e+02 7.28000000e+02 4.51824873e-01 4.00000000e+00]
[3.91000000e+02 7.53000000e+02 4.54472248e-01 3.00000000e+00]
[1.34000000e+02 6.85000000e+02 4.55798321e-01 3.00000000e+00]
[6.38000000e+02 3.71000000e+02 4.59431475e-01 3.00000000e+00]
[7.46000000e+02 6.32000000e+02 4.61098223e-01 1.50000000e+01]
[1.12000000e+02 7.09000000e+02 4.61218755e-01 1.00000000e+01]
[1.58000000e+02 7.45000000e+02 4.62570351e-01 1.30000000e+01]
[7.00000000e+02 4.10000000e+02 4.63899075e-01 3.00000000e+00]
[7.26000000e+02 1.74000000e+02 4.64659765e-01 1.40000000e+01]
[2.410000e+02 7.560000e+02 4.653303e-01 4.000000e+00]
[3.70000000e+01 7.58000000e+02 4.65931666e-01 1.60000000e+01]
[1.37000000e+02 7.41000000e+02 4.67000917e-01 5.00000000e+00]
[370.        459.          0.4686339   2.       ]
[7.43000000e+02 7.32000000e+02 4.69404734e-01 4.30000000e+01]
[4.83000000e+02 7.54000000e+02 4.72676369e-01 5.00000000e+00]
[6.69000000e+02 4.12000000e+02 4.72765118e-01 3.00000000e+00]
[1.68000000e+02 5.67000000e+02 4.74075274e-01 3.00000000e+00]
[7.05000000e+02 5.21000000e+02 4.74262814e-01 3.00000000e+00]
[7.0600000e+02 6.7000000e+01 4.7467279e-01 5.0000000e+00]
[6.28000000e+02 7.64000000e+02 4.75637131e-01 1.80000000e+01]
[2.84000000e+02 7.70000000e+02 4.77146004e-01 4.00000000e+00]
[3.61000000e+02 5.27000000e+02 4.79292987e-01 2.00000000e+00]
[5.55000000e+02 3.57000000e+02 4.79902859e-01 3.00000000e+00]
[7.55000000e+02 7.52000000e+02 4.80798651e-01 5.00000000e+00]
[7.3600000e+02 7.1500000e+02 4.8100853e-01 6.0000000e+00]
[4.34000000e+02 6.08000000e+02 4.81081586e-01 3.00000000e+00]
[2.02000000e+02 7.47000000e+02 4.81162022e-01 1.80000000e+01]
[120.         163.           0.48119979   2.        ]
[7.50000000e+01 7.65000000e+02 4.85636097e-01 6.00000000e+00]
[ 55.         107.           0.48829369   2.        ]
[7.42000000e+02 1.38000000e+02 4.88440347e-01 2.80000000e+01]
[7.76000000e+02 7.40000000e+02 4.88549235e-01 6.00000000e+00]
[4.80000000e+01 7.84000000e+02 4.89397974e-01 2.90000000e+01]
[6.99000000e+02 7.22000000e+02 4.89865037e-01 6.00000000e+00]
[5.1000000e+01 7.8200000e+02 4.9204756e-01 7.0000000e+00]
[2.6000000e+02 7.5100000e+02 4.9273988e-01 3.0000000e+00]
[7.72000000e+02 1.62000000e+02 4.94142493e-01 6.00000000e+00]
[7.67000000e+02 7.44000000e+02 4.95235717e-01 4.50000000e+01]
[5.26000000e+02 7.79000000e+02 5.00678094e-01 4.00000000e+00]
[7.91000000e+02 2.66000000e+02 5.01201486e-01 4.60000000e+01]
[7.35000000e+02 1.50000000e+01 5.01694007e-01 4.00000000e+00]
[3.20000000e+01 7.73000000e+02 5.01819661e-01 1.90000000e+01]
[ 60.         337.           0.50203567   2.        ]
[2.24000000e+02 7.60000000e+02 5.03944403e-01 1.40000000e+01]
[7.11000000e+02 1.26000000e+02 5.03961448e-01 4.00000000e+00]
[1.46000000e+02 7.77000000e+02 5.07870391e-01 6.00000000e+00]
[5.10000000e+02 6.23000000e+02 5.08768502e-01 3.00000000e+00]
[4.50000000e+01 7.78000000e+02 5.13228948e-01 7.00000000e+00]
[7.93000000e+02 2.64000000e+02 5.13304746e-01 4.70000000e+01]
[5.95000000e+02 6.01000000e+02 5.17677511e-01 4.00000000e+00]
[3.84000000e+02 7.87000000e+02 5.18590663e-01 7.00000000e+00]
[5.94000000e+02 7.95000000e+02 5.18630245e-01 2.10000000e+01]
[2.31000000e+02 7.16000000e+02 5.18988467e-01 3.00000000e+00]
[7.50000000e+02 7.80000000e+02 5.19307557e-01 2.00000000e+01]
[5.87000000e+02 1.75000000e+02 5.21312587e-01 3.00000000e+00]
[5.39000000e+02 7.63000000e+02 5.24238854e-01 5.00000000e+00]
[7.68000000e+02 7.74000000e+02 5.25297528e-01 9.00000000e+00]
[6.40000000e+02 6.53000000e+02 5.28543891e-01 4.00000000e+00]
[ 39.        432.          0.5293882   2.       ]
[2.80000000e+01 5.81000000e+02 5.30029386e-01 3.00000000e+00]
[7.97000000e+02 7.85000000e+02 5.31920238e-01 2.00000000e+01]
[8.04000000e+02 7.99000000e+02 5.32012043e-01 1.30000000e+01]
[203.         362.           0.53251765   2.        ]
[6.37000000e+02 8.10000000e+02 5.33221042e-01 1.10000000e+01]
[3.85000000e+02 8.02000000e+02 5.35659825e-01 4.80000000e+01]
[8.15000000e+02 4.63000000e+02 5.37376097e-01 1.40000000e+01]
[189.         535.           0.53773934   2.        ]
[4.79000000e+02 8.19000000e+02 5.37981242e-01 1.50000000e+01]
[7.94000000e+02 8.17000000e+02 5.42574248e-01 1.50000000e+01]
[6.42000000e+02 8.14000000e+02 5.43545363e-01 2.30000000e+01]
[7.13000000e+02 7.57000000e+02 5.44344913e-01 5.00000000e+00]
[6.34000000e+02 7.59000000e+02 5.44472592e-01 1.20000000e+01]
[541.         223.           0.54511255   4.        ]
[1.02000000e+02 8.05000000e+02 5.45202762e-01 2.20000000e+01]
[7.89000000e+02 7.96000000e+02 5.45378469e-01 5.00000000e+00]
[449.         482.           0.54630725   2.        ]
[7.86000000e+02 2.56000000e+02 5.47826814e-01 3.00000000e+01]
[8.23000000e+02 5.37000000e+02 5.48187536e-01 2.40000000e+01]
[6.6100000e+02 3.6300000e+02 5.4901478e-01 3.0000000e+00]
[8.30000000e+02 7.90000000e+02 5.50176954e-01 3.60000000e+01]
[1.91000000e+02 8.03000000e+02 5.50929615e-01 5.00000000e+00]
[6.13000000e+02 7.88000000e+02 5.51378747e-01 9.00000000e+00]
[8.09000000e+02 2.43000000e+02 5.51558779e-01 6.00000000e+00]
[7.83000000e+02 7.62000000e+02 5.51926077e-01 1.60000000e+01]
[4.20000000e+02 8.00000000e+02 5.52197155e-01 4.00000000e+00]
[6.900000e+01 8.360000e+02 5.522576e-01 7.000000e+00]
[6.25000000e+02 4.17000000e+02 5.52502315e-01 3.00000000e+00]
[6.66000000e+02 1.41000000e+02 5.54122671e-01 3.00000000e+00]
[4.01000000e+02 8.06000000e+02 5.55099422e-01 4.00000000e+00]
[1.67000000e+02 8.25000000e+02 5.55197216e-01 1.30000000e+01]
[7.48000000e+02 8.43000000e+02 5.56921961e-01 1.70000000e+01]
[8.21000000e+02 3.60000000e+01 5.57906789e-01 1.60000000e+01]
[8.35000000e+02 3.52000000e+02 5.58658543e-01 1.00000000e+01]
[8.46000000e+02 8.13000000e+02 5.60567254e-01 1.30000000e+01]
[5.2400000e+02 8.2900000e+02 5.6079288e-01 3.0000000e+00]
[5.30000000e+01 8.42000000e+02 5.61603291e-01 5.00000000e+00]
[8.45000000e+02 2.28000000e+02 5.63024189e-01 1.70000000e+01]
[3.32000000e+02 6.79000000e+02 5.63520485e-01 3.00000000e+00]
[6.87000000e+02 8.32000000e+02 5.63532325e-01 5.00000000e+00]
[5.1400000e+02 8.3900000e+02 5.6389895e-01 8.0000000e+00]
[422.         501.           0.56455219   2.        ]
[4.24000000e+02 8.01000000e+02 5.64865315e-01 8.00000000e+00]
[3.49000000e+02 8.33000000e+02 5.66274655e-01 3.70000000e+01]
[1.82000000e+02 8.18000000e+02 5.67111674e-01 4.90000000e+01]
[3.10000000e+02 8.28000000e+02 5.67439844e-01 6.00000000e+00]
[254.         354.           0.56955081   2.        ]
[8.3400000e+02 4.0300000e+02 5.7101899e-01 6.0000000e+00]
[1.8400000e+02 8.5000000e+02 5.7133159e-01 1.8000000e+01]
[9.60000000e+01 8.27000000e+02 5.72405085e-01 2.30000000e+01]
[8.60000000e+02 3.10000000e+01 5.73931465e-01 7.00000000e+00]
[0.00000000e+00 8.38000000e+02 5.74154546e-01 5.00000000e+00]
[5.06000000e+02 8.31000000e+02 5.74336119e-01 2.50000000e+01]
[7.08000000e+02 8.40000000e+02 5.75264847e-01 5.00000000e+00]
[1.33000000e+02 7.69000000e+02 5.75604035e-01 4.00000000e+00]
[398.         399.           0.57621201   2.        ]
[8.63000000e+02 8.62000000e+02 5.77354515e-01 3.00000000e+01]
[8.07000000e+02 4.72000000e+02 5.78317095e-01 2.10000000e+01]
[6.75000000e+02 6.49000000e+02 5.78334793e-01 4.00000000e+00]
[8.22000000e+02 8.58000000e+02 5.79197065e-01 2.10000000e+01]
[8.47000000e+02 4.85000000e+02 5.83298158e-01 1.40000000e+01]
[8.66000000e+02 1.98000000e+02 5.86847321e-01 6.00000000e+00]
[7.71000000e+02 4.51000000e+02 5.86956754e-01 4.00000000e+00]
[8.73000000e+02 8.64000000e+02 5.87157521e-01 1.90000000e+01]
[57.         97.          0.58908174  2.        ]
[7.00000000e+00 8.76000000e+02 5.89081878e-01 2.00000000e+01]
[8.08000000e+02 8.41000000e+02 5.92291635e-01 6.00000000e+00]
[7.33000000e+02 8.52000000e+02 5.92970599e-01 7.00000000e+00]
[8.72000000e+02 8.11000000e+02 5.93705519e-01 2.50000000e+01]
[8.5500000e+02 8.7000000e+02 5.9390746e-01 2.9000000e+01]
[1.97000000e+02 8.48000000e+02 5.94627638e-01 4.00000000e+00]
[6.60000000e+02 8.16000000e+02 5.95089036e-01 4.00000000e+00]
[306.         458.           0.59593792   2.        ]
[1.16000000e+02 8.81000000e+02 5.96273897e-01 2.60000000e+01]
[7.49000000e+02 6.39000000e+02 5.97357214e-01 6.00000000e+00]
[8.53000000e+02 6.94000000e+02 6.00270518e-01 1.10000000e+01]
[4.78000000e+02 8.78000000e+02 6.01121113e-01 2.10000000e+01]
[2.58000000e+02 8.69000000e+02 6.01128583e-01 3.10000000e+01]
[326.         343.           0.60117268   2.        ]
[7.98000000e+02 4.98000000e+02 6.01250509e-01 5.00000000e+00]
[1.1100000e+02 8.5600000e+02 6.0232327e-01 3.8000000e+01]
[4.96000000e+02 8.57000000e+02 6.02382791e-01 5.00000000e+01]
[4.55000000e+02 7.92000000e+02 6.02394918e-01 5.00000000e+00]
[8.2400000e+02 5.0700000e+02 6.0313507e-01 6.0000000e+00]
[7.29000000e+02 8.87000000e+02 6.05297223e-01 8.00000000e+00]
[2.42000000e+02 8.85000000e+02 6.08708881e-01 3.00000000e+00]
[2.99000000e+02 8.44000000e+02 6.08779224e-01 1.80000000e+01]
[8.2000000e+02 4.5700000e+02 6.0914244e-01 3.0000000e+00]
[5.29000000e+02 8.89000000e+02 6.09260278e-01 2.20000000e+01]
[8.86000000e+02 7.04000000e+02 6.11586107e-01 2.80000000e+01]
[3.44000000e+02 8.95000000e+02 6.12862251e-01 6.00000000e+00]
[8.74000000e+02 1.79000000e+02 6.13075828e-01 7.00000000e+00]
[8.98000000e+02 4.46000000e+02 6.13271645e-01 4.00000000e+00]
[8.94000000e+02 8.68000000e+02 6.15541351e-01 5.20000000e+01]
[4.30000000e+02 9.04000000e+02 6.16940818e-01 8.00000000e+00]
[9.02000000e+02 8.83000000e+02 6.20160676e-01 3.20000000e+01]
[3.47000000e+02 9.06000000e+02 6.20699765e-01 5.30000000e+01]
[8.84000000e+02 4.71000000e+02 6.23044775e-01 5.00000000e+00]
[2.96000000e+02 8.99000000e+02 6.24908629e-01 1.90000000e+01]
[2.60000000e+01 8.54000000e+02 6.25299207e-01 3.00000000e+00]
[8.71000000e+02 4.40000000e+02 6.26513274e-01 5.00000000e+00]
[8.88000000e+02 8.93000000e+02 6.27574678e-01 4.90000000e+01]
[287.         286.           0.62871349   2.        ]
[8.59000000e+02 9.11000000e+02 6.30351653e-01 2.10000000e+01]
[2.94000000e+02 9.16000000e+02 6.33515348e-01 2.20000000e+01]
[9.08000000e+02 5.04000000e+02 6.33538812e-01 3.30000000e+01]
[620.         627.           0.63381687   4.        ]
[2.73000000e+02 8.82000000e+02 6.36582192e-01 3.00000000e+01]
[7.61000000e+02 8.65000000e+02 6.36603334e-01 2.80000000e+01]
[2.38000000e+02 8.91000000e+02 6.39228688e-01 3.00000000e+00]
[9.13000000e+02 4.16000000e+02 6.40264773e-01 6.00000000e+00]
[8.79000000e+02 3.89000000e+02 6.40393923e-01 7.00000000e+00]
[9.10000000e+02 4.31000000e+02 6.40562176e-01 6.00000000e+00]
[1.59000000e+02 7.66000000e+02 6.44665778e-01 3.00000000e+00]
[4.70000000e+01 8.90000000e+02 6.47249789e-01 3.20000000e+01]
[8.51000000e+02 9.20000000e+02 6.49500172e-01 3.30000000e+01]
[  2.         341.           0.65086005   2.        ]
[2.26000000e+02 8.80000000e+02 6.52003489e-01 8.00000000e+00]
[1.31000000e+02 8.26000000e+02 6.52842341e-01 5.00000000e+00]
[3.55000000e+02 9.27000000e+02 6.52882723e-01 3.30000000e+01]
[6.45000000e+02 9.09000000e+02 6.55438422e-01 5.50000000e+01]
[3.51000000e+02 9.18000000e+02 6.57270736e-01 3.40000000e+01]
[3.76000000e+02 8.92000000e+02 6.57287051e-01 6.00000000e+00]
[2.93000000e+02 9.12000000e+02 6.57506384e-01 4.00000000e+00]
[9.2500000e+02 2.2200000e+02 6.5912593e-01 7.0000000e+00]
[9.24000000e+02 8.97000000e+02 6.60198716e-01 1.50000000e+01]
[4.56000000e+02 9.17000000e+02 6.60920621e-01 2.30000000e+01]
[5.99000000e+02 9.01000000e+02 6.61036663e-01 2.40000000e+01]
[ 85.         312.           0.66237401   2.        ]
[4.2500000e+02 9.0300000e+02 6.6361334e-01 7.0000000e+00]
[3.53000000e+02 9.22000000e+02 6.75251966e-01 4.00000000e+00]
[5.31000000e+02 9.07000000e+02 6.76637527e-01 9.00000000e+00]
[5.05000000e+02 7.34000000e+02 6.77428046e-01 3.00000000e+00]
[9.34000000e+02 9.19000000e+02 6.79143508e-01 3.80000000e+01]
[9.40000000e+02 4.93000000e+02 6.79595688e-01 2.50000000e+01]
[1.0600000e+02 9.2100000e+02 6.7963429e-01 2.9000000e+01]
[2.53000000e+02 9.39000000e+02 6.81454192e-01 2.40000000e+01]
[8.61000000e+02 9.33000000e+02 6.81543094e-01 7.30000000e+01]
[7.90000000e+01 9.37000000e+02 6.83854211e-01 8.00000000e+00]
[4.6400000e+02 9.3200000e+02 6.8470101e-01 3.4000000e+01]
[9.46000000e+02 9.14000000e+02 6.89149321e-01 8.70000000e+01]
[1.0500000e+02 9.2800000e+02 6.9012129e-01 3.4000000e+01]
[2.67000000e+02 7.75000000e+02 6.91968539e-01 3.00000000e+00]
[1.61000000e+02 9.42000000e+02 6.96521915e-01 8.00000000e+00]
[4.94000000e+02 9.35000000e+02 6.97859329e-01 7.00000000e+00]
[9.36000000e+02 9.56000000e+02 6.99611594e-01 1.20000000e+01]
[9.15000000e+02 9.54000000e+02 6.99710237e-01 3.60000000e+01]
[3.90000000e+02 9.44000000e+02 7.01150869e-01 1.00000000e+01]
[8.77000000e+02 9.30000000e+02 7.01834211e-01 1.00000000e+01]
[9.23000000e+02 8.96000000e+02 7.02207679e-01 1.20000000e+01]
[9.00000000e+02 5.25000000e+02 7.02377904e-01 4.00000000e+00]
[9.40000000e+01 9.60000000e+02 7.03207368e-01 1.10000000e+01]
[9.4800000e+02 9.5000000e+02 7.0338768e-01 1.0200000e+02]
[9.49000000e+02 8.75000000e+02 7.10504386e-01 2.80000000e+01]
[9.43000000e+02 9.61000000e+02 7.11063862e-01 1.40000000e+01]
[7.81000000e+02 9.47000000e+02 7.11520982e-01 2.70000000e+01]
[1.9000000e+02 9.5200000e+02 7.1436232e-01 3.5000000e+01]
[7.70000000e+01 9.53000000e+02 7.16059336e-01 8.80000000e+01]
[5.60000000e+01 9.67000000e+02 7.17285226e-01 1.50000000e+01]
[4.99000000e+02 8.49000000e+02 7.20419156e-01 6.00000000e+00]
[9.38000000e+02 3.75000000e+02 7.20826502e-01 1.60000000e+01]
[1.81000000e+02 9.26000000e+02 7.22049248e-01 4.00000000e+00]
[3.88000000e+02 9.31000000e+02 7.23151781e-01 6.00000000e+00]
[8.00000000e+00 9.41000000e+02 7.24286698e-01 3.00000000e+00]
[1.10000000e+02 9.58000000e+02 7.25241295e-01 1.30000000e+01]
[9.65000000e+02 2.11000000e+02 7.25354182e-01 1.03000000e+02]
[292.         476.           0.72577066   2.        ]
[9.78000000e+02 3.25000000e+02 7.27650526e-01 1.04000000e+02]
[ 99.         268.           0.72810415   2.        ]
[9.69000000e+02 4.41000000e+02 7.29458101e-01 3.60000000e+01]
[9.51000000e+02 9.77000000e+02 7.30299775e-01 2.10000000e+01]
[1.49000000e+02 9.74000000e+02 7.32472591e-01 5.00000000e+00]
[3.3000000e+02 9.5900000e+02 7.3505365e-01 3.7000000e+01]
[9.80000000e+02 3.73000000e+02 7.35573712e-01 1.05000000e+02]
[9.70000000e+02 2.82000000e+02 7.38797684e-01 8.90000000e+01]
[8.12000000e+02 9.68000000e+02 7.39402381e-01 2.90000000e+01]
[8.37000000e+02 1.77000000e+02 7.43476355e-01 1.70000000e+01]
[466.         500.           0.74450601   2.        ]
[2.3500000e+02 9.8700000e+02 7.4593325e-01 9.0000000e+01]
[9.62000000e+02 9.88000000e+02 7.48391498e-01 4.10000000e+01]
[9.45000000e+02 3.92000000e+02 7.56191564e-01 4.00000000e+00]
[4.30000000e+01 9.91000000e+02 7.56308521e-01 9.10000000e+01]
[9.81000000e+02 9.83000000e+02 7.59821178e-01 2.30000000e+01]
[9.7100000e+02 9.5700000e+02 7.6105534e-01 2.2000000e+01]
[2.20000000e+01 9.85000000e+02 7.61525018e-01 3.80000000e+01]
[1.14000000e+02 9.82000000e+02 7.63296923e-01 3.70000000e+01]
[3.68000000e+02 9.84000000e+02 7.66225186e-01 6.00000000e+00]
[4.07000000e+02 8.67000000e+02 7.66282131e-01 5.00000000e+00]
[2.15000000e+02 9.64000000e+02 7.66598485e-01 1.20000000e+01]
[9.63000000e+02 9.76000000e+02 7.68781613e-01 7.00000000e+00]
[7.10000000e+02 9.94000000e+02 7.70094553e-01 9.30000000e+01]
[ 84.         166.           0.77293877   2.        ]
[9.92000000e+02 9.98000000e+02 7.77184526e-01 7.80000000e+01]
[9.86000000e+02 9.73000000e+02 7.77668495e-01 1.21000000e+02]
[1.0060000e+03 6.0200000e+02 7.7858341e-01 1.2300000e+02]
[2.1200000e+02 9.6600000e+02 7.7937304e-01 2.9000000e+01]
[5.20000000e+02 9.96000000e+02 7.80131318e-01 2.30000000e+01]
[1.00700000e+03 9.29000000e+02 7.81505107e-01 1.25000000e+02]
[9.99000000e+02 9.97000000e+02 7.83662133e-01 4.40000000e+01]
[4.21000000e+02 1.00900000e+03 7.84961841e-01 2.40000000e+01]
[1.01000000e+03 9.93000000e+02 7.85029505e-01 1.29000000e+02]
[1.01300000e+03 6.04000000e+02 7.86952035e-01 1.31000000e+02]
[1.01400000e+03 5.36000000e+02 7.90695128e-01 1.32000000e+02]
[1.01500000e+03 4.75000000e+02 7.90754562e-01 1.33000000e+02]
[4.11000000e+02 1.01100000e+03 7.91371465e-01 4.50000000e+01]
[1.00500000e+03 9.75000000e+02 7.95978664e-01 8.40000000e+01]
[9.5500000e+02 9.9500000e+02 7.9935696e-01 2.6000000e+01]
[1.01800000e+03 1.00000000e+03 7.99832265e-01 8.90000000e+01]
[1.02000000e+03 3.04000000e+02 8.02221166e-01 9.00000000e+01]
[9.72000000e+02 9.79000000e+02 8.05622903e-01 8.00000000e+00]
[1.01200000e+03 1.00200000e+03 8.09524254e-01 3.10000000e+01]
[2.17000000e+02 1.02300000e+03 8.16164651e-01 3.20000000e+01]
[1.01900000e+03 1.01700000e+03 8.16332596e-01 7.10000000e+01]
[257.         314.           0.82087826   2.        ]
[1.02200000e+03 1.02400000e+03 8.21907747e-01 4.00000000e+01]
[9.89000000e+02 1.00800000e+03 8.29429142e-01 4.60000000e+01]
[4.19000000e+02 1.02500000e+03 8.30328206e-01 7.20000000e+01]
[2.81000000e+02 1.02700000e+03 8.36783198e-01 4.10000000e+01]
[4.74000000e+02 1.02100000e+03 8.36904071e-01 9.10000000e+01]
[5.15000000e+02 1.03000000e+03 8.47443518e-01 4.20000000e+01]
[1.87000000e+02 9.90000000e+02 8.50469382e-01 3.00000000e+00]
[1.71000000e+02 1.02900000e+03 8.57496345e-01 7.30000000e+01]
[1.00100000e+03 1.03100000e+03 8.59490946e-01 1.03000000e+02]
[2.01000000e+02 1.03400000e+03 8.72354815e-01 7.40000000e+01]
[1.01000000e+02 1.00400000e+03 8.72795995e-01 3.00000000e+00]
[1.03500000e+03 7.38000000e+02 8.85769941e-01 1.06000000e+02]
[1.30000000e+01 1.03700000e+03 8.86416705e-01 4.00000000e+00]
[1.20000000e+01 1.03800000e+03 8.87972797e-01 1.07000000e+02]
[1.02600000e+03 4.70000000e+02 8.88845145e-01 3.00000000e+00]
[2.88000000e+02 1.04000000e+03 9.05100193e-01 1.08000000e+02]
[323.         905.           0.90914276   5.        ]
[3.19000000e+02 1.03600000e+03 9.30170654e-01 7.50000000e+01]
[5.34000000e+02 1.04200000e+03 9.31511932e-01 1.09000000e+02]
[2.89000000e+02 1.03900000e+03 9.33798051e-01 5.00000000e+00]
[1.02800000e+03 1.04400000e+03 9.34303406e-01 1.21000000e+02]
[574.        147.          0.9388462   3.       ]
[3.1100000e+02 1.0030000e+03 9.3973256e-01 9.4000000e+01]
[1.03200000e+03 1.04500000e+03 9.44874909e-01 1.51000000e+02]
[1.03300000e+03 1.05000000e+03 9.46833036e-01 1.54000000e+02]
[1.04700000e+03 5.82000000e+02 9.48984098e-01 1.23000000e+02]
[3.42000000e+02 1.04800000e+03 9.49255327e-01 4.00000000e+00]
[1.05200000e+03 4.47000000e+02 9.51232435e-01 1.24000000e+02]
[624.        502.          0.9517179   3.       ]
[4.97000000e+02 1.05100000e+03 9.54908007e-01 1.55000000e+02]
[1.04900000e+03 1.01600000e+03 9.75485069e-01 2.27000000e+02]
[8.90000000e+01 1.05600000e+03 9.84705974e-01 1.56000000e+02]
[377.         533.           0.98647094   2.        ]
[1.05300000e+03 4.81000000e+02 9.93014209e-01 5.00000000e+00]
[2.34000000e+02 1.05400000e+03 1.00189711e+00 1.25000000e+02]
[1.04600000e+03 1.05700000e+03 1.02155584e+00 2.32000000e+02]
[1.04300000e+03 1.06000000e+03 1.03179032e+00 1.00000000e+01]
[1.04100000e+03 1.05800000e+03 1.03941489e+00 1.59000000e+02]
[3.79000000e+02 1.06100000e+03 1.06009411e+00 1.26000000e+02]
[1064.         1055.            1.07068313  162.        ]
[ 169.         1066.            1.07256246  163.        ]
[1067.         1059.            1.07872668  165.        ]
[ 108.         1062.            1.07903746  233.        ]
[1069.         1068.            1.10504653  398.        ]
[ 86.        364.          1.1064043   2.       ]
[ 277.         1070.            1.11849409  399.        ]
[1072.         1063.            1.13131308  409.        ]
[1073.         1065.            1.13178907  535.        ]
[1074.          316.            1.13872433  536.        ]
[1071.         1075.            1.20084537  538.        ]
[1076.          145.            1.29053748  539.        ]
[1077.          429.            1.35195337  540.        ]
