[  1. 216.   0.   2.]
[540. 113.   0.   3.]
[  6. 129.   0.   2.]
[64. 68.  0.  2.]
[543.  93.   0.   3.]
[544. 123.   0.   4.]
[545. 214.   0.   5.]
[546. 261.   0.   6.]
[ 78. 315.   0.   2.]
[ 95. 152.   0.   2.]
[549. 240.   0.   3.]
[550. 301.   0.   4.]
[551. 308.   0.   5.]
[552. 220.   0.   6.]
[307. 553.   0.   7.]
[ 90. 518.   0.   2.]
[103. 196.   0.   2.]
[270. 271.   0.   2.]
[557. 140.   0.   3.]
[300. 302.   0.   2.]
[359. 413.   0.   2.]
[5.54000000e+02 2.95000000e+02 5.72887609e-09 8.00000000e+00]
[5.48000000e+02 1.25000000e+02 9.93410746e-09 3.00000000e+00]
[8.10000000e+01 5.61000000e+02 1.47465514e-08 9.00000000e+00]
[1.36000000e+02 3.36000000e+02 1.49011612e-08 2.00000000e+00]
[5.59000000e+02 4.68000000e+02 1.89139771e-08 3.00000000e+00]
[5.58000000e+02 1.70000000e+02 2.09081399e-08 4.00000000e+00]
[7.20000000e+01 4.37000000e+02 2.35608046e-08 2.00000000e+00]
[2.05000000e+02 2.51000000e+02 2.58095683e-08 2.00000000e+00]
[5.00000000e+01 1.35000000e+02 2.98023224e-08 2.00000000e+00]
[5.69000000e+02 3.29000000e+02 2.98023224e-08 3.00000000e+00]
[7.40000000e+01 9.10000000e+01 2.98023224e-08 2.00000000e+00]
[5.71000000e+02 3.17000000e+02 2.98023224e-08 3.00000000e+00]
[1.78000000e+02 2.45000000e+02 2.98023224e-08 2.00000000e+00]
[2.40000000e+01 4.23000000e+02 3.33200094e-08 2.00000000e+00]
[6.10000000e+01 2.36000000e+02 3.94247668e-08 2.00000000e+00]
[5.72000000e+02 2.74000000e+02 6.32202728e-08 4.00000000e+00]
[4.00000000e+02 5.66000000e+02 8.36325598e-08 5.00000000e+00]
[3.80000000e+02 5.77000000e+02 7.35135062e-03 6.00000000e+00]
[4.00000000e+00 2.62000000e+02 7.97283029e-02 2.00000000e+00]
[2.06000000e+02 3.22000000e+02 8.80901384e-02 2.00000000e+00]
[2.18000000e+02 5.03000000e+02 9.15351476e-02 2.00000000e+00]
[21.         40.          0.09424761  2.        ]
[5.70000000e+02 1.30000000e+02 9.77663877e-02 4.00000000e+00]
[3.09000000e+02 3.94000000e+02 1.13554712e-01 2.00000000e+00]
[1.65000000e+02 2.91000000e+02 1.27329197e-01 2.00000000e+00]
[5.63000000e+02 4.80000000e+02 1.34295092e-01 1.00000000e+01]
[1.24000000e+02 3.05000000e+02 1.43956369e-01 2.00000000e+00]
[5.76000000e+02 1.21000000e+02 1.47711792e-01 5.00000000e+00]
[1.0900000e+02 5.6500000e+02 1.5219818e-01 4.0000000e+00]
[3.00000000e+00 5.47000000e+02 1.53378122e-01 7.00000000e+00]
[5.88000000e+02 1.64000000e+02 1.58186003e-01 6.00000000e+00]
[4.36000000e+02 5.22000000e+02 1.59304943e-01 2.00000000e+00]
[2.98000000e+02 5.78000000e+02 1.63388128e-01 7.00000000e+00]
[3.20000000e+02 4.06000000e+02 1.65856757e-01 2.00000000e+00]
[5.68000000e+02 2.21000000e+02 1.66706017e-01 3.00000000e+00]
[3.39000000e+02 4.73000000e+02 1.66913646e-01 2.00000000e+00]
[ 54.         148.           0.17029586   2.        ]
[5.64000000e+02 1.76000000e+02 1.71113989e-01 3.00000000e+00]
[4.90000000e+01 2.46000000e+02 1.75754914e-01 2.00000000e+00]
[1.43000000e+02 4.45000000e+02 1.77035229e-01 2.00000000e+00]
[1.28000000e+02 5.85000000e+02 1.77625635e-01 3.00000000e+00]
[3.00000000e+01 2.09000000e+02 1.80419571e-01 2.00000000e+00]
[3.03000000e+02 3.69000000e+02 1.81735907e-01 2.00000000e+00]
[4.02000000e+02 4.89000000e+02 1.84597774e-01 2.00000000e+00]
[9.00000000e+00 5.62000000e+02 1.85595233e-01 4.00000000e+00]
[5.83000000e+02 5.86000000e+02 1.85735877e-01 1.40000000e+01]
[5.32000000e+02 4.77000000e+02 1.88025421e-01 2.00000000e+00]
[3.48000000e+02 3.67000000e+02 1.92651364e-01 2.00000000e+00]
[5.93000000e+02 5.79000000e+02 1.93733295e-01 9.00000000e+00]
[5.9100000e+02 2.0400000e+02 1.9718722e-01 7.0000000e+00]
[2.19000000e+02 4.54000000e+02 1.97835799e-01 2.00000000e+00]
[9.20000000e+01 2.69000000e+02 2.02205018e-01 2.00000000e+00]
[2.47000000e+02 2.49000000e+02 2.05691869e-01 2.00000000e+00]
[4.92000000e+02 5.23000000e+02 2.06576291e-01 2.00000000e+00]
[2.29000000e+02 6.09000000e+02 2.08429227e-01 1.00000000e+01]
[6.06000000e+02 1.54000000e+02 2.10150237e-01 1.50000000e+01]
[5.80000000e+02 2.25000000e+02 2.10383341e-01 3.00000000e+00]
[2.30000000e+02 6.07000000e+02 2.11731853e-01 3.00000000e+00]
[2.10000000e+02 3.83000000e+02 2.16439157e-01 2.00000000e+00]
[ 62.         180.           0.21802634   2.        ]
[5.90000000e+02 5.95000000e+02 2.18376285e-01 1.00000000e+01]
[6.30000000e+01 4.26000000e+02 2.22793603e-01 2.00000000e+00]
[3.97000000e+02 4.44000000e+02 2.26566363e-01 2.00000000e+00]
[3.96000000e+02 4.14000000e+02 2.31510474e-01 2.00000000e+00]
[1.22000000e+02 4.28000000e+02 2.31558986e-01 2.00000000e+00]
[1.70000000e+01 2.83000000e+02 2.31985745e-01 2.00000000e+00]
[65.         76.          0.23260145  2.        ]
[2.76000000e+02 3.45000000e+02 2.36501911e-01 2.00000000e+00]
[3.27000000e+02 5.38000000e+02 2.37957707e-01 2.00000000e+00]
[1.53000000e+02 6.10000000e+02 2.41905423e-01 8.00000000e+00]
[6.16000000e+02 3.28000000e+02 2.43584136e-01 1.60000000e+01]
[ 73.         200.           0.24526085   2.        ]
[2.0700000e+02 2.5600000e+02 2.4701404e-01 2.0000000e+00]
[4.15000000e+02 4.60000000e+02 2.47252331e-01 2.00000000e+00]
[4.10000000e+01 3.82000000e+02 2.48380718e-01 2.00000000e+00]
[6.25000000e+02 5.28000000e+02 2.48888721e-01 3.00000000e+00]
[6.31000000e+02 2.39000000e+02 2.51162505e-01 1.70000000e+01]
[185.         195.           0.25348435   2.        ]
[3.6600000e+02 5.1700000e+02 2.5465216e-01 2.0000000e+00]
[3.4600000e+02 4.3800000e+02 2.5633776e-01 2.0000000e+00]
[8.70000000e+01 6.30000000e+02 2.57919083e-01 9.00000000e+00]
[1.44000000e+02 5.60000000e+02 2.58263061e-01 3.00000000e+00]
[4.18000000e+02 4.61000000e+02 2.58874699e-01 2.00000000e+00]
[1.55000000e+02 2.85000000e+02 2.62629562e-01 2.00000000e+00]
[2.97000000e+02 4.27000000e+02 2.65471299e-01 2.00000000e+00]
[6.36000000e+02 2.78000000e+02 2.67071056e-01 4.00000000e+00]
[6.01000000e+02 2.33000000e+02 2.68603468e-01 4.00000000e+00]
[2.90000000e+01 4.86000000e+02 2.69241065e-01 2.00000000e+00]
[ 20.         119.           0.26949152   2.        ]
[1.60000000e+01 4.39000000e+02 2.72045644e-01 2.00000000e+00]
[5.97000000e+02 1.50000000e+02 2.76374129e-01 3.00000000e+00]
[6.15000000e+02 3.34000000e+02 2.76586617e-01 1.10000000e+01]
[2.90000000e+02 5.30000000e+02 2.81081353e-01 2.00000000e+00]
[6.05000000e+02 1.56000000e+02 2.82260372e-01 5.00000000e+00]
[7.00000000e+01 6.52000000e+02 2.83817009e-01 1.20000000e+01]
[ 19.         104.           0.28492092   2.        ]
[9.80000000e+01 6.44000000e+02 2.85903913e-01 3.00000000e+00]
[3.81000000e+02 4.05000000e+02 2.89701426e-01 2.00000000e+00]
[6.46000000e+02 3.21000000e+02 2.95514924e-01 5.00000000e+00]
[2.13000000e+02 3.86000000e+02 2.96988305e-01 2.00000000e+00]
[1.4000000e+01 4.3300000e+02 3.0088898e-01 2.0000000e+00]
[6.3700000e+02 4.4800000e+02 3.0255696e-01 1.8000000e+01]
[3.9300000e+02 5.1100000e+02 3.0292267e-01 2.0000000e+00]
[6.35000000e+02 5.20000000e+01 3.05282864e-01 3.00000000e+00]
[3.30000000e+01 6.59000000e+02 3.07311203e-01 6.00000000e+00]
[8.00000000e+01 4.09000000e+02 3.07769409e-01 2.00000000e+00]
[6.21000000e+02 5.89000000e+02 3.10060115e-01 1.40000000e+01]
[2.4800000e+02 5.1600000e+02 3.1140253e-01 2.0000000e+00]
[6.65000000e+02 5.12000000e+02 3.13583648e-01 7.00000000e+00]
[3.18000000e+02 5.09000000e+02 3.14086331e-01 2.00000000e+00]
[5.98000000e+02 6.54000000e+02 3.14512144e-01 8.00000000e+00]
[6.47000000e+02 6.20000000e+02 3.16391706e-01 6.00000000e+00]
[ 27.         172.           0.31748107   2.        ]
[5.00000000e+00 6.33000000e+02 3.18370088e-01 3.00000000e+00]
[6.49000000e+02 3.80000000e+01 3.24227903e-01 3.00000000e+00]
[186.         199.           0.32727377   2.        ]
[6.11000000e+02 6.58000000e+02 3.31537666e-01 4.00000000e+00]
[6.62000000e+02 1.94000000e+02 3.32427057e-01 1.90000000e+01]
[5.42000000e+02 6.28000000e+02 3.33083063e-01 4.00000000e+00]
[6.78000000e+02 2.52000000e+02 3.38619531e-01 2.00000000e+01]
[3.2400000e+02 6.6700000e+02 3.4060848e-01 1.5000000e+01]
[1.150000e+02 6.720000e+02 3.442322e-01 7.000000e+00]
[5.75000000e+02 1.51000000e+02 3.44775131e-01 3.00000000e+00]
[1.32000000e+02 3.72000000e+02 3.46520695e-01 2.00000000e+00]
[1.57000000e+02 4.95000000e+02 3.46846811e-01 2.00000000e+00]
[3.56000000e+02 4.67000000e+02 3.48209824e-01 2.00000000e+00]
[6.50000000e+02 6.77000000e+02 3.53226009e-01 6.00000000e+00]
[2.75000000e+02 6.74000000e+02 3.54358782e-01 4.00000000e+00]
[3.58000000e+02 6.87000000e+02 3.60144757e-01 7.00000000e+00]
[6.5700000e+02 6.8900000e+02 3.6061403e-01 1.0000000e+01]
[6.80000000e+02 1.60000000e+02 3.60903952e-01 2.10000000e+01]
[3.3300000e+02 6.8200000e+02 3.6531379e-01 8.0000000e+00]
[6.56000000e+02 6.55000000e+02 3.67249065e-01 1.40000000e+01]
[4.2000000e+01 4.8400000e+02 3.6912681e-01 2.0000000e+00]
[6.6000000e+01 5.5600000e+02 3.6930143e-01 3.0000000e+00]
[3.40000000e+01 6.93000000e+02 3.70074101e-01 1.50000000e+01]
[6.41000000e+02 1.92000000e+02 3.70077931e-01 1.00000000e+01]
[2.30000000e+01 6.71000000e+02 3.73374907e-01 9.00000000e+00]
[335.         338.           0.37444201   2.        ]
[2.27000000e+02 6.75000000e+02 3.79013388e-01 4.00000000e+00]
[4.08000000e+02 4.50000000e+02 3.79615369e-01 2.00000000e+00]
[2.65000000e+02 6.88000000e+02 3.80468296e-01 5.00000000e+00]
[2.37000000e+02 4.90000000e+02 3.81762604e-01 2.00000000e+00]
[2.59000000e+02 4.91000000e+02 3.82930161e-01 2.00000000e+00]
[5.08000000e+02 6.90000000e+02 3.83345315e-01 1.10000000e+01]
[3.65000000e+02 4.43000000e+02 3.86731246e-01 2.00000000e+00]
[313.       378.         0.387071   2.      ]
[7.00000000e+02 3.40000000e+02 3.88248206e-01 5.00000000e+00]
[1.00000000e+01 6.17000000e+02 3.88795364e-01 4.00000000e+00]
[ 58.         263.           0.39139943   2.        ]
[1.73000000e+02 4.87000000e+02 3.96785413e-01 2.00000000e+00]
[6.94000000e+02 4.88000000e+02 3.98790435e-01 3.00000000e+00]
[1.42000000e+02 5.19000000e+02 3.99383475e-01 2.00000000e+00]
[202.         272.           0.39948358   2.        ]
[5.73000000e+02 2.55000000e+02 4.00350854e-01 3.00000000e+00]
[4.40000000e+01 4.52000000e+02 4.00776567e-01 2.00000000e+00]
[6.91000000e+02 3.50000000e+01 4.00904814e-01 2.20000000e+01]
[6.97000000e+02 6.12000000e+02 4.02943064e-01 1.20000000e+01]
[7.17000000e+02 1.82000000e+02 4.05719559e-01 2.30000000e+01]
[6.6900000e+02 6.1800000e+02 4.0633716e-01 1.0000000e+01]
[2.08000000e+02 6.92000000e+02 4.07818562e-01 9.00000000e+00]
[2.8700000e+02 6.8100000e+02 4.0858243e-01 1.6000000e+01]
[7.1900000e+02 4.6300000e+02 4.1200312e-01 2.4000000e+01]
[1.37000000e+02 4.53000000e+02 4.12012819e-01 2.00000000e+00]
[5.9200000e+02 6.4300000e+02 4.1362888e-01 4.0000000e+00]
[ 25.         404.           0.41425519   2.        ]
[5.90000000e+01 7.18000000e+02 4.18408416e-01 1.30000000e+01]
[6.98000000e+02 3.20000000e+01 4.19279971e-01 1.00000000e+01]
[2.50000000e+02 4.42000000e+02 4.22900056e-01 2.00000000e+00]
[193.         279.           0.42380423   2.        ]
[3.50000000e+02 7.28000000e+02 4.24602916e-01 1.10000000e+01]
[4.69000000e+02 6.96000000e+02 4.25585702e-01 1.60000000e+01]
[7.10000000e+01 4.62000000e+02 4.26382192e-01 2.00000000e+00]
[6.51000000e+02 7.08000000e+02 4.27692543e-01 8.00000000e+00]
[118.         374.           0.42888858   2.        ]
[11.         15.          0.42923161  2.        ]
[4.65000000e+02 7.05000000e+02 4.29260959e-01 1.20000000e+01]
[7.04000000e+02 7.31000000e+02 4.30225052e-01 1.30000000e+01]
[6.8400000e+02 2.4400000e+02 4.3053912e-01 3.0000000e+00]
[7.20000000e+02 3.57000000e+02 4.31743197e-01 1.10000000e+01]
[5.84000000e+02 3.60000000e+02 4.32426694e-01 3.00000000e+00]
[6.7000000e+02 5.1300000e+02 4.3449567e-01 3.0000000e+00]
[ 82.         127.           0.43635742   2.        ]
[4.60000000e+01 7.38000000e+02 4.37014092e-01 1.40000000e+01]
[6.83000000e+02 3.95000000e+02 4.41889233e-01 4.00000000e+00]
[2.32000000e+02 6.14000000e+02 4.44063854e-01 3.00000000e+00]
[6.79000000e+02 5.41000000e+02 4.44382119e-01 7.00000000e+00]
[1.88000000e+02 6.29000000e+02 4.45688587e-01 3.00000000e+00]
[139.         241.           0.44606394   2.        ]
[2.60000000e+02 7.37000000e+02 4.46329607e-01 1.30000000e+01]
[183.         347.           0.44815931   2.        ]
[7.34000000e+02 7.22000000e+02 4.48277021e-01 2.40000000e+01]
[7.23000000e+02 8.30000000e+01 4.49129512e-01 2.50000000e+01]
[ 88.         435.           0.45090016   2.        ]
[7.53000000e+02 3.91000000e+02 4.51718356e-01 2.60000000e+01]
[7.24000000e+02 6.85000000e+02 4.52504942e-01 4.00000000e+00]
[1.34000000e+02 5.39000000e+02 4.55798321e-01 2.00000000e+00]
[7.02000000e+02 7.32000000e+02 4.56798795e-01 2.10000000e+01]
[1.00000000e+02 7.56000000e+02 4.58705828e-01 5.00000000e+00]
[5.67000000e+02 6.63000000e+02 4.58830618e-01 4.00000000e+00]
[6.39000000e+02 3.71000000e+02 4.59431475e-01 3.00000000e+00]
[117.         280.           0.46220041   2.        ]
[106.         158.           0.46257035   2.        ]
[7.03000000e+02 4.10000000e+02 4.63899075e-01 3.00000000e+00]
[7.27000000e+02 1.74000000e+02 4.64659765e-01 1.40000000e+01]
[7.26000000e+02 7.25000000e+02 4.66819897e-01 6.00000000e+00]
[370.        459.          0.4686339   2.       ]
[7.21000000e+02 7.14000000e+02 4.69101221e-01 1.10000000e+01]
[1.80000000e+01 7.52000000e+02 4.69226903e-01 2.50000000e+01]
[7.55000000e+02 3.31000000e+02 4.69254472e-01 2.70000000e+01]
[4.83000000e+02 7.29000000e+02 4.72676369e-01 3.00000000e+00]
[6.68000000e+02 4.12000000e+02 4.72765118e-01 3.00000000e+00]
[7.07000000e+02 5.21000000e+02 4.74262814e-01 3.00000000e+00]
[6.7000000e+01 7.4700000e+02 4.7467279e-01 8.0000000e+00]
[6.27000000e+02 7.44000000e+02 4.75637131e-01 1.60000000e+01]
[138.       284.         0.477146   2.      ]
[3.61000000e+02 5.27000000e+02 4.79292987e-01 2.00000000e+00]
[5.55000000e+02 7.40000000e+02 4.79902859e-01 1.30000000e+01]
[7.09000000e+02 1.62000000e+02 4.80903954e-01 5.00000000e+00]
[4.5000000e+01 7.3900000e+02 4.8100853e-01 4.0000000e+00]
[167.         434.           0.48108159   2.        ]
[120.         163.           0.48119979   2.        ]
[5.99000000e+02 7.59000000e+02 4.82380881e-01 7.00000000e+00]
[1.6800000e+02 7.5000000e+02 4.8369811e-01 1.4000000e+01]
[7.50000000e+01 7.84000000e+02 4.85636097e-01 1.50000000e+01]
[6.99000000e+02 7.85000000e+02 4.86688755e-01 1.70000000e+01]
[7.78000000e+02 5.06000000e+02 4.87195791e-01 1.40000000e+01]
[ 55.         107.           0.48829369   2.        ]
[7.15000000e+02 6.08000000e+02 4.88669533e-01 5.00000000e+00]
[1.12000000e+02 7.68000000e+02 4.90055891e-01 1.20000000e+01]
[5.1000000e+01 6.1300000e+02 4.9204756e-01 3.0000000e+00]
[7.49000000e+02 7.48000000e+02 4.97013629e-01 5.00000000e+00]
[7.36000000e+02 5.04000000e+02 4.97637696e-01 3.00000000e+00]
[7.70000000e+02 7.43000000e+02 4.99655776e-01 2.90000000e+01]
[7.75000000e+02 6.32000000e+02 5.00417033e-01 1.80000000e+01]
[7.95000000e+02 6.22000000e+02 5.00593579e-01 2.00000000e+01]
[5.26000000e+02 4.55000000e+02 5.00678094e-01 2.00000000e+00]
[ 60.         337.           0.50203567   2.        ]
[2.24000000e+02 5.37000000e+02 5.03944403e-01 2.00000000e+00]
[7.12000000e+02 1.26000000e+02 5.03961448e-01 4.00000000e+00]
[3.70000000e+01 7.96000000e+02 5.05505871e-01 2.10000000e+01]
[2.22000000e+02 5.10000000e+02 5.08768502e-01 2.00000000e+00]
[1.46000000e+02 7.94000000e+02 5.09150333e-01 3.00000000e+01]
[7.58000000e+02 7.51000000e+02 5.11245754e-01 2.30000000e+01]
[7.76000000e+02 7.69000000e+02 5.13072783e-01 2.70000000e+01]
[4.80000000e+01 8.05000000e+02 5.14976497e-01 2.80000000e+01]
[2.66000000e+02 8.03000000e+02 5.16485713e-01 3.10000000e+01]
[5.96000000e+02 7.83000000e+02 5.17677511e-01 9.00000000e+00]
[1.97000000e+02 7.71000000e+02 5.18135321e-01 4.00000000e+00]
[1.02000000e+02 5.94000000e+02 5.18630245e-01 3.00000000e+00]
[ 53.         231.           0.51898847   2.        ]
[5.87000000e+02 1.75000000e+02 5.21312587e-01 3.00000000e+00]
[3.87000000e+02 8.06000000e+02 5.24022881e-01 2.90000000e+01]
[7.01000000e+02 7.66000000e+02 5.25369363e-01 8.00000000e+00]
[7.86000000e+02 7.60000000e+02 5.25660837e-01 2.10000000e+01]
[3.84000000e+02 8.14000000e+02 5.25995133e-01 9.00000000e+00]
[2.64000000e+02 8.04000000e+02 5.26601847e-01 2.40000000e+01]
[6.90000000e+01 6.95000000e+02 5.28395276e-01 4.00000000e+00]
[6.40000000e+02 6.53000000e+02 5.28543891e-01 4.00000000e+00]
[ 39.        432.          0.5293882   2.       ]
[2.60000000e+01 7.91000000e+02 5.29748671e-01 4.00000000e+00]
[2.80000000e+01 8.15000000e+02 5.30029386e-01 2.20000000e+01]
[203.         362.           0.53251765   2.        ]
[6.38000000e+02 8.19000000e+02 5.33221042e-01 6.00000000e+00]
[7.35000000e+02 3.85000000e+02 5.35659825e-01 3.00000000e+00]
[1.84000000e+02 8.16000000e+02 5.35925329e-01 1.00000000e+01]
[3.44000000e+02 7.97000000e+02 5.36266917e-01 3.00000000e+00]
[7.57000000e+02 5.14000000e+02 5.36358118e-01 3.00000000e+00]
[189.         535.           0.53773934   2.        ]
[4.79000000e+02 8.26000000e+02 5.37981242e-01 1.10000000e+01]
[1.16000000e+02 8.22000000e+02 5.42502497e-01 2.30000000e+01]
[7.13000000e+02 7.61000000e+02 5.44344913e-01 5.00000000e+00]
[3.32000000e+02 6.34000000e+02 5.44472592e-01 3.00000000e+00]
[3.60000000e+01 7.54000000e+02 5.44667545e-01 3.00000000e+00]
[449.         482.           0.54630725   2.        ]
[6.6100000e+02 3.6300000e+02 5.4901478e-01 3.0000000e+00]
[7.87000000e+02 7.42000000e+02 5.49146133e-01 1.70000000e+01]
[1.91000000e+02 8.08000000e+02 5.50929615e-01 1.00000000e+01]
[8.13000000e+02 8.01000000e+02 5.51622126e-01 5.00000000e+01]
[7.88000000e+02 7.65000000e+02 5.51926077e-01 1.60000000e+01]
[326.         420.           0.55219715   2.        ]
[6.24000000e+02 4.17000000e+02 5.52502315e-01 3.00000000e+00]
[6.66000000e+02 1.41000000e+02 5.54122671e-01 3.00000000e+00]
[7.80000000e+02 7.89000000e+02 5.56790829e-01 9.00000000e+00]
[7.45000000e+02 8.28000000e+02 5.56921961e-01 7.00000000e+00]
[5.2400000e+02 8.3500000e+02 5.6079288e-01 3.0000000e+00]
[7.7400000e+02 7.9200000e+02 5.6090074e-01 1.3000000e+01]
[3.49000000e+02 8.39000000e+02 5.63288502e-01 5.10000000e+01]
[6.86000000e+02 8.36000000e+02 5.63532325e-01 5.00000000e+00]
[7.90000000e+02 6.76000000e+02 5.64322476e-01 1.40000000e+01]
[343.         422.           0.56455219   2.        ]
[4.24000000e+02 8.44000000e+02 5.64865315e-01 1.00000000e+01]
[8.11000000e+02 4.01000000e+02 5.66160903e-01 3.00000000e+00]
[4.51000000e+02 8.24000000e+02 5.67439844e-01 7.00000000e+00]
[3.54000000e+02 8.50000000e+02 5.69550812e-01 1.50000000e+01]
[0.0000000e+00 8.0900000e+02 5.7003343e-01 5.0000000e+00]
[8.21000000e+02 3.52000000e+02 5.71635685e-01 5.00000000e+00]
[9.60000000e+01 8.31000000e+02 5.72405085e-01 2.40000000e+01]
[7.10000000e+02 1.98000000e+02 5.75264847e-01 3.00000000e+00]
[1.33000000e+02 7.72000000e+02 5.75604035e-01 4.00000000e+00]
[398.         399.           0.57621201   2.        ]
[8.38000000e+02 4.03000000e+02 5.77132657e-01 1.10000000e+01]
[8.42000000e+02 4.30000000e+02 5.77710761e-01 4.00000000e+00]
[8.62000000e+02 3.10000000e+01 5.78322128e-01 1.20000000e+01]
[6.73000000e+02 6.48000000e+02 5.78334793e-01 4.00000000e+00]
[8.64000000e+02 8.10000000e+02 5.80090877e-01 1.50000000e+01]
[8.45000000e+02 2.99000000e+02 5.81520151e-01 8.00000000e+00]
[254.        474.          0.5819289   2.       ]
[4.72000000e+02 8.47000000e+02 5.82325007e-01 1.40000000e+01]
[8.66000000e+02 6.02000000e+02 5.84689015e-01 1.70000000e+01]
[8.17000000e+02 8.07000000e+02 5.85664966e-01 5.50000000e+01]
[57.         97.          0.58908174  2.        ]
[4.78000000e+02 8.57000000e+02 5.89081878e-01 6.00000000e+00]
[6.19000000e+02 7.93000000e+02 5.90943718e-01 5.00000000e+00]
[3.10000000e+02 8.54000000e+02 5.91228031e-01 8.00000000e+00]
[3.89000000e+02 8.25000000e+02 5.92291635e-01 4.00000000e+00]
[4.70000000e+01 8.70000000e+02 5.92564352e-01 1.80000000e+01]
[7.33000000e+02 8.49000000e+02 5.92970599e-01 7.00000000e+00]
[8.74000000e+02 5.81000000e+02 5.93153749e-01 7.00000000e+00]
[6.60000000e+02 8.23000000e+02 5.95089036e-01 4.00000000e+00]
[7.81000000e+02 2.53000000e+02 5.95759027e-01 3.00000000e+00]
[306.         458.           0.59593792   2.        ]
[7.30000000e+02 7.46000000e+02 5.97357214e-01 5.00000000e+00]
[8.56000000e+02 8.46000000e+02 5.98623989e-01 8.00000000e+00]
[2.38000000e+02 8.52000000e+02 5.98710439e-01 1.10000000e+01]
[1.11000000e+02 8.48000000e+02 6.00732474e-01 5.20000000e+01]
[258.         456.           0.60112858   2.        ]
[8.67000000e+02 1.59000000e+02 6.01236316e-01 9.00000000e+00]
[8.00000000e+02 4.98000000e+02 6.01250509e-01 5.00000000e+00]
[7.62000000e+02 8.40000000e+02 6.01408672e-01 1.80000000e+01]
[4.96000000e+02 8.71000000e+02 6.02382791e-01 5.60000000e+01]
[7.99000000e+02 8.37000000e+02 6.02815293e-01 1.90000000e+01]
[8.3200000e+02 5.0700000e+02 6.0313507e-01 6.0000000e+00]
[8.12000000e+02 8.83000000e+02 6.04019243e-01 8.00000000e+00]
[7.79000000e+02 2.68000000e+02 6.06061371e-01 6.00000000e+00]
[2.42000000e+02 8.82000000e+02 6.08708881e-01 3.00000000e+00]
[8.2900000e+02 4.5700000e+02 6.0914244e-01 3.0000000e+00]
[4.85000000e+02 8.58000000e+02 6.09243416e-01 2.50000000e+01]
[493.         529.           0.60926028   2.        ]
[8.34000000e+02 8.30000000e+02 6.10353234e-01 1.40000000e+01]
[8.96000000e+02 4.46000000e+02 6.13271645e-01 4.00000000e+00]
[8.92000000e+02 7.64000000e+02 6.14562245e-01 2.20000000e+01]
[8.33000000e+02 8.69000000e+02 6.16873421e-01 1.70000000e+01]
[5.01000000e+02 8.86000000e+02 6.22818601e-01 5.30000000e+01]
[8.59000000e+02 8.63000000e+02 6.22872087e-01 7.00000000e+00]
[8.80000000e+02 4.71000000e+02 6.23044775e-01 5.00000000e+00]
[2.96000000e+02 9.04000000e+02 6.24057723e-01 5.40000000e+01]
[8.75000000e+02 8.81000000e+02 6.24450847e-01 1.10000000e+01]
[8.65000000e+02 4.40000000e+02 6.26513274e-01 5.00000000e+00]
[7.16000000e+02 8.98000000e+02 6.27951926e-01 2.70000000e+01]
[7.00000000e+00 8.77000000e+02 6.32365887e-01 1.90000000e+01]
[9.02000000e+02 9.00000000e+02 6.33048581e-01 3.60000000e+01]
[7.70000000e+01 9.03000000e+02 6.33164839e-01 1.80000000e+01]
[2.94000000e+02 8.55000000e+02 6.33515348e-01 1.60000000e+01]
[8.41000000e+02 8.85000000e+02 6.34667812e-01 1.30000000e+01]
[9.1000000e+02 7.9800000e+02 6.3642923e-01 2.9000000e+01]
[105.         273.           0.63658219   2.        ]
[9.09000000e+02 4.16000000e+02 6.40264773e-01 6.00000000e+00]
[9.08000000e+02 1.61000000e+02 6.44957938e-01 1.20000000e+01]
[8.02000000e+02 8.88000000e+02 6.45336107e-01 1.10000000e+01]
[6.42000000e+02 9.12000000e+02 6.45732443e-01 3.90000000e+01]
[4.25000000e+02 9.07000000e+02 6.47674197e-01 5.50000000e+01]
[8.84000000e+02 8.18000000e+02 6.49618117e-01 1.20000000e+01]
[8.79000000e+02 9.23000000e+02 6.50694663e-01 1.90000000e+01]
[  2.         341.           0.65086005   2.        ]
[6.00000000e+02 8.99000000e+02 6.51617969e-01 4.00000000e+00]
[9.06000000e+02 4.31000000e+02 6.51889986e-01 6.00000000e+00]
[8.72000000e+02 2.26000000e+02 6.52003489e-01 3.00000000e+00]
[355.         441.           0.65288272   2.        ]
[6.45000000e+02 8.91000000e+02 6.54788858e-01 5.80000000e+01]
[3.51000000e+02 9.24000000e+02 6.57270736e-01 2.00000000e+01]
[4.94000000e+02 9.16000000e+02 6.57287051e-01 3.00000000e+01]
[190.         293.           0.65750638   2.        ]
[7.63000000e+02 9.21000000e+02 6.60665202e-01 4.10000000e+01]
[8.50000000e+01 9.17000000e+02 6.62374012e-01 3.00000000e+00]
[9.15000000e+02 8.51000000e+02 6.63487519e-01 1.50000000e+01]
[243.         407.           0.66636544   2.        ]
[9.13000000e+02 7.06000000e+02 6.66959863e-01 2.00000000e+01]
[9.19000000e+02 9.22000000e+02 6.67089156e-01 6.70000000e+01]
[8.73000000e+02 9.11000000e+02 6.67333616e-01 2.50000000e+01]
[7.41000000e+02 5.31000000e+02 6.76637527e-01 4.00000000e+00]
[211.         505.           0.67742805   2.        ]
[3.5300000e+02 9.3600000e+02 6.7805591e-01 1.6000000e+01]
[312.        464.          0.6783022   2.       ]
[1.31000000e+02 9.39000000e+02 6.82563899e-01 6.80000000e+01]
[8.89000000e+02 3.76000000e+02 6.83120611e-01 6.00000000e+00]
[1.10000000e+02 9.40000000e+02 6.83854211e-01 2.60000000e+01]
[9.05000000e+02 1.79000000e+02 6.85201027e-01 8.00000000e+00]
[9.31000000e+02 6.26000000e+02 6.87676279e-01 2.20000000e+01]
[8.94000000e+02 8.76000000e+02 6.88235374e-01 1.20000000e+01]
[8.60000000e+02 9.32000000e+02 6.90663835e-01 3.40000000e+01]
[2.67000000e+02 7.67000000e+02 6.91968539e-01 3.00000000e+00]
[9.35000000e+02 9.14000000e+02 6.92621501e-01 1.90000000e+01]
[8.20000000e+02 9.49000000e+02 6.94549691e-01 2.40000000e+01]
[9.30000000e+02 8.61000000e+02 6.95571168e-01 6.00000000e+01]
[7.82000000e+02 9.18000000e+02 6.95951821e-01 8.00000000e+00]
[9.34000000e+02 3.25000000e+02 6.96145242e-01 4.20000000e+01]
[9.20000000e+02 9.38000000e+02 6.96709943e-01 3.10000000e+01]
[9.43000000e+02 9.28000000e+02 7.01003992e-01 1.90000000e+01]
[3.90000000e+02 8.93000000e+02 7.01150869e-01 7.00000000e+00]
[9.59000000e+02 9.51000000e+02 7.01419648e-01 5.30000000e+01]
[7.90000000e+01 9.53000000e+02 7.01799042e-01 2.00000000e+01]
[8.97000000e+02 5.25000000e+02 7.02377904e-01 4.00000000e+00]
[ 94.         215.           0.70320737   2.        ]
[9.5000000e+02 6.6400000e+02 7.0625675e-01 1.5000000e+01]
[2.23000000e+02 9.56000000e+02 7.08302434e-01 9.00000000e+00]
[9.26000000e+02 3.75000000e+02 7.08324139e-01 5.00000000e+00]
[9.52000000e+02 4.19000000e+02 7.10967442e-01 4.00000000e+00]
[8.90000000e+02 7.73000000e+02 7.12786233e-01 2.10000000e+01]
[5.60000000e+01 9.61000000e+02 7.13735042e-01 5.40000000e+01]
[9.27000000e+02 9.58000000e+02 7.16347383e-01 3.70000000e+01]
[9.57000000e+02 9.55000000e+02 7.17608268e-01 1.02000000e+02]
[4.76000000e+02 9.46000000e+02 7.20419156e-01 7.00000000e+00]
[1.49000000e+02 8.78000000e+02 7.22049248e-01 8.00000000e+00]
[5.82000000e+02 8.68000000e+02 7.23662773e-01 4.00000000e+00]
[2.92000000e+02 9.73000000e+02 7.25329009e-01 8.00000000e+00]
[9.62000000e+02 2.35000000e+02 7.28484882e-01 2.10000000e+01]
[2.82000000e+02 9.45000000e+02 7.30161306e-01 6.90000000e+01]
[2.28000000e+02 9.72000000e+02 7.30536732e-01 1.03000000e+02]
[9.79000000e+02 3.73000000e+02 7.30996291e-01 1.04000000e+02]
[8.43000000e+02 9.47000000e+02 7.34480884e-01 2.90000000e+01]
[ 22.         330.           0.73505365   2.        ]
[3.88000000e+02 9.78000000e+02 7.36376416e-01 7.00000000e+01]
[9.66000000e+02 3.04000000e+02 7.37079039e-01 1.00000000e+01]
[4.66000000e+02 9.64000000e+02 7.44506014e-01 3.00000000e+00]
[9.42000000e+02 9.65000000e+02 7.45252774e-01 1.70000000e+01]
[9.33000000e+02 9.83000000e+02 7.48625165e-01 7.20000000e+01]
[1.14000000e+02 9.84000000e+02 7.48642505e-01 1.10000000e+01]
[8.53000000e+02 9.77000000e+02 7.49586511e-01 2.40000000e+01]
[8.40000000e+01 9.44000000e+02 7.50728173e-01 3.00000000e+00]
[9.71000000e+02 9.89000000e+02 7.52855098e-01 6.10000000e+01]
[ 43.         711.           0.75630852   3.        ]
[9.37000000e+02 9.69000000e+02 7.58242113e-01 2.30000000e+01]
[5.20000000e+02 9.70000000e+02 7.59331828e-01 5.50000000e+01]
[187.         500.           0.76046404   2.        ]
[9.74000000e+02 9.91000000e+02 7.65693301e-01 6.90000000e+01]
[4.11000000e+02 9.82000000e+02 7.66225186e-01 3.00000000e+00]
[4.21000000e+02 9.94000000e+02 7.68781613e-01 5.60000000e+01]
[9.81000000e+02 9.54000000e+02 7.68977677e-01 5.30000000e+01]
[8.00000000e+00 8.95000000e+02 7.70276661e-01 7.00000000e+00]
[1.81000000e+02 9.96000000e+02 7.71077751e-01 7.00000000e+01]
[281.         499.           0.78045961   2.        ]
[1.71000000e+02 9.76000000e+02 7.80469838e-01 9.00000000e+00]
[9.90000000e+02 1.66000000e+02 7.84466075e-01 4.00000000e+00]
[9.90000000e+01 9.93000000e+02 7.84480926e-01 2.40000000e+01]
[1.00100000e+03 9.97000000e+02 7.86003736e-01 7.30000000e+01]
[1.00600000e+03 3.68000000e+02 7.86005215e-01 7.40000000e+01]
[1.30000000e+01 9.87000000e+02 7.86463414e-01 7.30000000e+01]
[9.48000000e+02 3.64000000e+02 7.86503829e-01 9.00000000e+00]
[9.88000000e+02 9.29000000e+02 7.91748065e-01 1.30000000e+01]
[1.00500000e+03 1.00000000e+03 7.91905811e-01 3.10000000e+01]
[9.99000000e+02 1.01000000e+03 7.92698759e-01 6.60000000e+01]
[9.80000000e+02 9.86000000e+02 7.94314918e-01 1.21000000e+02]
[2.8600000e+02 1.0110000e+03 7.9483014e-01 3.2000000e+01]
[5.36000000e+02 1.01300000e+03 7.98599839e-01 1.22000000e+02]
[1.20000000e+01 9.60000000e+02 8.02052516e-01 8.00000000e+00]
[1.01500000e+03 9.92000000e+02 8.06349143e-01 1.25000000e+02]
[1.01700000e+03 1.01200000e+03 8.07697533e-01 1.91000000e+02]
[9.98000000e+02 1.01600000e+03 8.08661506e-01 6.40000000e+01]
[8.87000000e+02 1.01400000e+03 8.14455884e-01 3.40000000e+01]
[2.17000000e+02 1.01900000e+03 8.16164651e-01 6.50000000e+01]
[257.         314.           0.82087826   2.        ]
[5.15000000e+02 1.02100000e+03 8.33279285e-01 6.60000000e+01]
[7.77000000e+02 1.00700000e+03 8.33964851e-01 7.60000000e+01]
[1.00200000e+03 9.85000000e+02 8.36798667e-01 5.00000000e+00]
[9.63000000e+02 3.23000000e+02 8.42402436e-01 5.00000000e+00]
[4.75000000e+02 1.01800000e+03 8.44840673e-01 1.92000000e+02]
[603.         392.           0.85701068   3.        ]
[9.68000000e+02 1.02400000e+03 8.61827097e-01 8.00000000e+01]
[1.02000000e+03 1.02900000e+03 8.62910163e-01 1.14000000e+02]
[1.02300000e+03 5.34000000e+02 8.68132974e-01 6.70000000e+01]
[1.00800000e+03 8.27000000e+02 8.69435092e-01 7.60000000e+01]
[1.03000000e+03 1.03200000e+03 8.71858217e-01 1.90000000e+02]
[2.01000000e+02 1.03300000e+03 8.72354815e-01 1.91000000e+02]
[1.01000000e+02 1.02600000e+03 8.72795995e-01 6.00000000e+00]
[9.25000000e+02 6.04000000e+02 8.77776958e-01 4.00000000e+00]
[1.02200000e+03 4.70000000e+02 8.88845145e-01 3.00000000e+00]
[9.67000000e+02 1.02700000e+03 8.91704227e-01 1.97000000e+02]
[1.02500000e+03 1.03100000e+03 8.96075029e-01 7.20000000e+01]
[9.75000000e+02 2.12000000e+02 8.97580541e-01 5.00000000e+00]
[288.         502.           0.90510019   2.        ]
[1.00400000e+03 1.03500000e+03 9.07003635e-01 1.00000000e+01]
[901.         379.           0.91251599   5.        ]
[1.03400000e+03 1.00300000e+03 9.14866047e-01 2.00000000e+02]
[1.04400000e+03 1.04000000e+03 9.16972277e-01 2.05000000e+02]
[1.04500000e+03 9.41000000e+02 9.20744764e-01 2.09000000e+02]
[319.         447.           0.93017065   2.        ]
[1.0090000e+03 3.4200000e+02 9.3189741e-01 1.0000000e+01]
[3.11000000e+02 1.04600000e+03 9.33798051e-01 2.10000000e+02]
[1.02800000e+03 3.16000000e+02 9.49218423e-01 4.00000000e+00]
[4.97000000e+02 1.03900000e+03 9.54908007e-01 7.30000000e+01]
[1.47000000e+02 1.04800000e+03 9.68069652e-01 1.10000000e+01]
[574.         481.           0.97179749   3.        ]
[2.8900000e+02 1.0490000e+03 9.7531561e-01 2.1100000e+02]
[1.04200000e+03 1.05400000e+03 9.75599431e-01 2.21000000e+02]
[1.04100000e+03 6.23000000e+02 9.78916827e-01 4.00000000e+00]
[1.03700000e+03 1.05500000e+03 9.84705974e-01 2.24000000e+02]
[377.         533.           0.98647094   2.        ]
[8.90000000e+01 1.05100000e+03 9.93703278e-01 7.40000000e+01]
[1.03800000e+03 1.05000000e+03 1.00886542e+00 2.01000000e+02]
[2.34000000e+02 1.05700000e+03 1.02182431e+00 2.25000000e+02]
[1.05900000e+03 1.69000000e+02 1.04067207e+00 7.50000000e+01]
[1053.         1052.            1.06119486   14.        ]
[1.7700000e+02 1.0620000e+03 1.0614202e+00 7.6000000e+01]
[1043.         1056.            1.06996562    9.        ]
[1061.         1060.            1.07834638  426.        ]
[ 145.         1065.            1.10055353   10.        ]
[1064.          995.            1.10189532   78.        ]
[1058.         1066.            1.10467642  428.        ]
[ 108.         1069.            1.10988551  429.        ]
[1068.         1047.            1.11603184   80.        ]
[1063.          277.            1.11878329   15.        ]
[1070.         1071.            1.16202786  509.        ]
[1072.         1073.            1.20548717  524.        ]
[1036.         1067.            1.22580538   14.        ]
[1074.           86.            1.23166565  525.        ]
[1075.         1076.            1.30558284  539.        ]
[1077.          429.            1.39433915  540.        ]
