[  1. 216.   0.   2.]
[540. 113.   0.   3.]
[  6. 129.   0.   2.]
[64. 68.  0.  2.]
[543.  93.   0.   3.]
[544. 123.   0.   4.]
[545. 214.   0.   5.]
[546. 261.   0.   6.]
[ 78. 315.   0.   2.]
[ 95. 152.   0.   2.]
[549. 240.   0.   3.]
[550. 301.   0.   4.]
[551. 308.   0.   5.]
[552. 220.   0.   6.]
[307. 553.   0.   7.]
[ 90. 518.   0.   2.]
[103. 196.   0.   2.]
[270. 271.   0.   2.]
[557. 140.   0.   3.]
[300. 302.   0.   2.]
[359. 413.   0.   2.]
[5.54000000e+02 2.95000000e+02 5.72887609e-09 8.00000000e+00]
[5.48000000e+02 1.25000000e+02 9.93410746e-09 3.00000000e+00]
[8.10000000e+01 5.61000000e+02 1.47465514e-08 9.00000000e+00]
[1.36000000e+02 3.36000000e+02 1.49011612e-08 2.00000000e+00]
[5.59000000e+02 4.68000000e+02 1.89139771e-08 3.00000000e+00]
[5.58000000e+02 1.70000000e+02 2.09081399e-08 4.00000000e+00]
[7.20000000e+01 4.37000000e+02 2.35608046e-08 2.00000000e+00]
[2.05000000e+02 2.51000000e+02 2.58095683e-08 2.00000000e+00]
[5.00000000e+01 1.35000000e+02 2.98023224e-08 2.00000000e+00]
[5.69000000e+02 3.29000000e+02 2.98023224e-08 3.00000000e+00]
[7.40000000e+01 9.10000000e+01 2.98023224e-08 2.00000000e+00]
[5.71000000e+02 3.17000000e+02 2.98023224e-08 3.00000000e+00]
[1.78000000e+02 2.45000000e+02 2.98023224e-08 2.00000000e+00]
[2.40000000e+01 4.23000000e+02 3.33200094e-08 2.00000000e+00]
[6.10000000e+01 2.36000000e+02 3.94247668e-08 2.00000000e+00]
[5.72000000e+02 2.74000000e+02 6.32202728e-08 4.00000000e+00]
[3.80000000e+02 4.00000000e+02 8.36325598e-08 2.00000000e+00]
[5.6600000e+02 5.7700000e+02 1.6540422e-02 6.0000000e+00]
[4.00000000e+00 2.62000000e+02 7.97283029e-02 2.00000000e+00]
[2.06000000e+02 3.22000000e+02 8.80901384e-02 2.00000000e+00]
[2.18000000e+02 5.03000000e+02 9.15351476e-02 2.00000000e+00]
[21.         40.          0.09424761  2.        ]
[5.70000000e+02 1.30000000e+02 9.77663877e-02 4.00000000e+00]
[3.09000000e+02 3.94000000e+02 1.13554712e-01 2.00000000e+00]
[1.65000000e+02 2.91000000e+02 1.27329197e-01 2.00000000e+00]
[5.63000000e+02 4.80000000e+02 1.34295092e-01 1.00000000e+01]
[1.24000000e+02 3.05000000e+02 1.43956369e-01 2.00000000e+00]
[5.76000000e+02 1.21000000e+02 1.47711792e-01 5.00000000e+00]
[1.0900000e+02 5.6500000e+02 1.5219818e-01 4.0000000e+00]
[3.00000000e+00 2.21000000e+02 1.53378122e-01 2.00000000e+00]
[5.88000000e+02 1.64000000e+02 1.58186003e-01 6.00000000e+00]
[4.36000000e+02 5.22000000e+02 1.59304943e-01 2.00000000e+00]
[5.78000000e+02 2.98000000e+02 1.62053826e-01 7.00000000e+00]
[3.20000000e+02 4.06000000e+02 1.65856757e-01 2.00000000e+00]
[3.39000000e+02 4.73000000e+02 1.66913646e-01 2.00000000e+00]
[5.90000000e+02 5.68000000e+02 1.66960572e-01 4.00000000e+00]
[ 54.         148.           0.17029586   2.        ]
[5.64000000e+02 1.76000000e+02 1.71113989e-01 3.00000000e+00]
[2.29000000e+02 5.93000000e+02 1.72107536e-01 8.00000000e+00]
[4.90000000e+01 2.46000000e+02 1.75754914e-01 2.00000000e+00]
[1.43000000e+02 4.45000000e+02 1.77035229e-01 2.00000000e+00]
[1.28000000e+02 5.85000000e+02 1.77625635e-01 3.00000000e+00]
[3.00000000e+01 2.09000000e+02 1.80419571e-01 2.00000000e+00]
[3.03000000e+02 3.69000000e+02 1.81735907e-01 2.00000000e+00]
[4.02000000e+02 4.89000000e+02 1.84597774e-01 2.00000000e+00]
[9.00000000e+00 5.62000000e+02 1.85595233e-01 4.00000000e+00]
[5.83000000e+02 1.54000000e+02 1.85735877e-01 5.00000000e+00]
[2.30000000e+02 5.32000000e+02 1.88025421e-01 2.00000000e+00]
[3.48000000e+02 3.67000000e+02 1.92651364e-01 2.00000000e+00]
[5.9100000e+02 2.0400000e+02 1.9718722e-01 7.0000000e+00]
[2.19000000e+02 4.54000000e+02 1.97835799e-01 2.00000000e+00]
[6.07000000e+02 5.86000000e+02 2.01552606e-01 1.50000000e+01]
[9.20000000e+01 2.69000000e+02 2.02205018e-01 2.00000000e+00]
[2.47000000e+02 2.49000000e+02 2.05691869e-01 2.00000000e+00]
[4.92000000e+02 5.23000000e+02 2.06576291e-01 2.00000000e+00]
[5.80000000e+02 2.25000000e+02 2.10383341e-01 3.00000000e+00]
[2.10000000e+02 3.83000000e+02 2.16439157e-01 2.00000000e+00]
[ 62.         180.           0.21802634   2.        ]
[6.30000000e+01 4.26000000e+02 2.22793603e-01 2.00000000e+00]
[3.97000000e+02 4.44000000e+02 2.26566363e-01 2.00000000e+00]
[3.96000000e+02 4.14000000e+02 2.31510474e-01 2.00000000e+00]
[ 33.         122.           0.23155899   2.        ]
[1.70000000e+01 2.83000000e+02 2.31985745e-01 2.00000000e+00]
[65.         76.          0.23260145  2.        ]
[2.76000000e+02 3.45000000e+02 2.36501911e-01 2.00000000e+00]
[6.08000000e+02 4.77000000e+02 2.37311311e-01 3.00000000e+00]
[3.27000000e+02 5.38000000e+02 2.37957707e-01 2.00000000e+00]
[ 87.         153.           0.24190542   2.        ]
[6.12000000e+02 3.28000000e+02 2.44994611e-01 1.60000000e+01]
[ 73.         200.           0.24526085   2.        ]
[2.0700000e+02 2.5600000e+02 2.4701404e-01 2.0000000e+00]
[4.15000000e+02 4.60000000e+02 2.47252331e-01 2.00000000e+00]
[4.10000000e+01 3.82000000e+02 2.48380718e-01 2.00000000e+00]
[5.79000000e+02 5.99000000e+02 2.48875027e-01 1.00000000e+01]
[2.39000000e+02 4.48000000e+02 2.51347253e-01 2.00000000e+00]
[185.         195.           0.25348435   2.        ]
[3.6600000e+02 5.1700000e+02 2.5465216e-01 2.0000000e+00]
[3.4600000e+02 4.3800000e+02 2.5633776e-01 2.0000000e+00]
[1.44000000e+02 5.60000000e+02 2.58263061e-01 3.00000000e+00]
[4.18000000e+02 4.61000000e+02 2.58874699e-01 2.00000000e+00]
[1.55000000e+02 2.85000000e+02 2.62629562e-01 2.00000000e+00]
[2.97000000e+02 4.27000000e+02 2.65471299e-01 2.00000000e+00]
[4.28000000e+02 5.28000000e+02 2.65995207e-01 2.00000000e+00]
[5.47000000e+02 3.24000000e+02 2.67779431e-01 7.00000000e+00]
[6.10000000e+02 6.28000000e+02 2.67885769e-01 9.00000000e+00]
[6.02000000e+02 2.33000000e+02 2.68603468e-01 4.00000000e+00]
[2.90000000e+01 4.86000000e+02 2.69241065e-01 2.00000000e+00]
[ 20.         119.           0.26949152   2.        ]
[6.29000000e+02 6.35000000e+02 2.71054904e-01 1.80000000e+01]
[1.60000000e+01 4.39000000e+02 2.72045644e-01 2.00000000e+00]
[5.97000000e+02 1.50000000e+02 2.76374129e-01 3.00000000e+00]
[6.22000000e+02 6.43000000e+02 2.79907824e-01 4.00000000e+00]
[2.90000000e+02 5.30000000e+02 2.81081353e-01 2.00000000e+00]
[6.06000000e+02 1.56000000e+02 2.82260372e-01 5.00000000e+00]
[6.34000000e+02 3.34000000e+02 2.83256679e-01 1.10000000e+01]
[ 19.         104.           0.28492092   2.        ]
[5.9600000e+02 5.8900000e+02 2.8559916e-01 8.0000000e+00]
[9.80000000e+01 6.41000000e+02 2.85903913e-01 3.00000000e+00]
[3.81000000e+02 4.05000000e+02 2.89701426e-01 2.00000000e+00]
[2.13000000e+02 3.86000000e+02 2.96988305e-01 2.00000000e+00]
[6.52000000e+02 5.12000000e+02 2.99011123e-01 5.00000000e+00]
[1.4000000e+01 4.3300000e+02 3.0088898e-01 2.0000000e+00]
[3.9300000e+02 5.1100000e+02 3.0292267e-01 2.0000000e+00]
[6.33000000e+02 5.20000000e+01 3.05282864e-01 3.00000000e+00]
[8.00000000e+01 4.09000000e+02 3.07769409e-01 2.00000000e+00]
[6.55000000e+02 7.00000000e+01 3.08842553e-01 1.20000000e+01]
[2.4800000e+02 5.1600000e+02 3.1140253e-01 2.0000000e+00]
[3.18000000e+02 5.09000000e+02 3.14086331e-01 2.00000000e+00]
[5.98000000e+02 1.86000000e+02 3.14512144e-01 4.00000000e+00]
[6.5700000e+02 6.4400000e+02 3.1561832e-01 1.5000000e+01]
[1.15000000e+02 6.46000000e+02 3.16391706e-01 5.00000000e+00]
[ 27.         172.           0.31748107   2.        ]
[6.18000000e+02 1.12000000e+02 3.17801818e-01 3.00000000e+00]
[5.00000000e+00 6.31000000e+02 3.18370088e-01 3.00000000e+00]
[6.48000000e+02 3.80000000e+01 3.24227903e-01 3.00000000e+00]
[3.70000000e+01 6.11000000e+02 3.31537666e-01 3.00000000e+00]
[6.49000000e+02 1.94000000e+02 3.31968505e-01 1.90000000e+01]
[5.42000000e+02 6.25000000e+02 3.33083063e-01 4.00000000e+00]
[6.77000000e+02 2.52000000e+02 3.38192785e-01 2.00000000e+01]
[6.54000000e+02 1.99000000e+02 3.40514948e-01 6.00000000e+00]
[5.90000000e+01 6.45000000e+02 3.42235263e-01 1.00000000e+01]
[5.75000000e+02 1.51000000e+02 3.44775131e-01 3.00000000e+00]
[1.32000000e+02 3.72000000e+02 3.46520695e-01 2.00000000e+00]
[1.57000000e+02 4.95000000e+02 3.46846811e-01 2.00000000e+00]
[3.56000000e+02 4.67000000e+02 3.48209824e-01 2.00000000e+00]
[6.66000000e+02 6.56000000e+02 3.52007653e-01 1.40000000e+01]
[6.50000000e+02 2.30000000e+01 3.53226009e-01 3.00000000e+00]
[ 34.         275.           0.35435878   2.        ]
[6.79000000e+02 1.60000000e+02 3.60002709e-01 2.10000000e+01]
[5.73000000e+02 3.58000000e+02 3.60144757e-01 3.00000000e+00]
[6.5800000e+02 2.7200000e+02 3.6061403e-01 4.0000000e+00]
[6.71000000e+02 3.33000000e+02 3.64833025e-01 6.00000000e+00]
[4.2000000e+01 4.8400000e+02 3.6912681e-01 2.0000000e+00]
[6.6000000e+01 5.5600000e+02 3.6930143e-01 3.0000000e+00]
[6.70000000e+02 3.40000000e+02 3.70255295e-01 1.60000000e+01]
[6.86000000e+02 4.69000000e+02 3.70353021e-01 1.50000000e+01]
[335.         338.           0.37444201   2.        ]
[6.1300000e+02 1.9200000e+02 3.7544275e-01 3.0000000e+00]
[6.61000000e+02 3.21000000e+02 3.76834809e-01 6.00000000e+00]
[2.27000000e+02 4.91000000e+02 3.79013388e-01 2.00000000e+00]
[4.08000000e+02 4.50000000e+02 3.79615369e-01 2.00000000e+00]
[2.37000000e+02 4.90000000e+02 3.81762604e-01 2.00000000e+00]
[6.87000000e+02 6.91000000e+02 3.82244578e-01 7.00000000e+00]
[4.51000000e+02 5.08000000e+02 3.83345315e-01 2.00000000e+00]
[3.65000000e+02 4.43000000e+02 3.86731246e-01 2.00000000e+00]
[313.       378.         0.387071   2.      ]
[7.00000000e+02 2.59000000e+02 3.87710179e-01 3.00000000e+00]
[1.00000000e+01 6.16000000e+02 3.88795364e-01 4.00000000e+00]
[6.92000000e+02 2.08000000e+02 3.90449766e-01 7.00000000e+00]
[ 58.         263.           0.39139943   2.        ]
[6.74000000e+02 6.88000000e+02 3.94593057e-01 5.00000000e+00]
[6.80000000e+02 6.69000000e+02 3.94752845e-01 1.00000000e+01]
[6.96000000e+02 3.50000000e+01 3.96067283e-01 1.60000000e+01]
[6.99000000e+02 2.78000000e+02 3.96462735e-01 7.00000000e+00]
[1.73000000e+02 4.87000000e+02 3.96785413e-01 2.00000000e+00]
[6.95000000e+02 6.75000000e+02 3.97386466e-01 1.90000000e+01]
[6.93000000e+02 4.88000000e+02 3.98790435e-01 3.00000000e+00]
[6.89000000e+02 4.63000000e+02 3.99285272e-01 2.20000000e+01]
[1.42000000e+02 5.19000000e+02 3.99383475e-01 2.00000000e+00]
[6.76000000e+02 3.50000000e+02 3.99405888e-01 4.00000000e+00]
[4.40000000e+01 4.52000000e+02 4.00776567e-01 2.00000000e+00]
[6.90000000e+02 2.55000000e+02 4.04453387e-01 4.00000000e+00]
[1.37000000e+02 4.53000000e+02 4.12012819e-01 2.00000000e+00]
[2.5000000e+01 5.9200000e+02 4.1362888e-01 3.0000000e+00]
[7.11000000e+02 2.65000000e+02 4.15116016e-01 6.00000000e+00]
[7.14000000e+02 3.57000000e+02 4.15334916e-01 8.00000000e+00]
[7.13000000e+02 7.25000000e+02 4.20723269e-01 2.20000000e+01]
[2.50000000e+02 4.42000000e+02 4.22900056e-01 2.00000000e+00]
[193.         279.           0.42380423   2.        ]
[7.16000000e+02 7.07000000e+02 4.24220094e-01 2.20000000e+01]
[7.18000000e+02 1.82000000e+02 4.25198505e-01 2.30000000e+01]
[7.10000000e+01 4.62000000e+02 4.26382192e-01 2.00000000e+00]
[7.03000000e+02 6.59000000e+02 4.26624861e-01 9.00000000e+00]
[118.         374.           0.42888858   2.        ]
[11.         15.          0.42923161  2.        ]
[6.8300000e+02 2.4400000e+02 4.3053912e-01 3.0000000e+00]
[7.33000000e+02 7.20000000e+02 4.32060232e-01 1.30000000e+01]
[5.84000000e+02 3.60000000e+02 4.32426694e-01 3.00000000e+00]
[7.26000000e+02 4.04000000e+02 4.32550331e-01 9.00000000e+00]
[6.6800000e+02 5.1300000e+02 4.3449567e-01 3.0000000e+00]
[7.30000000e+02 6.51000000e+02 4.34587707e-01 2.50000000e+01]
[6.73000000e+02 7.09000000e+02 4.34705784e-01 1.00000000e+01]
[ 82.         127.           0.43635742   2.        ]
[6.81000000e+02 1.74000000e+02 4.36831233e-01 1.10000000e+01]
[4.60000000e+01 6.19000000e+02 4.37014092e-01 3.00000000e+00]
[7.37000000e+02 6.27000000e+02 4.41622855e-01 1.50000000e+01]
[6.82000000e+02 3.95000000e+02 4.41889233e-01 4.00000000e+00]
[2.32000000e+02 6.15000000e+02 4.44063854e-01 3.00000000e+00]
[6.78000000e+02 6.70000000e+01 4.44382119e-01 5.00000000e+00]
[7.39000000e+02 6.26000000e+02 4.44671385e-01 1.20000000e+01]
[139.         188.           0.44568859   2.        ]
[260.         280.           0.44632961   2.        ]
[183.         347.           0.44815931   2.        ]
[7.31000000e+02 3.91000000e+02 4.49172257e-01 2.40000000e+01]
[ 83.         331.           0.44943864   2.        ]
[ 88.         435.           0.45090016   2.        ]
[7.41000000e+02 1.80000000e+01 4.52907801e-01 2.60000000e+01]
[1.34000000e+02 5.39000000e+02 4.55798321e-01 2.00000000e+00]
[6.00000000e+02 1.00000000e+02 4.58705828e-01 3.00000000e+00]
[5.67000000e+02 6.63000000e+02 4.58830618e-01 4.00000000e+00]
[6.37000000e+02 3.71000000e+02 4.59431475e-01 3.00000000e+00]
[7.24000000e+02 6.40000000e+02 4.61049809e-01 5.00000000e+00]
[106.         158.           0.46257035   2.        ]
[7.02000000e+02 4.10000000e+02 4.63899075e-01 3.00000000e+00]
[7.510000e+02 2.410000e+02 4.653303e-01 3.000000e+00]
[7.54000000e+02 7.55000000e+02 4.65563245e-01 2.60000000e+01]
[4.65000000e+02 7.46000000e+02 4.66909093e-01 1.60000000e+01]
[370.        459.          0.4686339   2.       ]
[6.84000000e+02 2.84000000e+02 4.70054877e-01 3.00000000e+00]
[6.98000000e+02 1.17000000e+02 4.71386761e-01 4.00000000e+00]
[1.97000000e+02 4.83000000e+02 4.72676369e-01 2.00000000e+00]
[6.67000000e+02 4.12000000e+02 4.72765118e-01 3.00000000e+00]
[7.06000000e+02 5.21000000e+02 4.74262814e-01 3.00000000e+00]
[6.24000000e+02 2.54000000e+02 4.75637131e-01 3.00000000e+00]
[7.27000000e+02 2.66000000e+02 4.76853205e-01 2.30000000e+01]
[3.61000000e+02 5.27000000e+02 4.79292987e-01 2.00000000e+00]
[7.57000000e+02 3.87000000e+02 4.79833647e-01 2.70000000e+01]
[5.55000000e+02 5.06000000e+02 4.79902859e-01 3.00000000e+00]
[7.08000000e+02 1.62000000e+02 4.80903954e-01 5.00000000e+00]
[4.5000000e+01 7.3600000e+02 4.8100853e-01 4.0000000e+00]
[167.         434.           0.48108159   2.        ]
[1.68000000e+02 7.52000000e+02 4.81158483e-01 3.00000000e+00]
[120.         163.           0.48119979   2.        ]
[5.41000000e+02 7.49000000e+02 4.81494308e-01 8.00000000e+00]
[7.45000000e+02 7.67000000e+02 4.84575579e-01 1.90000000e+01]
[ 75.        485.          0.4856361   2.       ]
[1.16000000e+02 6.97000000e+02 4.86688755e-01 3.00000000e+00]
[7.44000000e+02 7.70000000e+02 4.87992408e-01 1.50000000e+01]
[ 55.         107.           0.48829369   2.        ]
[7.75000000e+02 2.64000000e+02 4.89268437e-01 2.40000000e+01]
[5.1000000e+01 6.1400000e+02 4.9204756e-01 3.0000000e+00]
[7.22000000e+02 6.09000000e+02 4.93138339e-01 6.00000000e+00]
[7.28000000e+02 3.10000000e+02 4.94754317e-01 3.00000000e+00]
[7.35000000e+02 5.04000000e+02 4.97637696e-01 3.00000000e+00]
[7.66000000e+02 7.01000000e+02 4.97685389e-01 2.80000000e+01]
[7.23000000e+02 2.43000000e+02 4.98932612e-01 3.00000000e+00]
[3.44000000e+02 5.26000000e+02 5.00678094e-01 2.00000000e+00]
[7.77000000e+02 2.87000000e+02 5.00846756e-01 2.80000000e+01]
[7.74000000e+02 3.54000000e+02 5.01474699e-01 4.00000000e+00]
[ 60.         337.           0.50203567   2.        ]
[7.95000000e+02 3.84000000e+02 5.02910712e-01 2.90000000e+01]
[2.24000000e+02 5.37000000e+02 5.03944403e-01 2.00000000e+00]
[7.17000000e+02 1.26000000e+02 5.03961448e-01 4.00000000e+00]
[7.59000000e+02 7.69000000e+02 5.04520554e-01 6.00000000e+00]
[ 32.         202.           0.50469433   2.        ]
[7.82000000e+02 7.93000000e+02 5.08264876e-01 6.00000000e+00]
[2.22000000e+02 5.10000000e+02 5.08768502e-01 2.00000000e+00]
[146.         184.           0.50915033   2.        ]
[7.50000000e+02 7.78000000e+02 5.09214813e-01 1.50000000e+01]
[7.43000000e+02 7.53000000e+02 5.09628267e-01 4.00000000e+00]
[7.98000000e+02 4.80000000e+01 5.10472452e-01 2.90000000e+01]
[6.30000000e+02 1.38000000e+02 5.16016009e-01 3.00000000e+00]
[4.70000000e+01 5.95000000e+02 5.17677511e-01 3.00000000e+00]
[7.12000000e+02 7.60000000e+02 5.17869888e-01 1.40000000e+01]
[1.02000000e+02 5.94000000e+02 5.18630245e-01 3.00000000e+00]
[ 53.         231.           0.51898847   2.        ]
[7.90000000e+02 8.01000000e+02 5.19297785e-01 5.30000000e+01]
[8.05000000e+02 7.65000000e+02 5.19718836e-01 5.00000000e+00]
[5.87000000e+02 1.75000000e+02 5.21312587e-01 3.00000000e+00]
[6.90000000e+01 7.58000000e+02 5.28395276e-01 3.00000000e+00]
[6.36000000e+02 6.38000000e+02 5.28543891e-01 4.00000000e+00]
[ 39.        432.          0.5293882   2.       ]
[2.60000000e+01 7.91000000e+02 5.29748671e-01 4.00000000e+00]
[ 28.         203.           0.53002939   2.        ]
[6.53000000e+02 4.03000000e+02 5.32893188e-01 3.00000000e+00]
[8.04000000e+02 7.96000000e+02 5.34879936e-01 9.00000000e+00]
[7.34000000e+02 3.85000000e+02 5.35659825e-01 3.00000000e+00]
[189.         535.           0.53773934   2.        ]
[373.         479.           0.53798124   2.        ]
[0.00000000e+00 7.85000000e+02 5.38187243e-01 2.00000000e+01]
[8.09000000e+02 7.40000000e+02 5.38243105e-01 1.80000000e+01]
[7.6200000e+02 8.0200000e+02 5.4127056e-01 7.0000000e+00]
[3.32000000e+02 7.04000000e+02 5.41885589e-01 3.00000000e+00]
[8.17000000e+02 8.10000000e+02 5.43246863e-01 5.70000000e+01]
[7.19000000e+02 5.07000000e+02 5.44344913e-01 3.00000000e+00]
[3.60000000e+01 7.56000000e+02 5.44667545e-01 3.00000000e+00]
[449.         482.           0.54630725   2.        ]
[6.6200000e+02 3.6300000e+02 5.4901478e-01 3.0000000e+00]
[7.89000000e+02 7.88000000e+02 5.49142707e-01 1.70000000e+01]
[8.11000000e+02 3.49000000e+02 5.50411471e-01 3.00000000e+01]
[191.         258.           0.55092962   2.        ]
[326.         420.           0.55219715   2.        ]
[6.21000000e+02 4.17000000e+02 5.52502315e-01 3.00000000e+00]
[7.86000000e+02 8.06000000e+02 5.53468024e-01 8.00000000e+00]
[6.65000000e+02 1.41000000e+02 5.54122671e-01 3.00000000e+00]
[7.80000000e+02 7.92000000e+02 5.56000379e-01 1.00000000e+01]
[7.47000000e+02 1.59000000e+02 5.56921961e-01 5.00000000e+00]
[7.94000000e+02 7.87000000e+02 5.58097016e-01 6.00000000e+00]
[235.         524.           0.56079288   2.        ]
[8.33000000e+02 6.32000000e+02 5.60852472e-01 5.00000000e+00]
[7.32000000e+02 6.85000000e+02 5.63532325e-01 4.00000000e+00]
[6.1700000e+02 5.1400000e+02 5.6389895e-01 3.0000000e+00]
[343.         422.           0.56455219   2.        ]
[238.         424.           0.56486531   2.        ]
[8.16000000e+02 4.01000000e+02 5.66160903e-01 3.00000000e+00]
[8.15000000e+02 7.71000000e+02 5.68654764e-01 5.00000000e+00]
[8.26000000e+02 8.20000000e+02 5.71083182e-01 1.20000000e+01]
[8.30000000e+02 8.12000000e+02 5.71316158e-01 2.30000000e+01]
[8.23000000e+02 3.52000000e+02 5.71635685e-01 5.00000000e+00]
[31.         96.          0.57240508  2.        ]
[8.24000000e+02 3.62000000e+02 5.73598578e-01 3.00000000e+00]
[8.31000000e+02 3.41000000e+02 5.74478521e-01 1.90000000e+01]
[8.44000000e+02 8.57000000e+02 5.75074645e-01 2.00000000e+01]
[8.50000000e+02 4.72000000e+02 5.75112659e-01 6.00000000e+00]
[7.9700000e+02 4.5500000e+02 5.7515254e-01 3.0000000e+00]
[7.10000000e+02 1.98000000e+02 5.75264847e-01 3.00000000e+00]
[1.33000000e+02 7.72000000e+02 5.75604035e-01 4.00000000e+00]
[398.         399.           0.57621201   2.        ]
[8.43000000e+02 4.30000000e+02 5.77710761e-01 4.00000000e+00]
[6.72000000e+02 4.16000000e+02 5.78334793e-01 3.00000000e+00]
[8.36000000e+02 8.08000000e+02 5.79220227e-01 5.00000000e+00]
[8.21000000e+02 8.25000000e+02 5.82012069e-01 7.00000000e+00]
[7.4200000e+02 7.8100000e+02 5.8330831e-01 1.2000000e+01]
[8.32000000e+02 7.64000000e+02 5.85260556e-01 1.00000000e+01]
[8.5800000e+02 8.5600000e+02 5.8610404e-01 2.8000000e+01]
[57.         97.          0.58908174  2.        ]
[  7.         478.           0.58908188   2.        ]
[7.84000000e+02 2.96000000e+02 5.90282924e-01 9.00000000e+00]
[8.40000000e+02 8.14000000e+02 5.92038893e-01 4.40000000e+01]
[8.19000000e+02 3.89000000e+02 5.92291635e-01 4.00000000e+00]
[8.47000000e+02 2.99000000e+02 5.92980951e-01 6.00000000e+00]
[8.74000000e+02 8.62000000e+02 5.93093741e-01 2.90000000e+01]
[6.60000000e+02 4.31000000e+02 5.95089036e-01 3.00000000e+00]
[8.75000000e+02 8.63000000e+02 5.95542472e-01 4.80000000e+01]
[306.         446.           0.59593792   2.        ]
[8.35000000e+02 7.61000000e+02 5.96817045e-01 6.00000000e+00]
[8.70000000e+02 4.40000000e+02 5.97211521e-01 4.00000000e+00]
[7.29000000e+02 7.48000000e+02 5.97357214e-01 5.00000000e+00]
[8.48000000e+02 8.00000000e+02 5.99001841e-01 8.00000000e+00]
[8.13000000e+02 8.41000000e+02 5.99698407e-01 5.00000000e+00]
[111.         501.           0.60073247   2.        ]
[8.03000000e+02 4.98000000e+02 6.01250509e-01 5.00000000e+00]
[6.42000000e+02 4.96000000e+02 6.02382791e-01 3.00000000e+00]
[7.99000000e+02 4.74000000e+02 6.03471252e-01 5.00000000e+00]
[8.60000000e+02 8.18000000e+02 6.05135481e-01 7.00000000e+00]
[7.79000000e+02 2.68000000e+02 6.06061371e-01 6.00000000e+00]
[8.2800000e+02 4.5700000e+02 6.0914244e-01 3.0000000e+00]
[493.         529.           0.60926028   2.        ]
[8.78000000e+02 2.23000000e+02 6.10005283e-01 1.00000000e+01]
[8.61000000e+02 5.81000000e+02 6.11999477e-01 5.00000000e+00]
[1.61000000e+02 8.72000000e+02 6.15214008e-01 8.00000000e+00]
[8.4600000e+02 8.5400000e+02 6.1715277e-01 1.2000000e+01]
[8.80000000e+02 3.75000000e+02 6.17556826e-01 5.00000000e+00]
[8.84000000e+02 9.00000000e+02 6.20458848e-01 5.30000000e+01]
[8.99000000e+02 8.95000000e+02 6.20939282e-01 1.70000000e+01]
[8.66000000e+02 8.69000000e+02 6.22872087e-01 7.00000000e+00]
[6.64000000e+02 8.88000000e+02 6.25232476e-01 8.00000000e+00]
[8.38000000e+02 8.73000000e+02 6.27246532e-01 1.50000000e+01]
[7.21000000e+02 8.55000000e+02 6.27951926e-01 5.00000000e+00]
[6.03000000e+02 8.90000000e+02 6.28117904e-01 7.00000000e+00]
[8.83000000e+02 4.71000000e+02 6.30177608e-01 4.00000000e+00]
[8.34000000e+02 2.11000000e+02 6.30558328e-01 5.80000000e+01]
[8.79000000e+02 1.05000000e+02 6.31512384e-01 4.50000000e+01]
[7.70000000e+01 7.05000000e+02 6.33164839e-01 3.00000000e+00]
[7.73000000e+02 8.64000000e+02 6.33521183e-01 9.00000000e+00]
[8.52000000e+02 3.55000000e+02 6.34172082e-01 4.00000000e+00]
[8.42000000e+02 8.53000000e+02 6.34667812e-01 4.00000000e+00]
[8.2200000e+02 8.3700000e+02 6.3636588e-01 4.0000000e+00]
[8.59000000e+02 1.10000000e+02 6.39248448e-01 6.00000000e+00]
[9.10000000e+02 4.64000000e+02 6.39727454e-01 8.00000000e+00]
[9.13000000e+02 8.49000000e+02 6.40366547e-01 4.70000000e+01]
[8.71000000e+02 2.28000000e+02 6.45856176e-01 6.00000000e+00]
[9.04000000e+02 3.51000000e+02 6.48464734e-01 5.40000000e+01]
[8.82000000e+02 7.63000000e+02 6.49051403e-01 3.10000000e+01]
[273.         294.           0.64971859   2.        ]
[9.12000000e+02 7.15000000e+02 6.50954174e-01 6.00000000e+01]
[9.2300000e+02 9.0500000e+02 6.5146952e-01 7.1000000e+01]
[6.01000000e+02 8.98000000e+02 6.51617969e-01 4.00000000e+00]
[8.76000000e+02 2.26000000e+02 6.52003489e-01 3.00000000e+00]
[9.24000000e+02 6.39000000e+02 6.52142457e-01 3.40000000e+01]
[131.         425.           0.65284234   2.        ]
[8.9400000e+02 9.2500000e+02 6.5656591e-01 7.0000000e+00]
[376.         494.           0.65728705   2.        ]
[8.87000000e+02 6.47000000e+02 6.57340412e-01 6.00000000e+00]
[190.         293.           0.65750638   2.        ]
[9.22000000e+02 8.29000000e+02 6.58141762e-01 8.00000000e+00]
[212.         456.           0.66092062   2.        ]
[8.8900000e+02 9.0100000e+02 6.6173674e-01 1.6000000e+01]
[ 85.         312.           0.66237401   2.        ]
[9.26000000e+02 5.05000000e+02 6.63043332e-01 6.10000000e+01]
[8.4500000e+02 9.0300000e+02 6.6338159e-01 8.0000000e+00]
[8.81000000e+02 8.07000000e+02 6.63422848e-01 8.00000000e+00]
[9.27000000e+02 9.21000000e+02 6.66071828e-01 1.18000000e+02]
[9.30000000e+02 8.93000000e+02 6.66121649e-01 3.70000000e+01]
[8.77000000e+02 5.20000000e+02 6.66839167e-01 3.00000000e+00]
[8.9100000e+02 8.6500000e+02 6.7380229e-01 5.0000000e+00]
[2.53000000e+02 9.15000000e+02 6.76424554e-01 1.00000000e+01]
[7.38000000e+02 5.31000000e+02 6.76637527e-01 4.00000000e+00]
[ 56.         353.           0.67805591   2.        ]
[9.08000000e+02 8.51000000e+02 6.81339071e-01 1.90000000e+01]
[9.18000000e+02 9.17000000e+02 6.81374131e-01 8.00000000e+00]
[9.43000000e+02 7.90000000e+01 6.84218854e-01 1.19000000e+02]
[9.06000000e+02 1.79000000e+02 6.85201027e-01 8.00000000e+00]
[9.40000000e+02 6.04000000e+02 6.86195362e-01 6.30000000e+01]
[2.42000000e+02 8.85000000e+02 6.87664732e-01 3.00000000e+00]
[9.52000000e+02 9.32000000e+02 6.88455094e-01 1.26000000e+02]
[9.44000000e+02 9.36000000e+02 6.90439626e-01 4.50000000e+01]
[267.         419.           0.69196854   2.        ]
[9.54000000e+02 4.30000000e+01 6.94174303e-01 6.40000000e+01]
[9.20000000e+02 1.14000000e+02 6.94459641e-01 9.00000000e+00]
[9.56000000e+02 9.02000000e+02 6.97245688e-01 1.38000000e+02]
[9.57000000e+02 8.68000000e+02 6.98471825e-01 4.70000000e+01]
[9.50000000e+02 9.42000000e+02 6.98789159e-01 2.70000000e+01]
[ 94.         390.           0.70115087   2.        ]
[8.97000000e+02 5.25000000e+02 7.02377904e-01 4.00000000e+00]
[9.45000000e+02 8.86000000e+02 7.02399535e-01 9.00000000e+00]
[9.34000000e+02 3.04000000e+02 7.04780592e-01 7.00000000e+00]
[9.19000000e+02 9.41000000e+02 7.05738432e-01 1.40000000e+01]
[9.4900000e+02 9.2900000e+02 7.0579249e-01 5.0000000e+00]
[9.38000000e+02 9.31000000e+02 7.05838271e-01 1.80000000e+01]
[9.60000000e+02 4.41000000e+02 7.06052313e-01 1.00000000e+01]
[6.23000000e+02 9.16000000e+02 7.06988092e-01 6.00000000e+00]
[7.83000000e+02 1.66000000e+02 7.11520982e-01 3.00000000e+00]
[8.92000000e+02 9.33000000e+02 7.12651719e-01 7.00000000e+00]
[9.14000000e+02 2.82000000e+02 7.14292752e-01 4.00000000e+00]
[9.61000000e+02 2.86000000e+02 7.16462593e-01 1.39000000e+02]
[9.70000000e+02 9.51000000e+02 7.16826907e-01 2.60000000e+01]
[9.11000000e+02 4.11000000e+02 7.17102856e-01 5.00000000e+00]
[9.58000000e+02 7.68000000e+02 7.17180948e-01 4.00000000e+00]
[476.         499.           0.72041916   2.        ]
[149.         181.           0.72204925   2.        ]
[9.63000000e+02 9.47000000e+02 7.22233386e-01 3.70000000e+01]
[9.76000000e+02 9.77000000e+02 7.22447666e-01 1.65000000e+02]
[8.00000000e+00 9.39000000e+02 7.24286698e-01 3.00000000e+00]
[9.7100000e+02 3.8800000e+02 7.2538143e-01 1.1000000e+01]
[9.59000000e+02 8.27000000e+02 7.25416559e-01 6.70000000e+01]
[9.83000000e+02 6.94000000e+02 7.27955069e-01 1.68000000e+02]
[9.74000000e+02 2.92000000e+02 7.31748386e-01 8.00000000e+00]
[9.8700000e+02 9.7500000e+02 7.3204431e-01 1.7200000e+02]
[9.09000000e+02 8.67000000e+02 7.32115799e-01 9.00000000e+00]
[ 22.         330.           0.73505365   2.        ]
[9.62000000e+02 3.25000000e+02 7.35442247e-01 4.80000000e+01]
[9.7200000e+02 9.8500000e+02 7.3583505e-01 1.7000000e+01]
[8.39000000e+02 1.77000000e+02 7.41750283e-01 1.80000000e+01]
[9.89000000e+02 9.46000000e+02 7.42504543e-01 1.77000000e+02]
[9.69000000e+02 2.17000000e+02 7.42553098e-01 6.00000000e+00]
[9.68000000e+02 9.28000000e+02 7.43082018e-01 1.80000000e+01]
[466.         500.           0.74450601   2.        ]
[9.07000000e+02 4.75000000e+02 7.44878102e-01 9.00000000e+00]
[9.78000000e+02 3.68000000e+02 7.44935897e-01 6.00000000e+00]
[9.53000000e+02 9.64000000e+02 7.48249696e-01 1.00000000e+01]
[1.30000000e+01 9.35000000e+02 7.48625165e-01 3.00000000e+00]
[9.86000000e+02 3.92000000e+02 7.52683691e-01 6.80000000e+01]
[9.95000000e+02 9.82000000e+02 7.54439283e-01 2.14000000e+02]
[2.00000000e+00 9.92000000e+02 7.56003671e-01 4.90000000e+01]
[9.55000000e+02 4.58000000e+02 7.63727572e-01 4.00000000e+00]
[257.         407.           0.76628213   2.        ]
[215.         534.           0.76659848   2.        ]
[9.65000000e+02 4.21000000e+02 7.68781613e-01 5.00000000e+00]
[9.81000000e+02 1.00000000e+03 7.71918579e-01 8.00000000e+00]
[9.73000000e+02 9.93000000e+02 7.72932242e-01 2.00000000e+01]
[1.00400000e+03 9.84000000e+02 7.74015919e-01 2.17000000e+02]
[9.88000000e+02 1.71000000e+02 7.74404428e-01 9.00000000e+00]
[9.97000000e+02 5.36000000e+02 7.74557879e-01 1.90000000e+01]
[9.66000000e+02 9.67000000e+02 7.75711271e-01 1.60000000e+01]
[ 99.         470.           0.78448093   2.        ]
[8.40000000e+01 1.01100000e+03 7.86754716e-01 2.10000000e+01]
[9.91000000e+02 1.01000000e+03 7.90242627e-01 1.00000000e+01]
[1.00300000e+03 9.99000000e+02 7.90470729e-01 7.70000000e+01]
[1.01200000e+03 9.90000000e+02 7.93479657e-01 2.26000000e+02]
[1.0080000e+03 5.1500000e+02 8.0053588e-01 3.0000000e+00]
[9.96000000e+02 9.80000000e+02 8.02176939e-01 8.00000000e+00]
[1.00100000e+03 3.64000000e+02 8.04788775e-01 1.10000000e+01]
[1.02000000e+03 8.96000000e+02 8.08042272e-01 2.32000000e+02]
[1.02400000e+03 1.01600000e+03 8.12750899e-01 2.34000000e+02]
[1.02500000e+03 1.01800000e+03 8.21990229e-01 2.44000000e+02]
[1.01500000e+03 1.01700000e+03 8.24561653e-01 3.70000000e+01]
[1.0260000e+03 9.7900000e+02 8.2819588e-01 2.4800000e+02]
[1.02800000e+03 7.76000000e+02 8.30819312e-01 2.50000000e+02]
[9.94000000e+02 2.01000000e+02 8.31724663e-01 1.90000000e+01]
[2.81000000e+02 9.98000000e+02 8.40682986e-01 3.00000000e+00]
[1.02900000e+03 1.01400000e+03 8.41703479e-01 2.69000000e+02]
[1.03200000e+03 1.00900000e+03 8.48322146e-01 2.74000000e+02]
[1.20000000e+01 1.02200000e+03 8.49006948e-01 9.00000000e+00]
[1.03300000e+03 1.00200000e+03 8.52162624e-01 2.77000000e+02]
[1.0050000e+03 6.0500000e+02 8.5656337e-01 5.1000000e+01]
[1.0070000e+03 3.1400000e+02 8.6178199e-01 3.0000000e+00]
[1.03500000e+03 9.48000000e+02 8.69775242e-01 2.81000000e+02]
[1.03800000e+03 1.03400000e+03 8.71510937e-01 2.90000000e+02]
[101.         145.           0.87279599   2.        ]
[1.03600000e+03 1.01900000e+03 8.77610007e-01 1.28000000e+02]
[1.03900000e+03 1.02700000e+03 8.78084243e-01 3.27000000e+02]
[1.02100000e+03 2.88000000e+02 8.78304949e-01 4.00000000e+00]
[1.01300000e+03 2.34000000e+02 8.81036828e-01 1.00000000e+01]
[1.87000000e+02 1.03100000e+03 8.88175565e-01 4.00000000e+00]
[1.04200000e+03 3.11000000e+02 9.06162658e-01 3.28000000e+02]
[1.04600000e+03 1.04400000e+03 9.07436332e-01 3.38000000e+02]
[574.         323.           0.90914276   3.        ]
[1.04700000e+03 1.03000000e+03 9.13633993e-01 3.57000000e+02]
[5.82000000e+02 9.37000000e+02 9.17888212e-01 4.00000000e+00]
[1.02300000e+03 3.42000000e+02 9.22837318e-01 1.20000000e+01]
[1.00600000e+03 3.79000000e+02 9.22950673e-01 5.00000000e+00]
[319.         447.           0.93017065   2.        ]
[1.04900000e+03 1.03700000e+03 9.37901598e-01 3.60000000e+02]
[620.        502.          0.9517179   3.       ]
[ 89.         497.           0.95490801   2.        ]
[1.05400000e+03 2.89000000e+02 9.56632205e-01 3.61000000e+02]
[1.04800000e+03 4.81000000e+02 9.66803263e-01 4.00000000e+00]
[1.05700000e+03 1.05000000e+03 9.82506964e-01 3.65000000e+02]
[1.05100000e+03 1.04300000e+03 9.85758477e-01 1.60000000e+01]
[377.         533.           0.98647094   2.        ]
[1.05900000e+03 1.05300000e+03 1.01831391e+00 3.67000000e+02]
[1.06200000e+03 1.05500000e+03 1.02280183e+00 3.70000000e+02]
[1.06300000e+03 1.08000000e+02 1.03345183e+00 3.71000000e+02]
[1.06000000e+03 1.69000000e+02 1.03360044e+00 1.70000000e+01]
[1.05800000e+03 1.47000000e+02 1.03711647e+00 5.00000000e+00]
[1.0640000e+03 1.0650000e+03 1.0446315e+00 3.8800000e+02]
[1.06700000e+03 1.05600000e+03 1.06004574e+00 3.90000000e+02]
[1.06600000e+03 3.16000000e+02 1.06491413e+00 6.00000000e+00]
[1045.         1052.            1.07543236    9.        ]
[1041.           86.            1.10151706  129.        ]
[1068.         1061.            1.10244624  392.        ]
[1072.         1040.            1.10376982  394.        ]
[1069.          277.            1.12561252    7.        ]
[1073.         1070.            1.12694035  403.        ]
[1075.         1071.            1.13593137  532.        ]
[1076.         1074.            1.15996215  539.        ]
[1077.          429.            1.39061216  540.        ]
