[  1. 216.   0.   2.]
[540. 113.   0.   3.]
[  6. 129.   0.   2.]
[64. 68.  0.  2.]
[543.  93.   0.   3.]
[544. 123.   0.   4.]
[545. 214.   0.   5.]
[546. 261.   0.   6.]
[ 78. 315.   0.   2.]
[ 95. 152.   0.   2.]
[549. 240.   0.   3.]
[550. 301.   0.   4.]
[551. 308.   0.   5.]
[552. 220.   0.   6.]
[307. 553.   0.   7.]
[ 90. 518.   0.   2.]
[103. 196.   0.   2.]
[270. 271.   0.   2.]
[557. 140.   0.   3.]
[300. 302.   0.   2.]
[359. 413.   0.   2.]
[5.54000000e+02 2.95000000e+02 5.72887609e-09 8.00000000e+00]
[5.48000000e+02 1.25000000e+02 9.93410746e-09 3.00000000e+00]
[8.10000000e+01 5.61000000e+02 1.47465514e-08 9.00000000e+00]
[1.36000000e+02 3.36000000e+02 1.49011612e-08 2.00000000e+00]
[5.59000000e+02 4.68000000e+02 1.89139771e-08 3.00000000e+00]
[5.58000000e+02 1.70000000e+02 2.09081399e-08 4.00000000e+00]
[7.20000000e+01 4.37000000e+02 2.35608046e-08 2.00000000e+00]
[2.05000000e+02 2.51000000e+02 2.58095683e-08 2.00000000e+00]
[5.00000000e+01 1.35000000e+02 2.98023224e-08 2.00000000e+00]
[5.69000000e+02 3.29000000e+02 2.98023224e-08 3.00000000e+00]
[7.40000000e+01 9.10000000e+01 2.98023224e-08 2.00000000e+00]
[5.71000000e+02 3.17000000e+02 2.98023224e-08 3.00000000e+00]
[1.78000000e+02 2.45000000e+02 2.98023224e-08 2.00000000e+00]
[2.40000000e+01 4.23000000e+02 3.33200094e-08 2.00000000e+00]
[6.10000000e+01 2.36000000e+02 3.94247668e-08 2.00000000e+00]
[5.72000000e+02 2.74000000e+02 6.32202728e-08 4.00000000e+00]
[3.80000000e+02 4.00000000e+02 8.36325598e-08 2.00000000e+00]
[5.6600000e+02 5.7700000e+02 1.6540422e-02 6.0000000e+00]
[4.00000000e+00 2.62000000e+02 7.97283029e-02 2.00000000e+00]
[2.06000000e+02 3.22000000e+02 8.80901384e-02 2.00000000e+00]
[2.18000000e+02 5.03000000e+02 9.15351476e-02 2.00000000e+00]
[21.         40.          0.09424761  2.        ]
[5.70000000e+02 1.30000000e+02 9.77663877e-02 4.00000000e+00]
[3.09000000e+02 3.94000000e+02 1.13554712e-01 2.00000000e+00]
[1.65000000e+02 2.91000000e+02 1.27329197e-01 2.00000000e+00]
[5.63000000e+02 4.80000000e+02 1.34295092e-01 1.00000000e+01]
[1.24000000e+02 3.05000000e+02 1.43956369e-01 2.00000000e+00]
[5.76000000e+02 1.21000000e+02 1.47711792e-01 5.00000000e+00]
[1.0900000e+02 5.6500000e+02 1.5219818e-01 4.0000000e+00]
[3.00000000e+00 2.21000000e+02 1.53378122e-01 2.00000000e+00]
[5.88000000e+02 1.64000000e+02 1.58186003e-01 6.00000000e+00]
[4.36000000e+02 5.22000000e+02 1.59304943e-01 2.00000000e+00]
[5.78000000e+02 2.98000000e+02 1.62053826e-01 7.00000000e+00]
[3.20000000e+02 4.06000000e+02 1.65856757e-01 2.00000000e+00]
[3.39000000e+02 4.73000000e+02 1.66913646e-01 2.00000000e+00]
[5.90000000e+02 5.68000000e+02 1.66960572e-01 4.00000000e+00]
[ 54.         148.           0.17029586   2.        ]
[5.64000000e+02 1.76000000e+02 1.71113989e-01 3.00000000e+00]
[2.29000000e+02 5.93000000e+02 1.72107536e-01 8.00000000e+00]
[4.90000000e+01 2.46000000e+02 1.75754914e-01 2.00000000e+00]
[1.43000000e+02 4.45000000e+02 1.77035229e-01 2.00000000e+00]
[1.28000000e+02 5.85000000e+02 1.77625635e-01 3.00000000e+00]
[3.00000000e+01 2.09000000e+02 1.80419571e-01 2.00000000e+00]
[3.03000000e+02 3.69000000e+02 1.81735907e-01 2.00000000e+00]
[4.02000000e+02 4.89000000e+02 1.84597774e-01 2.00000000e+00]
[9.00000000e+00 5.62000000e+02 1.85595233e-01 4.00000000e+00]
[5.83000000e+02 5.86000000e+02 1.85735877e-01 1.40000000e+01]
[5.32000000e+02 4.77000000e+02 1.88025421e-01 2.00000000e+00]
[3.48000000e+02 3.67000000e+02 1.92651364e-01 2.00000000e+00]
[5.9100000e+02 2.0400000e+02 1.9718722e-01 7.0000000e+00]
[2.19000000e+02 4.54000000e+02 1.97835799e-01 2.00000000e+00]
[9.20000000e+01 2.69000000e+02 2.02205018e-01 2.00000000e+00]
[2.47000000e+02 2.49000000e+02 2.05691869e-01 2.00000000e+00]
[4.92000000e+02 5.23000000e+02 2.06576291e-01 2.00000000e+00]
[6.07000000e+02 1.54000000e+02 2.10150237e-01 1.50000000e+01]
[5.80000000e+02 2.25000000e+02 2.10383341e-01 3.00000000e+00]
[2.30000000e+02 6.08000000e+02 2.11731853e-01 3.00000000e+00]
[2.10000000e+02 3.83000000e+02 2.16439157e-01 2.00000000e+00]
[ 62.         180.           0.21802634   2.        ]
[6.30000000e+01 4.26000000e+02 2.22793603e-01 2.00000000e+00]
[3.97000000e+02 4.44000000e+02 2.26566363e-01 2.00000000e+00]
[3.96000000e+02 4.14000000e+02 2.31510474e-01 2.00000000e+00]
[ 33.         122.           0.23155899   2.        ]
[1.70000000e+01 2.83000000e+02 2.31985745e-01 2.00000000e+00]
[65.         76.          0.23260145  2.        ]
[2.76000000e+02 3.45000000e+02 2.36501911e-01 2.00000000e+00]
[3.27000000e+02 5.38000000e+02 2.37957707e-01 2.00000000e+00]
[1.53000000e+02 6.10000000e+02 2.41905423e-01 8.00000000e+00]
[6.15000000e+02 3.28000000e+02 2.43584136e-01 1.60000000e+01]
[ 73.         200.           0.24526085   2.        ]
[2.0700000e+02 2.5600000e+02 2.4701404e-01 2.0000000e+00]
[4.15000000e+02 4.60000000e+02 2.47252331e-01 2.00000000e+00]
[4.10000000e+01 3.82000000e+02 2.48380718e-01 2.00000000e+00]
[5.79000000e+02 5.99000000e+02 2.48875027e-01 1.00000000e+01]
[6.29000000e+02 2.39000000e+02 2.51162505e-01 1.70000000e+01]
[185.         195.           0.25348435   2.        ]
[3.6600000e+02 5.1700000e+02 2.5465216e-01 2.0000000e+00]
[3.4600000e+02 4.3800000e+02 2.5633776e-01 2.0000000e+00]
[8.70000000e+01 6.28000000e+02 2.57919083e-01 9.00000000e+00]
[1.44000000e+02 5.60000000e+02 2.58263061e-01 3.00000000e+00]
[4.18000000e+02 4.61000000e+02 2.58874699e-01 2.00000000e+00]
[1.55000000e+02 2.85000000e+02 2.62629562e-01 2.00000000e+00]
[2.97000000e+02 4.27000000e+02 2.65471299e-01 2.00000000e+00]
[4.28000000e+02 6.23000000e+02 2.65995207e-01 3.00000000e+00]
[5.47000000e+02 3.24000000e+02 2.67779431e-01 7.00000000e+00]
[6.02000000e+02 2.33000000e+02 2.68603468e-01 4.00000000e+00]
[2.90000000e+01 4.86000000e+02 2.69241065e-01 2.00000000e+00]
[ 20.         119.           0.26949152   2.        ]
[1.60000000e+01 4.39000000e+02 2.72045644e-01 2.00000000e+00]
[5.97000000e+02 1.50000000e+02 2.76374129e-01 3.00000000e+00]
[6.44000000e+02 5.28000000e+02 2.78401244e-01 4.00000000e+00]
[2.90000000e+02 5.30000000e+02 2.81081353e-01 2.00000000e+00]
[6.06000000e+02 1.56000000e+02 2.82260372e-01 5.00000000e+00]
[6.34000000e+02 3.34000000e+02 2.83256679e-01 1.10000000e+01]
[ 19.         104.           0.28492092   2.        ]
[5.8900000e+02 6.4500000e+02 2.8559916e-01 1.1000000e+01]
[9.80000000e+01 6.42000000e+02 2.85903913e-01 3.00000000e+00]
[5.96000000e+02 6.56000000e+02 2.89216213e-01 1.50000000e+01]
[3.81000000e+02 4.05000000e+02 2.89701426e-01 2.00000000e+00]
[2.13000000e+02 3.86000000e+02 2.96988305e-01 2.00000000e+00]
[1.4000000e+01 4.3300000e+02 3.0088898e-01 2.0000000e+00]
[6.3500000e+02 4.4800000e+02 3.0255696e-01 1.8000000e+01]
[3.9300000e+02 5.1100000e+02 3.0292267e-01 2.0000000e+00]
[6.5100000e+02 5.1200000e+02 3.0521941e-01 5.0000000e+00]
[6.33000000e+02 5.20000000e+01 3.05282864e-01 3.00000000e+00]
[8.00000000e+01 4.09000000e+02 3.07769409e-01 2.00000000e+00]
[6.54000000e+02 7.00000000e+01 3.08842553e-01 1.20000000e+01]
[2.4800000e+02 5.1600000e+02 3.1140253e-01 2.0000000e+00]
[3.18000000e+02 5.09000000e+02 3.14086331e-01 2.00000000e+00]
[5.98000000e+02 6.53000000e+02 3.14512144e-01 8.00000000e+00]
[6.46000000e+02 6.19000000e+02 3.16391706e-01 6.00000000e+00]
[ 27.         172.           0.31748107   2.        ]
[5.00000000e+00 6.31000000e+02 3.18370088e-01 3.00000000e+00]
[6.48000000e+02 3.80000000e+01 3.24227903e-01 3.00000000e+00]
[186.         199.           0.32727377   2.        ]
[3.70000000e+01 6.11000000e+02 3.31537666e-01 3.00000000e+00]
[6.62000000e+02 1.94000000e+02 3.32427057e-01 1.90000000e+01]
[5.42000000e+02 6.26000000e+02 3.33083063e-01 4.00000000e+00]
[6.77000000e+02 2.52000000e+02 3.38619531e-01 2.00000000e+01]
[1.150000e+02 6.710000e+02 3.442322e-01 7.000000e+00]
[5.75000000e+02 1.51000000e+02 3.44775131e-01 3.00000000e+00]
[1.32000000e+02 3.72000000e+02 3.46520695e-01 2.00000000e+00]
[1.57000000e+02 4.95000000e+02 3.46846811e-01 2.00000000e+00]
[3.56000000e+02 4.67000000e+02 3.48209824e-01 2.00000000e+00]
[6.67000000e+02 6.55000000e+02 3.52007653e-01 1.40000000e+01]
[6.49000000e+02 6.57000000e+02 3.53226009e-01 5.00000000e+00]
[2.75000000e+02 6.85000000e+02 3.54358782e-01 1.50000000e+01]
[6.86000000e+02 2.30000000e+01 3.56928755e-01 6.00000000e+00]
[5.73000000e+02 3.58000000e+02 3.60144757e-01 3.00000000e+00]
[6.79000000e+02 1.60000000e+02 3.60903952e-01 2.10000000e+01]
[6.58000000e+02 3.40000000e+02 3.62467892e-01 1.60000000e+01]
[3.3300000e+02 6.8000000e+02 3.6531379e-01 8.0000000e+00]
[4.2000000e+01 4.8400000e+02 3.6912681e-01 2.0000000e+00]
[6.6000000e+01 5.5600000e+02 3.6930143e-01 3.0000000e+00]
[6.39000000e+02 1.92000000e+02 3.70077931e-01 1.00000000e+01]
[335.         338.           0.37444201   2.        ]
[2.27000000e+02 6.91000000e+02 3.79013388e-01 1.70000000e+01]
[4.08000000e+02 4.50000000e+02 3.79615369e-01 2.00000000e+00]
[6.64000000e+02 5.92000000e+02 3.80888731e-01 7.00000000e+00]
[2.37000000e+02 4.90000000e+02 3.81762604e-01 2.00000000e+00]
[2.59000000e+02 4.91000000e+02 3.82930161e-01 2.00000000e+00]
[5.08000000e+02 6.88000000e+02 3.83345315e-01 7.00000000e+00]
[6.70000000e+02 6.75000000e+02 3.86681368e-01 1.00000000e+01]
[3.65000000e+02 4.43000000e+02 3.86731246e-01 2.00000000e+00]
[313.       378.         0.387071   2.      ]
[1.00000000e+01 6.16000000e+02 3.88795364e-01 4.00000000e+00]
[6.87000000e+02 6.73000000e+02 3.89906373e-01 1.80000000e+01]
[3.40000000e+01 7.07000000e+02 3.90066585e-01 1.90000000e+01]
[ 58.         263.           0.39139943   2.        ]
[1.73000000e+02 4.87000000e+02 3.96785413e-01 2.00000000e+00]
[6.74000000e+02 6.50000000e+02 3.98085597e-01 6.00000000e+00]
[6.93000000e+02 4.88000000e+02 3.98790435e-01 3.00000000e+00]
[1.42000000e+02 5.19000000e+02 3.99383475e-01 2.00000000e+00]
[6.76000000e+02 3.50000000e+02 3.99405888e-01 4.00000000e+00]
[202.         272.           0.39948358   2.        ]
[4.40000000e+01 4.52000000e+02 4.00776567e-01 2.00000000e+00]
[6.90000000e+02 3.50000000e+01 4.00904814e-01 2.20000000e+01]
[6.95000000e+02 6.12000000e+02 4.02943064e-01 1.20000000e+01]
[6.89000000e+02 2.55000000e+02 4.04453387e-01 4.00000000e+00]
[7.17000000e+02 4.63000000e+02 4.05719559e-01 2.30000000e+01]
[3.21000000e+02 6.99000000e+02 4.06511669e-01 8.00000000e+00]
[6.9700000e+02 7.0100000e+02 4.0657057e-01 1.9000000e+01]
[2.08000000e+02 6.92000000e+02 4.07818562e-01 9.00000000e+00]
[1.37000000e+02 4.53000000e+02 4.12012819e-01 2.00000000e+00]
[ 25.         404.           0.41425519   2.        ]
[4.65000000e+02 7.02000000e+02 4.15433654e-01 8.00000000e+00]
[5.90000000e+01 7.18000000e+02 4.18408416e-01 1.30000000e+01]
[2.50000000e+02 4.42000000e+02 4.22900056e-01 2.00000000e+00]
[7.21000000e+02 6.17000000e+02 4.23029817e-01 1.10000000e+01]
[193.         279.           0.42380423   2.        ]
[4.69000000e+02 7.08000000e+02 4.25585702e-01 2.00000000e+01]
[7.10000000e+01 4.62000000e+02 4.26382192e-01 2.00000000e+00]
[118.         374.           0.42888858   2.        ]
[7.20000000e+02 1.82000000e+02 4.28957067e-01 2.40000000e+01]
[11.         15.          0.42923161  2.        ]
[6.8200000e+02 2.4400000e+02 4.3053912e-01 3.0000000e+00]
[5.84000000e+02 3.60000000e+02 4.32426694e-01 3.00000000e+00]
[7.22000000e+02 7.03000000e+02 4.33627557e-01 2.90000000e+01]
[6.6900000e+02 5.1300000e+02 4.3449567e-01 3.0000000e+00]
[ 82.         127.           0.43635742   2.        ]
[6.59000000e+02 7.26000000e+02 4.36630691e-01 1.00000000e+01]
[4.60000000e+01 7.14000000e+02 4.37014092e-01 5.00000000e+00]
[2.78000000e+02 7.29000000e+02 4.37564555e-01 1.20000000e+01]
[6.81000000e+02 3.95000000e+02 4.41889233e-01 4.00000000e+00]
[2.65000000e+02 7.31000000e+02 4.43591806e-01 2.10000000e+01]
[2.32000000e+02 6.14000000e+02 4.44063854e-01 3.00000000e+00]
[6.70000000e+01 7.11000000e+02 4.44382119e-01 7.00000000e+00]
[1.88000000e+02 6.27000000e+02 4.45688587e-01 3.00000000e+00]
[139.         241.           0.44606394   2.        ]
[280.         117.           0.44632961   2.        ]
[183.         347.           0.44815931   2.        ]
[7.34000000e+02 8.30000000e+01 4.49129512e-01 2.50000000e+01]
[ 88.         435.           0.45090016   2.        ]
[7.52000000e+02 3.91000000e+02 4.51718356e-01 2.60000000e+01]
[5.41000000e+02 6.78000000e+02 4.52914494e-01 7.00000000e+00]
[1.34000000e+02 5.39000000e+02 4.55798321e-01 2.00000000e+00]
[6.00000000e+02 1.00000000e+02 4.58705828e-01 3.00000000e+00]
[5.67000000e+02 6.63000000e+02 4.58830618e-01 4.00000000e+00]
[6.37000000e+02 3.71000000e+02 4.59431475e-01 3.00000000e+00]
[106.         158.           0.46257035   2.        ]
[7.00000000e+02 4.10000000e+02 4.63899075e-01 3.00000000e+00]
[7.27000000e+02 1.74000000e+02 4.64659765e-01 1.40000000e+01]
[370.        459.          0.4686339   2.       ]
[1.80000000e+01 7.47000000e+02 4.68828745e-01 8.00000000e+00]
[7.23000000e+02 7.15000000e+02 4.69101221e-01 1.10000000e+01]
[7.54000000e+02 3.31000000e+02 4.69254472e-01 2.70000000e+01]
[6.83000000e+02 7.57000000e+02 4.70054877e-01 5.00000000e+00]
[7.42000000e+02 7.41000000e+02 4.72453471e-01 1.50000000e+01]
[4.83000000e+02 7.28000000e+02 4.72676369e-01 3.00000000e+00]
[6.68000000e+02 4.12000000e+02 4.72765118e-01 3.00000000e+00]
[1.68000000e+02 7.24000000e+02 4.74075274e-01 3.00000000e+00]
[7.43000000e+02 3.57000000e+02 4.74244367e-01 1.30000000e+01]
[7.05000000e+02 5.21000000e+02 4.74262814e-01 3.00000000e+00]
[6.25000000e+02 7.68000000e+02 4.75637131e-01 1.70000000e+01]
[138.       284.         0.477146   2.      ]
[3.61000000e+02 5.27000000e+02 4.79292987e-01 2.00000000e+00]
[5.55000000e+02 7.72000000e+02 4.79902859e-01 1.50000000e+01]
[7.06000000e+02 1.62000000e+02 4.80903954e-01 5.00000000e+00]
[4.5000000e+01 7.3600000e+02 4.8100853e-01 4.0000000e+00]
[167.         434.           0.48108159   2.        ]
[120.         163.           0.48119979   2.        ]
[7.50000000e+01 6.96000000e+02 4.85636097e-01 3.00000000e+00]
[ 55.         107.           0.48829369   2.        ]
[1.12000000e+02 7.65000000e+02 4.90055891e-01 1.20000000e+01]
[7.77000000e+02 5.06000000e+02 4.91559535e-01 1.60000000e+01]
[5.1000000e+01 6.1300000e+02 4.9204756e-01 3.0000000e+00]
[2.6000000e+02 7.7100000e+02 4.9273988e-01 4.0000000e+00]
[3.84000000e+02 7.66000000e+02 4.93065704e-01 2.80000000e+01]
[7.19000000e+02 6.09000000e+02 4.93138339e-01 6.00000000e+00]
[7.48000000e+02 7.89000000e+02 4.97013629e-01 9.00000000e+00]
[3.20000000e+01 7.74000000e+02 4.97452071e-01 1.80000000e+01]
[7.35000000e+02 5.04000000e+02 4.97637696e-01 3.00000000e+00]
[7.38000000e+02 3.87000000e+02 4.97648182e-01 3.00000000e+01]
[5.26000000e+02 7.87000000e+02 5.00678094e-01 5.00000000e+00]
[ 60.         337.           0.50203567   2.        ]
[2.24000000e+02 7.85000000e+02 5.03944403e-01 1.70000000e+01]
[7.12000000e+02 1.26000000e+02 5.03961448e-01 4.00000000e+00]
[2.80000000e+01 7.82000000e+02 5.04019227e-01 4.00000000e+00]
[2.22000000e+02 5.10000000e+02 5.08768502e-01 2.00000000e+00]
[1.46000000e+02 7.88000000e+02 5.09150333e-01 2.90000000e+01]
[7.40000000e+02 7.45000000e+02 5.09628267e-01 2.30000000e+01]
[7.64000000e+02 7.93000000e+02 5.11923869e-01 3.80000000e+01]
[4.80000000e+01 8.02000000e+02 5.13072783e-01 3.90000000e+01]
[5.95000000e+02 6.03000000e+02 5.17677511e-01 4.00000000e+00]
[1.97000000e+02 7.69000000e+02 5.18135321e-01 4.00000000e+00]
[5.94000000e+02 7.91000000e+02 5.18630245e-01 2.00000000e+01]
[ 53.         231.           0.51898847   2.        ]
[6.98000000e+02 8.00000000e+02 5.19076266e-01 3.10000000e+01]
[7.25000000e+02 7.96000000e+02 5.19325658e-01 1.90000000e+01]
[1.02000000e+02 8.05000000e+02 5.19925223e-01 5.00000000e+00]
[6.20000000e+02 8.10000000e+02 5.20245348e-01 7.00000000e+00]
[5.87000000e+02 1.75000000e+02 5.21312587e-01 3.00000000e+00]
[1.84000000e+02 8.08000000e+02 5.24791285e-01 3.20000000e+01]
[7.56000000e+02 7.67000000e+02 5.28395276e-01 7.00000000e+00]
[6.90000000e+01 7.50000000e+02 5.28452474e-01 3.00000000e+00]
[6.36000000e+02 6.38000000e+02 5.28543891e-01 4.00000000e+00]
[4.32000000e+02 7.58000000e+02 5.29388204e-01 5.00000000e+00]
[2.60000000e+01 7.86000000e+02 5.29748671e-01 4.00000000e+00]
[203.         362.           0.53251765   2.        ]
[6.52000000e+02 4.03000000e+02 5.32893188e-01 3.00000000e+00]
[7.33000000e+02 3.85000000e+02 5.35659825e-01 3.00000000e+00]
[8.03000000e+02 7.75000000e+02 5.36434482e-01 4.10000000e+01]
[8.01000000e+02 7.51000000e+02 5.37448362e-01 2.50000000e+01]
[189.         535.           0.53773934   2.        ]
[373.         479.           0.53798124   2.        ]
[8.09000000e+02 7.61000000e+02 5.38130321e-01 2.20000000e+01]
[7.92000000e+02 5.81000000e+02 5.42502497e-01 5.00000000e+00]
[6.40000000e+02 8.26000000e+02 5.43545363e-01 2.50000000e+01]
[7.13000000e+02 5.07000000e+02 5.44344913e-01 3.00000000e+00]
[3.32000000e+02 6.32000000e+02 5.44472592e-01 3.00000000e+00]
[3.60000000e+01 7.53000000e+02 5.44667545e-01 3.00000000e+00]
[8.28000000e+02 5.37000000e+02 5.45108884e-01 2.60000000e+01]
[449.         482.           0.54630725   2.        ]
[7.90000000e+02 8.06000000e+02 5.47051558e-01 2.90000000e+01]
[8.13000000e+02 6.41000000e+02 5.47499701e-01 3.40000000e+01]
[3.1000000e+02 7.9400000e+02 5.4845034e-01 6.0000000e+00]
[6.6100000e+02 3.6300000e+02 5.4901478e-01 3.0000000e+00]
[1.91000000e+02 8.04000000e+02 5.50929615e-01 5.00000000e+00]
[7.98000000e+02 1.16000000e+02 5.51480265e-01 5.00000000e+00]
[7.83000000e+02 7.62000000e+02 5.51926077e-01 1.60000000e+01]
[4.20000000e+02 8.11000000e+02 5.52197155e-01 8.00000000e+00]
[6.22000000e+02 4.17000000e+02 5.52502315e-01 3.00000000e+00]
[264.         266.           0.55380977   2.        ]
[6.66000000e+02 1.41000000e+02 5.54122671e-01 3.00000000e+00]
[6.94000000e+02 6.30000000e+02 5.54501986e-01 5.00000000e+00]
[7.79000000e+02 8.34000000e+02 5.56790829e-01 3.30000000e+01]
[7.44000000e+02 1.59000000e+02 5.56921961e-01 5.00000000e+00]
[235.         524.           0.56079288   2.        ]
[6.84000000e+02 8.37000000e+02 5.63532325e-01 5.00000000e+00]
[6.1800000e+02 8.2700000e+02 5.6389895e-01 7.0000000e+00]
[8.41000000e+02 8.39000000e+02 5.63972067e-01 1.30000000e+01]
[7.84000000e+02 7.55000000e+02 5.64322476e-01 1.90000000e+01]
[343.         422.           0.56455219   2.        ]
[4.24000000e+02 8.46000000e+02 5.64865315e-01 3.40000000e+01]
[8.07000000e+02 4.01000000e+02 5.66160903e-01 3.00000000e+00]
[3.49000000e+02 8.22000000e+02 5.66274655e-01 4.20000000e+01]
[8.14000000e+02 8.15000000e+02 5.68681725e-01 1.00000000e+01]
[3.54000000e+02 8.52000000e+02 5.69550812e-01 2.00000000e+01]
[4.7000000e+01 8.3800000e+02 5.7101899e-01 6.0000000e+00]
[8.18000000e+02 3.52000000e+02 5.71635685e-01 5.00000000e+00]
[3.10000000e+01 8.59000000e+02 5.72405085e-01 7.00000000e+00]
[7.09000000e+02 1.98000000e+02 5.75264847e-01 3.00000000e+00]
[0.00000000e+00 8.51000000e+02 5.75431733e-01 1.40000000e+01]
[1.33000000e+02 7.70000000e+02 5.75604035e-01 4.00000000e+00]
[398.         399.           0.57621201   2.        ]
[8.42000000e+02 4.30000000e+02 5.77710761e-01 4.00000000e+00]
[6.72000000e+02 8.20000000e+02 5.78334793e-01 5.00000000e+00]
[7.49000000e+02 2.53000000e+02 5.79885641e-01 3.00000000e+00]
[8.23000000e+02 8.43000000e+02 5.81282176e-01 2.70000000e+01]
[254.        474.          0.5819289   2.       ]
[8.30000000e+02 4.51000000e+02 5.82325007e-01 4.00000000e+00]
[8.71000000e+02 4.72000000e+02 5.83660672e-01 5.00000000e+00]
[8.57000000e+02 2.43000000e+02 5.85618387e-01 1.10000000e+01]
[8.73000000e+02 8.68000000e+02 5.87609468e-01 1.40000000e+01]
[57.         97.          0.58908174  2.        ]
[4.78000000e+02 8.60000000e+02 5.89081878e-01 6.00000000e+00]
[2.99000000e+02 8.74000000e+02 5.90520241e-01 1.50000000e+01]
[3.89000000e+02 8.21000000e+02 5.92291635e-01 4.00000000e+00]
[7.32000000e+02 8.49000000e+02 5.92970599e-01 7.00000000e+00]
[6.60000000e+02 8.19000000e+02 5.95089036e-01 4.00000000e+00]
[306.         458.           0.59593792   2.        ]
[8.29000000e+02 7.59000000e+02 5.96817045e-01 6.00000000e+00]
[1.61000000e+02 8.16000000e+02 5.97127177e-01 5.00000000e+00]
[7.30000000e+02 7.46000000e+02 5.97357214e-01 5.00000000e+00]
[8.36000000e+02 7.80000000e+02 5.97481675e-01 8.00000000e+00]
[1.11000000e+02 8.56000000e+02 5.99117486e-01 4.30000000e+01]
[258.         456.           0.60112858   2.        ]
[7.97000000e+02 4.98000000e+02 6.01250509e-01 5.00000000e+00]
[4.85000000e+02 8.54000000e+02 6.01371714e-01 3.50000000e+01]
[4.96000000e+02 8.69000000e+02 6.02382791e-01 2.80000000e+01]
[8.12000000e+02 3.75000000e+02 6.04019243e-01 4.00000000e+00]
[8.85000000e+02 8.83000000e+02 6.04439836e-01 1.30000000e+01]
[7.78000000e+02 2.68000000e+02 6.06061371e-01 6.00000000e+00]
[2.38000000e+02 8.89000000e+02 6.06352929e-01 3.60000000e+01]
[344.         455.           0.60744456   2.        ]
[2.42000000e+02 8.81000000e+02 6.08708881e-01 3.00000000e+00]
[8.2400000e+02 4.5700000e+02 6.0914244e-01 3.0000000e+00]
[493.         529.           0.60926028   2.        ]
[3.90000000e+01 8.17000000e+02 6.11335298e-01 6.00000000e+00]
[9.6000000e+01 8.9200000e+02 6.1213147e-01 1.4000000e+01]
[6.43000000e+02 7.39000000e+02 6.12862021e-01 5.00000000e+00]
[8.96000000e+02 4.46000000e+02 6.13271645e-01 4.00000000e+00]
[2.96000000e+02 8.58000000e+02 6.16458029e-01 2.10000000e+01]
[3.26000000e+02 8.53000000e+02 6.20987434e-01 3.00000000e+00]
[8.67000000e+02 6.47000000e+02 6.21212277e-01 7.00000000e+00]
[8.86000000e+02 8.63000000e+02 6.21849815e-01 5.70000000e+01]
[  8.        501.          0.6228186   2.       ]
[8.62000000e+02 8.66000000e+02 6.22872087e-01 7.00000000e+00]
[8.80000000e+02 4.71000000e+02 6.23044775e-01 5.00000000e+00]
[8.35000000e+02 9.01000000e+02 6.23313346e-01 3.90000000e+01]
[8.84000000e+02 8.91000000e+02 6.25232476e-01 9.00000000e+00]
[8.47000000e+02 8.77000000e+02 6.27352854e-01 2.00000000e+01]
[7.16000000e+02 8.55000000e+02 6.27951926e-01 5.00000000e+00]
[3.30000000e+02 9.06000000e+02 6.28713485e-01 5.80000000e+01]
[8.31000000e+02 9.10000000e+02 6.30247593e-01 4.20000000e+01]
[6.04000000e+02 8.90000000e+02 6.31215709e-01 3.00000000e+01]
[7.00000000e+00 8.61000000e+02 6.32365887e-01 8.00000000e+00]
[7.70000000e+01 7.04000000e+02 6.33164839e-01 3.00000000e+00]
[2.94000000e+02 9.03000000e+02 6.33515348e-01 2.20000000e+01]
[5.14000000e+02 9.12000000e+02 6.35237705e-01 2.10000000e+01]
[7.73000000e+02 8.72000000e+02 6.36418404e-01 8.00000000e+00]
[105.         273.           0.63658219   2.        ]
[4.40000000e+02 9.05000000e+02 6.40010575e-01 8.00000000e+00]
[7.95000000e+02 9.00000000e+02 6.42222149e-01 1.60000000e+01]
[7.99000000e+02 8.94000000e+02 6.45336107e-01 3.80000000e+01]
[8.99000000e+02 9.04000000e+02 6.48553371e-01 9.00000000e+00]
[  2.         341.           0.65086005   2.        ]
[4.1600000e+02 9.2300000e+02 6.5158617e-01 9.0000000e+00]
[6.01000000e+02 8.98000000e+02 6.51617969e-01 4.00000000e+00]
[8.33000000e+02 9.26000000e+02 6.51701302e-01 1.10000000e+01]
[9.09000000e+02 4.31000000e+02 6.51889986e-01 6.00000000e+00]
[8.75000000e+02 2.26000000e+02 6.52003489e-01 3.00000000e+00]
[4.25000000e+02 9.24000000e+02 6.52842341e-01 1.70000000e+01]
[355.         441.           0.65288272   2.        ]
[376.         494.           0.65728705   2.        ]
[190.         293.           0.65750638   2.        ]
[8.32000000e+02 9.15000000e+02 6.58408267e-01 6.80000000e+01]
[7.60000000e+02 9.37000000e+02 6.60665202e-01 7.00000000e+01]
[ 85.         312.           0.66237401   2.        ]
[3.51000000e+02 9.30000000e+02 6.65150099e-01 1.20000000e+01]
[8.76000000e+02 9.17000000e+02 6.67333616e-01 1.40000000e+01]
[9.19000000e+02 9.20000000e+02 6.76570115e-01 4.30000000e+01]
[7.37000000e+02 5.31000000e+02 6.76637527e-01 4.00000000e+00]
[6.65000000e+02 9.11000000e+02 6.77291977e-01 1.20000000e+01]
[6.24000000e+02 8.50000000e+02 6.77369421e-01 9.00000000e+00]
[211.         505.           0.67742805   2.        ]
[5.6000000e+01 9.3200000e+02 6.7805591e-01 4.0000000e+00]
[1.31000000e+02 9.33000000e+02 6.80294375e-01 1.80000000e+01]
[7.90000000e+01 9.14000000e+02 6.83854211e-01 5.90000000e+01]
[9.3900000e+02 4.6400000e+02 6.8470101e-01 3.0000000e+00]
[9.08000000e+02 1.79000000e+02 6.85201027e-01 8.00000000e+00]
[5.2000000e+02 8.8200000e+02 6.8662589e-01 7.0000000e+00]
[2.28000000e+02 8.25000000e+02 6.90016101e-01 3.00000000e+00]
[9.47000000e+02 3.53000000e+02 6.91434748e-01 5.00000000e+00]
[4.19000000e+02 7.63000000e+02 6.91968539e-01 3.00000000e+00]
[8.48000000e+02 9.45000000e+02 6.93363388e-01 1.10000000e+01]
[7.81000000e+02 9.41000000e+02 6.95951821e-01 1.60000000e+01]
[2.67000000e+02 9.55000000e+02 6.97596533e-01 4.00000000e+00]
[9.38000000e+02 3.25000000e+02 6.98683846e-01 7.10000000e+01]
[3.90000000e+02 9.28000000e+02 7.01150869e-01 1.00000000e+01]
[9.22000000e+02 9.42000000e+02 7.01868053e-01 4.50000000e+01]
[8.97000000e+02 5.25000000e+02 7.02377904e-01 4.00000000e+00]
[ 94.         215.           0.70320737   2.        ]
[8.45000000e+02 9.49000000e+02 7.05511245e-01 6.40000000e+01]
[8.44000000e+02 1.10000000e+02 7.06563077e-01 4.00000000e+00]
[9.36000000e+02 2.23000000e+02 7.08302434e-01 3.00000000e+00]
[9.25000000e+02 8.79000000e+02 7.08376836e-01 4.50000000e+01]
[8.88000000e+02 9.35000000e+02 7.12651719e-01 7.00000000e+00]
[9.18000000e+02 8.87000000e+02 7.14292752e-01 5.00000000e+00]
[9.31000000e+02 9.67000000e+02 7.16347383e-01 5.10000000e+01]
[9.46000000e+02 9.16000000e+02 7.19331756e-01 3.20000000e+01]
[4.76000000e+02 9.68000000e+02 7.20419156e-01 8.00000000e+00]
[9.69000000e+02 2.82000000e+02 7.20833447e-01 6.00000000e+00]
[2.87000000e+02 9.64000000e+02 7.21689451e-01 6.50000000e+01]
[1.49000000e+02 9.70000000e+02 7.22049248e-01 5.20000000e+01]
[9.56000000e+02 9.40000000e+02 7.22916761e-01 2.30000000e+01]
[4.30000000e+01 8.78000000e+02 7.23457343e-01 5.00000000e+00]
[5.82000000e+02 8.70000000e+02 7.23662773e-01 4.00000000e+00]
[9.90000000e+01 9.21000000e+02 7.24254614e-01 9.00000000e+00]
[9.5900000e+02 9.5300000e+02 7.2804866e-01 7.4000000e+01]
[2.92000000e+02 9.72000000e+02 7.28560266e-01 9.00000000e+00]
[8.64000000e+02 9.76000000e+02 7.32115799e-01 2.70000000e+01]
[9.07000000e+02 9.50000000e+02 7.34087153e-01 5.00000000e+00]
[9.61000000e+02 9.74000000e+02 7.36479284e-01 1.10000000e+02]
[2.20000000e+01 9.75000000e+02 7.37279976e-01 5.30000000e+01]
[2.86000000e+02 9.84000000e+02 7.39459346e-01 1.11000000e+02]
[9.54000000e+02 2.17000000e+02 7.41476208e-01 6.00000000e+00]
[8.40000000e+02 1.77000000e+02 7.43476355e-01 1.70000000e+01]
[466.         500.           0.74450601   2.        ]
[9.57000000e+02 9.52000000e+02 7.48141167e-01 2.30000000e+01]
[1.14000000e+02 9.34000000e+02 7.48642505e-01 3.00000000e+00]
[9.65000000e+02 9.29000000e+02 7.49383131e-01 8.00000000e+00]
[9.44000000e+02 9.80000000e+02 7.49445426e-01 8.60000000e+01]
[9.66000000e+02 3.88000000e+02 7.49804809e-01 4.00000000e+00]
[9.93000000e+02 4.75000000e+02 7.52957241e-01 8.70000000e+01]
[9.79000000e+02 9.48000000e+02 7.60084126e-01 2.70000000e+01]
[8.65000000e+02 9.95000000e+02 7.61908399e-01 8.90000000e+01]
[4.11000000e+02 9.85000000e+02 7.66225186e-01 5.40000000e+01]
[257.         407.           0.76628213   2.        ]
[1.30000000e+01 9.94000000e+02 7.66821043e-01 5.00000000e+00]
[9.62000000e+02 4.21000000e+02 7.68781613e-01 5.00000000e+00]
[9.83000000e+02 8.93000000e+02 7.69267289e-01 1.10000000e+01]
[9.77000000e+02 9.97000000e+02 7.69363558e-01 9.40000000e+01]
[3.68000000e+02 9.98000000e+02 7.71077751e-01 5.50000000e+01]
[9.13000000e+02 9.82000000e+02 7.71245298e-01 3.20000000e+01]
[9.71000000e+02 1.00300000e+03 7.72743984e-01 1.26000000e+02]
[ 84.         166.           0.77293877   2.        ]
[4.99000000e+02 9.81000000e+02 7.80459612e-01 1.00000000e+01]
[9.51000000e+02 9.60000000e+02 7.82992708e-01 1.80000000e+01]
[1.81000000e+02 1.00400000e+03 7.84655181e-01 5.60000000e+01]
[9.73000000e+02 9.86000000e+02 7.87909485e-01 1.17000000e+02]
[9.92000000e+02 9.90000000e+02 7.88079672e-01 3.10000000e+01]
[7.10000000e+02 1.00600000e+03 7.88583132e-01 1.28000000e+02]
[1.0090000e+03 9.6300000e+02 7.9768004e-01 2.0000000e+01]
[1.01200000e+03 5.36000000e+02 8.00009817e-01 3.20000000e+01]
[9.96000000e+02 1.01100000e+03 8.01788706e-01 1.44000000e+02]
[1.00500000e+03 9.87000000e+02 8.05118084e-01 3.80000000e+01]
[2.81000000e+02 1.00800000e+03 8.08140656e-01 1.10000000e+01]
[1.01700000e+03 1.01600000e+03 8.15057561e-01 1.82000000e+02]
[3.04000000e+02 1.01400000e+03 8.19011011e-01 2.10000000e+01]
[1.00000000e+03 1.00200000e+03 8.21412143e-01 1.60000000e+01]
[9.5800000e+02 1.0190000e+03 8.2565126e-01 1.8600000e+02]
[1.02200000e+03 7.76000000e+02 8.26736034e-01 1.88000000e+02]
[9.88000000e+02 2.01000000e+02 8.29429142e-01 1.80000000e+01]
[9.43000000e+02 1.02000000e+03 8.30810821e-01 2.50000000e+01]
[1.00700000e+03 9.91000000e+02 8.31271838e-01 5.00000000e+00]
[1.01300000e+03 3.92000000e+02 8.43193197e-01 1.29000000e+02]
[1.87000000e+02 9.89000000e+02 8.50469382e-01 3.00000000e+00]
[515.         534.           0.85817041   2.        ]
[1.02300000e+03 1.02100000e+03 8.61742612e-01 2.04000000e+02]
[9.9900000e+02 1.0100000e+03 8.6178199e-01 5.8000000e+01]
[1.00100000e+03 1.03000000e+03 8.63724162e-01 2.09000000e+02]
[314.         470.           0.86676127   2.        ]
[101.         145.           0.87279599   2.        ]
[9.27000000e+02 6.05000000e+02 8.77776958e-01 4.00000000e+00]
[9.78000000e+02 2.12000000e+02 8.97580541e-01 5.00000000e+00]
[2.88000000e+02 1.01500000e+03 9.03708677e-01 3.30000000e+01]
[574.         323.           0.90914276   3.        ]
[171.         234.           0.90918365   2.        ]
[902.         379.           0.91251599   5.        ]
[1.0310000e+03 1.0320000e+03 9.1409562e-01 2.6700000e+02]
[1.20000000e+01 1.04100000e+03 9.16934151e-01 2.68000000e+02]
[3.11000000e+02 1.02500000e+03 9.19915328e-01 2.60000000e+01]
[1.02800000e+03 1.01800000e+03 9.21478475e-01 1.40000000e+01]
[1.02400000e+03 1.03600000e+03 9.27407589e-01 2.30000000e+01]
[319.         447.           0.93017065   2.        ]
[1.04500000e+03 8.95000000e+02 9.39208421e-01 2.50000000e+01]
[1.0430000e+03 1.0420000e+03 9.4190404e-01 2.9400000e+02]
[1.02600000e+03 1.04800000e+03 9.41996332e-01 2.99000000e+02]
[3.42000000e+02 1.03800000e+03 9.49255327e-01 4.00000000e+00]
[621.        502.          0.9517179   3.       ]
[ 89.         497.           0.95490801   2.        ]
[1.0370000e+03 1.0490000e+03 9.6186059e-01 3.3200000e+02]
[1.04400000e+03 1.02900000e+03 9.66409451e-01 1.60000000e+01]
[1.03900000e+03 1.04600000e+03 9.69506006e-01 4.00000000e+00]
[1.05000000e+03 4.81000000e+02 9.73377803e-01 5.00000000e+00]
[1.04700000e+03 3.16000000e+02 9.85523458e-01 2.60000000e+01]
[377.         533.           0.98647094   2.        ]
[1.05300000e+03 2.89000000e+02 9.96715645e-01 3.33000000e+02]
[1.05700000e+03 1.05500000e+03 1.01846671e+00 3.00000000e+01]
[1.05900000e+03 1.03300000e+03 1.02118215e+00 3.35000000e+02]
[1.03500000e+03 1.02700000e+03 1.02205595e+00 1.33000000e+02]
[1.47000000e+02 1.05600000e+03 1.02516222e+00 6.00000000e+00]
[1.0520000e+03 1.6900000e+02 1.0340957e+00 3.0000000e+00]
[1.06100000e+03 1.05100000e+03 1.04172447e+00 3.38000000e+02]
[1.05400000e+03 1.06000000e+03 1.05905705e+00 4.60000000e+01]
[1065.         1066.            1.08315172  384.        ]
[1067.         1064.            1.09420053  387.        ]
[1034.         1068.            1.09477939  389.        ]
[ 277.         1069.            1.10028005  390.        ]
[1058.         1040.            1.10467642    7.        ]
[ 86.        364.          1.1064043   2.       ]
[ 108.         1070.            1.12508905  391.        ]
[1062.         1072.            1.14727284  135.        ]
[1073.         1063.            1.15726697  397.        ]
[1075.         1071.            1.17671729  404.        ]
[1074.         1076.            1.26033053  539.        ]
[1077.          429.            1.37843706  540.        ]
