[  1. 216.   0.   2.]
[540. 113.   0.   3.]
[  6. 129.   0.   2.]
[64. 68.  0.  2.]
[543.  93.   0.   3.]
[544. 123.   0.   4.]
[545. 214.   0.   5.]
[546. 261.   0.   6.]
[ 78. 315.   0.   2.]
[ 95. 152.   0.   2.]
[549. 240.   0.   3.]
[550. 301.   0.   4.]
[551. 308.   0.   5.]
[552. 220.   0.   6.]
[307. 553.   0.   7.]
[ 90. 518.   0.   2.]
[103. 196.   0.   2.]
[270. 271.   0.   2.]
[557. 140.   0.   3.]
[300. 302.   0.   2.]
[359. 413.   0.   2.]
[5.54000000e+02 2.95000000e+02 5.72887609e-09 8.00000000e+00]
[5.48000000e+02 1.25000000e+02 9.93410746e-09 3.00000000e+00]
[8.10000000e+01 5.61000000e+02 1.47465514e-08 9.00000000e+00]
[1.36000000e+02 3.36000000e+02 1.49011612e-08 2.00000000e+00]
[5.59000000e+02 4.68000000e+02 1.89139771e-08 3.00000000e+00]
[5.58000000e+02 1.70000000e+02 2.09081399e-08 4.00000000e+00]
[7.20000000e+01 4.37000000e+02 2.35608046e-08 2.00000000e+00]
[2.05000000e+02 2.51000000e+02 2.58095683e-08 2.00000000e+00]
[5.00000000e+01 1.35000000e+02 2.98023224e-08 2.00000000e+00]
[5.69000000e+02 3.29000000e+02 2.98023224e-08 3.00000000e+00]
[7.40000000e+01 9.10000000e+01 2.98023224e-08 2.00000000e+00]
[5.71000000e+02 3.17000000e+02 2.98023224e-08 3.00000000e+00]
[1.78000000e+02 2.45000000e+02 2.98023224e-08 2.00000000e+00]
[2.40000000e+01 4.23000000e+02 3.33200094e-08 2.00000000e+00]
[6.10000000e+01 2.36000000e+02 3.94247668e-08 2.00000000e+00]
[5.72000000e+02 2.74000000e+02 6.32202728e-08 4.00000000e+00]
[4.00000000e+02 5.66000000e+02 8.36325598e-08 5.00000000e+00]
[3.80000000e+02 5.77000000e+02 7.35135062e-03 6.00000000e+00]
[4.00000000e+00 2.62000000e+02 7.97283029e-02 2.00000000e+00]
[2.06000000e+02 3.22000000e+02 8.80901384e-02 2.00000000e+00]
[2.18000000e+02 5.03000000e+02 9.15351476e-02 2.00000000e+00]
[21.         40.          0.09424761  2.        ]
[5.70000000e+02 1.30000000e+02 9.77663877e-02 4.00000000e+00]
[3.09000000e+02 3.94000000e+02 1.13554712e-01 2.00000000e+00]
[1.65000000e+02 2.91000000e+02 1.27329197e-01 2.00000000e+00]
[5.63000000e+02 5.83000000e+02 1.34295092e-01 1.30000000e+01]
[1.24000000e+02 3.05000000e+02 1.43956369e-01 2.00000000e+00]
[5.76000000e+02 1.21000000e+02 1.47711792e-01 5.00000000e+00]
[5.6500000e+02 5.6800000e+02 1.5219818e-01 5.0000000e+00]
[3.00000000e+00 2.21000000e+02 1.53378122e-01 2.00000000e+00]
[5.86000000e+02 4.80000000e+02 1.53627045e-01 1.40000000e+01]
[5.88000000e+02 1.64000000e+02 1.58186003e-01 6.00000000e+00]
[4.36000000e+02 5.22000000e+02 1.59304943e-01 2.00000000e+00]
[2.98000000e+02 5.78000000e+02 1.63388128e-01 7.00000000e+00]
[3.20000000e+02 4.06000000e+02 1.65856757e-01 2.00000000e+00]
[3.39000000e+02 4.73000000e+02 1.66913646e-01 2.00000000e+00]
[ 54.         148.           0.17029586   2.        ]
[5.64000000e+02 1.76000000e+02 1.71113989e-01 3.00000000e+00]
[4.90000000e+01 2.46000000e+02 1.75754914e-01 2.00000000e+00]
[1.43000000e+02 4.45000000e+02 1.77035229e-01 2.00000000e+00]
[1.28000000e+02 5.85000000e+02 1.77625635e-01 3.00000000e+00]
[3.00000000e+01 2.09000000e+02 1.80419571e-01 2.00000000e+00]
[3.03000000e+02 3.69000000e+02 1.81735907e-01 2.00000000e+00]
[1.09000000e+02 5.89000000e+02 1.84301348e-01 6.00000000e+00]
[4.02000000e+02 4.89000000e+02 1.84597774e-01 2.00000000e+00]
[9.00000000e+00 5.62000000e+02 1.85595233e-01 4.00000000e+00]
[5.32000000e+02 4.77000000e+02 1.88025421e-01 2.00000000e+00]
[3.48000000e+02 3.67000000e+02 1.92651364e-01 2.00000000e+00]
[5.94000000e+02 5.79000000e+02 1.93733295e-01 9.00000000e+00]
[5.9200000e+02 2.0400000e+02 1.9718722e-01 7.0000000e+00]
[2.19000000e+02 4.54000000e+02 1.97835799e-01 2.00000000e+00]
[9.20000000e+01 2.69000000e+02 2.02205018e-01 2.00000000e+00]
[2.47000000e+02 2.49000000e+02 2.05691869e-01 2.00000000e+00]
[4.92000000e+02 5.23000000e+02 2.06576291e-01 2.00000000e+00]
[2.29000000e+02 6.09000000e+02 2.08429227e-01 1.00000000e+01]
[5.80000000e+02 2.25000000e+02 2.10383341e-01 3.00000000e+00]
[2.30000000e+02 6.07000000e+02 2.11731853e-01 3.00000000e+00]
[2.10000000e+02 3.83000000e+02 2.16439157e-01 2.00000000e+00]
[ 62.         180.           0.21802634   2.        ]
[6.30000000e+01 4.26000000e+02 2.22793603e-01 2.00000000e+00]
[3.97000000e+02 4.44000000e+02 2.26566363e-01 2.00000000e+00]
[5.91000000e+02 3.28000000e+02 2.31445284e-01 1.50000000e+01]
[3.96000000e+02 4.14000000e+02 2.31510474e-01 2.00000000e+00]
[1.22000000e+02 4.28000000e+02 2.31558986e-01 2.00000000e+00]
[1.70000000e+01 2.83000000e+02 2.31985745e-01 2.00000000e+00]
[65.         76.          0.23260145  2.        ]
[6.22000000e+02 2.39000000e+02 2.35159737e-01 1.60000000e+01]
[3.45000000e+02 5.42000000e+02 2.36501911e-01 3.00000000e+00]
[3.27000000e+02 5.38000000e+02 2.37957707e-01 2.00000000e+00]
[6.27000000e+02 1.94000000e+02 2.40151892e-01 1.70000000e+01]
[1.53000000e+02 6.10000000e+02 2.41905423e-01 8.00000000e+00]
[ 73.         200.           0.24526085   2.        ]
[2.0700000e+02 6.1500000e+02 2.4701404e-01 1.1000000e+01]
[4.15000000e+02 4.60000000e+02 2.47252331e-01 2.00000000e+00]
[3.82000000e+02 5.20000000e+01 2.48380718e-01 2.00000000e+00]
[6.30000000e+02 2.52000000e+02 2.48873233e-01 1.80000000e+01]
[6.24000000e+02 5.28000000e+02 2.48888721e-01 3.00000000e+00]
[185.         195.           0.25348435   2.        ]
[3.6600000e+02 5.1700000e+02 2.5465216e-01 2.0000000e+00]
[4.10000000e+01 6.35000000e+02 2.54659234e-01 3.00000000e+00]
[6.36000000e+02 1.60000000e+02 2.55823241e-01 1.90000000e+01]
[3.4600000e+02 4.3800000e+02 2.5633776e-01 2.0000000e+00]
[8.70000000e+01 6.31000000e+02 2.57919083e-01 9.00000000e+00]
[1.44000000e+02 5.60000000e+02 2.58263061e-01 3.00000000e+00]
[4.18000000e+02 4.61000000e+02 2.58874699e-01 2.00000000e+00]
[6.41000000e+02 1.54000000e+02 2.61890115e-01 2.00000000e+01]
[1.55000000e+02 2.85000000e+02 2.62629562e-01 2.00000000e+00]
[2.97000000e+02 4.27000000e+02 2.65471299e-01 2.00000000e+00]
[6.37000000e+02 2.78000000e+02 2.67071056e-01 4.00000000e+00]
[5.47000000e+02 6.04000000e+02 2.67779431e-01 1.20000000e+01]
[6.01000000e+02 6.19000000e+02 2.68603468e-01 5.00000000e+00]
[2.90000000e+01 4.86000000e+02 2.69241065e-01 2.00000000e+00]
[2.00000000e+01 5.90000000e+02 2.69491522e-01 3.00000000e+00]
[4.39000000e+02 6.11000000e+02 2.72045644e-01 3.00000000e+00]
[5.97000000e+02 1.50000000e+02 2.76374129e-01 3.00000000e+00]
[2.90000000e+02 5.30000000e+02 2.81081353e-01 2.00000000e+00]
[6.06000000e+02 5.98000000e+02 2.82260372e-01 7.00000000e+00]
[ 19.         104.           0.28492092   2.        ]
[9.80000000e+01 6.47000000e+02 2.85903913e-01 3.00000000e+00]
[2.76000000e+02 6.28000000e+02 2.88678619e-01 4.00000000e+00]
[4.05000000e+02 6.54000000e+02 2.89701426e-01 4.00000000e+00]
[6.49000000e+02 3.21000000e+02 2.95514924e-01 5.00000000e+00]
[2.13000000e+02 3.86000000e+02 2.96988305e-01 2.00000000e+00]
[1.4000000e+01 4.3300000e+02 3.0088898e-01 2.0000000e+00]
[3.9300000e+02 5.1100000e+02 3.0292267e-01 2.0000000e+00]
[3.34000000e+02 6.33000000e+02 3.04625031e-01 1.20000000e+01]
[3.30000000e+01 6.62000000e+02 3.07311203e-01 6.00000000e+00]
[8.00000000e+01 4.09000000e+02 3.07769409e-01 2.00000000e+00]
[6.51000000e+02 1.15000000e+02 3.09530365e-01 6.00000000e+00]
[2.4800000e+02 5.1600000e+02 3.1140253e-01 2.0000000e+00]
[6.57000000e+02 1.56000000e+02 3.12260661e-01 8.00000000e+00]
[6.50000000e+02 6.53000000e+02 3.12573933e-01 1.50000000e+01]
[6.67000000e+02 5.12000000e+02 3.13583648e-01 7.00000000e+00]
[3.18000000e+02 5.09000000e+02 3.14086331e-01 2.00000000e+00]
[6.46000000e+02 4.48000000e+02 3.16900895e-01 2.10000000e+01]
[ 27.         172.           0.31748107   2.        ]
[6.69000000e+02 3.33000000e+02 3.18044281e-01 7.00000000e+00]
[6.77000000e+02 2.08000000e+02 3.18669879e-01 8.00000000e+00]
[6.78000000e+02 2.33000000e+02 3.25163169e-01 9.00000000e+00]
[1.99000000e+02 6.71000000e+02 3.27273771e-01 9.00000000e+00]
[6.72000000e+02 3.24000000e+02 3.32731827e-01 1.60000000e+01]
[5.00000000e+00 6.66000000e+02 3.33003616e-01 1.30000000e+01]
[5.75000000e+02 1.51000000e+02 3.44775131e-01 3.00000000e+00]
[3.8100000e+02 6.6100000e+02 3.4479014e-01 5.0000000e+00]
[1.32000000e+02 3.72000000e+02 3.46520695e-01 2.00000000e+00]
[4.95000000e+02 6.16000000e+02 3.46846811e-01 4.00000000e+00]
[3.80000000e+01 6.81000000e+02 3.46932539e-01 1.70000000e+01]
[3.56000000e+02 4.67000000e+02 3.48209824e-01 2.00000000e+00]
[6.82000000e+02 2.75000000e+02 3.53884598e-01 1.40000000e+01]
[5.73000000e+02 6.59000000e+02 3.60144757e-01 5.00000000e+00]
[6.90000000e+02 3.58000000e+02 3.61470729e-01 6.00000000e+00]
[1.60000000e+01 6.84000000e+02 3.62800378e-01 6.00000000e+00]
[6.58000000e+02 1.83000000e+02 3.67249065e-01 3.00000000e+00]
[4.2000000e+01 4.8400000e+02 3.6912681e-01 2.0000000e+00]
[6.6000000e+01 5.5600000e+02 3.6930143e-01 3.0000000e+00]
[6.43000000e+02 1.92000000e+02 3.70077931e-01 1.00000000e+01]
[2.30000000e+01 6.92000000e+02 3.73374907e-01 7.00000000e+00]
[1.86000000e+02 6.80000000e+02 3.73585124e-01 1.00000000e+01]
[335.         338.           0.37444201   2.        ]
[227.         259.           0.37901339   2.        ]
[6.87000000e+02 1.19000000e+02 3.79538938e-01 1.80000000e+01]
[4.08000000e+02 4.50000000e+02 3.79615369e-01 2.00000000e+00]
[7.00000000e+02 3.40000000e+02 3.80318979e-01 3.00000000e+00]
[2.37000000e+02 4.90000000e+02 3.81762604e-01 2.00000000e+00]
[5.08000000e+02 6.97000000e+02 3.83345315e-01 8.00000000e+00]
[6.89000000e+02 2.65000000e+02 3.83802017e-01 1.50000000e+01]
[3.65000000e+02 4.43000000e+02 3.86731246e-01 2.00000000e+00]
[313.       378.         0.387071   2.      ]
[7.06000000e+02 2.56000000e+02 3.91001514e-01 1.60000000e+01]
[ 58.         263.           0.39139943   2.        ]
[1.73000000e+02 4.87000000e+02 3.96785413e-01 2.00000000e+00]
[6.75000000e+02 3.50000000e+01 3.98213562e-01 2.20000000e+01]
[6.94000000e+02 4.88000000e+02 3.98790435e-01 3.00000000e+00]
[7.00000000e+01 7.12000000e+02 3.99290846e-01 2.30000000e+01]
[1.42000000e+02 5.19000000e+02 3.99383475e-01 2.00000000e+00]
[2.72000000e+02 6.91000000e+02 3.99483583e-01 7.00000000e+00]
[7.09000000e+02 6.93000000e+02 4.00049692e-01 1.90000000e+01]
[4.40000000e+01 4.52000000e+02 4.00776567e-01 2.00000000e+00]
[6.96000000e+02 6.12000000e+02 4.02943064e-01 1.20000000e+01]
[7.03000000e+02 7.01000000e+02 4.04325282e-01 2.10000000e+01]
[6.7300000e+02 6.1700000e+02 4.0633716e-01 1.0000000e+01]
[1.5700000e+02 6.8600000e+02 4.0932461e-01 5.0000000e+00]
[4.65000000e+02 7.05000000e+02 4.11834845e-01 9.00000000e+00]
[4.53000000e+02 1.00000000e+02 4.12012819e-01 2.00000000e+00]
[7.17000000e+02 7.14000000e+02 4.12849821e-01 4.20000000e+01]
[5.9300000e+02 6.4500000e+02 4.1362888e-01 4.0000000e+00]
[4.04000000e+02 7.21000000e+02 4.14255187e-01 1.10000000e+01]
[5.90000000e+01 7.19000000e+02 4.18408416e-01 1.30000000e+01]
[4.42000000e+02 6.99000000e+02 4.22900056e-01 3.00000000e+00]
[193.         279.           0.42380423   2.        ]
[6.32000000e+02 3.50000000e+02 4.24602916e-01 3.00000000e+00]
[4.69000000e+02 7.25000000e+02 4.25585702e-01 4.30000000e+01]
[7.10000000e+01 4.62000000e+02 4.26382192e-01 2.00000000e+00]
[3.74000000e+02 7.30000000e+02 4.28888582e-01 3.00000000e+00]
[1.10000000e+01 6.65000000e+02 4.29231614e-01 3.00000000e+00]
[6.8500000e+02 6.2900000e+02 4.3053912e-01 4.0000000e+00]
[5.84000000e+02 3.60000000e+02 4.32426694e-01 3.00000000e+00]
[6.7400000e+02 5.1300000e+02 4.3449567e-01 3.0000000e+00]
[7.24000000e+02 5.99000000e+02 4.34621955e-01 4.00000000e+00]
[ 82.         127.           0.43635742   2.        ]
[2.50000000e+01 7.27000000e+02 4.36804334e-01 1.20000000e+01]
[4.60000000e+01 6.20000000e+02 4.37014092e-01 3.00000000e+00]
[6.60000000e+02 7.23000000e+02 4.37509293e-01 1.30000000e+01]
[6.55000000e+02 7.20000000e+02 4.39521847e-01 2.40000000e+01]
[6.83000000e+02 3.95000000e+02 4.41889233e-01 4.00000000e+00]
[2.02000000e+02 7.16000000e+02 4.43196475e-01 8.00000000e+00]
[6.14000000e+02 3.31000000e+02 4.44063854e-01 3.00000000e+00]
[1.39000000e+02 7.46000000e+02 4.45688587e-01 9.00000000e+00]
[280.         117.           0.44632961   2.        ]
[ 88.         435.           0.45090016   2.        ]
[2.50000000e+02 7.29000000e+02 4.51824873e-01 4.00000000e+00]
[3.91000000e+02 7.50000000e+02 4.54472248e-01 3.00000000e+00]
[1.34000000e+02 7.22000000e+02 4.55798321e-01 6.00000000e+00]
[1.80000000e+01 7.44000000e+02 4.56278147e-01 2.50000000e+01]
[6.39000000e+02 3.71000000e+02 4.59431475e-01 3.00000000e+00]
[1.12000000e+02 6.79000000e+02 4.61218755e-01 1.00000000e+01]
[1.58000000e+02 7.41000000e+02 4.62570351e-01 1.30000000e+01]
[4.10000000e+02 7.57000000e+02 4.63899075e-01 1.40000000e+01]
[7.28000000e+02 1.74000000e+02 4.64659765e-01 1.40000000e+01]
[1.37000000e+02 7.39000000e+02 4.67000917e-01 5.00000000e+00]
[370.        459.          0.4686339   2.       ]
[2.32000000e+02 7.47000000e+02 4.69765089e-01 4.00000000e+00]
[3.70000000e+01 7.36000000e+02 4.70713747e-01 5.00000000e+00]
[2.66000000e+02 7.32000000e+02 4.72414869e-01 4.40000000e+01]
[4.83000000e+02 7.51000000e+02 4.72676369e-01 5.00000000e+00]
[6.70000000e+02 4.12000000e+02 4.72765118e-01 3.00000000e+00]
[1.68000000e+02 5.67000000e+02 4.74075274e-01 3.00000000e+00]
[7.08000000e+02 5.21000000e+02 4.74262814e-01 3.00000000e+00]
[6.26000000e+02 7.42000000e+02 4.75637131e-01 5.00000000e+00]
[4.91000000e+02 7.54000000e+02 4.76366493e-01 2.60000000e+01]
[7.4800000e+02 1.8800000e+02 4.7675282e-01 1.0000000e+01]
[1.38000000e+02 7.31000000e+02 4.77146004e-01 4.00000000e+00]
[3.61000000e+02 5.27000000e+02 4.79292987e-01 2.00000000e+00]
[5.55000000e+02 3.57000000e+02 4.79902859e-01 3.00000000e+00]
[1.46000000e+02 7.52000000e+02 4.80798651e-01 4.00000000e+00]
[167.         434.           0.48108159   2.        ]
[120.         163.           0.48119979   2.        ]
[1.18000000e+02 7.34000000e+02 4.83723617e-01 4.00000000e+00]
[7.50000000e+01 7.60000000e+02 4.85636097e-01 6.00000000e+00]
[3.20000000e+01 7.71000000e+02 4.86668294e-01 1.10000000e+01]
[1.07000000e+02 7.59000000e+02 4.88293692e-01 1.50000000e+01]
[7.74000000e+02 7.58000000e+02 4.88549235e-01 1.70000000e+01]
[7.02000000e+02 7.26000000e+02 4.89865037e-01 6.00000000e+00]
[5.1000000e+01 7.7900000e+02 4.9204756e-01 7.0000000e+00]
[2.6000000e+02 7.6700000e+02 4.9273988e-01 4.0000000e+00]
[6.70000000e+01 7.80000000e+02 4.96478706e-01 1.20000000e+01]
[3.87000000e+02 7.70000000e+02 4.96875844e-01 2.70000000e+01]
[5.26000000e+02 7.85000000e+02 5.00678094e-01 5.00000000e+00]
[7.35000000e+02 7.65000000e+02 5.01694007e-01 8.00000000e+00]
[6.00000000e+01 7.89000000e+02 5.02035675e-01 9.00000000e+00]
[2.44000000e+02 7.63000000e+02 5.03255317e-01 6.00000000e+00]
[7.53000000e+02 2.41000000e+02 5.03580218e-01 7.00000000e+00]
[2.24000000e+02 7.82000000e+02 5.03944403e-01 1.80000000e+01]
[7.13000000e+02 1.26000000e+02 5.03961448e-01 4.00000000e+00]
[7.43000000e+02 7.86000000e+02 5.06287587e-01 2.50000000e+01]
[4.80000000e+01 7.87000000e+02 5.06795286e-01 2.80000000e+01]
[5.10000000e+02 6.08000000e+02 5.08768502e-01 3.00000000e+00]
[7.64000000e+02 2.64000000e+02 5.13290894e-01 4.50000000e+01]
[7.98000000e+02 8.30000000e+01 5.13468843e-01 4.60000000e+01]
[1.00000000e+01 7.92000000e+02 5.14967364e-01 8.00000000e+00]
[7.9900000e+02 7.7500000e+02 5.1509117e-01 5.0000000e+01]
[5.96000000e+02 6.02000000e+02 5.17677511e-01 4.00000000e+00]
[3.84000000e+02 7.83000000e+02 5.18590663e-01 7.00000000e+00]
[1.02000000e+02 5.95000000e+02 5.18630245e-01 3.00000000e+00]
[7.40000000e+02 1.82000000e+02 5.18709386e-01 3.00000000e+00]
[2.31000000e+02 7.18000000e+02 5.18988467e-01 3.00000000e+00]
[5.87000000e+02 1.75000000e+02 5.21312587e-01 3.00000000e+00]
[7.72000000e+02 2.84000000e+02 5.21379773e-01 5.00000000e+00]
[5.50000000e+01 7.81000000e+02 5.22362543e-01 1.60000000e+01]
[6.90000000e+01 6.95000000e+02 5.24238854e-01 4.00000000e+00]
[7.91000000e+02 6.98000000e+02 5.25800361e-01 1.60000000e+01]
[5.39000000e+02 8.08000000e+02 5.25821761e-01 6.00000000e+00]
[362.        203.          0.5276961   2.       ]
[8.01000000e+02 8.05000000e+02 5.28058237e-01 5.30000000e+01]
[6.42000000e+02 6.56000000e+02 5.28543891e-01 4.00000000e+00]
[4.32000000e+02 6.38000000e+02 5.29388204e-01 3.00000000e+00]
[8.03000000e+02 7.04000000e+02 5.32012043e-01 9.00000000e+00]
[7.69000000e+02 7.95000000e+02 5.34485918e-01 3.00000000e+01]
[189.         535.           0.53773934   2.        ]
[8.14000000e+02 3.47000000e+02 5.37885352e-01 5.40000000e+01]
[4.79000000e+02 8.17000000e+02 5.37981242e-01 1.00000000e+01]
[8.20000000e+02 4.63000000e+02 5.39585864e-01 5.50000000e+01]
[6.44000000e+02 7.93000000e+02 5.43545363e-01 2.10000000e+01]
[8.23000000e+02 5.37000000e+02 5.43816268e-01 2.20000000e+01]
[8.22000000e+02 2.11000000e+02 5.44025862e-01 5.60000000e+01]
[7.15000000e+02 7.55000000e+02 5.44344913e-01 5.00000000e+00]
[6.34000000e+02 7.56000000e+02 5.44472592e-01 1.20000000e+01]
[5.41000000e+02 8.18000000e+02 5.45112553e-01 3.30000000e+01]
[449.         482.           0.54630725   2.        ]
[7.88000000e+02 7.49000000e+02 5.46583329e-01 7.00000000e+00]
[2.99000000e+02 7.45000000e+02 5.47026231e-01 5.00000000e+00]
[1.16000000e+02 7.90000000e+02 5.47342181e-01 1.00000000e+01]
[3.4000000e+01 8.2500000e+02 5.4828866e-01 5.7000000e+01]
[3.6300000e+02 6.8800000e+02 5.4901478e-01 3.0000000e+00]
[2.55000000e+02 8.11000000e+02 5.49631328e-01 1.70000000e+01]
[1.91000000e+02 8.02000000e+02 5.50929615e-01 5.00000000e+00]
[6.13000000e+02 7.84000000e+02 5.51378747e-01 9.00000000e+00]
[326.         420.           0.55219715   2.        ]
[7.97000000e+02 4.85000000e+02 5.52344414e-01 4.00000000e+00]
[6.23000000e+02 4.17000000e+02 5.52502315e-01 3.00000000e+00]
[2.80000000e+01 8.04000000e+02 5.52883293e-01 4.00000000e+00]
[7.96000000e+02 3.49000000e+02 5.53198975e-01 2.90000000e+01]
[6.68000000e+02 8.07000000e+02 5.54122671e-01 5.00000000e+00]
[4.01000000e+02 8.06000000e+02 5.55099422e-01 4.00000000e+00]
[7.78000000e+02 3.85000000e+02 5.56680307e-01 5.00000000e+00]
[8.37000000e+02 8.41000000e+02 5.58658543e-01 1.30000000e+01]
[8.12000000e+02 2.94000000e+02 5.59025733e-01 7.00000000e+00]
[1.5000000e+01 8.3200000e+02 5.5995433e-01 1.1000000e+01]
[5.2400000e+02 8.2900000e+02 5.6079288e-01 3.0000000e+00]
[5.30000000e+01 8.44000000e+02 5.61603291e-01 5.00000000e+00]
[8.21000000e+02 6.48000000e+02 5.63021499e-01 1.20000000e+01]
[3.32000000e+02 8.27000000e+02 5.63520485e-01 1.30000000e+01]
[3.10000000e+02 8.30000000e+02 5.63861778e-01 8.00000000e+00]
[5.1400000e+02 8.4700000e+02 5.6389895e-01 8.0000000e+00]
[4.22000000e+02 8.34000000e+02 5.64552187e-01 4.00000000e+00]
[4.24000000e+02 8.39000000e+02 5.64865315e-01 5.00000000e+00]
[3.54000000e+02 8.28000000e+02 5.69550812e-01 3.40000000e+01]
[0.0000000e+00 8.5600000e+02 5.7003343e-01 6.0000000e+00]
[8.3600000e+02 4.0300000e+02 5.7101899e-01 6.0000000e+00]
[3.10000000e+01 8.59000000e+02 5.72405085e-01 7.00000000e+00]
[5.06000000e+02 8.24000000e+02 5.74336119e-01 2.30000000e+01]
[8.46000000e+02 3.52000000e+02 5.74551599e-01 1.40000000e+01]
[8.62000000e+02 5.81000000e+02 5.74891784e-01 1.60000000e+01]
[7.10000000e+02 8.40000000e+02 5.75264847e-01 5.00000000e+00]
[1.33000000e+02 7.66000000e+02 5.75604035e-01 4.00000000e+00]
[3.98000000e+02 7.38000000e+02 5.76212011e-01 4.00000000e+00]
[3.37000000e+02 8.48000000e+02 5.78159119e-01 1.20000000e+01]
[8.00000000e+02 1.62000000e+02 5.78259994e-01 9.00000000e+00]
[6.76000000e+02 6.52000000e+02 5.78334793e-01 4.00000000e+00]
[8.43000000e+02 1.41000000e+02 5.80021849e-01 6.00000000e+00]
[8.51000000e+02 8.66000000e+02 5.80789818e-01 1.60000000e+01]
[8.1600000e+02 8.1500000e+02 5.8112178e-01 7.0000000e+00]
[2.54000000e+02 8.57000000e+02 5.81928901e-01 3.50000000e+01]
[8.64000000e+02 1.98000000e+02 5.86847321e-01 6.00000000e+00]
[4.51000000e+02 8.52000000e+02 5.86956754e-01 1.40000000e+01]
[8.60000000e+02 4.64000000e+02 5.88676911e-01 8.00000000e+00]
[ 97.         226.           0.58908174   2.        ]
[7.00000000e+00 8.63000000e+02 5.89081878e-01 1.70000000e+01]
[8.42000000e+02 8.68000000e+02 5.90435627e-01 3.80000000e+01]
[8.72000000e+02 8.38000000e+02 5.94040057e-01 9.00000000e+00]
[1.97000000e+02 8.49000000e+02 5.94627638e-01 4.00000000e+00]
[6.63000000e+02 8.35000000e+02 5.95089036e-01 1.90000000e+01]
[9.60000000e+01 8.76000000e+02 5.95102458e-01 9.00000000e+00]
[7.76000000e+02 8.53000000e+02 5.95759027e-01 1.00000000e+01]
[2.38000000e+02 8.58000000e+02 5.95842089e-01 7.00000000e+00]
[306.         458.           0.59593792   2.        ]
[8.71000000e+02 3.73000000e+02 5.96424778e-01 1.70000000e+01]
[8.75000000e+02 7.68000000e+02 5.97214425e-01 1.70000000e+01]
[1.11000000e+02 8.13000000e+02 6.00732474e-01 3.00000000e+00]
[4.78000000e+02 8.78000000e+02 6.01121113e-01 1.80000000e+01]
[2.58000000e+02 8.83000000e+02 6.01128583e-01 1.00000000e+01]
[7.94000000e+02 8.67000000e+02 6.01250509e-01 1.60000000e+01]
[8.2600000e+02 5.0700000e+02 6.0313507e-01 6.0000000e+00]
[8.8700000e+02 4.9600000e+02 6.0444123e-01 1.8000000e+01]
[4.72000000e+02 8.88000000e+02 6.06054956e-01 1.80000000e+01]
[4.55000000e+02 8.89000000e+02 6.07444563e-01 4.00000000e+00]
[3.90000000e+01 8.80000000e+02 6.08549424e-01 1.00000000e+01]
[2.42000000e+02 8.86000000e+02 6.08708881e-01 3.00000000e+00]
[8.1900000e+02 4.5700000e+02 6.0914244e-01 3.0000000e+00]
[5.29000000e+02 8.90000000e+02 6.09260278e-01 1.90000000e+01]
[5.70000000e+01 8.77000000e+02 6.10345281e-01 3.00000000e+00]
[8.94000000e+02 3.60000000e+01 6.11235903e-01 1.90000000e+01]
[6.1800000e+02 8.5400000e+02 6.1226732e-01 1.0000000e+01]
[9.02000000e+02 2.28000000e+02 6.12919238e-01 2.00000000e+01]
[8.74000000e+02 1.79000000e+02 6.13075828e-01 7.00000000e+00]
[8.98000000e+02 4.46000000e+02 6.13271645e-01 4.00000000e+00]
[4.30000000e+02 9.05000000e+02 6.16940818e-01 8.00000000e+00]
[9.03000000e+02 8.10000000e+02 6.17166183e-01 1.40000000e+01]
[9.04000000e+02 1.06000000e+02 6.17663912e-01 2.10000000e+01]
[8.84000000e+02 2.53000000e+02 6.19373216e-01 1.10000000e+01]
[1.84000000e+02 9.09000000e+02 6.21739232e-01 2.20000000e+01]
[6.25000000e+02 8.91000000e+02 6.22597678e-01 1.20000000e+01]
[5.01000000e+02 8.95000000e+02 6.22818601e-01 1.90000000e+01]
[2.96000000e+02 8.73000000e+02 6.22856114e-01 3.60000000e+01]
[6.64000000e+02 8.55000000e+02 6.24283674e-01 6.00000000e+00]
[ 26.         273.           0.62529921   2.        ]
[8.69000000e+02 4.40000000e+02 6.26513274e-01 5.00000000e+00]
[7.62000000e+02 9.11000000e+02 6.28069984e-01 2.60000000e+01]
[2.87000000e+02 8.79000000e+02 6.28713485e-01 3.90000000e+01]
[9.10000000e+02 1.31000000e+02 6.31214769e-01 1.20000000e+01]
[4.25000000e+02 9.13000000e+02 6.32878429e-01 2.00000000e+01]
[7.70000000e+01 9.21000000e+02 6.33164839e-01 2.10000000e+01]
[9.08000000e+02 8.31000000e+02 6.35194688e-01 1.90000000e+01]
[4.50000000e+01 8.82000000e+02 6.35888458e-01 2.00000000e+01]
[9.23000000e+02 9.12000000e+02 6.36629512e-01 3.10000000e+01]
[9.15000000e+02 2.20000000e+01 6.39934604e-01 7.00000000e+00]
[9.17000000e+02 7.77000000e+02 6.40264773e-01 7.00000000e+00]
[1.59000000e+02 8.85000000e+02 6.44665778e-01 8.00000000e+00]
[355.         441.           0.64724979   2.        ]
[4.98000000e+02 8.92000000e+02 6.48968236e-01 1.70000000e+01]
[8.61000000e+02 9.18000000e+02 6.49097814e-01 4.90000000e+01]
[  2.         341.           0.65086005   2.        ]
[2.22000000e+02 9.26000000e+02 6.55700949e-01 8.00000000e+00]
[4.94000000e+02 8.65000000e+02 6.57287051e-01 5.00000000e+00]
[2.93000000e+02 9.14000000e+02 6.57506384e-01 3.70000000e+01]
[212.         456.           0.66092062   2.        ]
[6.00000000e+02 9.00000000e+02 6.61036663e-01 2.10000000e+01]
[8.50000000e+01 8.81000000e+02 6.62374012e-01 5.00000000e+00]
[9.25000000e+02 2.43000000e+02 6.63638006e-01 3.20000000e+01]
[3.89000000e+02 8.33000000e+02 6.65923845e-01 5.80000000e+01]
[8.97000000e+02 3.51000000e+02 6.66734932e-01 1.10000000e+01]
[4.71000000e+02 9.33000000e+02 6.67678128e-01 9.00000000e+00]
[4.70000000e+01 8.93000000e+02 6.72595249e-01 7.00000000e+00]
[9.27000000e+02 9.43000000e+02 6.74874443e-01 1.40000000e+01]
[1.90000000e+02 9.35000000e+02 6.76361115e-01 3.80000000e+01]
[5.31000000e+02 9.42000000e+02 6.76637527e-01 1.00000000e+01]
[9.22000000e+02 9.20000000e+02 6.77219334e-01 3.30000000e+01]
[3.90000000e+02 9.07000000e+02 6.78037113e-01 9.00000000e+00]
[3.5300000e+02 9.3400000e+02 6.7805591e-01 6.0000000e+00]
[3.43000000e+02 9.41000000e+02 6.78307019e-01 1.20000000e+01]
[9.37000000e+02 8.70000000e+02 6.79432625e-01 2.70000000e+01]
[9.38000000e+02 9.19000000e+02 6.80077794e-01 4.40000000e+01]
[9.52000000e+02 1.05000000e+02 6.83145923e-01 4.50000000e+01]
[1.6100000e+02 9.3000000e+02 6.8344375e-01 1.8000000e+01]
[1.10000000e+02 9.16000000e+02 6.83854211e-01 3.00000000e+00]
[2.67000000e+02 7.61000000e+02 6.91968539e-01 3.00000000e+00]
[9.48000000e+02 4.16000000e+02 6.99089213e-01 1.00000000e+01]
[9.01000000e+02 9.49000000e+02 7.01127305e-01 9.00000000e+00]
[8.96000000e+02 9.45000000e+02 7.01619791e-01 4.20000000e+01]
[7.90000000e+01 9.53000000e+02 7.01799042e-01 4.60000000e+01]
[8.99000000e+02 9.60000000e+02 7.02377904e-01 4.90000000e+01]
[9.40000000e+01 9.57000000e+02 7.03207368e-01 1.10000000e+01]
[7.07000000e+02 9.47000000e+02 7.05454663e-01 3.50000000e+01]
[5.6000000e+01 9.5800000e+02 7.0640919e-01 1.0000000e+01]
[5.04000000e+02 9.54000000e+02 7.07020181e-01 1.90000000e+01]
[5.05000000e+02 8.45000000e+02 7.07049314e-01 6.00000000e+00]
[9.51000000e+02 9.55000000e+02 7.07892751e-01 3.00000000e+01]
[9.40000000e+02 9.66000000e+02 7.09228564e-01 6.40000000e+01]
[9.56000000e+02 9.28000000e+02 7.10967442e-01 1.10000000e+01]
[9.68000000e+02 7.11000000e+02 7.13913728e-01 6.60000000e+01]
[9.70000000e+02 6.40000000e+02 7.15160634e-01 6.90000000e+01]
[9.67000000e+02 3.75000000e+02 7.17290758e-01 3.10000000e+01]
[4.11000000e+02 9.24000000e+02 7.17484192e-01 2.10000000e+01]
[9.72000000e+02 4.93000000e+02 7.18854941e-01 3.20000000e+01]
[9.46000000e+02 9.59000000e+02 7.19574603e-01 5.20000000e+01]
[4.99000000e+02 8.50000000e+02 7.20419156e-01 6.00000000e+00]
[9.71000000e+02 6.03000000e+02 7.20518283e-01 7.10000000e+01]
[1.49000000e+02 7.33000000e+02 7.22049248e-01 3.00000000e+00]
[2.23000000e+02 9.44000000e+02 7.23169625e-01 1.50000000e+01]
[9.6300000e+02 9.3900000e+02 7.2373623e-01 6.7000000e+01]
[4.3000000e+01 9.7700000e+02 7.2399636e-01 7.2000000e+01]
[2.92000000e+02 9.65000000e+02 7.25770662e-01 2.00000000e+01]
[ 99.         268.           0.72810415   2.        ]
[8.0900000e+02 1.7700000e+02 7.3618177e-01 1.7000000e+01]
[2.82000000e+02 9.80000000e+02 7.38611654e-01 6.80000000e+01]
[9.64000000e+02 9.50000000e+02 7.43898059e-01 2.20000000e+01]
[466.         500.           0.74450601   2.        ]
[2.350000e+02 9.850000e+02 7.455626e-01 6.900000e+01]
[9.73000000e+02 9.78000000e+02 7.48312909e-01 2.40000000e+01]
[1.14000000e+02 9.79000000e+02 7.48642505e-01 1.60000000e+01]
[5.25000000e+02 9.61000000e+02 7.51457793e-01 5.00000000e+01]
[9.86000000e+02 3.76000000e+02 7.53271286e-01 2.30000000e+01]
[4.19000000e+02 9.69000000e+02 7.59821178e-01 1.20000000e+01]
[9.31000000e+02 9.32000000e+02 7.60415625e-01 5.10000000e+01]
[9.89000000e+02 3.68000000e+02 7.63211148e-01 2.50000000e+01]
[9.94000000e+02 6.05000000e+02 7.64871459e-01 5.30000000e+01]
[9.95000000e+02 9.75000000e+02 7.65096632e-01 7.70000000e+01]
[3.88000000e+02 9.88000000e+02 7.65938514e-01 7.00000000e+01]
[4.07000000e+02 9.92000000e+02 7.66282131e-01 2.40000000e+01]
[2.15000000e+02 9.62000000e+02 7.66598485e-01 1.20000000e+01]
[3.25000000e+02 9.96000000e+02 7.69464401e-01 5.40000000e+01]
[8.40000000e+01 9.29000000e+02 7.70234565e-01 3.00000000e+00]
[9.81000000e+02 3.99000000e+02 7.71940825e-01 7.30000000e+01]
[9.82000000e+02 4.76000000e+02 7.75667137e-01 2.10000000e+01]
[8.00000000e+00 9.91000000e+02 7.79723102e-01 5.10000000e+01]
[5.20000000e+02 9.99000000e+02 7.80131318e-01 2.50000000e+01]
[1.71000000e+02 1.00400000e+03 7.80469838e-01 2.20000000e+01]
[4.21000000e+02 1.00600000e+03 7.84961841e-01 2.60000000e+01]
[9.90000000e+02 9.98000000e+02 7.86968271e-01 8.60000000e+01]
[2.86000000e+02 1.00700000e+03 7.87211276e-01 2.30000000e+01]
[9.83000000e+02 1.00500000e+03 7.88643024e-01 5.30000000e+01]
[1.00200000e+03 1.00900000e+03 7.88778541e-01 8.90000000e+01]
[9.97000000e+02 4.31000000e+02 7.91203634e-01 7.80000000e+01]
[1.66000000e+02 1.01200000e+03 7.93701864e-01 9.00000000e+01]
[4.75000000e+02 1.00100000e+03 7.98599839e-01 5.50000000e+01]
[9.76000000e+02 3.79000000e+02 8.05622903e-01 7.00000000e+00]
[5.36000000e+02 9.74000000e+02 8.14206067e-01 3.30000000e+01]
[2.17000000e+02 1.00800000e+03 8.16164651e-01 2.70000000e+01]
[3.12000000e+02 1.01400000e+03 8.20653125e-01 9.10000000e+01]
[257.          89.           0.82087826   2.        ]
[1.01600000e+03 2.81000000e+02 8.24957935e-01 8.00000000e+00]
[3.04000000e+02 1.01700000e+03 8.26199214e-01 3.40000000e+01]
[2.01000000e+02 1.01300000e+03 8.30779384e-01 7.90000000e+01]
[1.0110000e+03 1.0100000e+03 8.3393092e-01 7.6000000e+01]
[1.81000000e+02 1.02300000e+03 8.33987539e-01 8.00000000e+01]
[4.74000000e+02 1.00000000e+03 8.36904071e-01 1.30000000e+01]
[1.02400000e+03 9.93000000e+02 8.41139334e-01 8.80000000e+01]
[1.02100000e+03 1.01800000e+03 8.42425918e-01 3.50000000e+01]
[1.87000000e+02 9.87000000e+02 8.50469382e-01 3.00000000e+00]
[3.30000000e+02 1.02500000e+03 8.53539686e-01 8.10000000e+01]
[5.1500000e+02 1.0280000e+03 8.5817041e-01 3.6000000e+01]
[4.70000000e+02 1.02700000e+03 8.66761273e-01 8.90000000e+01]
[1.01000000e+02 1.01900000e+03 8.72795995e-01 9.20000000e+01]
[1.20000000e+01 1.02200000e+03 8.75503141e-01 3.50000000e+01]
[1.00300000e+03 1.03000000e+03 8.76744827e-01 1.54000000e+02]
[1.01500000e+03 1.03500000e+03 8.77310162e-01 2.09000000e+02]
[1.30000000e+01 1.03400000e+03 8.86416705e-01 3.60000000e+01]
[7.73000000e+02 1.03200000e+03 8.91384467e-01 9.10000000e+01]
[1.03700000e+03 2.89000000e+02 8.97749325e-01 3.70000000e+01]
[1.03900000e+03 7.37000000e+02 8.98697975e-01 4.00000000e+01]
[1.04000000e+03 1.03800000e+03 8.99497485e-01 1.31000000e+02]
[2.88000000e+02 1.03100000e+03 9.05100193e-01 3.70000000e+01]
[3.92000000e+02 1.03600000e+03 9.05661819e-01 2.10000000e+02]
[323.         906.           0.90914276   5.        ]
[1.04200000e+03 1.03300000e+03 9.13763212e-01 1.29000000e+02]
[9.36000000e+02 9.84000000e+02 9.17888212e-01 1.90000000e+01]
[1.02600000e+03 1.04300000e+03 9.26737358e-01 2.23000000e+02]
[1.02000000e+03 3.44000000e+02 9.28032421e-01 3.00000000e+00]
[4.47000000e+02 1.04600000e+03 9.30170654e-01 2.00000000e+01]
[3.11000000e+02 1.04700000e+03 9.33778194e-01 2.24000000e+02]
[574.        147.          0.9388462   3.       ]
[3.42000000e+02 1.05100000e+03 9.49255327e-01 4.00000000e+00]
[6.21000000e+02 1.05000000e+03 9.51717905e-01 2.26000000e+02]
[1.69000000e+02 1.04500000e+03 9.73876434e-01 1.30000000e+02]
[1.04100000e+03 1.05300000e+03 9.84499381e-01 3.57000000e+02]
[1.04900000e+03 1.05500000e+03 9.85613181e-01 3.77000000e+02]
[3.77000000e+02 1.04800000e+03 9.86470937e-01 4.00000000e+00]
[1.05200000e+03 2.77000000e+02 9.93014209e-01 5.00000000e+00]
[1.05800000e+03 4.81000000e+02 1.01408451e+00 6.00000000e+00]
[3.19000000e+02 1.05600000e+03 1.01654288e+00 3.78000000e+02]
[5.33000000e+02 1.05700000e+03 1.01695114e+00 5.00000000e+00]
[1.05400000e+03 4.97000000e+02 1.02628848e+00 1.31000000e+02]
[5.34000000e+02 1.06200000e+03 1.02673945e+00 1.32000000e+02]
[2.34000000e+02 1.06000000e+03 1.03152898e+00 3.79000000e+02]
[1.04400000e+03 1.05900000e+03 1.03179032e+00 1.10000000e+01]
[5.82000000e+02 1.06400000e+03 1.03397366e+00 3.81000000e+02]
[1.08000000e+02 1.06600000e+03 1.05753917e+00 3.82000000e+02]
[1061.         1067.            1.09748313  387.        ]
[ 364.        1068.           1.1064043  388.       ]
[ 502.         1065.            1.11263316   12.        ]
[1063.         1069.            1.12177111  520.        ]
[ 145.         1070.            1.12959396   13.        ]
[1029.       1071.          1.144976  523.      ]
[ 316.         1073.            1.15765887  524.        ]
[  86.         1074.            1.18128763  525.        ]
[1075.          314.            1.25937156  526.        ]
[1076.         1072.            1.29260127  539.        ]
[1077.          429.            1.39171686  540.        ]
