[  1. 216.   0.   2.]
[540. 113.   0.   3.]
[  6. 129.   0.   2.]
[64. 68.  0.  2.]
[543.  93.   0.   3.]
[544. 123.   0.   4.]
[545. 214.   0.   5.]
[546. 261.   0.   6.]
[ 78. 315.   0.   2.]
[ 95. 152.   0.   2.]
[549. 240.   0.   3.]
[550. 301.   0.   4.]
[551. 308.   0.   5.]
[552. 220.   0.   6.]
[307. 553.   0.   7.]
[ 90. 518.   0.   2.]
[103. 196.   0.   2.]
[270. 271.   0.   2.]
[557. 140.   0.   3.]
[300. 302.   0.   2.]
[359. 413.   0.   2.]
[5.54000000e+02 2.95000000e+02 5.72887609e-09 8.00000000e+00]
[5.48000000e+02 1.25000000e+02 9.93410746e-09 3.00000000e+00]
[5.61000000e+02 5.00000000e+01 1.47465514e-08 9.00000000e+00]
[1.36000000e+02 3.36000000e+02 1.49011612e-08 2.00000000e+00]
[5.59000000e+02 4.68000000e+02 1.89139771e-08 3.00000000e+00]
[5.58000000e+02 1.70000000e+02 2.09081399e-08 4.00000000e+00]
[7.20000000e+01 4.37000000e+02 2.35608046e-08 2.00000000e+00]
[2.05000000e+02 2.51000000e+02 2.58095683e-08 2.00000000e+00]
[7.40000000e+01 9.10000000e+01 2.98023224e-08 2.00000000e+00]
[5.69000000e+02 3.17000000e+02 2.98023224e-08 3.00000000e+00]
[3.29000000e+02 5.63000000e+02 2.98023224e-08 1.00000000e+01]
[1.78000000e+02 2.45000000e+02 2.98023224e-08 2.00000000e+00]
[2.40000000e+01 4.23000000e+02 3.33200094e-08 2.00000000e+00]
[6.10000000e+01 2.36000000e+02 3.94247668e-08 2.00000000e+00]
[5.70000000e+02 2.74000000e+02 6.32202728e-08 4.00000000e+00]
[4.00000000e+02 5.66000000e+02 8.36325598e-08 5.00000000e+00]
[3.80000000e+02 5.76000000e+02 7.35135062e-03 6.00000000e+00]
[1.35000000e+02 5.71000000e+02 7.91158857e-02 1.10000000e+01]
[2.62000000e+02 5.77000000e+02 7.97283029e-02 7.00000000e+00]
[2.06000000e+02 3.22000000e+02 8.80901384e-02 2.00000000e+00]
[2.18000000e+02 5.03000000e+02 9.15351476e-02 2.00000000e+00]
[21.         40.          0.09424761  2.        ]
[3.09000000e+02 3.94000000e+02 1.13554712e-01 2.00000000e+00]
[1.30000000e+02 5.78000000e+02 1.20740294e-01 1.20000000e+01]
[1.65000000e+02 2.91000000e+02 1.27329197e-01 2.00000000e+00]
[8.10000000e+01 5.84000000e+02 1.34295092e-01 1.30000000e+01]
[1.24000000e+02 3.05000000e+02 1.43956369e-01 2.00000000e+00]
[5.75000000e+02 1.21000000e+02 1.47711792e-01 5.00000000e+00]
[5.6500000e+02 5.6800000e+02 1.5219818e-01 5.0000000e+00]
[3.00000000e+00 5.47000000e+02 1.53378122e-01 7.00000000e+00]
[4.00000000e+00 5.79000000e+02 1.55129472e-01 8.00000000e+00]
[5.88000000e+02 1.64000000e+02 1.58186003e-01 6.00000000e+00]
[4.36000000e+02 5.22000000e+02 1.59304943e-01 2.00000000e+00]
[3.20000000e+02 4.06000000e+02 1.65856757e-01 2.00000000e+00]
[3.39000000e+02 4.73000000e+02 1.66913646e-01 2.00000000e+00]
[ 54.         148.           0.17029586   2.        ]
[5.64000000e+02 5.62000000e+02 1.71113989e-01 5.00000000e+00]
[5.91000000e+02 2.98000000e+02 1.72066892e-01 9.00000000e+00]
[5.86000000e+02 3.28000000e+02 1.73558128e-01 1.40000000e+01]
[4.90000000e+01 2.46000000e+02 1.75754914e-01 2.00000000e+00]
[1.43000000e+02 4.45000000e+02 1.77035229e-01 2.00000000e+00]
[5.99000000e+02 2.39000000e+02 1.77064129e-01 1.50000000e+01]
[1.28000000e+02 5.85000000e+02 1.77625635e-01 3.00000000e+00]
[3.00000000e+01 2.09000000e+02 1.80419571e-01 2.00000000e+00]
[6.02000000e+02 1.54000000e+02 1.81157701e-01 1.60000000e+01]
[3.03000000e+02 3.69000000e+02 1.81735907e-01 2.00000000e+00]
[5.89000000e+02 5.90000000e+02 1.84301348e-01 1.20000000e+01]
[4.02000000e+02 4.89000000e+02 1.84597774e-01 2.00000000e+00]
[6.05000000e+02 1.94000000e+02 1.85089389e-01 1.70000000e+01]
[5.32000000e+02 4.77000000e+02 1.88025421e-01 2.00000000e+00]
[3.48000000e+02 3.67000000e+02 1.92651364e-01 2.00000000e+00]
[6.09000000e+02 4.48000000e+02 1.92787933e-01 1.80000000e+01]
[5.9200000e+02 2.0400000e+02 1.9718722e-01 7.0000000e+00]
[2.19000000e+02 3.70000000e+01 1.97835799e-01 2.00000000e+00]
[6.12000000e+02 2.52000000e+02 2.00104962e-01 1.90000000e+01]
[9.20000000e+01 6.13000000e+02 2.02205018e-01 8.00000000e+00]
[2.47000000e+02 2.49000000e+02 2.05691869e-01 2.00000000e+00]
[6.15000000e+02 1.60000000e+02 2.05732271e-01 2.00000000e+01]
[4.92000000e+02 5.23000000e+02 2.06576291e-01 2.00000000e+00]
[5.80000000e+02 2.25000000e+02 2.10383341e-01 3.00000000e+00]
[6.18000000e+02 4.80000000e+02 2.11380154e-01 2.10000000e+01]
[6.10000000e+02 1.22000000e+02 2.11731853e-01 3.00000000e+00]
[2.10000000e+02 3.83000000e+02 2.16439157e-01 2.00000000e+00]
[1.80000000e+02 6.03000000e+02 2.18026342e-01 4.00000000e+00]
[6.30000000e+01 4.26000000e+02 2.22793603e-01 2.00000000e+00]
[3.97000000e+02 4.44000000e+02 2.26566363e-01 2.00000000e+00]
[3.96000000e+02 4.14000000e+02 2.31510474e-01 2.00000000e+00]
[1.70000000e+01 2.83000000e+02 2.31985745e-01 2.00000000e+00]
[65.         76.          0.23260145  2.        ]
[3.45000000e+02 5.42000000e+02 2.36501911e-01 3.00000000e+00]
[3.27000000e+02 6.14000000e+02 2.37957707e-01 3.00000000e+00]
[6.07000000e+02 1.09000000e+02 2.41253158e-01 1.30000000e+01]
[1.53000000e+02 6.16000000e+02 2.41905423e-01 9.00000000e+00]
[2.30000000e+02 6.22000000e+02 2.45122275e-01 4.00000000e+00]
[ 73.         200.           0.24526085   2.        ]
[2.0700000e+02 5.9800000e+02 2.4701404e-01 1.0000000e+01]
[4.15000000e+02 4.60000000e+02 2.47252331e-01 2.00000000e+00]
[3.82000000e+02 5.20000000e+01 2.48380718e-01 2.00000000e+00]
[6.32000000e+02 3.40000000e+02 2.49423641e-01 1.40000000e+01]
[185.         195.           0.25348435   2.        ]
[3.6600000e+02 5.1700000e+02 2.5465216e-01 2.0000000e+00]
[4.10000000e+01 6.38000000e+02 2.54659234e-01 3.00000000e+00]
[5.97000000e+02 1.76000000e+02 2.55201219e-01 6.00000000e+00]
[2.21000000e+02 6.39000000e+02 2.56334655e-01 1.50000000e+01]
[3.4600000e+02 4.3800000e+02 2.5633776e-01 2.0000000e+00]
[1.44000000e+02 5.60000000e+02 2.58263061e-01 3.00000000e+00]
[4.18000000e+02 4.61000000e+02 2.58874699e-01 2.00000000e+00]
[1.55000000e+02 2.85000000e+02 2.62629562e-01 2.00000000e+00]
[2.97000000e+02 4.27000000e+02 2.65471299e-01 2.00000000e+00]
[2.29000000e+02 6.36000000e+02 2.65536222e-01 1.10000000e+01]
[4.28000000e+02 5.28000000e+02 2.65995207e-01 2.00000000e+00]
[2.90000000e+01 4.86000000e+02 2.69241065e-01 2.00000000e+00]
[2.00000000e+01 6.44000000e+02 2.69491522e-01 1.60000000e+01]
[6.20000000e+01 6.24000000e+02 2.71944319e-01 5.00000000e+00]
[4.39000000e+02 6.48000000e+02 2.72045644e-01 3.00000000e+00]
[5.96000000e+02 6.53000000e+02 2.76374129e-01 1.80000000e+01]
[9.00000000e+00 6.43000000e+02 2.78378001e-01 7.00000000e+00]
[2.90000000e+02 5.30000000e+02 2.81081353e-01 2.00000000e+00]
[1.90000000e+01 6.50000000e+02 2.84920925e-01 1.20000000e+01]
[8.70000000e+01 6.33000000e+02 2.86141126e-01 1.00000000e+01]
[6.30000000e+02 6.70000000e+01 2.88678619e-01 4.00000000e+00]
[4.05000000e+02 6.31000000e+02 2.89701426e-01 4.00000000e+00]
[3.30000000e+01 6.34000000e+02 2.96238147e-01 5.00000000e+00]
[2.13000000e+02 3.86000000e+02 2.96988305e-01 2.00000000e+00]
[1.4000000e+01 4.3300000e+02 3.0088898e-01 2.0000000e+00]
[5.1100000e+02 6.5700000e+02 3.0292267e-01 8.0000000e+00]
[3.34000000e+02 6.59000000e+02 3.04625031e-01 1.30000000e+01]
[8.00000000e+01 4.09000000e+02 3.07769409e-01 2.00000000e+00]
[6.51000000e+02 6.63000000e+02 3.08742382e-01 7.00000000e+00]
[248.         133.           0.31140253   2.        ]
[3.18000000e+02 5.09000000e+02 3.14086331e-01 2.00000000e+00]
[ 27.         172.           0.31748107   2.        ]
[6.55000000e+02 9.80000000e+01 3.17852504e-01 4.00000000e+00]
[6.69000000e+02 5.12000000e+02 3.18116322e-01 8.00000000e+00]
[2.33000000e+02 6.54000000e+02 3.23049069e-01 6.00000000e+00]
[6.56000000e+02 1.50000000e+02 3.27083128e-01 1.90000000e+01]
[1.99000000e+02 6.66000000e+02 3.27273771e-01 9.00000000e+00]
[6.6100000e+02 6.7300000e+02 3.2732319e-01 8.0000000e+00]
[  5.         275.           0.33300362   2.        ]
[6.79000000e+02 6.67000000e+02 3.40122005e-01 1.50000000e+01]
[3.2400000e+02 6.7600000e+02 3.4060848e-01 2.0000000e+01]
[5.74000000e+02 1.51000000e+02 3.44775131e-01 3.00000000e+00]
[3.8100000e+02 6.6200000e+02 3.4479014e-01 5.0000000e+00]
[3.72000000e+02 2.44000000e+02 3.46520695e-01 2.00000000e+00]
[4.95000000e+02 6.20000000e+02 3.46846811e-01 4.00000000e+00]
[1.19000000e+02 6.81000000e+02 3.46932539e-01 2.10000000e+01]
[3.56000000e+02 4.67000000e+02 3.48209824e-01 2.00000000e+00]
[5.72000000e+02 2.55000000e+02 3.60144757e-01 3.00000000e+00]
[6.60000000e+02 1.92000000e+02 3.62194695e-01 1.10000000e+01]
[1.60000000e+01 6.83000000e+02 3.62800378e-01 6.00000000e+00]
[3.3300000e+02 6.7500000e+02 3.6531379e-01 7.0000000e+00]
[4.2000000e+01 4.8400000e+02 3.6912681e-01 2.0000000e+00]
[5.5600000e+02 6.3500000e+02 3.6930143e-01 4.0000000e+00]
[2.30000000e+01 6.90000000e+02 3.73374907e-01 7.00000000e+00]
[3.50000000e+02 6.94000000e+02 3.74217594e-01 8.00000000e+00]
[3.58000000e+02 6.78000000e+02 3.74298814e-01 9.00000000e+00]
[335.         338.           0.37444201   2.        ]
[6.84000000e+02 4.54000000e+02 3.77529609e-01 3.00000000e+00]
[1.32000000e+02 6.98000000e+02 3.77852163e-01 4.00000000e+00]
[6.70000000e+02 5.16000000e+02 3.78722173e-01 3.00000000e+00]
[2.27000000e+02 6.86000000e+02 3.79013388e-01 2.20000000e+01]
[4.08000000e+02 6.21000000e+02 3.79615369e-01 2.20000000e+01]
[7.00000000e+01 6.80000000e+02 3.80444033e-01 1.60000000e+01]
[2.37000000e+02 4.90000000e+02 3.81762604e-01 2.00000000e+00]
[2.59000000e+02 7.01000000e+02 3.82930161e-01 2.30000000e+01]
[5.08000000e+02 4.65000000e+02 3.83345315e-01 2.00000000e+00]
[1.04000000e+02 7.03000000e+02 3.85266642e-01 1.70000000e+01]
[3.65000000e+02 5.94000000e+02 3.86731246e-01 3.00000000e+00]
[3.78000000e+02 5.21000000e+02 3.87070998e-01 2.00000000e+00]
[1.86000000e+02 6.77000000e+02 3.90777678e-01 1.00000000e+01]
[5.80000000e+01 4.17000000e+02 3.91399431e-01 2.00000000e+00]
[1.15000000e+02 6.91000000e+02 3.92798466e-01 8.00000000e+00]
[1.73000000e+02 4.87000000e+02 3.96785413e-01 2.00000000e+00]
[6.74000000e+02 5.93000000e+02 3.97049995e-01 1.00000000e+01]
[6.92000000e+02 4.88000000e+02 3.98790435e-01 3.00000000e+00]
[1.42000000e+02 6.41000000e+02 3.99383475e-01 3.00000000e+00]
[2.72000000e+02 6.37000000e+02 3.99483583e-01 3.00000000e+00]
[4.40000000e+01 4.52000000e+02 4.00776567e-01 2.00000000e+00]
[6.8900000e+02 1.1700000e+02 4.0694828e-01 1.2000000e+01]
[1.5700000e+02 6.8500000e+02 4.0932461e-01 5.0000000e+00]
[4.53000000e+02 1.00000000e+02 4.12012819e-01 2.00000000e+00]
[3.13000000e+02 7.09000000e+02 4.12869167e-01 3.00000000e+00]
[3.21000000e+02 7.14000000e+02 4.13573655e-01 1.10000000e+01]
[7.12000000e+02 2.08000000e+02 4.14089414e-01 9.00000000e+00]
[4.04000000e+02 7.23000000e+02 4.14255187e-01 1.20000000e+01]
[7.07000000e+02 1.83000000e+02 4.16072684e-01 1.80000000e+01]
[7.0500000e+02 3.8700000e+02 4.1805444e-01 2.4000000e+01]
[2.76000000e+02 6.96000000e+02 4.18849864e-01 1.00000000e+01]
[7.26000000e+02 3.50000000e+01 4.18882064e-01 1.90000000e+01]
[7.27000000e+02 1.80000000e+01 4.20386922e-01 2.50000000e+01]
[7.29000000e+02 4.69000000e+02 4.22109312e-01 2.00000000e+01]
[7.30000000e+02 6.95000000e+02 4.22596409e-01 3.30000000e+01]
[4.42000000e+02 6.97000000e+02 4.22900056e-01 3.00000000e+00]
[193.         279.           0.42380423   2.        ]
[7.0600000e+02 7.2800000e+02 4.2510038e-01 1.2000000e+01]
[5.90000000e+01 7.19000000e+02 4.25916031e-01 1.30000000e+01]
[4.62000000e+02 6.87000000e+02 4.26382192e-01 3.00000000e+00]
[6.99000000e+02 6.88000000e+02 4.27297738e-01 7.00000000e+00]
[5.38000000e+02 7.38000000e+02 4.28849004e-01 8.00000000e+00]
[3.74000000e+02 7.34000000e+02 4.28888582e-01 3.00000000e+00]
[11.         15.          0.42923161  2.        ]
[2.78000000e+02 7.25000000e+02 4.31229619e-01 1.30000000e+01]
[5.83000000e+02 3.60000000e+02 4.32426694e-01 3.00000000e+00]
[6.7100000e+02 5.1300000e+02 4.3449567e-01 3.0000000e+00]
[7.21000000e+02 6.00000000e+02 4.34621955e-01 4.00000000e+00]
[1.27000000e+02 7.31000000e+02 4.36357424e-01 2.10000000e+01]
[7.02000000e+02 4.63000000e+02 4.36639011e-01 2.30000000e+01]
[7.32000000e+02 3.80000000e+01 4.36856409e-01 3.40000000e+01]
[4.60000000e+01 7.48000000e+02 4.37014092e-01 3.50000000e+01]
[6.93000000e+02 1.38000000e+02 4.40252799e-01 5.00000000e+00]
[2.50000000e+01 6.47000000e+02 4.40971867e-01 3.00000000e+00]
[6.82000000e+02 3.95000000e+02 4.41889233e-01 4.00000000e+00]
[6.19000000e+02 3.31000000e+02 4.44063854e-01 3.00000000e+00]
[1.39000000e+02 7.17000000e+02 4.45688587e-01 4.00000000e+00]
[260.         168.           0.44632961   2.        ]
[1.37000000e+02 7.45000000e+02 4.47564058e-01 5.00000000e+00]
[1.56000000e+02 7.10000000e+02 4.48576707e-01 1.10000000e+01]
[ 88.         435.           0.45090016   2.        ]
[2.50000000e+02 7.33000000e+02 4.51824873e-01 4.00000000e+00]
[3.91000000e+02 7.47000000e+02 4.54472248e-01 2.40000000e+01]
[1.34000000e+02 7.20000000e+02 4.55798321e-01 6.00000000e+00]
[3.93000000e+02 7.57000000e+02 4.58504573e-01 1.20000000e+01]
[1.58000000e+02 7.51000000e+02 4.62570351e-01 4.00000000e+00]
[2.80000000e+02 7.56000000e+02 4.62661371e-01 6.00000000e+00]
[4.10000000e+02 6.46000000e+02 4.63899075e-01 4.00000000e+00]
[7.11000000e+02 6.27000000e+02 4.65047561e-01 4.00000000e+00]
[8.20000000e+01 7.46000000e+02 4.65231003e-01 2.20000000e+01]
[7.36000000e+02 1.74000000e+02 4.68035371e-01 1.40000000e+01]
[2.65000000e+02 7.67000000e+02 4.68223598e-01 2.30000000e+01]
[7.49000000e+02 4.91000000e+02 4.68418817e-01 3.60000000e+01]
[4.59000000e+02 7.62000000e+02 4.68633903e-01 1.30000000e+01]
[7.53000000e+02 7.63000000e+02 4.69765089e-01 7.00000000e+00]
[2.02000000e+02 7.24000000e+02 4.70071507e-01 1.00000000e+01]
[4.83000000e+02 7.59000000e+02 4.72676369e-01 5.00000000e+00]
[7.42000000e+02 3.57000000e+02 4.74986976e-01 1.40000000e+01]
[6.29000000e+02 7.70000000e+02 4.75637131e-01 3.80000000e+01]
[7.08000000e+02 4.43000000e+02 4.77516611e-01 4.00000000e+00]
[7.50000000e+02 7.76000000e+02 4.78296008e-01 4.30000000e+01]
[3.61000000e+02 5.27000000e+02 4.79292987e-01 2.00000000e+00]
[5.55000000e+02 7.75000000e+02 4.79902859e-01 1.60000000e+01]
[1.67000000e+02 7.73000000e+02 4.81081586e-01 1.10000000e+01]
[1.6300000e+02 5.9500000e+02 4.8119979e-01 3.0000000e+00]
[7.6000000e+02 4.5000000e+02 4.8194235e-01 2.5000000e+01]
[7.1600000e+02 3.7100000e+02 4.8231956e-01 4.0000000e+00]
[1.18000000e+02 7.40000000e+02 4.83723617e-01 4.00000000e+00]
[7.8300000e+02 1.8200000e+02 4.8558076e-01 2.6000000e+01]
[7.50000000e+01 7.64000000e+02 4.85636097e-01 7.00000000e+00]
[5.67000000e+02 7.55000000e+02 4.85913668e-01 4.00000000e+00]
[7.37000000e+02 4.22000000e+02 4.87408858e-01 4.00000000e+00]
[1.07000000e+02 7.68000000e+02 4.88293692e-01 1.50000000e+01]
[7.80000000e+02 7.44000000e+02 4.89157806e-01 1.90000000e+01]
[7.86000000e+02 8.30000000e+01 4.90627586e-01 2.70000000e+01]
[5.1000000e+01 6.1700000e+02 4.9204756e-01 3.0000000e+00]
[7.92000000e+02 7.58000000e+02 4.94079347e-01 2.90000000e+01]
[1.88000000e+02 7.39000000e+02 4.94830397e-01 9.00000000e+00]
[1.46000000e+02 7.94000000e+02 4.95770244e-01 3.00000000e+01]
[7.41000000e+02 7.74000000e+02 4.97637696e-01 7.00000000e+00]
[5.26000000e+02 6.11000000e+02 5.00678094e-01 3.00000000e+00]
[7.35000000e+02 3.32000000e+02 5.01425457e-01 1.30000000e+01]
[3.20000000e+01 7.95000000e+02 5.01819661e-01 1.00000000e+01]
[3.37000000e+02 7.87000000e+02 5.02035675e-01 8.00000000e+00]
[7.61000000e+02 2.41000000e+02 5.03580218e-01 7.00000000e+00]
[2.24000000e+02 7.91000000e+02 5.03944403e-01 2.00000000e+01]
[7.15000000e+02 1.26000000e+02 5.03961448e-01 4.00000000e+00]
[7.99000000e+02 5.41000000e+02 5.05860816e-01 1.60000000e+01]
[2.84000000e+02 7.88000000e+02 5.06795286e-01 5.00000000e+00]
[5.10000000e+02 6.25000000e+02 5.08768502e-01 3.00000000e+00]
[7.72000000e+02 7.96000000e+02 5.13726772e-01 3.70000000e+01]
[4.80000000e+01 8.06000000e+02 5.14543665e-01 6.00000000e+00]
[1.00000000e+01 8.09000000e+02 5.14967364e-01 7.00000000e+00]
[8.02000000e+02 5.39000000e+02 5.17587395e-01 8.00000000e+00]
[2.31000000e+02 7.18000000e+02 5.18988467e-01 3.00000000e+00]
[7.84000000e+02 5.19000000e+02 5.20769799e-01 5.00000000e+00]
[5.87000000e+02 1.75000000e+02 5.21312587e-01 3.00000000e+00]
[2.64000000e+02 7.69000000e+02 5.21476522e-01 2.40000000e+01]
[7.81000000e+02 7.54000000e+02 5.22583049e-01 1.50000000e+01]
[4.1200000e+02 8.0100000e+02 5.2445699e-01 9.0000000e+00]
[5.50000000e+01 7.90000000e+02 5.25527947e-01 1.60000000e+01]
[3.84000000e+02 8.08000000e+02 5.25995133e-01 3.80000000e+01]
[6.45000000e+02 6.58000000e+02 5.28543891e-01 4.00000000e+00]
[4.32000000e+02 6.40000000e+02 5.29388204e-01 3.00000000e+00]
[2.60000000e+01 7.93000000e+02 5.29748671e-01 4.00000000e+00]
[7.66000000e+02 1.98000000e+02 5.30006551e-01 5.00000000e+00]
[2.80000000e+01 5.81000000e+02 5.30029386e-01 3.00000000e+00]
[8.05000000e+02 2.96000000e+02 5.30391922e-01 1.70000000e+01]
[8.23000000e+02 2.63000000e+02 5.31283234e-01 6.00000000e+00]
[2.03000000e+02 8.24000000e+02 5.32517649e-01 4.00000000e+00]
[7.10000000e+01 7.89000000e+02 5.32554619e-01 5.00000000e+00]
[8.03000000e+02 7.65000000e+02 5.33977062e-01 2.40000000e+01]
[6.90000000e+01 8.11000000e+02 5.36373608e-01 9.00000000e+00]
[7.82000000e+02 6.04000000e+02 5.37207229e-01 5.00000000e+00]
[535.         457.           0.53773934   2.        ]
[4.79000000e+02 8.19000000e+02 5.37981242e-01 3.90000000e+01]
[8.25000000e+02 3.10000000e+01 5.38205257e-01 1.80000000e+01]
[8.3400000e+02 4.7200000e+02 5.4043829e-01 1.9000000e+01]
[3.54000000e+02 7.78000000e+02 5.42335742e-01 4.40000000e+01]
[8.35000000e+02 8.16000000e+02 5.42866542e-01 3.40000000e+01]
[8.15000000e+02 2.66000000e+02 5.43974747e-01 2.50000000e+01]
[8.38000000e+02 2.56000000e+02 5.44149486e-01 2.60000000e+01]
[8.39000000e+02 3.47000000e+02 5.44174339e-01 2.70000000e+01]
[1.02000000e+02 8.07000000e+02 5.45202762e-01 4.00000000e+00]
[449.         482.           0.54630725   2.        ]
[8.29000000e+02 5.37000000e+02 5.46725261e-01 2.50000000e+01]
[3.40000000e+01 8.40000000e+02 5.47290024e-01 2.80000000e+01]
[3.6300000e+02 7.5200000e+02 5.4901478e-01 5.0000000e+00]
[8.43000000e+02 7.04000000e+02 5.49922616e-01 2.70000000e+01]
[7.97000000e+02 5.04000000e+02 5.50597245e-01 8.00000000e+00]
[191.         258.           0.55092962   2.        ]
[8.18000000e+02 2.69000000e+02 5.51383058e-01 1.70000000e+01]
[4.20000000e+02 8.41000000e+02 5.52197155e-01 5.00000000e+00]
[8.1000000e+02 8.0000000e+02 5.5262253e-01 1.7000000e+01]
[6.68000000e+02 8.14000000e+02 5.54122671e-01 5.00000000e+00]
[4.01000000e+02 8.12000000e+02 5.55099422e-01 4.00000000e+00]
[8.47000000e+02 9.60000000e+01 5.55672428e-01 9.00000000e+00]
[7.85000000e+02 3.85000000e+02 5.56680307e-01 5.00000000e+00]
[8.32000000e+02 3.62000000e+02 5.58517083e-01 3.00000000e+00]
[8.54000000e+02 8.20000000e+02 5.60513654e-01 1.30000000e+01]
[8.46000000e+02 3.60000000e+01 5.60590823e-01 2.80000000e+01]
[5.2400000e+02 8.4200000e+02 5.6079288e-01 3.0000000e+00]
[4.55000000e+02 7.98000000e+02 5.61552335e-01 4.00000000e+00]
[5.30000000e+01 8.53000000e+02 5.61603291e-01 5.00000000e+00]
[5.1400000e+02 8.3000000e+02 5.6389895e-01 1.0000000e+01]
[4.24000000e+02 8.28000000e+02 5.64865315e-01 6.00000000e+00]
[8.33000000e+02 6.49000000e+02 5.64958567e-01 4.10000000e+01]
[8.58000000e+02 5.06000000e+02 5.65036205e-01 2.90000000e+01]
[1.11000000e+02 8.60000000e+02 5.66274655e-01 5.00000000e+00]
[4.51000000e+02 8.37000000e+02 5.67439844e-01 3.50000000e+01]
[1.84000000e+02 8.64000000e+02 5.70653505e-01 4.20000000e+01]
[0.00000000e+00 8.50000000e+02 5.70724023e-01 6.00000000e+00]
[3.52000000e+02 8.52000000e+02 5.71635685e-01 6.00000000e+00]
[3.98000000e+02 8.68000000e+02 5.76212011e-01 4.30000000e+01]
[8.57000000e+02 1.97000000e+02 5.77695366e-01 1.40000000e+01]
[6.72000000e+02 6.52000000e+02 5.78334793e-01 4.00000000e+00]
[8.2100000e+02 8.7200000e+02 5.8112178e-01 1.7000000e+01]
[2.54000000e+02 8.36000000e+02 5.81928901e-01 4.50000000e+01]
[ 97.         226.           0.58908174   2.        ]
[4.78000000e+02 8.22000000e+02 5.89081878e-01 5.00000000e+00]
[8.31000000e+02 8.73000000e+02 5.89296337e-01 9.00000000e+00]
[4.85000000e+02 8.69000000e+02 5.90520241e-01 7.00000000e+00]
[1.16000000e+02 8.74000000e+02 5.91307507e-01 1.80000000e+01]
[4.03000000e+02 8.48000000e+02 5.91406315e-01 3.00000000e+00]
[7.00000000e+00 8.77000000e+02 5.92564352e-01 6.00000000e+00]
[6.64000000e+02 4.31000000e+02 5.95089036e-01 3.00000000e+00]
[2.38000000e+02 8.79000000e+02 5.95842089e-01 8.00000000e+00]
[306.         458.           0.59593792   2.        ]
[6.00000000e+01 8.80000000e+02 5.96834579e-01 1.90000000e+01]
[3.10000000e+02 8.67000000e+02 5.98702785e-01 3.60000000e+01]
[4.70000000e+01 8.78000000e+02 5.99925376e-01 1.00000000e+01]
[326.         343.           0.60117268   2.        ]
[4.98000000e+02 8.87000000e+02 6.01250509e-01 3.70000000e+01]
[6.23000000e+02 8.62000000e+02 6.02017106e-01 1.20000000e+01]
[2.99000000e+02 8.91000000e+02 6.03115805e-01 1.30000000e+01]
[8.92000000e+02 7.77000000e+02 6.05474673e-01 1.70000000e+01]
[8.17000000e+02 8.86000000e+02 6.06045247e-01 2.80000000e+01]
[7.71000000e+02 7.90000000e+01 6.06360656e-01 1.40000000e+01]
[8.26000000e+02 1.79000000e+02 6.06993218e-01 7.00000000e+00]
[8.13000000e+02 5.07000000e+02 6.07074404e-01 6.00000000e+00]
[2.42000000e+02 8.85000000e+02 6.08708881e-01 3.00000000e+00]
[5.29000000e+02 8.82000000e+02 6.09260278e-01 7.00000000e+00]
[5.70000000e+01 8.63000000e+02 6.10345281e-01 7.00000000e+00]
[5.01000000e+02 8.51000000e+02 6.10887571e-01 1.80000000e+01]
[8.98000000e+02 4.46000000e+02 6.13271645e-01 4.00000000e+00]
[8.7000000e+02 6.0100000e+02 6.1446096e-01 8.0000000e+00]
[8.81000000e+02 8.93000000e+02 6.15757539e-01 2.00000000e+01]
[4.30000000e+02 8.96000000e+02 6.16940818e-01 8.00000000e+00]
[4.34000000e+02 8.27000000e+02 6.17492245e-01 5.00000000e+00]
[8.45000000e+02 7.22000000e+02 6.17971859e-01 8.00000000e+00]
[1.89000000e+02 8.56000000e+02 6.18172469e-01 4.00000000e+00]
[4.96000000e+02 8.71000000e+02 6.18824267e-01 4.40000000e+01]
[3.70000000e+02 8.95000000e+02 6.20548478e-01 1.50000000e+01]
[3.49000000e+02 9.01000000e+02 6.21009527e-01 1.90000000e+01]
[6.65000000e+02 9.07000000e+02 6.24283674e-01 1.00000000e+01]
[9.03000000e+02 8.99000000e+02 6.26259137e-01 1.50000000e+01]
[2.87000000e+02 8.44000000e+02 6.28713485e-01 2.90000000e+01]
[8.83000000e+02 4.71000000e+02 6.30177608e-01 4.00000000e+00]
[3.51000000e+02 8.59000000e+02 6.33032042e-01 4.00000000e+00]
[2.94000000e+02 8.75000000e+02 6.33515348e-01 4.60000000e+01]
[6.42000000e+02 2.32000000e+02 6.34622149e-01 4.00000000e+00]
[2.73000000e+02 9.17000000e+02 6.36582192e-01 4.70000000e+01]
[4.40000000e+02 8.88000000e+02 6.40010575e-01 1.10000000e+01]
[8.94000000e+02 9.06000000e+02 6.40786318e-01 3.30000000e+01]
[8.90000000e+02 8.04000000e+02 6.46602184e-01 4.10000000e+01]
[9.16000000e+02 9.11000000e+02 6.46759727e-01 2.30000000e+01]
[7.00000000e+02 9.21000000e+02 6.50657957e-01 3.60000000e+01]
[2.00000000e+00 8.65000000e+02 6.50860051e-01 3.00000000e+01]
[9.00000000e+02 8.84000000e+02 6.52478755e-01 1.50000000e+01]
[131.         425.           0.65284234   2.        ]
[3.55000000e+02 9.04000000e+02 6.52882723e-01 2.10000000e+01]
[9.09000000e+02 6.06000000e+02 6.53471492e-01 4.60000000e+01]
[9.19000000e+02 2.86000000e+02 6.54421149e-01 4.80000000e+01]
[1.05000000e+02 9.30000000e+02 6.56859654e-01 4.90000000e+01]
[353.         494.           0.65690335   2.        ]
[1.90000000e+02 9.20000000e+02 6.57506384e-01 1.20000000e+01]
[3.99000000e+02 9.29000000e+02 6.57667542e-01 4.70000000e+01]
[1.61000000e+02 9.22000000e+02 6.59853644e-01 4.20000000e+01]
[8.89000000e+02 9.26000000e+02 6.59919354e-01 1.70000000e+01]
[212.         456.           0.66092062   2.        ]
[9.12000000e+02 1.12000000e+02 6.62262172e-01 1.10000000e+01]
[ 85.         268.           0.66237401   2.        ]
[9.14000000e+02 9.31000000e+02 6.63119182e-01 7.80000000e+01]
[9.25000000e+02 3.41000000e+02 6.64336945e-01 3.10000000e+01]
[3.89000000e+02 9.13000000e+02 6.65923845e-01 1.60000000e+01]
[2.43000000e+02 9.28000000e+02 6.66365437e-01 2.20000000e+01]
[1.59000000e+02 9.10000000e+02 6.66575667e-01 1.60000000e+01]
[9.38000000e+02 2.22000000e+02 6.70578944e-01 1.20000000e+01]
[1.20000000e+02 9.33000000e+02 6.75971591e-01 1.30000000e+01]
[5.31000000e+02 9.05000000e+02 6.76637527e-01 9.00000000e+00]
[5.05000000e+02 8.55000000e+02 6.77428046e-01 6.00000000e+00]
[4.64000000e+02 9.43000000e+02 6.78302204e-01 2.30000000e+01]
[1.0600000e+02 9.1800000e+02 6.7963429e-01 5.0000000e+00]
[2.53000000e+02 9.45000000e+02 6.82435805e-01 1.30000000e+01]
[8.66000000e+02 9.35000000e+02 6.85283065e-01 4.70000000e+01]
[8.76000000e+02 9.36000000e+02 6.87947298e-01 1.90000000e+01]
[9.32000000e+02 9.53000000e+02 6.89989567e-01 2.10000000e+01]
[2.67000000e+02 9.44000000e+02 6.91968539e-01 1.70000000e+01]
[3.90000000e+02 8.97000000e+02 6.92170356e-01 7.00000000e+00]
[5.60000000e+01 9.54000000e+02 7.01822757e-01 2.20000000e+01]
[9.40000000e+01 9.47000000e+02 7.03207368e-01 1.00000000e+01]
[9.24000000e+02 6.28000000e+02 7.03296728e-01 3.80000000e+01]
[9.56000000e+02 4.16000000e+02 7.03581175e-01 8.00000000e+00]
[9.4600000e+02 4.4100000e+02 7.0501149e-01 1.4000000e+01]
[1.41000000e+02 9.59000000e+02 7.06076756e-01 3.90000000e+01]
[9.42000000e+02 9.62000000e+02 7.09209212e-01 5.50000000e+01]
[3.90000000e+01 9.23000000e+02 7.10970157e-01 2.40000000e+01]
[9.61000000e+02 2.23000000e+02 7.12066799e-01 1.50000000e+01]
[9.0800000e+02 9.3900000e+02 7.1467233e-01 6.0000000e+00]
[9.1500000e+02 2.9300000e+02 7.1606282e-01 5.0000000e+00]
[9.52000000e+02 9.27000000e+02 7.17508017e-01 4.90000000e+01]
[9.40000000e+02 2.82000000e+02 7.17563295e-01 7.90000000e+01]
[9.68000000e+02 9.51000000e+02 7.18698096e-01 6.20000000e+01]
[9.69000000e+02 8.00000000e+00 7.19289908e-01 8.00000000e+01]
[228.         713.           0.71957245   3.        ]
[4.99000000e+02 8.61000000e+02 7.20419156e-01 6.00000000e+00]
[9.71000000e+02 9.55000000e+02 7.20984118e-01 9.70000000e+01]
[1.49000000e+02 9.67000000e+02 7.22049248e-01 6.00000000e+00]
[1.10000000e+02 9.63000000e+02 7.23151781e-01 5.60000000e+01]
[4.76000000e+02 9.57000000e+02 7.25770662e-01 2.30000000e+01]
[9.50000000e+02 9.34000000e+02 7.26263229e-01 5.20000000e+01]
[3.73000000e+02 9.78000000e+02 7.27752189e-01 5.30000000e+01]
[9.48000000e+02 9.72000000e+02 7.33424628e-01 9.00000000e+00]
[3.3000000e+02 9.7400000e+02 7.3505365e-01 9.8000000e+01]
[2.20000000e+01 9.75000000e+02 7.39851936e-01 7.00000000e+00]
[9.7000000e+02 9.9000000e+01 7.4097988e-01 6.3000000e+01]
[9.83000000e+02 4.50000000e+01 7.43081889e-01 6.40000000e+01]
[9.8400000e+02 9.8200000e+02 7.4442214e-01 7.1000000e+01]
[466.         500.           0.74450601   2.        ]
[8.40000000e+01 9.49000000e+02 7.45259668e-01 2.40000000e+01]
[8.49000000e+02 9.85000000e+02 7.46165615e-01 8.80000000e+01]
[2.11000000e+02 9.80000000e+02 7.47726139e-01 1.00000000e+01]
[3.76000000e+02 9.77000000e+02 7.49286077e-01 2.40000000e+01]
[5.25000000e+02 9.66000000e+02 7.51457793e-01 7.00000000e+00]
[2.3500000e+02 9.6400000e+02 7.5172891e-01 2.5000000e+01]
[6.60000000e+01 9.92000000e+02 7.51848307e-01 2.60000000e+01]
[4.30000000e+01 9.93000000e+02 7.60105667e-01 2.70000000e+01]
[1.14000000e+02 9.65000000e+02 7.61778393e-01 1.60000000e+01]
[9.76000000e+02 5.36000000e+02 7.65928006e-01 5.70000000e+01]
[3.88000000e+02 9.96000000e+02 7.65938514e-01 5.80000000e+01]
[368.         411.           0.76622519   2.        ]
[407.         743.           0.76628213   4.        ]
[2.15000000e+02 9.58000000e+02 7.66598485e-01 1.10000000e+01]
[4.93000000e+02 9.97000000e+02 7.67344602e-01 5.90000000e+01]
[9.90000000e+02 2.17000000e+02 7.70886964e-01 2.50000000e+01]
[9.87000000e+02 9.95000000e+02 7.73199064e-01 4.00000000e+01]
[9.7900000e+02 9.4100000e+02 7.7337133e-01 8.4000000e+01]
[9.60000000e+02 1.00000000e+03 7.76397105e-01 1.90000000e+01]
[1.00200000e+03 9.73000000e+02 7.76978432e-01 3.10000000e+01]
[1.8100000e+02 9.9400000e+02 7.7827156e-01 2.8000000e+01]
[257.         520.           0.78013132   2.        ]
[2.92000000e+02 1.00600000e+03 7.82954972e-01 3.20000000e+01]
[1.00400000e+03 9.89000000e+02 7.83598043e-01 9.40000000e+01]
[4.21000000e+02 9.91000000e+02 7.84961841e-01 8.00000000e+00]
[3.12000000e+02 1.00300000e+03 7.93701864e-01 4.10000000e+01]
[3.25000000e+02 1.01000000e+03 7.99289551e-01 9.50000000e+01]
[1.01200000e+03 1.00800000e+03 7.99834858e-01 4.30000000e+01]
[1.01400000e+03 3.04000000e+02 8.07145413e-01 4.40000000e+01]
[1.01500000e+03 1.30000000e+01 8.10087014e-01 4.50000000e+01]
[1.01600000e+03 9.99000000e+02 8.10639903e-01 4.90000000e+01]
[1.01700000e+03 7.70000000e+01 8.21904883e-01 5.00000000e+01]
[1.01800000e+03 1.00500000e+03 8.25334701e-01 6.90000000e+01]
[9.88000000e+02 3.44000000e+02 8.28797725e-01 8.90000000e+01]
[1.71000000e+02 1.00900000e+03 8.30328206e-01 3.30000000e+01]
[1.02000000e+03 9.81000000e+02 8.30859616e-01 1.87000000e+02]
[1.0070000e+03 1.0210000e+03 8.3131249e-01 6.1000000e+01]
[1.01300000e+03 6.08000000e+02 8.32969167e-01 9.70000000e+01]
[2.81000000e+02 9.86000000e+02 8.36783198e-01 3.00000000e+00]
[4.74000000e+02 1.02200000e+03 8.36904071e-01 1.88000000e+02]
[3.92000000e+02 1.02600000e+03 8.38077409e-01 1.89000000e+02]
[162.         419.           0.84434843   2.        ]
[9.98000000e+02 1.02300000e+03 8.48907125e-01 6.30000000e+01]
[1.02400000e+03 4.75000000e+02 8.49005144e-01 9.80000000e+01]
[1.01100000e+03 9.02000000e+02 8.52398592e-01 1.20000000e+01]
[5.1500000e+02 1.0250000e+03 8.5817041e-01 4.0000000e+00]
[1.01900000e+03 1.00100000e+03 8.64984714e-01 1.28000000e+02]
[470.         779.           0.86676127   3.        ]
[2.01000000e+02 1.02900000e+03 8.72354815e-01 6.40000000e+01]
[1.01000000e+02 1.03300000e+03 8.72795995e-01 1.29000000e+02]
[2.88000000e+02 1.03100000e+03 8.99571764e-01 1.30000000e+01]
[573.         147.           0.90914276   3.        ]
[1.20000000e+01 1.03500000e+03 9.16934151e-01 6.50000000e+01]
[5.82000000e+02 1.02700000e+03 9.17888212e-01 1.91000000e+02]
[4.47000000e+02 1.03400000e+03 9.24531272e-01 4.00000000e+00]
[1.66000000e+02 1.03600000e+03 9.32244978e-01 1.30000000e+02]
[5.34000000e+02 1.03700000e+03 9.33122989e-01 1.40000000e+01]
[3.11000000e+02 1.03900000e+03 9.33798051e-01 6.60000000e+01]
[1.03200000e+03 1.04300000e+03 9.38967888e-01 1.80000000e+01]
[3.42000000e+02 1.03800000e+03 9.49255327e-01 4.00000000e+00]
[6.26000000e+02 1.04400000e+03 9.51717905e-01 6.80000000e+01]
[4.81000000e+02 1.04600000e+03 9.51820574e-01 5.00000000e+00]
[3.79000000e+02 1.04500000e+03 9.52238058e-01 1.90000000e+01]
[4.97000000e+02 1.04900000e+03 9.54908007e-01 2.00000000e+01]
[1.04100000e+03 1.04700000e+03 9.60702476e-01 7.20000000e+01]
[1.03000000e+03 1.04000000e+03 9.68781892e-01 2.89000000e+02]
[1.02800000e+03 1.04200000e+03 9.69277617e-01 1.32000000e+02]
[2.34000000e+02 1.05100000e+03 9.73708142e-01 7.30000000e+01]
[3.23000000e+02 1.04800000e+03 9.85078923e-01 6.00000000e+00]
[377.         937.           0.98647094   3.        ]
[3.64000000e+02 1.05200000e+03 1.01695114e+00 2.90000000e+02]
[1.05400000e+03 1.05000000e+03 1.02770671e+00 9.30000000e+01]
[1.8700000e+02 1.0580000e+03 1.0332883e+00 9.4000000e+01]
[1.7700000e+02 1.0590000e+03 1.0356028e+00 9.5000000e+01]
[1.05300000e+03 2.89000000e+02 1.03730929e+00 1.33000000e+02]
[1.06100000e+03 8.90000000e+01 1.03775881e+00 1.34000000e+02]
[1.06200000e+03 1.05600000e+03 1.03853349e+00 1.37000000e+02]
[1.06300000e+03 5.02000000e+02 1.04232396e+00 1.38000000e+02]
[1.0640000e+03 3.1400000e+02 1.0434315e+00 1.3900000e+02]
[1060.          319.            1.06679042   96.        ]
[1065.          169.            1.06855744  140.        ]
[ 316.         1066.            1.07964831   97.        ]
[1057.         1055.            1.08911761  296.        ]
[1069.           86.            1.09101024  297.        ]
[1070.          108.            1.09140829  298.        ]
[1071.         1067.            1.09161326  438.        ]
[1072.         1068.            1.12792153  535.        ]
[1073.          277.            1.14574434  536.        ]
[1074.          533.            1.14593851  537.        ]
[1075.          375.            1.17998219  538.        ]
[ 145.         1076.            1.24420219  539.        ]
[1077.          429.            1.39818237  540.        ]
