[  1. 216.   0.   2.]
[540. 269.   0.   3.]
[  6. 129.   0.   2.]
[64. 68.  0.  2.]
[543.  93.   0.   3.]
[544. 123.   0.   4.]
[545. 214.   0.   5.]
[546. 261.   0.   6.]
[ 78. 125.   0.   2.]
[548. 315.   0.   3.]
[ 90. 518.   0.   2.]
[196. 350.   0.   2.]
[136. 336.   0.   2.]
[178. 245.   0.   2.]
[300. 302.   0.   2.]
[2.70000000e+02 2.71000000e+02 1.49011612e-08 2.00000000e+00]
[7.20000000e+01 4.37000000e+02 1.82501207e-08 2.00000000e+00]
[5.55000000e+02 1.40000000e+02 1.90160032e-08 3.00000000e+00]
[5.00000000e+01 1.35000000e+02 2.10734243e-08 2.00000000e+00]
[5.58000000e+02 3.29000000e+02 2.10734243e-08 3.00000000e+00]
[7.40000000e+01 9.10000000e+01 2.10734243e-08 2.00000000e+00]
[5.60000000e+02 3.17000000e+02 2.10734243e-08 3.00000000e+00]
[2.20000000e+02 2.95000000e+02 2.10734243e-08 2.00000000e+00]
[9.50000000e+01 1.52000000e+02 2.58095683e-08 2.00000000e+00]
[2.40000000e+02 3.01000000e+02 2.58095683e-08 2.00000000e+00]
[3.07000000e+02 5.63000000e+02 2.58095683e-08 3.00000000e+00]
[3.08000000e+02 5.65000000e+02 2.58095683e-08 4.00000000e+00]
[5.66000000e+02 5.64000000e+02 2.58095683e-08 6.00000000e+00]
[5.67000000e+02 5.59000000e+02 2.58095683e-08 9.00000000e+00]
[3.59000000e+02 4.13000000e+02 2.98023224e-08 2.00000000e+00]
[5.54000000e+02 2.05000000e+02 3.23812286e-08 3.00000000e+00]
[6.10000000e+01 2.36000000e+02 3.65002415e-08 2.00000000e+00]
[5.62000000e+02 5.68000000e+02 5.05322962e-08 1.10000000e+01]
[5.61000000e+02 2.74000000e+02 9.24592737e-08 4.00000000e+00]
[5.72000000e+02 1.30000000e+02 1.14509739e-02 1.20000000e+01]
[5.74000000e+02 2.19000000e+02 2.07244778e-02 1.30000000e+01]
[5.57000000e+02 1.70000000e+02 2.41849699e-02 4.00000000e+00]
[8.10000000e+01 5.75000000e+02 2.81666397e-02 1.40000000e+01]
[5.76000000e+02 4.00000000e+02 4.03094579e-02 5.00000000e+00]
[5.70000000e+02 4.68000000e+02 5.18795866e-02 4.00000000e+00]
[3.94000000e+02 5.23000000e+02 6.73684209e-02 2.00000000e+00]
[4.26000000e+02 3.26000000e+02 6.87958194e-02 2.00000000e+00]
[4.38000000e+02 2.90000000e+02 7.37755871e-02 2.00000000e+00]
[3.00000000e+01 2.09000000e+02 7.49299468e-02 2.00000000e+00]
[4.90000000e+01 2.46000000e+02 7.69118658e-02 2.00000000e+00]
[1.24000000e+02 3.05000000e+02 7.71730135e-02 2.00000000e+00]
[3.67000000e+02 2.44000000e+02 7.83635504e-02 2.00000000e+00]
[2.48000000e+02 8.00000000e+01 7.85871413e-02 2.00000000e+00]
[4.36000000e+02 5.22000000e+02 8.05204646e-02 2.00000000e+00]
[3.66000000e+02 5.17000000e+02 8.15927055e-02 2.00000000e+00]
[3.39000000e+02 4.73000000e+02 8.20849537e-02 2.00000000e+00]
[65.        76.         0.0843783  2.       ]
[21.         40.          0.08627462  2.        ]
[5.78000000e+02 3.34000000e+02 8.69108102e-02 6.00000000e+00]
[5.20000000e+01 3.82000000e+02 8.94978268e-02 2.00000000e+00]
[1.72000000e+02 5.87000000e+02 9.49699863e-02 3.00000000e+00]
[3.03000000e+02 3.69000000e+02 9.52058577e-02 2.00000000e+00]
[5.41000000e+02 9.20000000e+01 9.75569643e-02 4.00000000e+00]
[5.51000000e+02 6.60000000e+01 9.81185409e-02 3.00000000e+00]
[3.97000000e+02 4.44000000e+02 9.88823921e-02 2.00000000e+00]
[5.930000e+02 2.290000e+02 9.917462e-02 7.000000e+00]
[1.44000000e+02 5.69000000e+02 9.96474977e-02 3.00000000e+00]
[4.45000000e+02 5.89000000e+02 1.00533872e-01 3.00000000e+00]
[4.27000000e+02 5.82000000e+02 1.00803743e-01 3.00000000e+00]
[1.70000000e+01 2.83000000e+02 1.00886543e-01 2.00000000e+00]
[2.1800000e+02 5.0300000e+02 1.0135376e-01 2.0000000e+00]
[2.1300000e+02 3.8600000e+02 1.0245912e-01 2.0000000e+00]
[3.96000000e+02 4.14000000e+02 1.03295485e-01 2.00000000e+00]
[2.4700000e+02 2.4900000e+02 1.0590195e-01 2.0000000e+00]
[1.85000000e+02 1.95000000e+02 1.06391067e-01 2.00000000e+00]
[3.80000000e+02 5.77000000e+02 1.08609462e-01 1.50000000e+01]
[5.73000000e+02 2.04000000e+02 1.08741896e-01 5.00000000e+00]
[1.60000000e+01 4.39000000e+02 1.09901442e-01 2.00000000e+00]
[1.65000000e+02 1.80000000e+02 1.11539949e-01 2.00000000e+00]
[4.10000000e+01 5.94000000e+02 1.11810694e-01 3.00000000e+00]
[2.6200000e+02 6.1000000e+02 1.1416379e-01 1.6000000e+01]
[4.15000000e+02 4.60000000e+02 1.15742604e-01 2.00000000e+00]
[4.61000000e+02 5.88000000e+02 1.20969906e-01 3.00000000e+00]
[6.13000000e+02 2.91000000e+02 1.21237297e-01 3.00000000e+00]
[4.86000000e+02 5.83000000e+02 1.21871126e-01 3.00000000e+00]
[1.55000000e+02 9.80000000e+01 1.23752403e-01 2.00000000e+00]
[6.20000000e+01 6.18000000e+02 1.24467636e-01 4.00000000e+00]
[4.00000000e+00 6.15000000e+02 1.26142185e-01 1.70000000e+01]
[4.0200000e+02 4.8900000e+02 1.2811596e-01 2.0000000e+00]
[3.20000000e+02 6.20000000e+02 1.30107787e-01 3.00000000e+00]
[3.81000000e+02 2.11000000e+02 1.36179118e-01 2.00000000e+00]
[4.33000000e+02 6.11000000e+02 1.36660546e-01 6.00000000e+00]
[5.81000000e+02 5.29000000e+02 1.42284491e-01 3.00000000e+00]
[5.86000000e+02 1.68000000e+02 1.45051332e-01 3.00000000e+00]
[5.80000000e+02 4.92000000e+02 1.48122594e-01 3.00000000e+00]
[5.9800000e+02 6.9000000e+01 1.4837449e-01 4.0000000e+00]
[3.56000000e+02 4.67000000e+02 1.48863793e-01 2.00000000e+00]
[6.21000000e+02 1.12000000e+02 1.53817887e-01 5.00000000e+00]
[3.18000000e+02 5.09000000e+02 1.57339045e-01 2.00000000e+00]
[5.97000000e+02 1.92000000e+02 1.61998292e-01 5.00000000e+00]
[6.22000000e+02 6.00000000e+02 1.62150246e-01 2.40000000e+01]
[1.28000000e+02 6.32000000e+02 1.64285414e-01 6.00000000e+00]
[2.07000000e+02 2.56000000e+02 1.66740488e-01 2.00000000e+00]
[2.08000000e+02 6.36000000e+02 1.68313737e-01 7.00000000e+00]
[9.00000000e+00 5.49000000e+02 1.68958048e-01 4.00000000e+00]
[3.45000000e+02 5.42000000e+02 1.72012201e-01 3.00000000e+00]
[6.35000000e+02 2.98000000e+02 1.72202891e-01 2.50000000e+01]
[5.52000000e+02 1.76000000e+02 1.72961141e-01 3.00000000e+00]
[6.41000000e+02 1.04000000e+02 1.74462957e-01 2.60000000e+01]
[5.11000000e+02 6.12000000e+02 1.74690417e-01 3.00000000e+00]
[1.83000000e+02 3.47000000e+02 1.74927355e-01 2.00000000e+00]
[6.43000000e+02 1.90000000e+01 1.77340366e-01 2.70000000e+01]
[3.48000000e+02 6.28000000e+02 1.77588963e-01 4.00000000e+00]
[6.46000000e+02 1.60000000e+02 1.80169291e-01 2.80000000e+01]
[5.27000000e+02 6.17000000e+02 1.80512585e-01 4.00000000e+00]
[2.37000000e+02 4.90000000e+02 1.81076907e-01 2.00000000e+00]
[ 54.        148.          0.1811315   2.       ]
[6.38000000e+02 3.33000000e+02 1.82386432e-01 8.00000000e+00]
[2.06000000e+02 3.22000000e+02 1.83144601e-01 2.00000000e+00]
[6.48000000e+02 2.64000000e+02 1.83271465e-01 2.90000000e+01]
[6.54000000e+02 2.21000000e+02 1.85676987e-01 3.00000000e+01]
[6.30000000e+01 6.27000000e+02 1.88069923e-01 4.00000000e+00]
[6.52000000e+02 1.15000000e+02 1.88800672e-01 9.00000000e+00]
[5.95000000e+02 4.09000000e+02 1.89505854e-01 4.00000000e+00]
[6.25000000e+02 4.60000000e+01 1.89760382e-01 3.00000000e+00]
[6.29000000e+02 2.24000000e+02 1.91375557e-01 4.00000000e+00]
[6.39000000e+02 1.56000000e+02 1.92318955e-01 5.00000000e+00]
[1.42000000e+02 6.01000000e+02 1.94042466e-01 4.00000000e+00]
[6.57000000e+02 2.02000000e+02 1.94714137e-01 1.00000000e+01]
[1.0300000e+02 6.3000000e+02 1.9848902e-01 5.0000000e+00]
[121.         164.           0.20173683   2.        ]
[1.53000000e+02 6.65000000e+02 2.03497471e-01 3.00000000e+00]
[6.03000000e+02 6.09000000e+02 2.04339148e-01 5.00000000e+00]
[6.34000000e+02 6.66000000e+02 2.06769674e-01 8.00000000e+00]
[6.630000e+02 3.500000e+01 2.072878e-01 1.100000e+01]
[7.00000000e+01 6.55000000e+02 2.08302978e-01 3.10000000e+01]
[6.40000000e+02 6.70000000e+01 2.15472012e-01 4.00000000e+00]
[6.59000000e+02 1.54000000e+02 2.15647135e-01 4.00000000e+00]
[2.65000000e+02 6.37000000e+02 2.17192699e-01 3.00000000e+00]
[6.73000000e+02 3.40000000e+02 2.18502677e-01 4.00000000e+00]
[6.69000000e+02 1.86000000e+02 2.19658206e-01 1.20000000e+01]
[5.7900000e+02 1.0900000e+02 2.2016342e-01 5.0000000e+00]
[6.60000000e+02 3.10000000e+01 2.20819633e-01 5.00000000e+00]
[2.70000000e+01 6.58000000e+02 2.21565129e-01 5.00000000e+00]
[3.65000000e+02 5.90000000e+02 2.24924921e-01 3.00000000e+00]
[2.3900000e+02 3.2800000e+02 2.2744073e-01 2.0000000e+00]
[2.00000000e+01 6.70000000e+02 2.27825814e-01 3.20000000e+01]
[6.72000000e+02 4.05000000e+02 2.28030457e-01 5.00000000e+00]
[6.71000000e+02 3.27000000e+02 2.28779583e-01 5.00000000e+00]
[6.75000000e+02 1.82000000e+02 2.32111822e-01 1.30000000e+01]
[1.01000000e+02 5.25000000e+02 2.32953046e-01 2.00000000e+00]
[2.51000000e+02 6.81000000e+02 2.33955079e-01 3.30000000e+01]
[4.08000000e+02 6.47000000e+02 2.35010015e-01 5.00000000e+00]
[2.90000000e+01 6.19000000e+02 2.35588359e-01 4.00000000e+00]
[6.24000000e+02 2.85000000e+02 2.35606797e-01 4.00000000e+00]
[5.21000000e+02 6.26000000e+02 2.36370907e-01 7.00000000e+00]
[1.43000000e+02 6.02000000e+02 2.40697513e-01 4.00000000e+00]
[5.0000000e+00 6.7400000e+02 2.4107769e-01 5.0000000e+00]
[6.84000000e+02 8.20000000e+01 2.42468359e-01 1.40000000e+01]
[2.97000000e+02 6.67000000e+02 2.43668242e-01 6.00000000e+00]
[3.0900000e+02 6.7700000e+02 2.4564577e-01 6.0000000e+00]
[6.80000000e+02 4.48000000e+02 2.46841468e-01 3.00000000e+00]
[1.9700000e+02 4.7900000e+02 2.4760349e-01 2.0000000e+00]
[6.8300000e+02 1.1900000e+02 2.4957287e-01 6.0000000e+00]
[6.93000000e+02 2.33000000e+02 2.53144258e-01 1.50000000e+01]
[6.97000000e+02 5.30000000e+02 2.53839984e-01 3.00000000e+00]
[6.61000000e+02 6.44000000e+02 2.54530075e-01 8.00000000e+00]
[6.06000000e+02 7.00000000e+02 2.55789186e-01 5.00000000e+00]
[3.74000000e+02 3.83000000e+02 2.56088207e-01 2.00000000e+00]
[3.31000000e+02 4.42000000e+02 2.59546348e-01 2.00000000e+00]
[8.80000000e+01 4.10000000e+02 2.61497193e-01 2.00000000e+00]
[6.98000000e+02 1.50000000e+02 2.63005576e-01 7.00000000e+00]
[100.          51.           0.26309195   2.        ]
[2.38000000e+02 6.56000000e+02 2.63533313e-01 5.00000000e+00]
[1.17000000e+02 2.80000000e+02 2.65084221e-01 2.00000000e+00]
[7.10000000e+01 4.62000000e+02 2.65582039e-01 2.00000000e+00]
[6.96000000e+02 8.50000000e+01 2.67208218e-01 4.00000000e+00]
[2.26000000e+02 6.85000000e+02 2.67271837e-01 3.00000000e+00]
[4.8700000e+02 6.4500000e+02 2.6762662e-01 3.0000000e+00]
[3.7100000e+02 7.0500000e+02 2.6802406e-01 3.0000000e+00]
[6.7600000e+02 6.8600000e+02 2.6964697e-01 3.8000000e+01]
[6.89000000e+02 5.53000000e+02 2.70828916e-01 6.00000000e+00]
[9.70000000e+01 7.12000000e+02 2.72052895e-01 4.00000000e+00]
[3.35000000e+02 3.38000000e+02 2.72895755e-01 2.00000000e+00]
[3.61000000e+02 6.49000000e+02 2.74745419e-01 5.00000000e+00]
[1.22000000e+02 2.78000000e+02 2.74952321e-01 2.00000000e+00]
[2.1000000e+02 7.0300000e+02 2.7542598e-01 3.0000000e+00]
[2.22000000e+02 2.99000000e+02 2.76604637e-01 2.00000000e+00]
[7.06000000e+02 6.92000000e+02 2.76920231e-01 1.20000000e+01]
[7.1400000e+02 7.0800000e+02 2.7800504e-01 8.0000000e+00]
[4.85000000e+02 7.17000000e+02 2.79148674e-01 5.00000000e+00]
[6.6800000e+02 7.0900000e+02 2.7946757e-01 1.0000000e+01]
[7.11000000e+02 6.82000000e+02 2.79491687e-01 9.00000000e+00]
[3.57000000e+02 2.28000000e+02 2.81013014e-01 2.00000000e+00]
[9.40000000e+01 4.57000000e+02 2.82304537e-01 2.00000000e+00]
[5.7000000e+01 7.0200000e+02 2.8291453e-01 6.0000000e+00]
[2.55000000e+02 7.30000000e+02 2.84314707e-01 7.00000000e+00]
[3.73000000e+02 7.07000000e+02 2.85188099e-01 3.00000000e+00]
[7.01000000e+02 1.99000000e+02 2.86207358e-01 9.00000000e+00]
[2.75000000e+02 7.23000000e+02 2.86805112e-01 1.30000000e+01]
[6.87000000e+02 7.04000000e+02 2.87031773e-01 7.00000000e+00]
[6.33000000e+02 3.76000000e+02 2.87556623e-01 3.00000000e+00]
[4.40000000e+01 4.52000000e+02 2.88896834e-01 2.00000000e+00]
[5.15000000e+02 4.76000000e+02 2.89648765e-01 2.00000000e+00]
[4.46000000e+02 7.25000000e+02 2.90410135e-01 6.00000000e+00]
[5.47000000e+02 7.15000000e+02 2.90669648e-01 4.40000000e+01]
[259.         227.           0.29092761   2.        ]
[6.78000000e+02 5.16000000e+02 2.91384343e-01 6.00000000e+00]
[7.27000000e+02 1.27000000e+02 2.91579451e-01 1.00000000e+01]
[7.43000000e+02 4.54000000e+02 2.94476717e-01 1.10000000e+01]
[3.20000000e+01 7.13000000e+02 2.95297713e-01 4.00000000e+00]
[7.44000000e+02 2.66000000e+02 2.95974649e-01 1.20000000e+01]
[1.32000000e+02 6.42000000e+02 2.96013332e-01 4.00000000e+00]
[3.910000e+02 7.360000e+02 2.964058e-01 4.000000e+00]
[1.80000000e+01 7.34000000e+02 2.96515193e-01 1.40000000e+01]
[3.44000000e+02 7.48000000e+02 2.97944482e-01 5.00000000e+00]
[4.49000000e+02 7.28000000e+02 2.98212019e-01 3.00000000e+00]
[2.17000000e+02 7.39000000e+02 2.99267996e-01 7.00000000e+00]
[4.69000000e+02 7.46000000e+02 2.99298611e-01 1.30000000e+01]
[7.35000000e+02 7.31000000e+02 2.99908037e-01 1.40000000e+01]
[ 96.         102.           0.30102584   2.        ]
[7.32000000e+02 7.29000000e+02 3.01093513e-01 5.00000000e+00]
[1.20000000e+01 3.90000000e+02 3.01369439e-01 2.00000000e+00]
[2.80000000e+01 7.56000000e+02 3.01877307e-01 6.00000000e+00]
[4.32000000e+02 7.42000000e+02 3.04326654e-01 7.00000000e+00]
[2.30000000e+01 7.45000000e+02 3.04479186e-01 5.00000000e+00]
[7.55000000e+02 7.58000000e+02 3.05329394e-01 8.00000000e+00]
[7.50000000e+01 7.54000000e+02 3.05447391e-01 1.50000000e+01]
[0.00000000e+00 6.16000000e+02 3.06973236e-01 3.00000000e+00]
[7.47000000e+02 5.38000000e+02 3.07422086e-01 5.00000000e+00]
[6.62000000e+02 7.24000000e+02 3.07455496e-01 1.20000000e+01]
[7.16000000e+02 7.60000000e+02 3.08852082e-01 1.10000000e+01]
[5.91000000e+02 5.01000000e+02 3.09402832e-01 3.00000000e+00]
[3.89000000e+02 7.67000000e+02 3.10366373e-01 4.00000000e+00]
[1.5800000e+02 5.9900000e+02 3.1048642e-01 3.0000000e+00]
[6.5300000e+02 2.2500000e+02 3.1071571e-01 3.0000000e+00]
[2.32000000e+02 7.69000000e+02 3.10867657e-01 4.00000000e+00]
[139.         253.           0.31125478   2.        ]
[3.53000000e+02 5.20000000e+02 3.11258615e-01 2.00000000e+00]
[3.40000000e+01 7.41000000e+02 3.12577322e-01 3.00000000e+00]
[4.22000000e+02 7.51000000e+02 3.12876932e-01 4.00000000e+00]
[1.16000000e+02 3.37000000e+02 3.13047397e-01 2.00000000e+00]
[4.72000000e+02 5.08000000e+02 3.13433976e-01 2.00000000e+00]
[252.         194.           0.31385481   2.        ]
[5.84000000e+02 1.05000000e+02 3.14228815e-01 3.00000000e+00]
[7.26000000e+02 8.70000000e+01 3.15870112e-01 1.10000000e+01]
[3.84000000e+02 6.50000000e+02 3.17278407e-01 3.00000000e+00]
[4.66000000e+02 7.19000000e+02 3.17735117e-01 6.00000000e+00]
[2.15000000e+02 7.38000000e+02 3.18262554e-01 3.00000000e+00]
[3.43000000e+02 7.59000000e+02 3.18900968e-01 8.00000000e+00]
[8.30000000e+01 7.68000000e+02 3.19653516e-01 5.00000000e+00]
[7.71000000e+02 1.41000000e+02 3.19713746e-01 5.00000000e+00]
[7.78000000e+02 3.00000000e+00 3.20261452e-01 3.00000000e+00]
[4.35000000e+02 7.33000000e+02 3.20770659e-01 1.00000000e+01]
[2.50000000e+01 4.04000000e+02 3.21251895e-01 2.00000000e+00]
[2.72000000e+02 6.99000000e+02 3.22955857e-01 1.60000000e+01]
[4.95000000e+02 7.90000000e+02 3.23313686e-01 1.70000000e+01]
[7.86000000e+02 7.61000000e+02 3.24066322e-01 1.30000000e+01]
[7.20000000e+02 4.28000000e+02 3.24811952e-01 3.00000000e+00]
[6.94000000e+02 4.21000000e+02 3.25448381e-01 7.00000000e+00]
[2.31000000e+02 7.52000000e+02 3.25982887e-01 8.00000000e+00]
[7.22000000e+02 3.95000000e+02 3.27162116e-01 3.00000000e+00]
[3.4600000e+02 7.9200000e+02 3.2810867e-01 1.4000000e+01]
[7.80000000e+02 1.74000000e+02 3.29066219e-01 1.20000000e+01]
[6.0400000e+02 7.6200000e+02 3.2914944e-01 1.7000000e+01]
[6.90000000e+02 1.40000000e+01 3.30456232e-01 8.00000000e+00]
[4.80000000e+02 7.53000000e+02 3.31235492e-01 1.40000000e+01]
[2.00000000e+02 8.01000000e+02 3.31455386e-01 1.50000000e+01]
[7.74000000e+02 2.50000000e+02 3.31648057e-01 4.00000000e+00]
[5.13000000e+02 5.92000000e+02 3.31831585e-01 3.00000000e+00]
[4.81000000e+02 7.82000000e+02 3.32226676e-01 7.00000000e+00]
[1.8900000e+02 7.6300000e+02 3.3260174e-01 4.0000000e+00]
[7.75000000e+02 7.50000000e+02 3.33221624e-01 9.00000000e+00]
[5.28000000e+02 7.93000000e+02 3.37192311e-01 4.00000000e+00]
[8.00000000e+02 5.90000000e+01 3.37367425e-01 9.00000000e+00]
[1.1000000e+02 5.2600000e+02 3.3744238e-01 2.0000000e+00]
[7.6600000e+02 7.9100000e+02 3.3833692e-01 2.8000000e+01]
[3.30000000e+02 8.03000000e+02 3.39130272e-01 5.00000000e+00]
[2.60000000e+02 4.65000000e+02 3.39228252e-01 2.00000000e+00]
[2.92000000e+02 3.98000000e+02 3.39776683e-01 2.00000000e+00]
[3.23000000e+02 6.23000000e+02 3.39842375e-01 3.00000000e+00]
[5.80000000e+01 7.88000000e+02 3.40113437e-01 1.10000000e+01]
[4.71000000e+02 4.99000000e+02 3.40233481e-01 2.00000000e+00]
[2.93000000e+02 6.95000000e+02 3.40563586e-01 7.00000000e+00]
[3.4900000e+02 8.0600000e+02 3.4101288e-01 5.0000000e+00]
[7.85000000e+02 7.18000000e+02 3.41142994e-01 7.00000000e+00]
[7.87000000e+02 4.63000000e+02 3.41275705e-01 4.00000000e+00]
[7.98000000e+02 8.09000000e+02 3.42322088e-01 2.10000000e+01]
[1.63000000e+02 4.40000000e+02 3.42435267e-01 2.00000000e+00]
[2.6700000e+02 7.9900000e+02 3.4280185e-01 1.8000000e+01]
[7.65000000e+02 7.97000000e+02 3.42897861e-01 2.60000000e+01]
[1.46000000e+02 7.94000000e+02 3.43586791e-01 8.00000000e+00]
[1.06000000e+02 8.25000000e+02 3.44116747e-01 2.70000000e+01]
[2.03000000e+02 8.04000000e+02 3.44148736e-01 4.00000000e+00]
[4.12000000e+02 8.18000000e+02 3.45285425e-01 8.00000000e+00]
[7.84000000e+02 7.83000000e+02 3.46811722e-01 1.10000000e+01]
[6.79000000e+02 7.79000000e+02 3.48858162e-01 6.00000000e+00]
[8.20000000e+02 7.90000000e+01 3.48909764e-01 8.00000000e+00]
[6.31000000e+02 5.35000000e+02 3.50584048e-01 3.00000000e+00]
[8.32000000e+02 8.24000000e+02 3.51323507e-01 2.60000000e+01]
[5.37000000e+02 8.27000000e+02 3.51696795e-01 2.80000000e+01]
[1.84000000e+02 8.28000000e+02 3.52157348e-01 5.00000000e+00]
[3.12000000e+02 7.73000000e+02 3.52211079e-01 3.00000000e+00]
[3.58000000e+02 8.11000000e+02 3.52689712e-01 2.90000000e+01]
[4.24000000e+02 8.07000000e+02 3.53865308e-01 1.00000000e+01]
[7.49000000e+02 6.51000000e+02 3.54033235e-01 1.60000000e+01]
[7.40000000e+02 8.40000000e+02 3.54561629e-01 6.00000000e+01]
[4.30000000e+01 8.12000000e+02 3.55240719e-01 6.00000000e+00]
[8.30000000e+02 4.78000000e+02 3.56750519e-01 1.20000000e+01]
[2.60000000e+01 8.35000000e+02 3.56758241e-01 2.90000000e+01]
[7.95000000e+02 8.36000000e+02 3.58488599e-01 1.30000000e+01]
[4.82000000e+02 8.34000000e+02 3.59391791e-01 2.70000000e+01]
[8.90000000e+01 8.39000000e+02 3.61951709e-01 1.10000000e+01]
[8.37000000e+02 7.81000000e+02 3.62485704e-01 6.00000000e+00]
[1.9300000e+02 8.2300000e+02 3.6413297e-01 3.0000000e+00]
[3.80000000e+01 8.41000000e+02 3.65074802e-01 6.10000000e+01]
[1.18000000e+02 7.21000000e+02 3.65722655e-01 4.00000000e+00]
[4.94000000e+02 8.05000000e+02 3.66783531e-01 8.00000000e+00]
[4.97000000e+02 8.43000000e+02 3.67334963e-01 1.30000000e+01]
[2.58000000e+02 6.08000000e+02 3.67948584e-01 3.00000000e+00]
[8.17000000e+02 8.52000000e+02 3.67967419e-01 1.00000000e+01]
[4.18000000e+02 8.55000000e+02 3.68111355e-01 1.10000000e+01]
[3.21000000e+02 8.46000000e+02 3.68594545e-01 2.80000000e+01]
[8.19000000e+02 7.72000000e+02 3.68798633e-01 7.00000000e+00]
[4.96000000e+02 8.33000000e+02 3.68983972e-01 4.00000000e+00]
[7.76000000e+02 8.44000000e+02 3.69292764e-01 3.10000000e+01]
[7.77000000e+02 8.13000000e+02 3.70011895e-01 4.00000000e+00]
[111.         241.           0.37023456   2.        ]
[1.37000000e+02 8.42000000e+02 3.70539289e-01 7.00000000e+00]
[4.50000000e+02 8.45000000e+02 3.70983765e-01 1.40000000e+01]
[8.58000000e+02 8.38000000e+02 3.71363538e-01 3.60000000e+01]
[3.2400000e+02 8.5000000e+02 3.7140346e-01 6.2000000e+01]
[3.99000000e+02 4.03000000e+02 3.72851546e-01 2.00000000e+00]
[5.10000000e+02 8.48000000e+02 3.73521378e-01 7.00000000e+00]
[3.70000000e+01 7.64000000e+02 3.74003116e-01 6.00000000e+00]
[8.4900000e+02 6.1400000e+02 3.7440812e-01 6.0000000e+00]
[7.89000000e+02 8.68000000e+02 3.75087908e-01 9.00000000e+00]
[3.9300000e+02 3.0400000e+02 3.7582018e-01 2.0000000e+00]
[7.57000000e+02 8.71000000e+02 3.75821125e-01 1.10000000e+01]
[5.30000000e+01 8.69000000e+02 3.75834984e-01 7.00000000e+00]
[4.80000000e+01 3.87000000e+02 3.75960396e-01 2.00000000e+00]
[4.74000000e+02 8.60000000e+02 3.76734424e-01 3.20000000e+01]
[1.73000000e+02 8.02000000e+02 3.77663752e-01 1.60000000e+01]
[4.93000000e+02 8.53000000e+02 3.78158916e-01 1.40000000e+01]
[1.45000000e+02 8.59000000e+02 3.79873406e-01 5.00000000e+00]
[3.30000000e+01 8.08000000e+02 3.80139889e-01 5.00000000e+00]
[4.91000000e+02 8.63000000e+02 3.80531811e-01 8.00000000e+00]
[7.70000000e+02 8.77000000e+02 3.82843576e-01 1.90000000e+01]
[5.60000000e+01 8.56000000e+02 3.83704076e-01 1.20000000e+01]
[3.62000000e+02 8.80000000e+02 3.86465234e-01 6.00000000e+00]
[3.92000000e+02 8.26000000e+02 3.86777771e-01 9.00000000e+00]
[5.24000000e+02 8.57000000e+02 3.87102977e-01 2.90000000e+01]
[3.42000000e+02 8.47000000e+02 3.87283057e-01 1.20000000e+01]
[4.17000000e+02 8.84000000e+02 3.87854413e-01 7.00000000e+00]
[2.2300000e+02 8.8100000e+02 3.8870427e-01 9.0000000e+00]
[2.54000000e+02 8.65000000e+02 3.89128133e-01 3.70000000e+01]
[3.52000000e+02 7.96000000e+02 3.89369403e-01 4.00000000e+00]
[5.96000000e+02 8.90000000e+02 3.92394395e-01 3.90000000e+01]
[4.25000000e+02 8.16000000e+02 3.92823736e-01 1.20000000e+01]
[3.78000000e+02 8.54000000e+02 3.94107328e-01 4.00000000e+00]
[2.76000000e+02 8.92000000e+02 3.94149555e-01 4.00000000e+01]
[4.64000000e+02 4.41000000e+02 3.95515323e-01 2.00000000e+00]
[8.2200000e+02 8.9500000e+02 3.9589991e-01 6.1000000e+01]
[8.73000000e+02 1.90000000e+02 3.95991111e-01 1.20000000e+01]
[4.30000000e+02 8.83000000e+02 3.96711857e-01 1.30000000e+01]
[8.72000000e+02 8.93000000e+02 3.97025718e-01 1.40000000e+01]
[4.51000000e+02 8.61000000e+02 3.99892175e-01 5.00000000e+00]
[8.29000000e+02 8.76000000e+02 3.99935213e-01 4.00000000e+01]
[5.12000000e+02 2.81000000e+02 4.00031248e-01 2.00000000e+00]
[1.61000000e+02 9.01000000e+02 4.00815499e-01 6.00000000e+00]
[8.67000000e+02 8.10000000e+02 4.01018601e-01 4.00000000e+00]
[1.38000000e+02 8.75000000e+02 4.01390457e-01 3.00000000e+00]
[4.84000000e+02 8.78000000e+02 4.03217411e-01 1.50000000e+01]
[1.59000000e+02 8.86000000e+02 4.04643629e-01 3.00000000e+01]
[1.57000000e+02 8.62000000e+02 4.07273482e-01 3.00000000e+00]
[8.70000000e+02 8.96000000e+02 4.07649818e-01 8.00000000e+00]
[4.5300000e+02 8.8900000e+02 4.0888637e-01 1.0000000e+01]
[8.1500000e+02 8.7900000e+02 4.0913576e-01 8.0000000e+00]
[1.50000000e+01 8.51000000e+02 4.09555156e-01 5.00000000e+00]
[5.710000e+02 8.880000e+02 4.096887e-01 9.000000e+00]
[8.8500000e+02 9.0200000e+02 4.1013974e-01 4.9000000e+01]
[4.83000000e+02 9.00000000e+02 4.11435646e-01 1.50000000e+01]
[2.73000000e+02 9.05000000e+02 4.11731206e-01 5.00000000e+00]
[3.75000000e+02 9.11000000e+02 4.11977637e-01 1.10000000e+01]
[8.91000000e+02 8.64000000e+02 4.12090838e-01 1.80000000e+01]
[5.50000000e+01 9.04000000e+02 4.13269964e-01 7.00000000e+00]
[2.57000000e+02 8.87000000e+02 4.13919705e-01 1.30000000e+01]
[9.19000000e+02 8.98000000e+02 4.15368952e-01 3.00000000e+01]
[1.00000000e+01 8.82000000e+02 4.15391798e-01 2.00000000e+01]
[5.14000000e+02 6.64000000e+02 4.16479059e-01 6.00000000e+00]
[  2.         388.           0.41666883   2.        ]
[8.14000000e+02 8.94000000e+02 4.17783201e-01 6.00000000e+00]
[3.72000000e+02 7.10000000e+02 4.17876812e-01 3.00000000e+00]
[5.85000000e+02 2.88000000e+02 4.18649363e-01 3.00000000e+00]
[5.39000000e+02 8.74000000e+02 4.19699665e-01 8.00000000e+00]
[5.07000000e+02 5.19000000e+02 4.20073068e-01 2.00000000e+00]
[9.10000000e+02 2.79000000e+02 4.20471734e-01 9.00000000e+00]
[8.97000000e+02 2.96000000e+02 4.21200828e-01 6.20000000e+01]
[9.26000000e+02 9.22000000e+02 4.21811995e-01 3.60000000e+01]
[4.01000000e+02 8.99000000e+02 4.21994035e-01 1.40000000e+01]
[9.32000000e+02 9.90000000e+01 4.22387847e-01 6.30000000e+01]
[5.00000000e+02 1.87000000e+02 4.22982275e-01 2.00000000e+00]
[5.50000000e+02 7.37000000e+02 4.23371204e-01 4.00000000e+00]
[9.35000000e+02 9.09000000e+02 4.23710171e-01 6.60000000e+01]
[1.81000000e+02 9.34000000e+02 4.23884588e-01 1.50000000e+01]
[4.20000000e+02 9.08000000e+02 4.24737869e-01 3.10000000e+01]
[2.30000000e+02 9.03000000e+02 4.25695125e-01 3.00000000e+00]
[5.34000000e+02 9.07000000e+02 4.25974533e-01 1.60000000e+01]
[5.32000000e+02 9.12000000e+02 4.25985808e-01 9.00000000e+00]
[4.59000000e+02 9.14000000e+02 4.26287819e-01 1.00000000e+01]
[8.31000000e+02 6.88000000e+02 4.27983353e-01 1.00000000e+01]
[8.66000000e+02 2.94000000e+02 4.28059835e-01 6.30000000e+01]
[9.38000000e+02 1.34000000e+02 4.28495117e-01 6.70000000e+01]
[9.46000000e+02 9.06000000e+02 4.29091034e-01 6.60000000e+01]
[9.47000000e+02 1.67000000e+02 4.30305773e-01 6.80000000e+01]
[3.85000000e+02 9.15000000e+02 4.30982402e-01 5.00000000e+01]
[2.87000000e+02 9.48000000e+02 4.31779435e-01 6.70000000e+01]
[9.49000000e+02 9.17000000e+02 4.31946255e-01 7.30000000e+01]
[4.7500000e+02 9.3100000e+02 4.3387011e-01 1.0000000e+01]
[5.05000000e+02 9.50000000e+02 4.34891031e-01 5.10000000e+01]
[9.29000000e+02 7.30000000e+01 4.35842627e-01 9.00000000e+00]
[3.68000000e+02 9.39000000e+02 4.37169194e-01 1.60000000e+01]
[2.35000000e+02 9.55000000e+02 4.37521735e-01 1.00000000e+01]
[1.49000000e+02 9.27000000e+02 4.37557766e-01 4.00000000e+00]
[3.64000000e+02 9.28000000e+02 4.39178728e-01 4.00000000e+00]
[9.16000000e+02 9.20000000e+02 4.39683486e-01 2.20000000e+01]
[2.84000000e+02 9.60000000e+02 4.41081707e-01 2.30000000e+01]
[9.52000000e+02 9.18000000e+02 4.42320226e-01 8.40000000e+01]
[4.06000000e+02 9.33000000e+02 4.43751816e-01 3.70000000e+01]
[4.55000000e+02 9.37000000e+02 4.47201593e-01 5.00000000e+00]
[2.34000000e+02 9.42000000e+02 4.49142342e-01 1.70000000e+01]
[8.40000000e+01 6.07000000e+02 4.50730829e-01 3.00000000e+00]
[4.56000000e+02 3.63000000e+02 4.51012277e-01 2.00000000e+00]
[1.75000000e+02 9.40000000e+02 4.55085041e-01 3.20000000e+01]
[4.98000000e+02 9.61000000e+02 4.55479405e-01 2.40000000e+01]
[9.64000000e+02 9.25000000e+02 4.56469729e-01 7.00000000e+00]
[9.62000000e+02 9.63000000e+02 4.56682174e-01 1.21000000e+02]
[5.3100000e+02 9.6600000e+02 4.5682567e-01 4.0000000e+00]
[9.53000000e+02 1.20000000e+02 4.57351501e-01 1.10000000e+01]
[4.31000000e+02 9.56000000e+02 4.57470661e-01 1.70000000e+01]
[ 45.         434.           0.45774454   2.        ]
[1.10000000e+01 9.13000000e+02 4.58335326e-01 6.00000000e+00]
[4.16000000e+02 9.73000000e+02 4.58464635e-01 1.20000000e+01]
[1.3300000e+02 9.2100000e+02 4.6055316e-01 1.4000000e+01]
[1.51000000e+02 9.68000000e+02 4.63480191e-01 3.30000000e+01]
[3.60000000e+02 9.72000000e+02 4.63525281e-01 5.00000000e+00]
[9.4300000e+02 9.6500000e+02 4.6594437e-01 2.6000000e+01]
[1.07000000e+02 9.77000000e+02 4.66013388e-01 1.30000000e+01]
[9.23000000e+02 1.88000000e+02 4.67408289e-01 2.10000000e+01]
[1.14000000e+02 6.91000000e+02 4.67737245e-01 5.00000000e+00]
[263.         179.           0.46960973   2.        ]
[1.26000000e+02 9.41000000e+02 4.69883637e-01 4.00000000e+00]
[3.70000000e+02 9.57000000e+02 4.69943182e-01 1.10000000e+01]
[9.67000000e+02 9.58000000e+02 4.69951896e-01 6.00000000e+00]
[7.00000000e+00 9.79000000e+02 4.70007615e-01 3.40000000e+01]
[3.25000000e+02 9.81000000e+02 4.70977347e-01 2.70000000e+01]
[9.80000000e+02 4.07000000e+02 4.73006258e-01 6.00000000e+00]
[3.90000000e+01 9.54000000e+02 4.75879633e-01 5.20000000e+01]
[8.00000000e+00 9.71000000e+02 4.76968072e-01 1.22000000e+02]
[9.70000000e+02 9.82000000e+02 4.78952597e-01 2.00000000e+01]
[1.98000000e+02 9.91000000e+02 4.80019942e-01 7.00000000e+00]
[9.9300000e+02 9.2400000e+02 4.8091767e-01 1.2800000e+02]
[9.45000000e+02 9.92000000e+02 4.81213443e-01 6.20000000e+01]
[9.96000000e+02 2.20000000e+01 4.82932899e-01 1.29000000e+02]
[9.75000000e+02 5.36000000e+02 4.86611788e-01 3.00000000e+00]
[2.68000000e+02 9.69000000e+02 4.87358103e-01 2.50000000e+01]
[5.56000000e+02 1.00000000e+03 4.88478218e-01 2.70000000e+01]
[4.88000000e+02 1.00100000e+03 4.92425665e-01 2.80000000e+01]
[9.88000000e+02 9.74000000e+02 4.95537796e-01 2.30000000e+01]
[4.70000000e+01 9.97000000e+02 4.95914744e-01 6.30000000e+01]
[4.11000000e+02 1.00300000e+03 4.97850692e-01 2.40000000e+01]
[8.21000000e+02 9.98000000e+02 4.99546131e-01 1.33000000e+02]
[3.06000000e+02 9.90000000e+02 5.01461486e-01 2.80000000e+01]
[1.00600000e+03 2.86000000e+02 5.02577178e-01 1.34000000e+02]
[1.13000000e+02 1.00800000e+03 5.02765108e-01 1.35000000e+02]
[9.84000000e+02 1.00400000e+03 5.04862138e-01 6.80000000e+01]
[3.10000000e+02 9.99000000e+02 5.06448636e-01 4.00000000e+00]
[9.89000000e+02 9.36000000e+02 5.10499175e-01 3.60000000e+01]
[9.76000000e+02 5.04000000e+02 5.10975078e-01 7.00000000e+00]
[9.94000000e+02 1.01000000e+03 5.11683407e-01 8.80000000e+01]
[9.78000000e+02 1.00700000e+03 5.14482066e-01 4.20000000e+01]
[9.44000000e+02 1.00500000e+03 5.15052541e-01 3.40000000e+01]
[3.60000000e+01 1.01100000e+03 5.16281419e-01 5.00000000e+00]
[1.6900000e+02 1.0140000e+03 5.1628822e-01 8.9000000e+01]
[1.01200000e+03 6.05000000e+02 5.18071752e-01 3.80000000e+01]
[3.32000000e+02 1.00900000e+03 5.19012938e-01 1.36000000e+02]
[9.87000000e+02 1.01600000e+03 5.23618479e-01 4.50000000e+01]
[177.         470.           0.52438153   2.        ]
[1.00200000e+03 9.86000000e+02 5.25061883e-01 3.20000000e+01]
[1.01500000e+03 9.59000000e+02 5.25091746e-01 4.60000000e+01]
[9.51000000e+02 1.02000000e+03 5.25277793e-01 2.03000000e+02]
[3.51000000e+02 1.01800000e+03 5.25289384e-01 9.00000000e+01]
[6.00000000e+01 1.02300000e+03 5.28450163e-01 3.30000000e+01]
[2.42000000e+02 1.02400000e+03 5.28964815e-01 4.70000000e+01]
[9.9500000e+02 1.0260000e+03 5.3198056e-01 9.7000000e+01]
[1.31000000e+02 1.02700000e+03 5.31998853e-01 3.40000000e+01]
[1.02100000e+03 3.13000000e+02 5.43794846e-01 4.60000000e+01]
[1.0310000e+03 1.0190000e+03 5.4403974e-01 8.4000000e+01]
[3.55000000e+02 1.02900000e+03 5.44523539e-01 9.80000000e+01]
[1.02800000e+03 1.02200000e+03 5.55231099e-01 4.90000000e+01]
[2.82000000e+02 1.02500000e+03 5.56792145e-01 2.04000000e+02]
[1.03400000e+03 3.79000000e+02 5.60235841e-01 5.00000000e+01]
[1.03000000e+03 1.01300000e+03 5.65708425e-01 4.10000000e+01]
[1.01700000e+03 1.03700000e+03 5.68146616e-01 4.60000000e+01]
[5.06000000e+02 1.03800000e+03 5.74234723e-01 4.70000000e+01]
[4.23000000e+02 1.03600000e+03 5.76149478e-01 5.10000000e+01]
[1.91000000e+02 1.03300000e+03 5.79375641e-01 9.90000000e+01]
[4.19000000e+02 1.04000000e+03 5.82099622e-01 5.20000000e+01]
[1.03500000e+03 1.03200000e+03 5.92863926e-01 2.88000000e+02]
[1.04100000e+03 9.85000000e+02 5.96528771e-01 1.01000000e+02]
[3.16000000e+02 1.04400000e+03 5.98676996e-01 1.02000000e+02]
[1.04300000e+03 9.83000000e+02 6.05071946e-01 3.09000000e+02]
[1.04600000e+03 3.77000000e+02 6.09334808e-01 3.10000000e+02]
[1.04700000e+03 3.54000000e+02 6.09618947e-01 3.11000000e+02]
[5.02000000e+02 1.04200000e+03 6.12023044e-01 5.30000000e+01]
[1.04500000e+03 1.03900000e+03 6.18243376e-01 1.49000000e+02]
[2.43000000e+02 1.04800000e+03 6.26548204e-01 3.12000000e+02]
[8.60000000e+01 1.05000000e+03 6.33529153e-01 1.50000000e+02]
[1.62000e+02 1.04900e+03 6.46835e-01 5.40000e+01]
[4.77000000e+02 9.30000000e+02 6.64010958e-01 3.00000000e+00]
[1.05200000e+03 1.47000000e+02 6.64344883e-01 1.51000000e+02]
[1.05500000e+03 4.58000000e+02 6.65079563e-01 1.52000000e+02]
[1.05600000e+03 1.66000000e+02 6.65867858e-01 1.53000000e+02]
[1.71000000e+02 1.05100000e+03 6.66442234e-01 3.13000000e+02]
[1.08000000e+02 1.05700000e+03 6.90050299e-01 1.54000000e+02]
[3.19000000e+02 1.05800000e+03 6.96989469e-01 3.14000000e+02]
[2.89000000e+02 1.05900000e+03 7.12025428e-01 1.55000000e+02]
[1.05300000e+03 1.06100000e+03 7.22086923e-01 2.09000000e+02]
[4.47000000e+02 1.06000000e+03 7.22519328e-01 3.15000000e+02]
[1.05400000e+03 1.06200000e+03 7.24394214e-01 2.12000000e+02]
[1.06300000e+03 4.43000000e+02 7.27085782e-01 3.16000000e+02]
[1.06500000e+03 1.06400000e+03 7.27438653e-01 5.28000000e+02]
[3.14000000e+02 1.06600000e+03 7.58339461e-01 5.29000000e+02]
[4.20000000e+01 1.06700000e+03 8.15960724e-01 5.30000000e+02]
[ 13.         341.           0.82494875   2.        ]
[1.06900000e+03 1.06800000e+03 8.36685895e-01 5.32000000e+02]
[1.07000000e+03 2.12000000e+02 8.40083299e-01 5.33000000e+02]
[1.07100000e+03 2.77000000e+02 8.57442725e-01 5.34000000e+02]
[1.07200000e+03 3.11000000e+02 8.57574099e-01 5.35000000e+02]
[1.07300000e+03 2.40000000e+01 8.57658364e-01 5.36000000e+02]
[1.07400000e+03 5.33000000e+02 8.58015014e-01 5.37000000e+02]
[1.0750000e+03 7.7000000e+01 9.4581836e-01 5.3800000e+02]
[1.07600000e+03 4.29000000e+02 1.02910722e+00 5.39000000e+02]
[1.07700000e+03 2.01000000e+02 1.06333469e+00 5.40000000e+02]
