[  1. 113.   0.   2.]
[540. 216.   0.   3.]
[  6. 129.   0.   2.]
[64. 68.  0.  2.]
[543.  93.   0.   3.]
[544. 123.   0.   4.]
[545. 214.   0.   5.]
[546. 261.   0.   6.]
[ 78. 125.   0.   2.]
[548. 315.   0.   3.]
[ 90. 518.   0.   2.]
[103. 196.   0.   2.]
[136. 336.   0.   2.]
[178. 245.   0.   2.]
[270. 400.   0.   2.]
[300. 468.   0.   2.]
[5.54000000e+02 2.71000000e+02 1.49011612e-08 3.00000000e+00]
[3.59000000e+02 4.13000000e+02 1.49011612e-08 2.00000000e+00]
[7.20000000e+01 4.37000000e+02 1.82501207e-08 2.00000000e+00]
[5.00000000e+01 1.35000000e+02 2.10734243e-08 2.00000000e+00]
[5.59000000e+02 3.29000000e+02 2.10734243e-08 3.00000000e+00]
[7.40000000e+01 9.10000000e+01 2.10734243e-08 2.00000000e+00]
[5.61000000e+02 3.17000000e+02 2.10734243e-08 3.00000000e+00]
[1.40000000e+02 3.80000000e+02 2.10734243e-08 2.00000000e+00]
[2.20000000e+02 2.95000000e+02 2.10734243e-08 2.00000000e+00]
[8.10000000e+01 9.50000000e+01 2.58095683e-08 2.00000000e+00]
[1.52000000e+02 2.40000000e+02 2.58095683e-08 2.00000000e+00]
[3.01000000e+02 3.07000000e+02 2.58095683e-08 2.00000000e+00]
[5.65000000e+02 5.66000000e+02 2.58095683e-08 4.00000000e+00]
[5.68000000e+02 5.67000000e+02 2.58095683e-08 6.00000000e+00]
[5.69000000e+02 3.08000000e+02 2.58095683e-08 7.00000000e+00]
[6.10000000e+01 2.36000000e+02 3.65002415e-08 2.00000000e+00]
[5.70000000e+02 5.64000000e+02 5.05322962e-08 9.00000000e+00]
[5.62000000e+02 2.74000000e+02 9.24592737e-08 4.00000000e+00]
[5.55000000e+02 3.02000000e+02 9.71436859e-08 3.00000000e+00]
[3.09000000e+02 3.94000000e+02 6.73684209e-02 2.00000000e+00]
[6.30000000e+01 4.26000000e+02 6.87958194e-02 2.00000000e+00]
[4.92000000e+02 5.23000000e+02 7.00534255e-02 2.00000000e+00]
[3.46000000e+02 4.38000000e+02 7.37755871e-02 2.00000000e+00]
[3.00000000e+01 2.09000000e+02 7.49299468e-02 2.00000000e+00]
[4.90000000e+01 2.46000000e+02 7.69118658e-02 2.00000000e+00]
[1.24000000e+02 3.05000000e+02 7.71730135e-02 2.00000000e+00]
[3.48000000e+02 3.67000000e+02 7.83635504e-02 2.00000000e+00]
[2.48000000e+02 5.16000000e+02 7.85871413e-02 2.00000000e+00]
[4.36000000e+02 5.22000000e+02 8.05204646e-02 2.00000000e+00]
[3.66000000e+02 5.17000000e+02 8.15927055e-02 2.00000000e+00]
[3.39000000e+02 4.73000000e+02 8.20849537e-02 2.00000000e+00]
[2.90000000e+02 5.30000000e+02 8.37565665e-02 2.00000000e+00]
[65.        76.         0.0843783  2.       ]
[21.         40.          0.08627462  2.        ]
[5.60000000e+02 1.30000000e+02 8.62794531e-02 4.00000000e+00]
[8.00000000e+01 4.09000000e+02 8.65656498e-02 2.00000000e+00]
[41.         52.          0.08949783  2.        ]
[2.70000000e+01 1.72000000e+02 9.49699863e-02 2.00000000e+00]
[3.03000000e+02 3.69000000e+02 9.52058577e-02 2.00000000e+00]
[5.63000000e+02 5.56000000e+02 9.67398225e-02 5.00000000e+00]
[3.97000000e+02 4.44000000e+02 9.88823921e-02 2.00000000e+00]
[1.44000000e+02 5.57000000e+02 9.96474977e-02 3.00000000e+00]
[1.43000000e+02 4.45000000e+02 1.00533872e-01 2.00000000e+00]
[2.97000000e+02 4.27000000e+02 1.00803743e-01 2.00000000e+00]
[1.70000000e+01 2.83000000e+02 1.00886543e-01 2.00000000e+00]
[2.1800000e+02 5.0300000e+02 1.0135376e-01 2.0000000e+00]
[2.1300000e+02 3.8600000e+02 1.0245912e-01 2.0000000e+00]
[3.96000000e+02 4.14000000e+02 1.03295485e-01 2.00000000e+00]
[2.4700000e+02 2.4900000e+02 1.0590195e-01 2.0000000e+00]
[1.85000000e+02 1.95000000e+02 1.06391067e-01 2.00000000e+00]
[5.90000000e+02 5.72000000e+02 1.07830194e-01 1.30000000e+01]
[5.73000000e+02 2.04000000e+02 1.08741896e-01 5.00000000e+00]
[1.60000000e+01 4.39000000e+02 1.09901442e-01 2.00000000e+00]
[1.65000000e+02 1.80000000e+02 1.11539949e-01 2.00000000e+00]
[4.0000000e+00 2.6200000e+02 1.1416379e-01 2.0000000e+00]
[4.15000000e+02 4.60000000e+02 1.15742604e-01 2.00000000e+00]
[2.05000000e+02 2.51000000e+02 1.19263498e-01 2.00000000e+00]
[4.18000000e+02 4.61000000e+02 1.20969906e-01 2.00000000e+00]
[6.09000000e+02 2.91000000e+02 1.21237297e-01 3.00000000e+00]
[2.90000000e+01 4.86000000e+02 1.21871126e-01 2.00000000e+00]
[5.95000000e+02 1.70000000e+02 1.23368748e-01 6.00000000e+00]
[1.55000000e+02 2.72000000e+02 1.23752403e-01 2.00000000e+00]
[ 62.         112.           0.12446764   2.        ]
[4.0200000e+02 4.8900000e+02 1.2811596e-01 2.0000000e+00]
[3.20000000e+02 4.06000000e+02 1.30107787e-01 2.00000000e+00]
[6.14000000e+02 2.08000000e+02 1.32201097e-01 4.00000000e+00]
[3.81000000e+02 4.05000000e+02 1.36179118e-01 2.00000000e+00]
[1.40000000e+01 4.33000000e+02 1.36660546e-01 2.00000000e+00]
[6.07000000e+02 1.64000000e+02 1.37993508e-01 6.00000000e+00]
[6.10000000e+02 2.21000000e+02 1.42380131e-01 3.00000000e+00]
[3.56000000e+02 4.67000000e+02 1.48863793e-01 2.00000000e+00]
[6.21000000e+02 2.33000000e+02 1.52736021e-01 5.00000000e+00]
[6.06000000e+02 2.19000000e+02 1.53709369e-01 1.40000000e+01]
[3.18000000e+02 5.09000000e+02 1.57339045e-01 2.00000000e+00]
[6.16000000e+02 3.34000000e+02 1.58856075e-01 7.00000000e+00]
[5.92000000e+02 3.82000000e+02 1.60232587e-01 3.00000000e+00]
[1.28000000e+02 3.33000000e+02 1.64285414e-01 2.00000000e+00]
[6.30000000e+02 2.29000000e+02 1.65721148e-01 8.00000000e+00]
[2.07000000e+02 2.56000000e+02 1.66740488e-01 2.00000000e+00]
[  9.         156.           0.16895805   2.        ]
[2.76000000e+02 3.45000000e+02 1.72012201e-01 2.00000000e+00]
[5.52000000e+02 1.76000000e+02 1.72961141e-01 3.00000000e+00]
[3.93000000e+02 5.11000000e+02 1.74690417e-01 2.00000000e+00]
[1.83000000e+02 3.47000000e+02 1.74927355e-01 2.00000000e+00]
[6.28000000e+02 1.54000000e+02 1.78701963e-01 1.50000000e+01]
[6.32000000e+02 6.27000000e+02 1.80281597e-01 7.00000000e+00]
[3.61000000e+02 5.27000000e+02 1.80512585e-01 2.00000000e+00]
[2.37000000e+02 4.90000000e+02 1.81076907e-01 2.00000000e+00]
[ 54.        148.          0.1811315   2.       ]
[ 19.         104.           0.18194226   2.        ]
[2.06000000e+02 3.22000000e+02 1.83144601e-01 2.00000000e+00]
[6.33000000e+02 2.98000000e+02 1.84369259e-01 9.00000000e+00]
[6.24000000e+02 1.21000000e+02 1.85269263e-01 7.00000000e+00]
[6.18000000e+02 6.41000000e+02 1.86651486e-01 9.00000000e+00]
[1.42000000e+02 5.19000000e+02 1.94042466e-01 2.00000000e+00]
[6.45000000e+02 6.47000000e+02 1.96187818e-01 1.10000000e+01]
[6.40000000e+02 1.60000000e+02 1.98919434e-01 1.60000000e+01]
[6.49000000e+02 1.15000000e+02 1.98974237e-01 1.00000000e+01]
[117.         153.           0.20349747   2.        ]
[7.00000000e+01 6.39000000e+02 2.08302978e-01 3.00000000e+00]
[6.35000000e+02 5.49000000e+02 2.12338295e-01 5.00000000e+00]
[2.00000000e+01 2.65000000e+02 2.17192699e-01 2.00000000e+00]
[9.2000000e+01 2.6900000e+02 2.1738547e-01 2.0000000e+00]
[6.52000000e+02 4.48000000e+02 2.18546069e-01 1.70000000e+01]
[6.12000000e+02 5.74000000e+02 2.20141632e-01 5.00000000e+00]
[3.65000000e+02 4.43000000e+02 2.24924921e-01 2.00000000e+00]
[6.57000000e+02 6.34000000e+02 2.27938467e-01 4.00000000e+00]
[6.59000000e+02 2.39000000e+02 2.29395152e-01 1.80000000e+01]
[1.01000000e+02 5.25000000e+02 2.32953046e-01 2.00000000e+00]
[6.2500000e+02 6.5100000e+02 2.3339702e-01 1.4000000e+01]
[4.08000000e+02 4.50000000e+02 2.35010015e-01 2.00000000e+00]
[6.63000000e+02 4.80000000e+02 2.35199121e-01 1.90000000e+01]
[3.63000000e+02 5.21000000e+02 2.36370907e-01 2.00000000e+00]
[2.64000000e+02 2.75000000e+02 2.37024794e-01 2.00000000e+00]
[6.48000000e+02 1.74000000e+02 2.38980889e-01 8.00000000e+00]
[6.67000000e+02 3.28000000e+02 2.39759078e-01 2.00000000e+01]
[6.55000000e+02 1.82000000e+02 2.44895522e-01 4.00000000e+00]
[6.71000000e+02 8.50000000e+01 2.45841846e-01 2.10000000e+01]
[ 46.         211.           0.24812682   2.        ]
[5.00000000e+00 6.62000000e+02 2.50173419e-01 5.00000000e+00]
[6.6500000e+02 6.7300000e+02 2.5080461e-01 3.5000000e+01]
[1.97000000e+02 5.87000000e+02 2.52734448e-01 3.00000000e+00]
[6.37000000e+02 1.86000000e+02 2.52946486e-01 4.00000000e+00]
[6.02000000e+02 4.71000000e+02 2.55789186e-01 3.00000000e+00]
[3.74000000e+02 3.83000000e+02 2.56088207e-01 2.00000000e+00]
[5.85000000e+02 3.71000000e+02 2.56839738e-01 3.00000000e+00]
[ 67.         150.           0.25708084   2.        ]
[6.56000000e+02 1.99000000e+02 2.57490908e-01 6.00000000e+00]
[8.70000000e+01 6.54000000e+02 2.59210846e-01 3.00000000e+00]
[3.31000000e+02 4.42000000e+02 2.59546348e-01 2.00000000e+00]
[6.58000000e+02 1.92000000e+02 2.59663368e-01 3.00000000e+00]
[8.80000000e+01 4.10000000e+02 2.61497193e-01 2.00000000e+00]
[1.00000000e+02 4.85000000e+02 2.63091946e-01 2.00000000e+00]
[ 58.         238.           0.26353331   2.        ]
[3.40000000e+02 4.87000000e+02 2.63818468e-01 2.00000000e+00]
[3.26000000e+02 5.29000000e+02 2.63943419e-01 2.00000000e+00]
[35.        82.         0.2645664  2.       ]
[7.10000000e+01 4.62000000e+02 2.65582039e-01 2.00000000e+00]
[9.80000000e+01 6.17000000e+02 2.66655643e-01 3.00000000e+00]
[2.32000000e+02 5.77000000e+02 2.67008591e-01 3.00000000e+00]
[ 97.         226.           0.26727184   2.        ]
[6.64000000e+02 4.21000000e+02 2.68279618e-01 3.00000000e+00]
[5.91000000e+02 5.83000000e+02 2.68940387e-01 4.00000000e+00]
[6.74000000e+02 6.72000000e+02 2.69555576e-01 6.00000000e+00]
[6.77000000e+02 4.79000000e+02 2.70603709e-01 4.00000000e+00]
[6.7000000e+02 6.8400000e+02 2.7175072e-01 1.1000000e+01]
[5.42000000e+02 6.36000000e+02 2.72722807e-01 4.00000000e+00]
[3.35000000e+02 3.38000000e+02 2.72895755e-01 2.00000000e+00]
[168.        255.          0.2741643   2.       ]
[ 33.         122.           0.27495232   2.        ]
[2.1000000e+02 6.8000000e+02 2.7542598e-01 3.0000000e+00]
[217.         222.           0.27660464   2.        ]
[2.44000000e+02 5.82000000e+02 2.77695613e-01 3.00000000e+00]
[1.09000000e+02 6.60000000e+02 2.78251252e-01 6.00000000e+00]
[5.5300000e+02 2.8500000e+02 2.7875298e-01 3.0000000e+00]
[6.7600000e+02 6.6900000e+02 2.7917709e-01 3.7000000e+01]
[6.53000000e+02 2.02000000e+02 2.79402286e-01 1.10000000e+01]
[3.57000000e+02 3.73000000e+02 2.81013014e-01 2.00000000e+00]
[5.10000000e+01 5.20000000e+02 2.81487202e-01 2.00000000e+00]
[6.87000000e+02 6.81000000e+02 2.82061722e-01 5.00000000e+00]
[9.40000000e+01 4.57000000e+02 2.82304537e-01 2.00000000e+00]
[6.7500000e+02 1.7300000e+02 2.8335003e-01 6.0000000e+00]
[3.00000000e+00 7.11000000e+02 2.84790399e-01 3.80000000e+01]
[1.19000000e+02 3.27000000e+02 2.86742174e-01 2.00000000e+00]
[6.29000000e+02 3.91000000e+02 2.87556623e-01 3.00000000e+00]
[8.30000000e+01 6.85000000e+02 2.87717915e-01 3.00000000e+00]
[6.08000000e+02 2.30000000e+01 2.88023598e-01 3.00000000e+00]
[6.92000000e+02 6.99000000e+02 2.88287121e-01 8.00000000e+00]
[6.90000000e+02 4.95000000e+02 2.88476907e-01 3.00000000e+00]
[5.70000000e+01 6.79000000e+02 2.88817277e-01 4.00000000e+00]
[4.40000000e+01 4.52000000e+02 2.88896834e-01 2.00000000e+00]
[5.88000000e+02 6.22000000e+02 2.89568423e-01 4.00000000e+00]
[2.15000000e+02 5.15000000e+02 2.89648765e-01 2.00000000e+00]
[3.37000000e+02 3.76000000e+02 2.89727689e-01 2.00000000e+00]
[7.040000e+02 7.000000e+02 2.905445e-01 6.000000e+00]
[5.47000000e+02 3.24000000e+02 2.90669648e-01 7.00000000e+00]
[2.59000000e+02 3.30000000e+02 2.90927607e-01 2.00000000e+00]
[2.24000000e+02 6.95000000e+02 2.93283158e-01 4.00000000e+00]
[7.14000000e+02 6.96000000e+02 2.93985067e-01 4.00000000e+00]
[5.51000000e+02 3.50000000e+02 2.94355623e-01 3.00000000e+00]
[6.97000000e+02 4.46000000e+02 2.94729628e-01 4.00000000e+00]
[2.28000000e+02 7.13000000e+02 2.95201912e-01 3.00000000e+00]
[1.32000000e+02 5.38000000e+02 2.96013332e-01 2.00000000e+00]
[7.10000000e+02 3.58000000e+02 2.96281834e-01 4.00000000e+00]
[ 18.         294.           0.29651519   2.        ]
[3.43000000e+02 3.44000000e+02 2.97944482e-01 2.00000000e+00]
[4.49000000e+02 4.82000000e+02 2.98212019e-01 2.00000000e+00]
[3.32000000e+02 4.69000000e+02 2.99298611e-01 2.00000000e+00]
[3.80000000e+01 7.09000000e+02 2.99705409e-01 7.00000000e+00]
[6.88000000e+02 7.30000000e+02 3.00891856e-01 8.00000000e+00]
[ 96.         102.           0.30102584   2.        ]
[1.20000000e+01 3.90000000e+02 3.01369439e-01 2.00000000e+00]
[ 28.         184.           0.30187731   2.        ]
[7.18000000e+02 2.66000000e+02 3.02164503e-01 3.90000000e+01]
[5.76000000e+02 6.91000000e+02 3.03749076e-01 4.00000000e+00]
[4.32000000e+02 4.78000000e+02 3.04326654e-01 2.00000000e+00]
[6.13000000e+02 5.84000000e+02 3.04761737e-01 4.00000000e+00]
[7.46000000e+02 1.41000000e+02 3.05329394e-01 3.00000000e+00]
[7.17000000e+02 2.27000000e+02 3.05531215e-01 7.00000000e+00]
[6.98000000e+02 5.96000000e+02 3.06484211e-01 6.00000000e+00]
[7.50000000e+01 7.45000000e+02 3.06503969e-01 9.00000000e+00]
[0.00000000e+00 4.91000000e+02 3.06973236e-01 2.00000000e+00]
[3.20000000e+01 7.24000000e+02 3.07771146e-01 4.00000000e+00]
[6.05000000e+02 5.78000000e+02 3.08096268e-01 4.00000000e+00]
[7.34000000e+02 3.53000000e+02 3.08691663e-01 5.00000000e+00]
[7.23000000e+02 4.63000000e+02 3.08943318e-01 9.00000000e+00]
[7.22000000e+02 6.94000000e+02 3.09464342e-01 6.00000000e+00]
[7.02000000e+02 6.82000000e+02 3.10098004e-01 6.00000000e+00]
[6.4600000e+02 2.2500000e+02 3.1071571e-01 3.0000000e+00]
[139.         253.           0.31125478   2.        ]
[3.40000000e+01 7.32000000e+02 3.11417456e-01 3.00000000e+00]
[7.61000000e+02 1.27000000e+02 3.11610097e-01 1.00000000e+01]
[7.15000000e+02 7.33000000e+02 3.12889019e-01 9.00000000e+00]
[7.16000000e+02 7.37000000e+02 3.13408938e-01 5.00000000e+00]
[4.72000000e+02 5.08000000e+02 3.13433976e-01 2.00000000e+00]
[6.60000000e+01 7.35000000e+02 3.13785703e-01 4.00000000e+00]
[5.80000000e+02 1.05000000e+02 3.14228815e-01 3.00000000e+00]
[7.08000000e+02 6.66000000e+02 3.15356784e-01 5.00000000e+00]
[2.99000000e+02 3.95000000e+02 3.15549594e-01 2.00000000e+00]
[3.4900000e+02 5.0100000e+02 3.1612377e-01 2.0000000e+00]
[7.38000000e+02 6.78000000e+02 3.16217415e-01 6.00000000e+00]
[3.84000000e+02 4.81000000e+02 3.17278407e-01 2.00000000e+00]
[4.66000000e+02 4.94000000e+02 3.17735117e-01 2.00000000e+00]
[7.55000000e+02 1.58000000e+02 3.17888126e-01 7.00000000e+00]
[5.90000000e+01 7.01000000e+02 3.18707422e-01 1.20000000e+01]
[7.49000000e+02 7.19000000e+02 3.19377641e-01 4.10000000e+01]
[7.36000000e+02 4.22000000e+02 3.20297977e-01 5.00000000e+00]
[2.50000000e+01 4.04000000e+02 3.21251895e-01 2.00000000e+00]
[1.16000000e+02 7.29000000e+02 3.22474278e-01 3.00000000e+00]
[5.93000000e+02 7.51000000e+02 3.22617945e-01 4.00000000e+00]
[7.20000000e+02 5.13000000e+02 3.23561451e-01 4.00000000e+00]
[7.73000000e+02 6.11000000e+02 3.23758782e-01 7.00000000e+00]
[4.35000000e+02 5.26000000e+02 3.23937045e-01 2.00000000e+00]
[7.6800000e+02 5.3700000e+02 3.2428419e-01 1.0000000e+01]
[7.44000000e+02 4.54000000e+02 3.24800786e-01 8.00000000e+00]
[7.21000000e+02 7.03000000e+02 3.24840948e-01 5.00000000e+00]
[7.25000000e+02 7.82000000e+02 3.25596085e-01 9.00000000e+00]
[231.         234.           0.32598289   2.        ]
[7.60000000e+02 7.56000000e+02 3.26185593e-01 1.40000000e+01]
[7.47000000e+02 7.69000000e+02 3.27799321e-01 7.00000000e+00]
[6.0000000e+02 2.6700000e+02 3.2914944e-01 3.0000000e+00]
[7.53000000e+02 5.75000000e+02 3.30405553e-01 5.00000000e+00]
[7.67000000e+02 7.27000000e+02 3.31168061e-01 1.40000000e+01]
[3.21000000e+02 3.89000000e+02 3.31441774e-01 2.00000000e+00]
[ 73.         200.           0.33145539   2.        ]
[5.89000000e+02 7.92000000e+02 3.33739066e-01 1.10000000e+01]
[7.81000000e+02 7.54000000e+02 3.35061979e-01 4.80000000e+01]
[7.79000000e+02 4.76000000e+02 3.35279918e-01 8.00000000e+00]
[7.5000000e+02 1.0600000e+02 3.3640143e-01 5.0000000e+00]
[7.07000000e+02 7.74000000e+02 3.36556831e-01 4.00000000e+00]
[7.7700000e+02 7.4200000e+02 3.3662938e-01 4.0000000e+00]
[7.00000000e+00 5.28000000e+02 3.37192311e-01 2.00000000e+00]
[5.86000000e+02 4.64000000e+02 3.38250502e-01 3.00000000e+00]
[161.         260.           0.33922825   2.        ]
[7.6200000e+02 7.3900000e+02 3.3929402e-01 1.0000000e+01]
[2.92000000e+02 3.98000000e+02 3.39776683e-01 2.00000000e+00]
[3.23000000e+02 6.19000000e+02 3.39842375e-01 3.00000000e+00]
[7.89000000e+02 7.97000000e+02 3.39943455e-01 1.50000000e+01]
[7.57000000e+02 1.10000000e+02 3.40151778e-01 3.00000000e+00]
[ 89.         293.           0.34056359   2.        ]
[194.         252.           0.34063536   2.        ]
[4.99000000e+02 5.35000000e+02 3.41417648e-01 2.00000000e+00]
[3.10000000e+01 8.13000000e+02 3.41565846e-01 1.60000000e+01]
[6.23000000e+02 2.20000000e+01 3.41568329e-01 3.00000000e+00]
[7.91000000e+02 5.24000000e+02 3.41606431e-01 6.00000000e+00]
[1.63000000e+02 4.40000000e+02 3.42435267e-01 2.00000000e+00]
[7.41000000e+02 4.84000000e+02 3.42852761e-01 3.00000000e+00]
[6.89000000e+02 7.88000000e+02 3.43853214e-01 4.00000000e+00]
[2.03000000e+02 7.87000000e+02 3.44118691e-01 8.00000000e+00]
[5.81000000e+02 4.12000000e+02 3.45285425e-01 3.00000000e+00]
[2.60000000e+01 7.94000000e+02 3.46325769e-01 1.50000000e+01]
[7.58000000e+02 7.72000000e+02 3.46617268e-01 7.00000000e+00]
[7.95000000e+02 4.24000000e+02 3.47880509e-01 8.00000000e+00]
[7.84000000e+02 1.46000000e+02 3.48243738e-01 4.00000000e+00]
[7.59000000e+02 5.99000000e+02 3.48567459e-01 6.00000000e+00]
[7.90000000e+01 8.20000000e+02 3.49028435e-01 7.00000000e+00]
[250.         284.           0.35096516   2.        ]
[8.04000000e+02 5.10000000e+02 3.51491114e-01 6.00000000e+00]
[8.02000000e+02 7.98000000e+02 3.51819718e-01 6.20000000e+01]
[7.86000000e+02 5.12000000e+02 3.51852313e-01 5.00000000e+00]
[7.75000000e+02 4.53000000e+02 3.52661051e-01 3.00000000e+00]
[1.90000000e+02 4.65000000e+02 3.52955489e-01 2.00000000e+00]
[6.83000000e+02 6.38000000e+02 3.54064888e-01 8.00000000e+00]
[ 43.         273.           0.35524072   2.        ]
[8.33000000e+02 3.12000000e+02 3.55899577e-01 7.00000000e+00]
[6.44000000e+02 7.31000000e+02 3.56376536e-01 9.00000000e+00]
[8.26000000e+02 7.48000000e+02 3.56915965e-01 1.70000000e+01]
[5.60000000e+01 7.28000000e+02 3.57189873e-01 3.00000000e+00]
[7.6600000e+02 3.8700000e+02 3.5903826e-01 4.0000000e+00]
[8.03000000e+02 5.97000000e+02 3.60881323e-01 1.10000000e+01]
[8.22000000e+02 4.97000000e+02 3.61392078e-01 4.00000000e+00]
[3.78000000e+02 8.17000000e+02 3.62351629e-01 3.00000000e+00]
[7.63000000e+02 8.10000000e+02 3.62688311e-01 1.60000000e+01]
[7.85000000e+02 2.88000000e+02 3.62779109e-01 5.00000000e+00]
[7.65000000e+02 8.36000000e+02 3.63884401e-01 5.00000000e+00]
[1.9300000e+02 4.4100000e+02 3.6413297e-01 2.0000000e+00]
[6.42000000e+02 7.78000000e+02 3.65088197e-01 4.00000000e+00]
[8.14000000e+02 1.37000000e+02 3.65546487e-01 4.00000000e+00]
[8.15000000e+02 2.57000000e+02 3.65710422e-01 3.00000000e+00]
[1.18000000e+02 7.06000000e+02 3.65722655e-01 4.00000000e+00]
[7.76000000e+02 1.89000000e+02 3.66255052e-01 7.00000000e+00]
[8.42000000e+02 8.40000000e+02 3.66972133e-01 2.40000000e+01]
[8.27000000e+02 1.57000000e+02 3.67884839e-01 8.00000000e+00]
[ 53.         258.           0.36794858   2.        ]
[7.05000000e+02 3.62000000e+02 3.68509901e-01 3.00000000e+00]
[8.18000000e+02 8.37000000e+02 3.68761339e-01 1.80000000e+01]
[8.44000000e+02 4.83000000e+02 3.68996521e-01 5.00000000e+00]
[2.86000000e+02 7.70000000e+02 3.70011895e-01 3.00000000e+00]
[8.11000000e+02 7.99000000e+02 3.70347867e-01 4.00000000e+00]
[8.49000000e+02 4.93000000e+02 3.70887436e-01 6.00000000e+00]
[6.26000000e+02 4.96000000e+02 3.71699483e-01 3.00000000e+00]
[8.24000000e+02 2.96000000e+02 3.72607335e-01 9.00000000e+00]
[8.01000000e+02 8.57000000e+02 3.73736336e-01 3.50000000e+01]
[7.9600000e+02 4.0100000e+02 3.7444848e-01 4.0000000e+00]
[3.70000000e+01 8.56000000e+02 3.74760105e-01 8.00000000e+00]
[6.43000000e+02 8.06000000e+02 3.74834344e-01 6.00000000e+00]
[2.81000000e+02 8.35000000e+02 3.74836601e-01 6.00000000e+00]
[7.83000000e+02 3.52000000e+02 3.75087908e-01 3.00000000e+00]
[8.45000000e+02 8.30000000e+02 3.76902449e-01 1.70000000e+01]
[8.48000000e+02 8.58000000e+02 3.77168672e-01 2.40000000e+01]
[8.28000000e+02 8.68000000e+02 3.77707152e-01 4.30000000e+01]
[111.         241.           0.37837569   2.        ]
[1.20000000e+02 8.21000000e+02 3.79475562e-01 3.00000000e+00]
[8.59000000e+02 4.56000000e+02 3.79835415e-01 3.00000000e+00]
[145.         242.           0.37987341   2.        ]
[7.80000000e+02 2.80000000e+02 3.80357187e-01 1.30000000e+01]
[8.34000000e+02 7.90000000e+02 3.80456743e-01 7.00000000e+01]
[6.9000000e+01 6.0400000e+02 3.8240124e-01 3.0000000e+00]
[1.00000000e+01 7.64000000e+02 3.82843576e-01 4.00000000e+00]
[7.12000000e+02 1.67000000e+02 3.83671079e-01 1.20000000e+01]
[8.610000e+02 8.230000e+02 3.842067e-01 2.200000e+01]
[8.6200000e+02 8.3100000e+02 3.8550023e-01 1.2000000e+01]
[1.75000000e+02 7.52000000e+02 3.86258932e-01 5.00000000e+00]
[3.85000000e+02 3.92000000e+02 3.86777771e-01 2.00000000e+00]
[342.         368.           0.38728306   2.        ]
[5.71000000e+02 4.17000000e+02 3.87854413e-01 3.00000000e+00]
[8.65000000e+02 8.74000000e+02 3.88012527e-01 2.30000000e+01]
[8.69000000e+02 1.59000000e+02 3.88206537e-01 5.00000000e+00]
[8.76000000e+02 8.67000000e+02 3.88828783e-01 5.20000000e+01]
[2.54000000e+02 5.05000000e+02 3.89128133e-01 2.00000000e+00]
[4.03000000e+02 5.31000000e+02 3.90122653e-01 2.00000000e+00]
[8.75000000e+02 8.50000000e+02 3.90683363e-01 2.90000000e+01]
[8.7100000e+02 8.7200000e+02 3.9280517e-01 1.2000000e+01]
[4.70000000e+01 8.08000000e+02 3.93210545e-01 4.00000000e+00]
[8.53000000e+02 4.20000000e+02 3.97026315e-01 5.00000000e+00]
[8.39000000e+02 5.14000000e+02 3.97434002e-01 3.00000000e+00]
[ 48.         138.           0.39807162   2.        ]
[2.23000000e+02 6.20000000e+02 3.98259431e-01 3.00000000e+00]
[8.85000000e+02 4.28000000e+02 3.99210608e-01 1.30000000e+01]
[6.1500000e+02 5.7900000e+02 3.9979157e-01 4.0000000e+00]
[8.88000000e+02 8.52000000e+02 4.00100464e-01 9.00000000e+00]
[8.8200000e+02 8.1600000e+02 4.0054676e-01 7.2000000e+01]
[8.51000000e+02 2.79000000e+02 4.01477839e-01 3.00000000e+00]
[8.43000000e+02 8.46000000e+02 4.01800552e-01 7.00000000e+00]
[8.66000000e+02 8.47000000e+02 4.02571267e-01 6.00000000e+00]
[8.86000000e+02 4.75000000e+02 4.03029833e-01 2.30000000e+01]
[8.60000000e+02 2.78000000e+02 4.03348196e-01 4.00000000e+00]
[8.93000000e+02 4.30000000e+02 4.04145262e-01 6.00000000e+00]
[8.80000000e+02 8.12000000e+02 4.05045721e-01 5.00000000e+00]
[3.99000000e+02 4.25000000e+02 4.05082864e-01 2.00000000e+00]
[6.50000000e+02 3.25000000e+02 4.06418162e-01 3.00000000e+00]
[8.94000000e+02 8.73000000e+02 4.06867029e-01 5.50000000e+01]
[8.7700000e+02 1.8800000e+02 4.0728327e-01 3.0000000e+00]
[8.70000000e+02 9.04000000e+02 4.07400945e-01 2.10000000e+01]
[8.92000000e+02 9.09000000e+02 4.08392561e-01 3.00000000e+01]
[8.87000000e+02 8.32000000e+02 4.08644243e-01 1.40000000e+01]
[11.         15.          0.40955516  2.        ]
[9.15000000e+02 8.96000000e+02 4.09940507e-01 4.00000000e+00]
[8.81000000e+02 6.86000000e+02 4.11409882e-01 1.60000000e+01]
[9.17000000e+02 8.98000000e+02 4.11509387e-01 6.70000000e+01]
[8.83000000e+02 8.95000000e+02 4.11593893e-01 5.00000000e+00]
[2.00000000e+00 9.11000000e+02 4.11608924e-01 2.40000000e+01]
[5.50000000e+01 8.09000000e+02 4.11803684e-01 3.00000000e+00]
[9.00000000e+02 9.01000000e+02 4.11891814e-01 8.00000000e+00]
[8.9700000e+02 9.1800000e+02 4.1190471e-01 3.2000000e+01]
[8.29000000e+02 8.25000000e+02 4.13697405e-01 7.00000000e+00]
[9.29000000e+02 9.21000000e+02 4.15200595e-01 2.20000000e+01]
[7.40000000e+02 3.54000000e+02 4.15241351e-01 3.00000000e+00]
[9.30000000e+02 9.19000000e+02 4.17389199e-01 5.30000000e+01]
[149.         372.           0.41787681   2.        ]
[9.07000000e+02 5.94000000e+02 4.18176654e-01 7.40000000e+01]
[8.91000000e+02 4.59000000e+02 4.22106431e-01 4.00000000e+00]
[9.2000000e+02 7.2600000e+02 4.2334347e-01 3.2000000e+01]
[3.60000000e+01 5.50000000e+02 4.23371204e-01 3.00000000e+00]
[3.75000000e+02 8.89000000e+02 4.23525933e-01 3.00000000e+00]
[9.25000000e+02 9.13000000e+02 4.23540286e-01 7.30000000e+01]
[8.05000000e+02 9.10000000e+02 4.25584996e-01 1.00000000e+01]
[2.30000000e+02 5.32000000e+02 4.25695125e-01 2.00000000e+00]
[9.38000000e+02 4.74000000e+02 4.26408073e-01 3.30000000e+01]
[9.36000000e+02 9.34000000e+02 4.26410627e-01 1.27000000e+02]
[9.12000000e+02 8.64000000e+02 4.28794089e-01 8.00000000e+00]
[9.44000000e+02 9.31000000e+02 4.29789006e-01 4.00000000e+01]
[8.63000000e+02 4.51000000e+02 4.30026457e-01 4.00000000e+00]
[9.41000000e+02 9.42000000e+02 4.30119968e-01 8.30000000e+01]
[8.19000000e+02 6.68000000e+02 4.30120037e-01 5.00000000e+00]
[9.27000000e+02 3.88000000e+02 4.30645062e-01 2.50000000e+01]
[2.35000000e+02 5.39000000e+02 4.32315644e-01 2.00000000e+00]
[6.3100000e+02 9.0800000e+02 4.3448584e-01 6.0000000e+00]
[8.38000000e+02 3.04000000e+02 4.35808578e-01 9.00000000e+00]
[9.32000000e+02 9.40000000e+02 4.36171079e-01 2.50000000e+01]
[133.         364.           0.43917873   2.        ]
[9.24000000e+02 3.13000000e+02 4.40797353e-01 1.70000000e+01]
[9.16000000e+02 4.16000000e+02 4.41211646e-01 4.00000000e+00]
[9.14000000e+02 5.34000000e+02 4.41583013e-01 6.00000000e+00]
[9.55000000e+02 9.26000000e+02 4.41663232e-01 3.00000000e+01]
[1.87000000e+02 5.00000000e+02 4.41855615e-01 2.00000000e+00]
[9.49000000e+02 8.54000000e+02 4.43512143e-01 8.60000000e+01]
[9.50000000e+02 9.35000000e+02 4.44982399e-01 7.00000000e+00]
[9.06000000e+02 1.81000000e+02 4.45729176e-01 1.00000000e+01]
[9.54000000e+02 9.48000000e+02 4.47969145e-01 1.30000000e+01]
[8.40000000e+01 8.78000000e+02 4.48368201e-01 4.00000000e+00]
[8.4100000e+02 2.8700000e+02 4.5043893e-01 1.0000000e+01]
[9.46000000e+02 1.51000000e+02 4.50973338e-01 9.00000000e+00]
[9.60000000e+02 9.03000000e+02 4.51663933e-01 3.30000000e+01]
[9.62000000e+02 9.47000000e+02 4.51667083e-01 1.26000000e+02]
[9.0500000e+02 8.9900000e+02 4.5198053e-01 8.0000000e+00]
[1.77000000e+02 4.98000000e+02 4.55479405e-01 2.00000000e+00]
[9.59000000e+02 7.93000000e+02 4.57159278e-01 8.00000000e+00]
[377.         431.           0.45747066   2.        ]
[ 45.         434.           0.45774454   2.        ]
[9.02000000e+02 9.67000000e+02 4.58068497e-01 1.20000000e+01]
[8.00000000e+02 9.52000000e+02 4.58614193e-01 4.00000000e+00]
[9.28000000e+02 1.07000000e+02 4.58773173e-01 4.00000000e+00]
[9.61000000e+02 8.90000000e+02 4.59237746e-01 4.00000000e+00]
[3.90000000e+01 6.03000000e+02 4.61148496e-01 3.00000000e+00]
[9.69000000e+02 9.45000000e+02 4.62393688e-01 1.60000000e+02]
[9.65000000e+02 9.23000000e+02 4.62642935e-01 1.70000000e+01]
[9.39000000e+02 4.55000000e+02 4.62789471e-01 4.00000000e+00]
[360.         407.           0.46352528   2.        ]
[9.3700000e+02 4.1100000e+02 4.6455541e-01 5.0000000e+00]
[8.7900000e+02 7.4300000e+02 4.6511122e-01 5.0000000e+00]
[114.         191.           0.46773725   2.        ]
[8.07000000e+02 9.68000000e+02 4.68244924e-01 1.10000000e+01]
[9.53000000e+02 6.00000000e+01 4.68904655e-01 7.00000000e+00]
[198.         263.           0.46960973   2.        ]
[1.26000000e+02 4.88000000e+02 4.69883637e-01 2.00000000e+00]
[9.71000000e+02 9.66000000e+02 4.71674997e-01 1.20000000e+01]
[9.58000000e+02 5.07000000e+02 4.74137094e-01 5.00000000e+00]
[9.70000000e+02 9.80000000e+02 4.74546368e-01 1.29000000e+02]
[ 99.         470.           0.47501597   2.        ]
[8.00000000e+00 9.33000000e+02 4.75991213e-01 4.00000000e+00]
[9.82000000e+02 5.58000000e+02 4.76486358e-01 1.90000000e+01]
[9.94000000e+02 9.64000000e+02 4.77310258e-01 1.39000000e+02]
[9.51000000e+02 3.51000000e+02 4.81297224e-01 2.60000000e+01]
[9.22000000e+02 5.04000000e+02 4.83207633e-01 3.00000000e+00]
[5.41000000e+02 9.57000000e+02 4.83368337e-01 2.00000000e+01]
[9.9900000e+02 9.9200000e+02 4.8432629e-01 3.8000000e+01]
[9.98000000e+02 9.73000000e+02 4.85174753e-01 1.47000000e+02]
[9.75000000e+02 5.36000000e+02 4.86611788e-01 3.00000000e+00]
[9.86000000e+02 2.82000000e+02 4.87008231e-01 6.00000000e+00]
[2.68000000e+02 5.02000000e+02 4.87358103e-01 2.00000000e+00]
[9.81000000e+02 9.97000000e+02 4.91396803e-01 1.79000000e+02]
[6.9300000e+02 9.7700000e+02 4.9261183e-01 6.0000000e+00]
[8.84000000e+02 9.76000000e+02 4.92881467e-01 1.60000000e+01]
[1.00200000e+03 9.84000000e+02 4.95924733e-01 4.00000000e+01]
[134.         243.           0.49645871   2.        ]
[9.78000000e+02 3.10000000e+02 4.97982735e-01 5.00000000e+00]
[1.01000000e+03 9.89000000e+02 4.98293351e-01 4.70000000e+01]
[1.00700000e+03 9.96000000e+02 5.01312012e-01 1.83000000e+02]
[306.         379.           0.50146149   2.        ]
[9.85000000e+02 3.70000000e+02 5.02674056e-01 6.00000000e+00]
[1.79000000e+02 9.90000000e+02 5.02807358e-01 3.00000000e+00]
[9.8800000e+02 6.0100000e+02 5.0557753e-01 1.3000000e+01]
[9.87000000e+02 3.55000000e+02 5.10652726e-01 3.00000000e+00]
[1.01400000e+03 1.00300000e+03 5.13558409e-01 3.30000000e+02]
[1.00100000e+03 9.63000000e+02 5.14474263e-01 2.70000000e+01]
[1.01200000e+03 1.31000000e+02 5.14502145e-01 6.00000000e+00]
[166.         169.           0.51628822   2.        ]
[9.95000000e+02 1.01100000e+03 5.16474738e-01 4.00000000e+00]
[1.01300000e+03 9.93000000e+02 5.18958017e-01 5.20000000e+01]
[1.02100000e+03 1.00500000e+03 5.20975121e-01 3.30000000e+01]
[9.83000000e+02 1.02200000e+03 5.22814806e-01 1.00000000e+01]
[9.43000000e+02 4.77000000e+02 5.24125229e-01 3.00000000e+00]
[1.02500000e+03 1.00400000e+03 5.25328715e-01 5.50000000e+01]
[1.0260000e+03 1.0240000e+03 5.2958598e-01 3.7000000e+01]
[9.79000000e+02 9.74000000e+02 5.30761909e-01 6.00000000e+00]
[1.01900000e+03 5.98000000e+02 5.35609474e-01 5.00000000e+00]
[8.60000000e+01 9.56000000e+02 5.37140997e-01 3.00000000e+00]
[1.027000e+03 9.720000e+02 5.387266e-01 1.200000e+01]
[1.02900000e+03 1.03200000e+03 5.41096846e-01 6.00000000e+01]
[4.20000000e+01 9.91000000e+02 5.44613373e-01 3.00000000e+00]
[1.02000000e+03 1.01800000e+03 5.45880124e-01 3.43000000e+02]
[1.00000000e+03 8.55000000e+02 5.50009466e-01 7.00000000e+00]
[1.03700000e+03 1.03000000e+03 5.53825124e-01 3.80000000e+02]
[1.0350000e+03 1.0340000e+03 5.5719296e-01 7.2000000e+01]
[1.03900000e+03 7.71000000e+02 5.63484782e-01 3.84000000e+02]
[1.00600000e+03 4.19000000e+02 5.63958295e-01 3.00000000e+00]
[147.         423.           0.57614948   2.        ]
[1.0410000e+03 1.0400000e+03 5.7763504e-01 4.5600000e+02]
[1.01600000e+03 1.00800000e+03 5.79038062e-01 1.20000000e+01]
[1.03100000e+03 1.01500000e+03 5.86084707e-01 8.00000000e+00]
[1.03600000e+03 1.02800000e+03 5.91153226e-01 6.00000000e+00]
[1.04400000e+03 5.06000000e+02 6.00734382e-01 4.57000000e+02]
[1.04800000e+03 1.04200000e+03 6.02475108e-01 4.60000000e+02]
[1.04900000e+03 1.62000000e+02 6.07620823e-01 4.61000000e+02]
[1.05000000e+03 1.03800000e+03 6.08323556e-01 4.68000000e+02]
[1.05100000e+03 1.04600000e+03 6.17502643e-01 4.76000000e+02]
[1.04500000e+03 7.70000000e+01 6.19748575e-01 1.30000000e+01]
[1.03300000e+03 3.16000000e+02 6.27530793e-01 4.00000000e+00]
[1.05200000e+03 1.00900000e+03 6.27840827e-01 4.92000000e+02]
[1.04700000e+03 1.71000000e+02 6.37353157e-01 7.00000000e+00]
[1.05300000e+03 3.19000000e+02 6.39215364e-01 1.40000000e+01]
[1.05500000e+03 1.05400000e+03 6.43216215e-01 4.96000000e+02]
[1.0800000e+02 1.0170000e+03 6.5123966e-01 4.0000000e+00]
[1.05800000e+03 1.02300000e+03 6.51369535e-01 4.98000000e+02]
[1.06000000e+03 6.61000000e+02 6.60815139e-01 5.00000000e+02]
[1.06100000e+03 1.04300000e+03 6.76467934e-01 5.02000000e+02]
[1.06200000e+03 1.05600000e+03 6.79372956e-01 5.09000000e+02]
[1.06300000e+03 1.30000000e+01 6.96036305e-01 5.10000000e+02]
[1.06400000e+03 1.05900000e+03 7.04803423e-01 5.14000000e+02]
[1.05700000e+03 4.47000000e+02 7.18579116e-01 1.50000000e+01]
[1.06500000e+03 4.58000000e+02 7.21097388e-01 5.15000000e+02]
[1.06700000e+03 2.12000000e+02 7.21467247e-01 5.16000000e+02]
[1.06800000e+03 3.14000000e+02 7.37656452e-01 5.17000000e+02]
[1.06900000e+03 3.41000000e+02 7.39220947e-01 5.18000000e+02]
[1.07000000e+03 1.06600000e+03 7.43213221e-01 5.33000000e+02]
[1.0710000e+03 2.8900000e+02 7.5097592e-01 5.3400000e+02]
[1.07200000e+03 5.33000000e+02 7.83211202e-01 5.35000000e+02]
[1.0730000e+03 2.7700000e+02 8.6817175e-01 5.3600000e+02]
[1.07400000e+03 3.11000000e+02 9.27969686e-01 5.37000000e+02]
[1.07500000e+03 2.40000000e+01 9.49919928e-01 5.38000000e+02]
[1.07600000e+03 4.29000000e+02 1.02362903e+00 5.39000000e+02]
[1.0770000e+03 2.0100000e+02 1.0265347e+00 5.4000000e+02]
