[  1. 216.   0.   2.]
[540. 113.   0.   3.]
[  6. 129.   0.   2.]
[64. 68.  0.  2.]
[543.  93.   0.   3.]
[544. 123.   0.   4.]
[545. 214.   0.   5.]
[546. 261.   0.   6.]
[ 78. 125.   0.   2.]
[548. 315.   0.   3.]
[ 90. 518.   0.   2.]
[103. 196.   0.   2.]
[136. 336.   0.   2.]
[178. 245.   0.   2.]
[270. 271.   0.   2.]
[300. 302.   0.   2.]
[5.54000000e+02 4.00000000e+02 4.96705373e-09 3.00000000e+00]
[3.59000000e+02 4.13000000e+02 1.49011612e-08 2.00000000e+00]
[7.20000000e+01 4.37000000e+02 1.82501207e-08 2.00000000e+00]
[5.00000000e+01 1.35000000e+02 2.10734243e-08 2.00000000e+00]
[5.59000000e+02 3.29000000e+02 2.10734243e-08 3.00000000e+00]
[7.40000000e+01 9.10000000e+01 2.10734243e-08 2.00000000e+00]
[5.61000000e+02 3.17000000e+02 2.10734243e-08 3.00000000e+00]
[1.40000000e+02 3.80000000e+02 2.10734243e-08 2.00000000e+00]
[2.20000000e+02 2.95000000e+02 2.10734243e-08 2.00000000e+00]
[9.50000000e+01 1.52000000e+02 2.58095683e-08 2.00000000e+00]
[2.40000000e+02 3.01000000e+02 2.58095683e-08 2.00000000e+00]
[3.07000000e+02 5.65000000e+02 2.58095683e-08 3.00000000e+00]
[3.08000000e+02 5.67000000e+02 2.58095683e-08 4.00000000e+00]
[5.68000000e+02 5.66000000e+02 2.58095683e-08 6.00000000e+00]
[5.69000000e+02 5.60000000e+02 2.58095683e-08 9.00000000e+00]
[5.55000000e+02 4.68000000e+02 3.23812286e-08 3.00000000e+00]
[6.10000000e+01 2.36000000e+02 3.65002415e-08 2.00000000e+00]
[8.10000000e+01 5.64000000e+02 5.05322962e-08 3.00000000e+00]
[5.62000000e+02 2.74000000e+02 9.24592737e-08 4.00000000e+00]
[5.73000000e+02 5.70000000e+02 2.54465547e-02 1.20000000e+01]
[3.09000000e+02 3.94000000e+02 6.73684209e-02 2.00000000e+00]
[6.30000000e+01 4.26000000e+02 6.87958194e-02 2.00000000e+00]
[4.92000000e+02 5.23000000e+02 7.00534255e-02 2.00000000e+00]
[3.46000000e+02 4.38000000e+02 7.37755871e-02 2.00000000e+00]
[3.00000000e+01 2.09000000e+02 7.49299468e-02 2.00000000e+00]
[4.90000000e+01 2.46000000e+02 7.69118658e-02 2.00000000e+00]
[1.24000000e+02 3.05000000e+02 7.71730135e-02 2.00000000e+00]
[3.48000000e+02 3.67000000e+02 7.83635504e-02 2.00000000e+00]
[2.48000000e+02 5.16000000e+02 7.85871413e-02 2.00000000e+00]
[4.36000000e+02 5.22000000e+02 8.05204646e-02 2.00000000e+00]
[3.66000000e+02 5.17000000e+02 8.15927055e-02 2.00000000e+00]
[3.39000000e+02 4.73000000e+02 8.20849537e-02 2.00000000e+00]
[2.90000000e+02 5.30000000e+02 8.37565665e-02 2.00000000e+00]
[65.        76.         0.0843783  2.       ]
[21.         40.          0.08627462  2.        ]
[8.00000000e+01 4.09000000e+02 8.65656498e-02 2.00000000e+00]
[41.         52.          0.08949783  2.        ]
[2.70000000e+01 1.72000000e+02 9.49699863e-02 2.00000000e+00]
[3.03000000e+02 3.69000000e+02 9.52058577e-02 2.00000000e+00]
[5.63000000e+02 5.56000000e+02 9.67398225e-02 5.00000000e+00]
[3.97000000e+02 4.44000000e+02 9.88823921e-02 2.00000000e+00]
[1.44000000e+02 5.57000000e+02 9.96474977e-02 3.00000000e+00]
[1.43000000e+02 4.45000000e+02 1.00533872e-01 2.00000000e+00]
[2.97000000e+02 4.27000000e+02 1.00803743e-01 2.00000000e+00]
[1.70000000e+01 2.83000000e+02 1.00886543e-01 2.00000000e+00]
[2.1800000e+02 5.0300000e+02 1.0135376e-01 2.0000000e+00]
[2.1300000e+02 3.8600000e+02 1.0245912e-01 2.0000000e+00]
[3.96000000e+02 4.14000000e+02 1.03295485e-01 2.00000000e+00]
[2.4700000e+02 2.4900000e+02 1.0590195e-01 2.0000000e+00]
[1.85000000e+02 1.95000000e+02 1.06391067e-01 2.00000000e+00]
[5.74000000e+02 2.04000000e+02 1.08741896e-01 5.00000000e+00]
[1.60000000e+01 4.39000000e+02 1.09901442e-01 2.00000000e+00]
[1.65000000e+02 1.80000000e+02 1.11539949e-01 2.00000000e+00]
[4.0000000e+00 2.6200000e+02 1.1416379e-01 2.0000000e+00]
[4.15000000e+02 4.60000000e+02 1.15742604e-01 2.00000000e+00]
[2.05000000e+02 2.51000000e+02 1.19263498e-01 2.00000000e+00]
[4.18000000e+02 4.61000000e+02 1.20969906e-01 2.00000000e+00]
[6.08000000e+02 2.91000000e+02 1.21237297e-01 3.00000000e+00]
[2.90000000e+01 4.86000000e+02 1.21871126e-01 2.00000000e+00]
[5.95000000e+02 1.70000000e+02 1.23368748e-01 6.00000000e+00]
[1.55000000e+02 2.72000000e+02 1.23752403e-01 2.00000000e+00]
[ 62.         112.           0.12446764   2.        ]
[5.75000000e+02 6.15000000e+02 1.27107196e-01 1.80000000e+01]
[4.0200000e+02 4.8900000e+02 1.2811596e-01 2.0000000e+00]
[3.20000000e+02 4.06000000e+02 1.30107787e-01 2.00000000e+00]
[6.13000000e+02 2.08000000e+02 1.32201097e-01 4.00000000e+00]
[3.81000000e+02 4.05000000e+02 1.36179118e-01 2.00000000e+00]
[1.40000000e+01 4.33000000e+02 1.36660546e-01 2.00000000e+00]
[6.06000000e+02 1.64000000e+02 1.37993508e-01 6.00000000e+00]
[6.09000000e+02 2.21000000e+02 1.42380131e-01 3.00000000e+00]
[6.18000000e+02 1.30000000e+02 1.45107386e-01 1.90000000e+01]
[3.56000000e+02 4.67000000e+02 1.48863793e-01 2.00000000e+00]
[6.26000000e+02 2.19000000e+02 1.51443371e-01 2.00000000e+01]
[6.21000000e+02 2.33000000e+02 1.52736021e-01 5.00000000e+00]
[3.18000000e+02 5.09000000e+02 1.57339045e-01 2.00000000e+00]
[5.92000000e+02 3.82000000e+02 1.60232587e-01 3.00000000e+00]
[1.28000000e+02 3.33000000e+02 1.64285414e-01 2.00000000e+00]
[2.07000000e+02 2.56000000e+02 1.66740488e-01 2.00000000e+00]
[  9.         156.           0.16895805   2.        ]
[2.76000000e+02 3.45000000e+02 1.72012201e-01 2.00000000e+00]
[2.29000000e+02 3.34000000e+02 1.72186857e-01 2.00000000e+00]
[5.52000000e+02 1.76000000e+02 1.72961141e-01 3.00000000e+00]
[3.93000000e+02 5.11000000e+02 1.74690417e-01 2.00000000e+00]
[1.83000000e+02 3.47000000e+02 1.74927355e-01 2.00000000e+00]
[6.32000000e+02 6.29000000e+02 1.80281597e-01 7.00000000e+00]
[3.61000000e+02 5.27000000e+02 1.80512585e-01 2.00000000e+00]
[2.37000000e+02 4.90000000e+02 1.81076907e-01 2.00000000e+00]
[ 54.        148.          0.1811315   2.       ]
[ 19.         104.           0.18194226   2.        ]
[2.06000000e+02 3.22000000e+02 1.83144601e-01 2.00000000e+00]
[6.24000000e+02 1.21000000e+02 1.85269263e-01 7.00000000e+00]
[6.17000000e+02 6.40000000e+02 1.86651486e-01 9.00000000e+00]
[1.42000000e+02 5.19000000e+02 1.94042466e-01 2.00000000e+00]
[6.28000000e+02 1.60000000e+02 1.97242965e-01 2.10000000e+01]
[6.47000000e+02 1.15000000e+02 1.98974237e-01 1.00000000e+01]
[117.         153.           0.20349747   2.        ]
[6.4900000e+02 6.3600000e+02 2.0486666e-01 2.3000000e+01]
[7.00000000e+01 6.39000000e+02 2.08302978e-01 3.00000000e+00]
[6.52000000e+02 2.39000000e+02 2.11896111e-01 2.40000000e+01]
[6.34000000e+02 5.49000000e+02 2.12338295e-01 5.00000000e+00]
[6.54000000e+02 6.25000000e+02 2.15214738e-01 2.70000000e+01]
[2.65000000e+02 6.33000000e+02 2.17192699e-01 3.00000000e+00]
[9.2000000e+01 2.6900000e+02 2.1738547e-01 2.0000000e+00]
[2.00000000e+01 6.57000000e+02 2.18502677e-01 4.00000000e+00]
[6.11000000e+02 5.71000000e+02 2.20141632e-01 5.00000000e+00]
[2.98000000e+02 6.56000000e+02 2.20775523e-01 2.80000000e+01]
[1.54000000e+02 6.61000000e+02 2.20808725e-01 2.90000000e+01]
[3.65000000e+02 4.43000000e+02 2.24924921e-01 2.00000000e+00]
[1.01000000e+02 5.25000000e+02 2.32953046e-01 2.00000000e+00]
[4.08000000e+02 4.50000000e+02 2.35010015e-01 2.00000000e+00]
[3.63000000e+02 5.21000000e+02 2.36370907e-01 2.00000000e+00]
[2.64000000e+02 6.62000000e+02 2.37024794e-01 3.00000000e+01]
[6.46000000e+02 1.74000000e+02 2.38980889e-01 8.00000000e+00]
[5.0000000e+00 2.7500000e+02 2.4107769e-01 2.0000000e+00]
[6.53000000e+02 1.82000000e+02 2.44895522e-01 4.00000000e+00]
[ 46.         211.           0.24812682   2.        ]
[5.88000000e+02 1.68000000e+02 2.52734448e-01 3.00000000e+00]
[6.37000000e+02 1.86000000e+02 2.52946486e-01 4.00000000e+00]
[6.02000000e+02 4.71000000e+02 2.55789186e-01 3.00000000e+00]
[3.74000000e+02 3.83000000e+02 2.56088207e-01 2.00000000e+00]
[5.86000000e+02 3.71000000e+02 2.56839738e-01 3.00000000e+00]
[ 67.         150.           0.25708084   2.        ]
[6.55000000e+02 1.99000000e+02 2.57490908e-01 6.00000000e+00]
[8.70000000e+01 6.51000000e+02 2.59210846e-01 3.00000000e+00]
[3.31000000e+02 4.42000000e+02 2.59546348e-01 2.00000000e+00]
[4.80000000e+02 6.67000000e+02 2.59613189e-01 3.10000000e+01]
[6.58000000e+02 1.92000000e+02 2.59663368e-01 3.00000000e+00]
[6.59000000e+02 6.69000000e+02 2.60841253e-01 6.00000000e+00]
[8.80000000e+01 6.76000000e+02 2.61497193e-01 4.00000000e+00]
[4.48000000e+02 4.54000000e+02 2.62248252e-01 2.00000000e+00]
[100.          51.           0.26309195   2.        ]
[ 58.         238.           0.26353331   2.        ]
[3.40000000e+02 6.83000000e+02 2.63818468e-01 7.00000000e+00]
[3.26000000e+02 5.29000000e+02 2.63943419e-01 2.00000000e+00]
[35.        82.         0.2645664  2.       ]
[7.10000000e+01 4.62000000e+02 2.65582039e-01 2.00000000e+00]
[1.97000000e+02 6.72000000e+02 2.65736428e-01 4.00000000e+00]
[3.00000000e+00 6.44000000e+02 2.66010947e-01 3.00000000e+00]
[9.80000000e+01 6.16000000e+02 2.66655643e-01 3.00000000e+00]
[2.32000000e+02 5.78000000e+02 2.67008591e-01 3.00000000e+00]
[2.26000000e+02 6.64000000e+02 2.67271837e-01 3.00000000e+00]
[3.2000000e+01 4.8700000e+02 2.6762662e-01 2.0000000e+00]
[5.91000000e+02 5.84000000e+02 2.68940387e-01 4.00000000e+00]
[6.71000000e+02 6.70000000e+02 2.69555576e-01 6.00000000e+00]
[6.6800000e+02 6.7900000e+02 2.7175072e-01 1.1000000e+01]
[9.70000000e+01 6.96000000e+02 2.72052895e-01 4.00000000e+00]
[5.42000000e+02 6.35000000e+02 2.72722807e-01 4.00000000e+00]
[3.35000000e+02 3.38000000e+02 2.72895755e-01 2.00000000e+00]
[6.92000000e+02 4.79000000e+02 2.73128473e-01 5.00000000e+00]
[ 33.         122.           0.27495232   2.        ]
[2.1000000e+02 6.7500000e+02 2.7542598e-01 3.0000000e+00]
[2.22000000e+02 2.99000000e+02 2.76604637e-01 2.00000000e+00]
[2.44000000e+02 5.83000000e+02 2.77695613e-01 3.00000000e+00]
[1.09000000e+02 6.60000000e+02 2.78251252e-01 6.00000000e+00]
[5.5300000e+02 6.9400000e+02 2.7875298e-01 5.0000000e+00]
[4.85000000e+02 7.01000000e+02 2.79148674e-01 5.00000000e+00]
[7.04000000e+02 3.73000000e+02 2.79360429e-01 6.00000000e+00]
[6.50000000e+02 2.02000000e+02 2.79402286e-01 1.10000000e+01]
[2.27000000e+02 6.88000000e+02 2.80899096e-01 8.00000000e+00]
[9.40000000e+01 4.57000000e+02 2.82304537e-01 2.00000000e+00]
[6.84000000e+02 4.10000000e+02 2.82740157e-01 5.00000000e+00]
[2.5500000e+02 7.1200000e+02 2.8291453e-01 7.0000000e+00]
[6.81000000e+02 6.85000000e+02 2.83302523e-01 3.30000000e+01]
[3.57000000e+02 6.89000000e+02 2.83758297e-01 3.00000000e+00]
[3.28000000e+02 7.18000000e+02 2.83919657e-01 3.40000000e+01]
[3.27000000e+02 6.99000000e+02 2.86742174e-01 7.00000000e+00]
[3.91000000e+02 7.19000000e+02 2.87556623e-01 4.00000000e+00]
[8.30000000e+01 6.80000000e+02 2.87717915e-01 3.00000000e+00]
[6.07000000e+02 2.30000000e+01 2.88023598e-01 3.00000000e+00]
[5.70000000e+01 7.17000000e+02 2.88817277e-01 8.00000000e+00]
[4.40000000e+01 4.52000000e+02 2.88896834e-01 2.00000000e+00]
[5.89000000e+02 6.22000000e+02 2.89568423e-01 4.00000000e+00]
[2.15000000e+02 5.15000000e+02 2.89648765e-01 2.00000000e+00]
[3.76000000e+02 7.22000000e+02 2.89727689e-01 5.00000000e+00]
[4.21000000e+02 4.46000000e+02 2.90410135e-01 2.00000000e+00]
[5.47000000e+02 3.24000000e+02 2.90669648e-01 7.00000000e+00]
[2.59000000e+02 6.90000000e+02 2.90927607e-01 3.00000000e+00]
[6.95000000e+02 7.16000000e+02 2.93283158e-01 8.00000000e+00]
[3.50000000e+02 7.14000000e+02 2.94355623e-01 9.00000000e+00]
[ 85.         173.           0.29453921   2.        ]
[7.11000000e+02 7.25000000e+02 2.95081137e-01 1.30000000e+01]
[1.32000000e+02 5.38000000e+02 2.96013332e-01 2.00000000e+00]
[7.10000000e+02 7.24000000e+02 2.96491237e-01 8.00000000e+00]
[ 18.         294.           0.29651519   2.        ]
[3.43000000e+02 3.44000000e+02 2.97944482e-01 2.00000000e+00]
[6.77000000e+02 4.95000000e+02 2.98035906e-01 3.00000000e+00]
[4.49000000e+02 4.82000000e+02 2.98212019e-01 2.00000000e+00]
[6.60000000e+01 5.51000000e+02 2.99142336e-01 3.00000000e+00]
[2.17000000e+02 7.07000000e+02 2.99267996e-01 3.00000000e+00]
[3.32000000e+02 4.69000000e+02 2.99298611e-01 2.00000000e+00]
[3.80000000e+01 7.09000000e+02 2.99705409e-01 7.00000000e+00]
[7.3600000e+02 6.7400000e+02 3.0001224e-01 1.6000000e+01]
[ 96.         102.           0.30102584   2.        ]
[1.20000000e+01 7.15000000e+02 3.01369439e-01 3.00000000e+00]
[ 28.         184.           0.30187731   2.        ]
[6.93000000e+02 7.20000000e+02 3.03008182e-01 3.70000000e+01]
[2.24000000e+02 7.33000000e+02 3.03944904e-01 9.00000000e+00]
[4.32000000e+02 5.93000000e+02 3.04326654e-01 3.00000000e+00]
[6.12000000e+02 5.85000000e+02 3.04761737e-01 4.00000000e+00]
[2.66000000e+02 7.51000000e+02 3.04973075e-01 3.80000000e+01]
[7.48000000e+02 1.41000000e+02 3.05329394e-01 3.00000000e+00]
[7.38000000e+02 3.58000000e+02 3.06231084e-01 9.00000000e+00]
[6.30000000e+02 7.29000000e+02 3.06312919e-01 7.00000000e+00]
[6.98000000e+02 5.96000000e+02 3.06484211e-01 6.00000000e+00]
[0.00000000e+00 4.91000000e+02 3.06973236e-01 2.00000000e+00]
[6.05000000e+02 5.79000000e+02 3.08096268e-01 4.00000000e+00]
[6.86000000e+02 7.47000000e+02 3.08879135e-01 1.80000000e+01]
[3.90000000e+02 7.49000000e+02 3.10684061e-01 4.00000000e+00]
[6.4500000e+02 2.2500000e+02 3.1071571e-01 3.0000000e+00]
[2.28000000e+02 7.63000000e+02 3.10906783e-01 5.00000000e+00]
[7.32000000e+02 7.34000000e+02 3.10946113e-01 1.20000000e+01]
[139.         253.           0.31125478   2.        ]
[3.53000000e+02 7.62000000e+02 3.11258615e-01 1.90000000e+01]
[1.16000000e+02 3.37000000e+02 3.13047397e-01 2.00000000e+00]
[4.72000000e+02 5.08000000e+02 3.13433976e-01 2.00000000e+00]
[4.63000000e+02 7.21000000e+02 3.13854808e-01 8.00000000e+00]
[5.81000000e+02 1.05000000e+02 3.14228815e-01 3.00000000e+00]
[7.08000000e+02 6.65000000e+02 3.15356784e-01 5.00000000e+00]
[3.4900000e+02 5.0100000e+02 3.1612377e-01 2.0000000e+00]
[7.37000000e+02 6.73000000e+02 3.16217415e-01 6.00000000e+00]
[5.77000000e+02 1.06000000e+02 3.17253963e-01 3.00000000e+00]
[3.84000000e+02 7.42000000e+02 3.17278407e-01 3.00000000e+00]
[4.66000000e+02 4.94000000e+02 3.17735117e-01 2.00000000e+00]
[7.59000000e+02 1.58000000e+02 3.17888126e-01 7.00000000e+00]
[7.57000000e+02 2.85000000e+02 3.17889454e-01 1.00000000e+01]
[1.27000000e+02 7.71000000e+02 3.18446253e-01 9.00000000e+00]
[5.90000000e+01 7.00000000e+02 3.18707422e-01 1.20000000e+01]
[7.52000000e+02 5.37000000e+02 3.20288499e-01 1.00000000e+01]
[2.50000000e+01 4.04000000e+02 3.21251895e-01 2.00000000e+00]
[7.68000000e+02 5.20000000e+02 3.21884306e-01 2.00000000e+01]
[7.53000000e+02 4.78000000e+02 3.22105204e-01 4.00000000e+00]
[7.02000000e+02 7.41000000e+02 3.23448451e-01 7.00000000e+00]
[7.73000000e+02 6.10000000e+02 3.23758782e-01 7.00000000e+00]
[7.23000000e+02 7.03000000e+02 3.23837813e-01 5.00000000e+00]
[4.35000000e+02 6.78000000e+02 3.23937045e-01 7.00000000e+00]
[3.78000000e+02 4.22000000e+02 3.24652658e-01 2.00000000e+00]
[7.35000000e+02 7.55000000e+02 3.25089577e-01 4.00000000e+01]
[7.50000000e+01 7.85000000e+02 3.25580461e-01 2.10000000e+01]
[231.         234.           0.32598289   2.        ]
[7.92000000e+02 1.19000000e+02 3.27353116e-01 4.10000000e+01]
[3.10000000e+01 7.83000000e+02 3.28271288e-01 1.10000000e+01]
[6.0000000e+02 2.6700000e+02 3.2914944e-01 3.0000000e+00]
[7.66000000e+02 6.97000000e+02 3.30171885e-01 1.40000000e+01]
[7.56000000e+02 7.96000000e+02 3.30405553e-01 1.40000000e+01]
[3.89000000e+02 7.27000000e+02 3.31441774e-01 5.00000000e+00]
[ 73.         200.           0.33145539   2.        ]
[7.77000000e+02 4.81000000e+02 3.31673345e-01 4.00000000e+00]
[7.81000000e+02 7.95000000e+02 3.31750308e-01 5.00000000e+01]
[5.13000000e+02 7.58000000e+02 3.31831585e-01 8.00000000e+00]
[3.40000000e+01 7.98000000e+02 3.32659012e-01 1.50000000e+01]
[7.79000000e+02 5.97000000e+02 3.35279918e-01 1.00000000e+01]
[7.93000000e+02 7.50000000e+02 3.36852459e-01 2.30000000e+01]
[7.00000000e+00 5.28000000e+02 3.37192311e-01 2.00000000e+00]
[5.2600000e+02 6.8700000e+02 3.3744238e-01 3.0000000e+00]
[5.87000000e+02 4.64000000e+02 3.38250502e-01 3.00000000e+00]
[2.6000000e+01 8.0700000e+02 3.3844003e-01 2.4000000e+01]
[161.         260.           0.33922825   2.        ]
[2.92000000e+02 3.98000000e+02 3.39776683e-01 2.00000000e+00]
[3.23000000e+02 6.19000000e+02 3.39842375e-01 3.00000000e+00]
[7.60000000e+02 1.10000000e+02 3.40151778e-01 3.00000000e+00]
[2.93000000e+02 8.11000000e+02 3.40563586e-01 2.50000000e+01]
[194.         252.           0.34063536   2.        ]
[4.76000000e+02 8.06000000e+02 3.40654102e-01 1.10000000e+01]
[4.99000000e+02 8.02000000e+02 3.41417648e-01 5.00000000e+00]
[7.30000000e+02 7.61000000e+02 3.41443257e-01 6.00000000e+00]
[6.23000000e+02 2.20000000e+01 3.41568329e-01 3.00000000e+00]
[7.89000000e+02 8.00000000e+02 3.41606431e-01 1.00000000e+01]
[1.63000000e+02 7.99000000e+02 3.42435267e-01 1.50000000e+01]
[7.40000000e+02 4.84000000e+02 3.42852761e-01 3.00000000e+00]
[7.69000000e+02 1.46000000e+02 3.43586791e-01 3.00000000e+00]
[8.05000000e+02 3.30000000e+02 3.43882671e-01 1.60000000e+01]
[7.88000000e+02 7.80000000e+02 3.44118691e-01 1.70000000e+01]
[5.82000000e+02 4.12000000e+02 3.45285425e-01 3.00000000e+00]
[5.24000000e+02 8.22000000e+02 3.46520219e-01 1.10000000e+01]
[7.76000000e+02 7.86000000e+02 3.47346909e-01 7.00000000e+00]
[6.27000000e+02 5.35000000e+02 3.50584048e-01 3.00000000e+00]
[1.9000000e+02 8.1600000e+02 3.5091486e-01 2.6000000e+01]
[250.         284.           0.35096516   2.        ]
[6.38000000e+02 8.26000000e+02 3.52062027e-01 1.80000000e+01]
[7.74000000e+02 8.29000000e+02 3.52661051e-01 1.30000000e+01]
[4.30000000e+01 7.72000000e+02 3.53562029e-01 4.00000000e+00]
[6.43000000e+02 7.31000000e+02 3.56376536e-01 9.00000000e+00]
[8.20000000e+02 8.04000000e+02 3.56507836e-01 1.40000000e+01]
[7.44000000e+02 3.95000000e+02 3.56991862e-01 4.00000000e+00]
[7.28000000e+02 8.18000000e+02 3.57189873e-01 1.30000000e+01]
[8.32000000e+02 2.03000000e+02 3.61371128e-01 2.70000000e+01]
[8.24000000e+02 4.97000000e+02 3.61392078e-01 4.00000000e+00]
[5.90000000e+02 8.38000000e+02 3.61848919e-01 1.60000000e+01]
[ 89.         257.           0.36195171   2.        ]
[5.60000000e+01 8.19000000e+02 3.62174511e-01 6.00000000e+00]
[5.100000e+02 8.300000e+02 3.627036e-01 8.000000e+00]
[5.80000000e+02 8.23000000e+02 3.64066117e-01 1.70000000e+01]
[4.4100000e+02 8.4700000e+02 3.6413297e-01 1.8000000e+01]
[6.41000000e+02 7.78000000e+02 3.65088197e-01 4.00000000e+00]
[8.15000000e+02 1.37000000e+02 3.65546487e-01 4.00000000e+00]
[1.18000000e+02 7.06000000e+02 3.65722655e-01 4.00000000e+00]
[1.89000000e+02 8.27000000e+02 3.66255052e-01 1.80000000e+01]
[2.58000000e+02 7.97000000e+02 3.67948584e-01 4.00000000e+00]
[7.05000000e+02 3.62000000e+02 3.68509901e-01 3.00000000e+00]
[8.13000000e+02 3.21000000e+02 3.68594545e-01 3.00000000e+00]
[7.90000000e+01 8.35000000e+02 3.68594885e-01 1.40000000e+01]
[8.36000000e+02 8.50000000e+02 3.68724278e-01 8.00000000e+00]
[4.96000000e+02 8.31000000e+02 3.68983972e-01 4.00000000e+00]
[3.12000000e+02 8.46000000e+02 3.69275826e-01 9.00000000e+00]
[1.93000000e+02 8.48000000e+02 3.69418447e-01 1.90000000e+01]
[2.86000000e+02 7.70000000e+02 3.70011895e-01 3.00000000e+00]
[8.03000000e+02 8.17000000e+02 3.70021871e-01 5.20000000e+01]
[2.73000000e+02 3.99000000e+02 3.72851546e-01 2.00000000e+00]
[7.65000000e+02 8.59000000e+02 3.73115197e-01 1.40000000e+01]
[7.67000000e+02 8.52000000e+02 3.74025461e-01 2.00000000e+01]
[7.84000000e+02 8.64000000e+02 3.75087908e-01 1.60000000e+01]
[8.34000000e+02 7.90000000e+02 3.75138997e-01 2.50000000e+01]
[4.01000000e+02 4.24000000e+02 3.75614739e-01 2.00000000e+00]
[3.70000000e+01 7.13000000e+02 3.75741336e-01 1.20000000e+01]
[5.30000000e+01 4.56000000e+02 3.75834984e-01 2.00000000e+00]
[4.80000000e+01 3.87000000e+02 3.75960396e-01 2.00000000e+00]
[8.40000000e+02 8.45000000e+02 3.76115707e-01 1.90000000e+01]
[2.88000000e+02 4.93000000e+02 3.78158916e-01 2.00000000e+00]
[1.11000000e+02 8.65000000e+02 3.78375685e-01 2.10000000e+01]
[1.45000000e+02 8.43000000e+02 3.79873406e-01 1.70000000e+01]
[7.82000000e+02 2.80000000e+02 3.80357187e-01 1.30000000e+01]
[7.91000000e+02 8.58000000e+02 3.80382705e-01 6.00000000e+00]
[5.76000000e+02 8.25000000e+02 3.80521043e-01 5.00000000e+00]
[8.41000000e+02 4.65000000e+02 3.82383224e-01 2.80000000e+01]
[6.9000000e+01 6.0400000e+02 3.8240124e-01 3.0000000e+00]
[1.00000000e+01 7.64000000e+02 3.82843576e-01 4.00000000e+00]
[8.67000000e+02 4.83000000e+02 3.84656343e-01 2.60000000e+01]
[8.72000000e+02 8.42000000e+02 3.84825739e-01 2.30000000e+01]
[7.54000000e+02 8.49000000e+02 3.86258932e-01 8.00000000e+00]
[3.92000000e+02 8.79000000e+02 3.86777771e-01 2.90000000e+01]
[8.57000000e+02 5.14000000e+02 3.86781109e-01 9.00000000e+00]
[342.         368.           0.38728306   2.        ]
[188.         241.           0.38752617   2.        ]
[5.72000000e+02 4.17000000e+02 3.87854413e-01 3.00000000e+00]
[2.54000000e+02 5.05000000e+02 3.89128133e-01 2.00000000e+00]
[159.        352.          0.3893694   2.       ]
[1.75000000e+02 8.84000000e+02 3.89994136e-01 9.00000000e+00]
[7.87000000e+02 8.62000000e+02 3.90040535e-01 5.90000000e+01]
[5.31000000e+02 8.09000000e+02 3.90122653e-01 4.00000000e+00]
[2.96000000e+02 5.94000000e+02 3.92394395e-01 3.00000000e+00]
[4.70000000e+01 8.10000000e+02 3.93210545e-01 4.00000000e+00]
[7.46000000e+02 2.35000000e+02 3.93692861e-01 8.00000000e+00]
[8.69000000e+02 8.93000000e+02 3.94664874e-01 7.10000000e+01]
[8.82000000e+02 8.56000000e+02 3.97699598e-01 4.00000000e+01]
[2.23000000e+02 6.20000000e+02 3.98259431e-01 3.00000000e+00]
[8.8300000e+02 8.7300000e+02 3.9854632e-01 2.5000000e+01]
[7.26000000e+02 5.99000000e+02 3.98741513e-01 4.00000000e+00]
[5.12000000e+02 8.77000000e+02 4.00031248e-01 7.00000000e+00]
[2.81000000e+02 9.01000000e+02 4.02738545e-01 2.60000000e+01]
[7.75000000e+02 8.98000000e+02 4.02946702e-01 7.70000000e+01]
[8.54000000e+02 8.55000000e+02 4.03348196e-01 6.00000000e+00]
[8.91000000e+02 8.66000000e+02 4.04290745e-01 1.80000000e+01]
[4.03000000e+02 8.94000000e+02 4.05376586e-01 5.00000000e+00]
[8.74000000e+02 8.88000000e+02 4.05809735e-01 2.30000000e+01]
[6.48000000e+02 4.16000000e+02 4.06418162e-01 3.00000000e+00]
[8.78000000e+02 8.85000000e+02 4.07482559e-01 3.40000000e+01]
[4.25000000e+02 8.99000000e+02 4.08015454e-01 4.10000000e+01]
[4.28000000e+02 8.97000000e+02 4.08481259e-01 9.00000000e+00]
[8.75000000e+02 8.39000000e+02 4.08793056e-01 2.10000000e+01]
[4.5300000e+02 9.0900000e+02 4.0888637e-01 2.4000000e+01]
[8.1400000e+02 5.3400000e+02 4.0913576e-01 4.0000000e+00]
[1.38000000e+02 8.37000000e+02 4.09281513e-01 1.00000000e+01]
[11.         15.          0.40955516  2.        ]
[8.53000000e+02 9.07000000e+02 4.10264628e-01 2.20000000e+01]
[1.81000000e+02 8.68000000e+02 4.10660042e-01 3.00000000e+00]
[8.76000000e+02 6.82000000e+02 4.11409882e-01 1.60000000e+01]
[8.80000000e+02 9.19000000e+02 4.11593893e-01 2.50000000e+01]
[8.12000000e+02 9.12000000e+02 4.11803684e-01 4.30000000e+01]
[8.86000000e+02 8.63000000e+02 4.12114198e-01 1.10000000e+01]
[9.03000000e+02 9.04000000e+02 4.12913151e-01 3.30000000e+01]
[ 55.         107.           0.41326996   2.        ]
[9.06000000e+02 2.78000000e+02 4.13313246e-01 7.00000000e+00]
[8.6000000e+02 2.7900000e+02 4.1379206e-01 2.0000000e+01]
[3.75000000e+02 9.15000000e+02 4.14562754e-01 2.50000000e+01]
[7.39000000e+02 3.54000000e+02 4.15241351e-01 3.00000000e+00]
[  2.         388.           0.41666883   2.        ]
[9.24000000e+02 3.85000000e+02 4.17065389e-01 1.20000000e+01]
[149.         372.           0.41787681   2.        ]
[1.57000000e+02 8.33000000e+02 4.18451253e-01 3.00000000e+00]
[3.25000000e+02 9.10000000e+02 4.20363161e-01 4.00000000e+00]
[9.14000000e+02 9.25000000e+02 4.21511392e-01 5.40000000e+01]
[8.89000000e+02 4.59000000e+02 4.22106431e-01 4.00000000e+00]
[3.60000000e+01 5.50000000e+02 4.23371204e-01 3.00000000e+00]
[9.11000000e+02 9.08000000e+02 4.23728642e-01 3.90000000e+01]
[8.08000000e+02 4.30000000e+02 4.24917296e-01 3.00000000e+00]
[2.30000000e+02 5.32000000e+02 4.25695125e-01 2.00000000e+00]
[9.90000000e+01 9.05000000e+02 4.26479728e-01 7.80000000e+01]
[8.90000000e+02 8.95000000e+02 4.28226368e-01 5.00000000e+00]
[9.23000000e+02 9.39000000e+02 4.28519557e-01 8.20000000e+01]
[6.42000000e+02 9.35000000e+02 4.29095596e-01 6.00000000e+00]
[8.61000000e+02 4.51000000e+02 4.30026457e-01 4.00000000e+00]
[8.21000000e+02 9.21000000e+02 4.30120037e-01 1.90000000e+01]
[9.29000000e+02 9.22000000e+02 4.30787281e-01 5.00000000e+01]
[6.31000000e+02 9.28000000e+02 4.32017683e-01 2.30000000e+01]
[9.32000000e+02 9.48000000e+02 4.33742812e-01 6.20000000e+01]
[4.7500000e+02 9.4500000e+02 4.3387011e-01 7.0000000e+00]
[8.71000000e+02 9.17000000e+02 4.35774059e-01 1.20000000e+01]
[9.36000000e+02 9.16000000e+02 4.36460904e-01 5.80000000e+01]
[1.20000000e+02 4.40000000e+02 4.39016054e-01 2.00000000e+00]
[133.         364.           0.43917873   2.        ]
[4.20000000e+02 9.50000000e+02 4.40082565e-01 6.30000000e+01]
[9.53000000e+02 9.02000000e+02 4.41337571e-01 6.20000000e+01]
[9.57000000e+02 7.94000000e+02 4.41458727e-01 6.40000000e+01]
[5.00000000e+02 8.87000000e+02 4.41855615e-01 3.00000000e+00]
[8.92000000e+02 9.20000000e+02 4.43008067e-01 1.20000000e+01]
[6.14000000e+02 8.96000000e+02 4.43912636e-01 6.00000000e+00]
[8.28000000e+02 5.98000000e+02 4.44318971e-01 5.00000000e+00]
[167.         243.           0.44585855   2.        ]
[8.01000000e+02 5.39000000e+02 4.48165137e-01 3.00000000e+00]
[1.87000000e+02 9.27000000e+02 4.48431122e-01 8.00000000e+00]
[8.40000000e+01 9.61000000e+02 4.51329253e-01 7.00000000e+00]
[9.34000000e+02 2.68000000e+02 4.53129241e-01 4.00000000e+00]
[9.510000e+02 8.440000e+02 4.551681e-01 9.000000e+00]
[1.77000000e+02 4.98000000e+02 4.55479405e-01 2.00000000e+00]
[4.74000000e+02 9.68000000e+02 4.56254081e-01 1.00000000e+01]
[4.31000000e+02 9.65000000e+02 4.57470661e-01 9.00000000e+00]
[4.5000000e+01 9.4400000e+02 4.5774454e-01 8.3000000e+01]
[6.6600000e+02 9.4700000e+02 4.5787409e-01 2.1000000e+01]
[9.33000000e+02 9.42000000e+02 4.58756845e-01 8.00000000e+01]
[3.90000000e+01 9.56000000e+02 4.61148496e-01 6.40000000e+01]
[9.58000000e+02 2.42000000e+02 4.62344742e-01 6.50000000e+01]
[9.38000000e+02 4.55000000e+02 4.62789471e-01 4.00000000e+00]
[9.00000000e+02 9.75000000e+02 4.63264735e-01 6.70000000e+01]
[3.60000000e+02 9.49000000e+02 4.63525281e-01 2.40000000e+01]
[9.3700000e+02 4.1100000e+02 4.6455541e-01 5.0000000e+00]
[9.72000000e+02 3.04000000e+02 4.64666941e-01 8.40000000e+01]
[9.60000000e+02 9.76000000e+02 4.66187858e-01 7.70000000e+01]
[9.13000000e+02 9.74000000e+02 4.66764632e-01 8.90000000e+01]
[8.7000000e+02 9.8300000e+02 4.6754635e-01 9.1000000e+01]
[114.         191.           0.46773725   2.        ]
[198.         263.           0.46960973   2.        ]
[1.51000000e+02 9.59000000e+02 4.69653141e-01 4.00000000e+00]
[1.26000000e+02 4.88000000e+02 4.69883637e-01 2.00000000e+00]
[9.30000000e+02 9.52000000e+02 4.70738501e-01 1.50000000e+01]
[3.13000000e+02 9.73000000e+02 4.70944177e-01 2.20000000e+01]
[9.78000000e+02 9.43000000e+02 4.72562282e-01 7.20000000e+01]
[6.03000000e+02 9.91000000e+02 4.73015528e-01 7.40000000e+01]
[9.66000000e+02 9.54000000e+02 4.73374512e-01 9.00000000e+00]
[9.46000000e+02 9.81000000e+02 4.77100814e-01 8.80000000e+01]
[9.79000000e+02 9.70000000e+02 4.82214704e-01 3.40000000e+01]
[9.89000000e+02 9.84000000e+02 4.82707541e-01 1.06000000e+02]
[9.18000000e+02 5.04000000e+02 4.83207633e-01 3.00000000e+00]
[3.51000000e+02 9.92000000e+02 4.85920043e-01 7.50000000e+01]
[9.40000000e+02 6.01000000e+02 4.86121575e-01 5.00000000e+00]
[131.         434.           0.48729714   2.        ]
[6.91000000e+02 9.64000000e+02 4.88106016e-01 5.00000000e+00]
[5.58000000e+02 1.71000000e+02 4.88478218e-01 3.00000000e+00]
[9.67000000e+02 9.63000000e+02 4.91285041e-01 6.00000000e+00]
[9.95000000e+02 9.93000000e+02 4.92790818e-01 4.30000000e+01]
[8.0000000e+00 9.9600000e+02 4.9381854e-01 1.0700000e+02]
[1.34000000e+02 1.00300000e+03 4.95412124e-01 7.00000000e+00]
[1.00400000e+03 9.62000000e+02 4.95469031e-01 4.80000000e+01]
[9.71000000e+02 9.82000000e+02 4.96367901e-01 8.60000000e+01]
[1.00700000e+03 9.98000000e+02 4.99347461e-01 1.23000000e+02]
[306.         379.           0.50146149   2.        ]
[5.41000000e+02 7.45000000e+02 5.01850142e-01 5.00000000e+00]
[9.77000000e+02 3.10000000e+02 5.02535785e-01 5.00000000e+00]
[9.80000000e+02 3.70000000e+02 5.02674056e-01 6.00000000e+00]
[1.79000000e+02 9.86000000e+02 5.02807358e-01 3.00000000e+00]
[1.00900000e+03 9.31000000e+02 5.06328378e-01 1.25000000e+02]
[3.41000000e+02 5.36000000e+02 5.06713018e-01 2.00000000e+00]
[1.01500000e+03 4.07000000e+02 5.07034561e-01 1.26000000e+02]
[9.85000000e+02 1.01700000e+03 5.10652726e-01 1.28000000e+02]
[1.0080000e+03 9.9000000e+02 5.1302713e-01 1.0800000e+02]
[166.         169.           0.51628822   2.        ]
[9.26000000e+02 3.16000000e+02 5.18911989e-01 3.00000000e+00]
[1.01900000e+03 9.99000000e+02 5.21074703e-01 1.13000000e+02]
[1.02200000e+03 9.87000000e+02 5.23476138e-01 1.17000000e+02]
[9.41000000e+02 9.88000000e+02 5.24125229e-01 4.00000000e+00]
[1.00500000e+03 1.00600000e+03 5.24130463e-01 1.14000000e+02]
[4.70000000e+02 1.02300000e+03 5.24723908e-01 1.18000000e+02]
[1.01800000e+03 3.55000000e+02 5.32887861e-01 1.29000000e+02]
[9.97000000e+02 6.00000000e+01 5.33901244e-01 4.00000000e+00]
[8.60000000e+01 9.55000000e+02 5.37140997e-01 3.00000000e+00]
[9.94000000e+02 1.02500000e+03 5.40449826e-01 2.02000000e+02]
[1.01300000e+03 2.82000000e+02 5.43897247e-01 7.00000000e+00]
[9.69000000e+02 1.02600000e+03 5.44486065e-01 1.20000000e+02]
[1.01200000e+03 5.06000000e+02 5.52435626e-01 6.00000000e+00]
[4.20000000e+01 1.02400000e+03 5.55111313e-01 5.00000000e+00]
[1.00000000e+03 1.03000000e+03 5.59073794e-01 2.04000000e+02]
[1.02100000e+03 1.02700000e+03 5.60548288e-01 1.32000000e+02]
[1.02800000e+03 8.51000000e+02 5.61247874e-01 8.00000000e+00]
[1.03100000e+03 1.00100000e+03 5.72790636e-01 1.20000000e+01]
[147.         423.           0.57614948   2.        ]
[1.0350000e+03 1.0360000e+03 5.7696248e-01 3.3600000e+02]
[1.03300000e+03 1.04000000e+03 5.77479573e-01 3.42000000e+02]
[1.00200000e+03 1.62000000e+02 5.79208263e-01 4.00000000e+00]
[419.         502.           0.58209962   2.        ]
[1.01100000e+03 1.03700000e+03 5.87752048e-01 1.30000000e+01]
[1.04100000e+03 1.03200000e+03 5.98504785e-01 4.62000000e+02]
[1.01400000e+03 5.07000000e+02 6.12607392e-01 4.00000000e+00]
[1.04500000e+03 1.04200000e+03 6.16570504e-01 4.66000000e+02]
[1.0380000e+03 7.7000000e+01 6.1869867e-01 1.3000000e+01]
[1.04400000e+03 8.81000000e+02 6.20067707e-01 1.70000000e+01]
[1.04700000e+03 7.43000000e+02 6.31070122e-01 4.69000000e+02]
[1.02900000e+03 1.08000000e+02 6.33086052e-01 4.00000000e+00]
[1.01000000e+03 1.05100000e+03 6.36068048e-01 6.00000000e+00]
[1.04800000e+03 3.19000000e+02 6.37938305e-01 1.40000000e+01]
[377.         447.           0.64039517   2.        ]
[1.04900000e+03 2.87000000e+02 6.51689351e-01 1.80000000e+01]
[1.05000000e+03 1.05500000e+03 6.59850731e-01 4.87000000e+02]
[4.77000000e+02 1.05600000e+03 6.61181926e-01 4.88000000e+02]
[1.05200000e+03 4.58000000e+02 6.68504749e-01 7.00000000e+00]
[1.03400000e+03 1.05700000e+03 6.73301656e-01 4.93000000e+02]
[1.05300000e+03 1.05400000e+03 6.83464444e-01 1.60000000e+01]
[1.05900000e+03 1.04300000e+03 6.83919683e-01 4.95000000e+02]
[1.02000000e+03 1.05800000e+03 6.86163845e-01 9.00000000e+00]
[1.06200000e+03 1.04600000e+03 6.98656706e-01 1.30000000e+01]
[1.06100000e+03 1.06300000e+03 7.09365489e-01 5.08000000e+02]
[1.06400000e+03 1.03900000e+03 7.10502598e-01 5.10000000e+02]
[1.06500000e+03 2.89000000e+02 7.10721689e-01 5.11000000e+02]
[ 13.         663.           0.73236251   3.        ]
[277.         314.           0.75833946   2.        ]
[1.06600000e+03 1.06700000e+03 7.64912635e-01 5.14000000e+02]
[1.06900000e+03 1.06800000e+03 7.64989887e-01 5.16000000e+02]
[1.07000000e+03 1.06000000e+03 7.65437588e-01 5.32000000e+02]
[1.07100000e+03 1.01600000e+03 7.68223066e-01 5.34000000e+02]
[1.07200000e+03 2.12000000e+02 7.72024312e-01 5.35000000e+02]
[1.07300000e+03 5.33000000e+02 8.00681215e-01 5.36000000e+02]
[1.07400000e+03 3.11000000e+02 9.05497263e-01 5.37000000e+02]
[2.4000000e+01 1.0750000e+03 1.0030647e+00 5.3800000e+02]
[1.07600000e+03 2.01000000e+02 1.06719422e+00 5.39000000e+02]
[1077.          429.            1.13197333  540.        ]
