[  1. 216.   0.   2.]
[540. 113.   0.   3.]
[  6. 129.   0.   2.]
[64. 68.  0.  2.]
[543.  93.   0.   3.]
[544. 123.   0.   4.]
[545. 214.   0.   5.]
[546. 261.   0.   6.]
[ 78. 125.   0.   2.]
[548. 315.   0.   3.]
[ 90. 518.   0.   2.]
[103. 196.   0.   2.]
[136. 336.   0.   2.]
[178. 245.   0.   2.]
[270. 271.   0.   2.]
[300. 302.   0.   2.]
[5.54000000e+02 1.40000000e+02 4.96705373e-09 3.00000000e+00]
[3.59000000e+02 4.13000000e+02 1.49011612e-08 2.00000000e+00]
[7.20000000e+01 4.37000000e+02 1.82501207e-08 2.00000000e+00]
[5.00000000e+01 1.35000000e+02 2.10734243e-08 2.00000000e+00]
[5.59000000e+02 3.29000000e+02 2.10734243e-08 3.00000000e+00]
[7.40000000e+01 9.10000000e+01 2.10734243e-08 2.00000000e+00]
[5.61000000e+02 3.17000000e+02 2.10734243e-08 3.00000000e+00]
[2.20000000e+02 2.95000000e+02 2.10734243e-08 2.00000000e+00]
[9.50000000e+01 1.52000000e+02 2.58095683e-08 2.00000000e+00]
[2.40000000e+02 3.01000000e+02 2.58095683e-08 2.00000000e+00]
[3.07000000e+02 5.64000000e+02 2.58095683e-08 3.00000000e+00]
[3.08000000e+02 5.66000000e+02 2.58095683e-08 4.00000000e+00]
[5.67000000e+02 5.65000000e+02 2.58095683e-08 6.00000000e+00]
[5.68000000e+02 5.60000000e+02 2.58095683e-08 9.00000000e+00]
[5.55000000e+02 4.68000000e+02 3.23812286e-08 3.00000000e+00]
[6.10000000e+01 2.36000000e+02 3.65002415e-08 2.00000000e+00]
[5.63000000e+02 5.69000000e+02 5.05322962e-08 1.10000000e+01]
[5.62000000e+02 2.74000000e+02 9.24592737e-08 4.00000000e+00]
[5.72000000e+02 1.30000000e+02 1.14509739e-02 1.20000000e+01]
[5.74000000e+02 2.19000000e+02 2.07244778e-02 1.30000000e+01]
[5.56000000e+02 1.70000000e+02 2.41849594e-02 4.00000000e+00]
[8.10000000e+01 5.75000000e+02 2.81666397e-02 1.40000000e+01]
[5.76000000e+02 4.00000000e+02 4.03094495e-02 5.00000000e+00]
[3.09000000e+02 3.94000000e+02 6.73684209e-02 2.00000000e+00]
[6.30000000e+01 4.26000000e+02 6.87958194e-02 2.00000000e+00]
[4.92000000e+02 5.23000000e+02 7.00534255e-02 2.00000000e+00]
[3.46000000e+02 4.38000000e+02 7.37755871e-02 2.00000000e+00]
[3.00000000e+01 2.09000000e+02 7.49299468e-02 2.00000000e+00]
[4.90000000e+01 2.46000000e+02 7.69118658e-02 2.00000000e+00]
[1.24000000e+02 3.05000000e+02 7.71730135e-02 2.00000000e+00]
[3.48000000e+02 3.67000000e+02 7.83635504e-02 2.00000000e+00]
[2.48000000e+02 5.16000000e+02 7.85871413e-02 2.00000000e+00]
[4.36000000e+02 5.22000000e+02 8.05204646e-02 2.00000000e+00]
[3.66000000e+02 5.17000000e+02 8.15927055e-02 2.00000000e+00]
[3.39000000e+02 4.73000000e+02 8.20849537e-02 2.00000000e+00]
[2.90000000e+02 5.30000000e+02 8.37565665e-02 2.00000000e+00]
[65.        76.         0.0843783  2.       ]
[21.         40.          0.08627462  2.        ]
[8.00000000e+01 4.09000000e+02 8.65656498e-02 2.00000000e+00]
[5.78000000e+02 3.34000000e+02 8.69108102e-02 6.00000000e+00]
[5.20000000e+01 3.82000000e+02 8.94978268e-02 2.00000000e+00]
[2.70000000e+01 1.72000000e+02 9.49699863e-02 2.00000000e+00]
[3.03000000e+02 3.69000000e+02 9.52058577e-02 2.00000000e+00]
[3.97000000e+02 4.44000000e+02 9.88823921e-02 2.00000000e+00]
[5.950000e+02 2.290000e+02 9.917462e-02 7.000000e+00]
[1.44000000e+02 5.57000000e+02 9.96474977e-02 3.00000000e+00]
[1.43000000e+02 4.45000000e+02 1.00533872e-01 2.00000000e+00]
[2.97000000e+02 4.27000000e+02 1.00803743e-01 2.00000000e+00]
[1.70000000e+01 2.83000000e+02 1.00886543e-01 2.00000000e+00]
[2.1800000e+02 5.0300000e+02 1.0135376e-01 2.0000000e+00]
[2.1300000e+02 3.8600000e+02 1.0245912e-01 2.0000000e+00]
[3.96000000e+02 4.14000000e+02 1.03295485e-01 2.00000000e+00]
[2.4700000e+02 2.4900000e+02 1.0590195e-01 2.0000000e+00]
[1.85000000e+02 1.95000000e+02 1.06391067e-01 2.00000000e+00]
[3.80000000e+02 5.77000000e+02 1.08609462e-01 1.50000000e+01]
[5.73000000e+02 2.04000000e+02 1.08741896e-01 5.00000000e+00]
[1.60000000e+01 4.39000000e+02 1.09901442e-01 2.00000000e+00]
[1.65000000e+02 1.80000000e+02 1.11539949e-01 2.00000000e+00]
[4.10000000e+01 5.96000000e+02 1.11810694e-01 3.00000000e+00]
[2.6200000e+02 6.1000000e+02 1.1416379e-01 1.6000000e+01]
[4.15000000e+02 4.60000000e+02 1.15742604e-01 2.00000000e+00]
[2.51000000e+02 6.15000000e+02 1.19263498e-01 1.70000000e+01]
[4.18000000e+02 4.61000000e+02 1.20969906e-01 2.00000000e+00]
[6.13000000e+02 2.91000000e+02 1.21237297e-01 3.00000000e+00]
[2.90000000e+01 4.86000000e+02 1.21871126e-01 2.00000000e+00]
[1.55000000e+02 2.72000000e+02 1.23752403e-01 2.00000000e+00]
[6.20000000e+01 6.19000000e+02 1.24467636e-01 4.00000000e+00]
[4.00000000e+00 6.17000000e+02 1.26142185e-01 1.80000000e+01]
[4.0200000e+02 4.8900000e+02 1.2811596e-01 2.0000000e+00]
[3.20000000e+02 4.06000000e+02 1.30107787e-01 2.00000000e+00]
[3.81000000e+02 4.05000000e+02 1.36179118e-01 2.00000000e+00]
[1.40000000e+01 4.33000000e+02 1.36660546e-01 2.00000000e+00]
[6.11000000e+02 1.64000000e+02 1.37993508e-01 6.00000000e+00]
[3.56000000e+02 4.67000000e+02 1.48863793e-01 2.00000000e+00]
[6.22000000e+02 1.12000000e+02 1.53817887e-01 5.00000000e+00]
[3.18000000e+02 5.09000000e+02 1.57339045e-01 2.00000000e+00]
[1.28000000e+02 6.30000000e+02 1.64285414e-01 6.00000000e+00]
[2.07000000e+02 2.56000000e+02 1.66740488e-01 2.00000000e+00]
[2.08000000e+02 6.32000000e+02 1.68313737e-01 7.00000000e+00]
[9.00000000e+00 5.49000000e+02 1.68958048e-01 4.00000000e+00]
[3.45000000e+02 5.42000000e+02 1.72012201e-01 3.00000000e+00]
[5.52000000e+02 6.23000000e+02 1.72961141e-01 2.00000000e+01]
[5.11000000e+02 6.12000000e+02 1.74690417e-01 3.00000000e+00]
[1.83000000e+02 3.47000000e+02 1.74927355e-01 2.00000000e+00]
[3.61000000e+02 5.27000000e+02 1.80512585e-01 2.00000000e+00]
[2.37000000e+02 4.90000000e+02 1.81076907e-01 2.00000000e+00]
[ 54.        148.          0.1811315   2.       ]
[1.04000000e+02 6.00000000e+02 1.81942261e-01 8.00000000e+00]
[6.34000000e+02 3.33000000e+02 1.82386432e-01 8.00000000e+00]
[2.06000000e+02 3.22000000e+02 1.83144601e-01 2.00000000e+00]
[6.28000000e+02 1.21000000e+02 1.85269263e-01 7.00000000e+00]
[6.44000000e+02 1.15000000e+02 1.88800672e-01 9.00000000e+00]
[1.90000000e+01 6.43000000e+02 1.89109647e-01 9.00000000e+00]
[6.35000000e+02 1.56000000e+02 1.92318955e-01 5.00000000e+00]
[1.42000000e+02 6.01000000e+02 1.94042466e-01 4.00000000e+00]
[6.47000000e+02 2.02000000e+02 1.94714137e-01 1.00000000e+01]
[1.60000000e+02 6.33000000e+02 2.03135404e-01 3.00000000e+00]
[1.53000000e+02 6.46000000e+02 2.03497471e-01 8.00000000e+00]
[6.510000e+02 2.330000e+02 2.072878e-01 1.100000e+01]
[2.05000000e+02 6.37000000e+02 2.07518248e-01 2.10000000e+01]
[7.00000000e+01 6.39000000e+02 2.08302978e-01 3.00000000e+00]
[1.76000000e+02 6.55000000e+02 2.11033019e-01 2.20000000e+01]
[6.36000000e+02 6.48000000e+02 2.15472012e-01 1.20000000e+01]
[2.00000000e+01 6.52000000e+02 2.17192699e-01 4.00000000e+00]
[9.2000000e+01 6.5300000e+02 2.1738547e-01 9.0000000e+00]
[2.98000000e+02 3.00000000e+00 2.20775523e-01 2.00000000e+00]
[3.65000000e+02 4.43000000e+02 2.24924921e-01 2.00000000e+00]
[2.3900000e+02 3.2800000e+02 2.2744073e-01 2.0000000e+00]
[6.59000000e+02 2.65000000e+02 2.28067445e-01 5.00000000e+00]
[1.09000000e+02 5.70000000e+02 2.32346761e-01 4.00000000e+00]
[1.01000000e+02 5.25000000e+02 2.32953046e-01 2.00000000e+00]
[4.08000000e+02 5.86000000e+02 2.35010015e-01 3.00000000e+00]
[3.63000000e+02 5.21000000e+02 2.36370907e-01 2.00000000e+00]
[2.64000000e+02 6.61000000e+02 2.37024794e-01 3.00000000e+00]
[1.54000000e+02 6.69000000e+02 2.37157614e-01 4.00000000e+00]
[5.0000000e+00 6.6400000e+02 2.4107769e-01 6.0000000e+00]
[6.56000000e+02 1.82000000e+02 2.44895522e-01 4.00000000e+00]
[6.63000000e+02 4.48000000e+02 2.46841468e-01 3.00000000e+00]
[4.60000000e+01 6.72000000e+02 2.48126815e-01 5.00000000e+00]
[5.91000000e+02 1.68000000e+02 2.52734448e-01 3.00000000e+00]
[6.49000000e+02 1.99000000e+02 2.54530075e-01 6.00000000e+00]
[3.93000000e+02 6.38000000e+02 2.54613823e-01 4.00000000e+00]
[6.06000000e+02 4.71000000e+02 2.55789186e-01 3.00000000e+00]
[3.74000000e+02 3.83000000e+02 2.56088207e-01 2.00000000e+00]
[8.50000000e+01 6.70000000e+02 2.56827887e-01 5.00000000e+00]
[5.89000000e+02 3.71000000e+02 2.56839738e-01 3.00000000e+00]
[1.50000000e+02 6.71000000e+02 2.57080843e-01 7.00000000e+00]
[6.74000000e+02 3.50000000e+01 2.59534975e-01 6.00000000e+00]
[4.42000000e+02 6.75000000e+02 2.59546348e-01 4.00000000e+00]
[8.80000000e+01 6.81000000e+02 2.61497193e-01 4.00000000e+00]
[100.          51.           0.26309195   2.        ]
[2.38000000e+02 6.85000000e+02 2.63533313e-01 5.00000000e+00]
[4.87000000e+02 6.21000000e+02 2.63818468e-01 3.00000000e+00]
[3.26000000e+02 5.29000000e+02 2.63943419e-01 2.00000000e+00]
[6.83000000e+02 2.11000000e+02 2.64197567e-01 7.00000000e+00]
[1.17000000e+02 6.60000000e+02 2.65084221e-01 1.00000000e+01]
[7.10000000e+01 4.62000000e+02 2.65582039e-01 2.00000000e+00]
[1.97000000e+02 6.66000000e+02 2.65736428e-01 3.00000000e+00]
[3.40000000e+02 6.82000000e+02 2.66774813e-01 8.00000000e+00]
[5.81000000e+02 2.24000000e+02 2.67008591e-01 3.00000000e+00]
[6.73000000e+02 6.80000000e+02 2.67208218e-01 8.00000000e+00]
[2.26000000e+02 6.93000000e+02 2.67271837e-01 4.00000000e+00]
[5.94000000e+02 5.99000000e+02 2.68940387e-01 4.00000000e+00]
[6.58000000e+02 3.27000000e+02 2.69170423e-01 1.30000000e+01]
[9.70000000e+01 6.97000000e+02 2.72052895e-01 5.00000000e+00]
[3.35000000e+02 6.84000000e+02 2.72895755e-01 5.00000000e+00]
[6.95000000e+02 3.10000000e+01 2.73115303e-01 4.00000000e+00]
[1.22000000e+02 2.78000000e+02 2.74952321e-01 2.00000000e+00]
[6.99000000e+02 1.27000000e+02 2.75196771e-01 1.40000000e+01]
[2.1000000e+02 6.7900000e+02 2.7542598e-01 3.0000000e+00]
[2.22000000e+02 2.99000000e+02 2.76604637e-01 2.00000000e+00]
[8.20000000e+01 6.90000000e+02 2.76843692e-01 8.00000000e+00]
[6.57000000e+02 1.86000000e+02 2.77954521e-01 2.30000000e+01]
[5.5300000e+02 2.8500000e+02 2.7875298e-01 3.0000000e+00]
[6.65000000e+02 7.08000000e+02 2.79007834e-01 2.70000000e+01]
[4.85000000e+02 7.00000000e+02 2.79148674e-01 6.00000000e+00]
[6.6700000e+02 4.5000000e+02 2.7919284e-01 4.0000000e+00]
[2.4400000e+02 7.1200000e+02 2.7966833e-01 5.0000000e+00]
[3.31000000e+02 0.00000000e+00 2.79868082e-01 2.00000000e+00]
[3.57000000e+02 2.28000000e+02 2.81013014e-01 2.00000000e+00]
[2.7600000e+02 7.0400000e+02 2.8200987e-01 1.5000000e+01]
[9.40000000e+01 4.57000000e+02 2.82304537e-01 2.00000000e+00]
[2.69000000e+02 6.91000000e+02 2.82377006e-01 1.10000000e+01]
[255.          57.           0.28246677   2.        ]
[6.70000000e+01 7.16000000e+02 2.82762989e-01 1.60000000e+01]
[6.96000000e+02 6.26000000e+02 2.85157991e-01 1.00000000e+01]
[3.73000000e+02 6.86000000e+02 2.85188099e-01 3.00000000e+00]
[6.9800000e+02 5.8700000e+02 2.8607955e-01 6.0000000e+00]
[2.3200000e+02 7.0200000e+02 2.8614445e-01 5.0000000e+00]
[2.75000000e+02 6.42000000e+02 2.86231984e-01 3.00000000e+00]
[6.31000000e+02 3.76000000e+02 2.87556623e-01 3.00000000e+00]
[4.40000000e+01 4.52000000e+02 2.88896834e-01 2.00000000e+00]
[7.19000000e+02 7.11000000e+02 2.88918163e-01 8.00000000e+00]
[2.27000000e+02 6.94000000e+02 2.89328963e-01 9.00000000e+00]
[5.15000000e+02 4.76000000e+02 2.89648765e-01 2.00000000e+00]
[7.21000000e+02 2.21000000e+02 2.89689308e-01 1.10000000e+01]
[7.07000000e+02 7.31000000e+02 2.89737788e-01 1.90000000e+01]
[4.21000000e+02 6.89000000e+02 2.90410135e-01 3.00000000e+00]
[5.47000000e+02 7.25000000e+02 2.90669648e-01 9.00000000e+00]
[2.59000000e+02 7.29000000e+02 2.90927607e-01 1.00000000e+01]
[3.50000000e+02 7.35000000e+02 2.94355623e-01 1.10000000e+01]
[9.80000000e+01 7.09000000e+02 2.94839257e-01 4.00000000e+00]
[1.32000000e+02 7.37000000e+02 2.96013332e-01 5.00000000e+00]
[4.79000000e+02 7.22000000e+02 2.96070471e-01 4.00000000e+00]
[3.910000e+02 7.260000e+02 2.964058e-01 4.000000e+00]
[ 18.         294.           0.29651519   2.        ]
[2.30000000e+01 6.77000000e+02 2.96574064e-01 5.00000000e+00]
[6.88000000e+02 3.58000000e+02 2.96902414e-01 4.00000000e+00]
[3.44000000e+02 7.40000000e+02 2.97944482e-01 5.00000000e+00]
[4.49000000e+02 6.78000000e+02 2.98212019e-01 4.00000000e+00]
[5.51000000e+02 7.36000000e+02 2.99142336e-01 1.30000000e+01]
[2.17000000e+02 7.06000000e+02 2.99267996e-01 3.00000000e+00]
[4.69000000e+02 7.32000000e+02 2.99298611e-01 2.00000000e+01]
[4.10000000e+02 4.35000000e+02 3.00373165e-01 2.00000000e+00]
[ 96.         102.           0.30102584   2.        ]
[1.20000000e+01 7.17000000e+02 3.01369439e-01 3.00000000e+00]
[2.80000000e+01 7.39000000e+02 3.01877307e-01 5.00000000e+00]
[4.32000000e+02 7.33000000e+02 3.04326654e-01 4.00000000e+00]
[6.18000000e+02 7.52000000e+02 3.04761737e-01 7.00000000e+00]
[7.01000000e+02 7.14000000e+02 3.04856203e-01 7.00000000e+00]
[2.66000000e+02 7.48000000e+02 3.04973075e-01 2.10000000e+01]
[1.41000000e+02 7.24000000e+02 3.05329394e-01 6.00000000e+00]
[7.28000000e+02 7.15000000e+02 3.05501663e-01 1.00000000e+01]
[6.50000000e+02 5.97000000e+02 3.07455496e-01 6.00000000e+00]
[5.82000000e+02 7.49000000e+02 3.08096268e-01 4.00000000e+00]
[3.20000000e+01 7.43000000e+02 3.08181102e-01 5.00000000e+00]
[5.01000000e+02 7.51000000e+02 3.09402832e-01 4.00000000e+00]
[8.70000000e+01 7.18000000e+02 3.09821595e-01 1.20000000e+01]
[6.4500000e+02 2.2500000e+02 3.1071571e-01 3.0000000e+00]
[2.53000000e+02 6.54000000e+02 3.11254776e-01 1.20000000e+01]
[3.53000000e+02 5.20000000e+02 3.11258615e-01 2.00000000e+00]
[6.87000000e+02 5.80000000e+02 3.11279733e-01 7.00000000e+00]
[4.54000000e+02 7.10000000e+02 3.12451908e-01 2.80000000e+01]
[3.37000000e+02 7.53000000e+02 3.13047397e-01 5.00000000e+00]
[4.72000000e+02 5.08000000e+02 3.13433976e-01 2.00000000e+00]
[2.52000000e+02 7.61000000e+02 3.13854808e-01 6.00000000e+00]
[1.05000000e+02 6.16000000e+02 3.14228815e-01 3.00000000e+00]
[7.58000000e+02 7.66000000e+02 3.14925557e-01 1.20000000e+01]
[8.30000000e+01 7.55000000e+02 3.15351618e-01 8.00000000e+00]
[3.84000000e+02 7.45000000e+02 3.17278407e-01 5.00000000e+00]
[4.94000000e+02 7.75000000e+02 3.17735117e-01 6.00000000e+00]
[7.23000000e+02 1.58000000e+02 3.17888126e-01 7.00000000e+00]
[7.30000000e+02 7.77000000e+02 3.18262554e-01 9.00000000e+00]
[7.34000000e+02 3.24000000e+02 3.18473137e-01 1.00000000e+01]
[3.43000000e+02 7.78000000e+02 3.18900968e-01 1.00000000e+01]
[7.73000000e+02 4.24000000e+02 3.18928164e-01 1.30000000e+01]
[2.50000000e+01 4.04000000e+02 3.21251895e-01 2.00000000e+00]
[7.57000000e+02 1.63000000e+02 3.21446542e-01 7.00000000e+00]
[1.06000000e+02 7.67000000e+02 3.22768084e-01 8.00000000e+00]
[4.95000000e+02 7.20000000e+02 3.23313686e-01 1.70000000e+01]
[7.5000000e+01 7.8100000e+02 3.2371713e-01 1.4000000e+01]
[3.80000000e+01 7.68000000e+02 3.24300279e-01 2.90000000e+01]
[4.22000000e+02 7.62000000e+02 3.24652658e-01 5.00000000e+00]
[7.03000000e+02 4.28000000e+02 3.24811952e-01 3.00000000e+00]
[2.34000000e+02 7.44000000e+02 3.25982887e-01 6.00000000e+00]
[4.46000000e+02 5.93000000e+02 3.26126175e-01 3.00000000e+00]
[7.83000000e+02 5.37000000e+02 3.26656361e-01 8.00000000e+00]
[7.50000000e+02 7.92000000e+02 3.26935419e-01 1.00000000e+01]
[3.89000000e+02 7.74000000e+02 3.27494484e-01 9.00000000e+00]
[1.1600000e+02 7.6900000e+02 3.2818152e-01 6.0000000e+00]
[6.0400000e+02 7.8600000e+02 3.2914944e-01 1.6000000e+01]
[1.74000000e+02 7.63000000e+02 3.30336355e-01 1.30000000e+01]
[4.80000000e+02 7.56000000e+02 3.31235492e-01 2.20000000e+01]
[2.00000000e+02 7.87000000e+02 3.31455386e-01 3.00000000e+01]
[5.13000000e+02 7.94000000e+02 3.31831585e-01 1.00000000e+01]
[7.60000000e+02 7.84000000e+02 3.32470536e-01 1.20000000e+01]
[3.4900000e+02 5.3800000e+02 3.3260174e-01 2.0000000e+00]
[4.63000000e+02 7.42000000e+02 3.33074742e-01 6.00000000e+00]
[1.89000000e+02 7.65000000e+02 3.35322264e-01 1.30000000e+01]
[5.28000000e+02 7.89000000e+02 3.37192311e-01 4.00000000e+00]
[1.1000000e+02 7.1300000e+02 3.3744238e-01 6.0000000e+00]
[5.90000000e+02 4.64000000e+02 3.38250502e-01 3.00000000e+00]
[7.54000000e+02 5.88000000e+02 3.38545743e-01 9.00000000e+00]
[2.60000000e+02 4.65000000e+02 3.39228252e-01 2.00000000e+00]
[2.92000000e+02 3.98000000e+02 3.39776683e-01 2.00000000e+00]
[3.23000000e+02 6.24000000e+02 3.39842375e-01 3.00000000e+00]
[5.80000000e+01 8.01000000e+02 3.40113437e-01 1.30000000e+01]
[5.92000000e+02 7.88000000e+02 3.40250648e-01 7.00000000e+00]
[6.09000000e+02 6.03000000e+02 3.40268774e-01 4.00000000e+00]
[ 34.         330.           0.34027338   2.        ]
[7.93000000e+02 5.79000000e+02 3.40477581e-01 1.20000000e+01]
[ 89.         293.           0.34056359   2.        ]
[4.66000000e+02 7.76000000e+02 3.41132147e-01 7.00000000e+00]
[5.35000000e+02 6.29000000e+02 3.41417648e-01 3.00000000e+00]
[7.59000000e+02 8.16000000e+02 3.41461647e-01 1.80000000e+01]
[6.27000000e+02 6.68000000e+02 3.41568329e-01 4.00000000e+00]
[7.80000000e+02 4.97000000e+02 3.41586568e-01 1.10000000e+01]
[2.6700000e+02 7.9600000e+02 3.4280185e-01 1.7000000e+01]
[8.13000000e+02 4.82000000e+02 3.43509406e-01 8.00000000e+00]
[2.15000000e+02 8.22000000e+02 3.43648259e-01 1.20000000e+01]
[4.12000000e+02 7.95000000e+02 3.45285425e-01 7.00000000e+00]
[5.84000000e+02 7.72000000e+02 3.46154315e-01 5.00000000e+00]
[4.99000000e+02 8.14000000e+02 3.48684347e-01 5.00000000e+00]
[6.40000000e+02 8.18000000e+02 3.49832295e-01 9.00000000e+00]
[8.29000000e+02 4.81000000e+02 3.50078914e-01 1.00000000e+01]
[2.0300000e+02 8.0000000e+02 3.5091486e-01 1.1000000e+01]
[2.50000000e+02 8.15000000e+02 3.50965164e-01 3.00000000e+00]
[8.24000000e+02 4.96000000e+02 3.50971407e-01 9.00000000e+00]
[1.84000000e+02 8.08000000e+02 3.52157348e-01 1.00000000e+01]
[1.19000000e+02 7.85000000e+02 3.52206282e-01 1.80000000e+01]
[4.30000000e+01 8.27000000e+02 3.55240719e-01 6.00000000e+00]
[5.90000000e+01 7.97000000e+02 3.55493173e-01 1.40000000e+01]
[7.46000000e+02 8.03000000e+02 3.56466204e-01 1.90000000e+01]
[2.60000000e+01 8.34000000e+02 3.56758241e-01 1.10000000e+01]
[7.47000000e+02 8.33000000e+02 3.56991862e-01 1.20000000e+01]
[1.39000000e+02 8.04000000e+02 3.60928213e-01 1.40000000e+01]
[8.06000000e+02 8.39000000e+02 3.62002118e-01 1.70000000e+01]
[5.100000e+02 7.820000e+02 3.627036e-01 3.000000e+00]
[7.71000000e+02 1.94000000e+02 3.63087824e-01 7.00000000e+00]
[7.9100000e+02 8.4000000e+02 3.6361342e-01 1.5000000e+01]
[8.32000000e+02 8.35000000e+02 3.64083257e-01 2.10000000e+01]
[4.4100000e+02 5.8300000e+02 3.6413297e-01 3.0000000e+00]
[4.78000000e+02 8.20000000e+02 3.65241078e-01 1.90000000e+01]
[7.9000000e+02 8.2500000e+02 3.6527274e-01 1.8000000e+01]
[8.17000000e+02 2.57000000e+02 3.65710422e-01 3.00000000e+00]
[1.18000000e+02 7.05000000e+02 3.65722655e-01 4.00000000e+00]
[2.58000000e+02 6.08000000e+02 3.67948584e-01 3.00000000e+00]
[3.21000000e+02 8.23000000e+02 3.68594545e-01 1.80000000e+01]
[7.90000000e+01 8.42000000e+02 3.68594885e-01 1.80000000e+01]
[8.36000000e+02 1.37000000e+02 3.68878317e-01 7.00000000e+00]
[1.93000000e+02 8.48000000e+02 3.69418447e-01 2.00000000e+01]
[7.70000000e+02 8.09000000e+02 3.70011895e-01 4.00000000e+00]
[3.12000000e+02 8.43000000e+02 3.70537353e-01 4.00000000e+00]
[3.87000000e+02 8.02000000e+02 3.70981927e-01 3.00000000e+00]
[7.98000000e+02 5.98000000e+02 3.72104806e-01 2.40000000e+01]
[2.73000000e+02 8.55000000e+02 3.72851546e-01 8.00000000e+00]
[5.26000000e+02 8.12000000e+02 3.73409548e-01 1.40000000e+01]
[8.28000000e+02 7.27000000e+02 3.74102328e-01 7.00000000e+00]
[8.19000000e+02 8.45000000e+02 3.75792393e-01 1.80000000e+01]
[4.56000000e+02 8.52000000e+02 3.75834984e-01 4.00000000e+00]
[1.46000000e+02 8.31000000e+02 3.76092956e-01 1.20000000e+01]
[3.70000000e+01 8.60000000e+02 3.76932389e-01 2.50000000e+01]
[1.73000000e+02 8.67000000e+02 3.77663752e-01 2.60000000e+01]
[4.93000000e+02 8.26000000e+02 3.78158916e-01 8.00000000e+00]
[1.11000000e+02 8.41000000e+02 3.78375685e-01 1.50000000e+01]
[1.45000000e+02 8.64000000e+02 3.79873406e-01 1.90000000e+01]
[3.30000000e+01 8.05000000e+02 3.80139889e-01 5.00000000e+00]
[7.64000000e+02 8.68000000e+02 3.82843576e-01 2.90000000e+01]
[8.54000000e+02 3.75000000e+02 3.83270141e-01 1.90000000e+01]
[8.65000000e+02 8.10000000e+02 3.83485069e-01 6.00000000e+00]
[5.60000000e+01 8.49000000e+02 3.83704076e-01 1.90000000e+01]
[8.44000000e+02 2.54000000e+02 3.84033703e-01 8.00000000e+00]
[8.7700000e+02 5.0500000e+02 3.8459975e-01 9.0000000e+00]
[1.90000000e+02 8.62000000e+02 3.84831287e-01 1.50000000e+01]
[8.74000000e+02 8.66000000e+02 3.85970237e-01 3.10000000e+01]
[3.62000000e+02 8.53000000e+02 3.86465234e-01 1.90000000e+01]
[3.92000000e+02 8.80000000e+02 3.86777771e-01 3.20000000e+01]
[5.24000000e+02 8.59000000e+02 3.87102977e-01 4.00000000e+00]
[342.         378.           0.38728306   2.        ]
[2.41000000e+02 8.70000000e+02 3.87526172e-01 1.60000000e+01]
[4.17000000e+02 8.72000000e+02 3.87854413e-01 6.00000000e+00]
[2.81000000e+02 8.63000000e+02 3.88131761e-01 8.00000000e+00]
[159.        352.          0.3893694   2.       ]
[5.31000000e+02 8.79000000e+02 3.90122653e-01 1.60000000e+01]
[2.80000000e+02 8.85000000e+02 3.91751489e-01 1.70000000e+01]
[3.38000000e+02 8.83000000e+02 3.92361669e-01 5.00000000e+00]
[3.90000000e+02 8.58000000e+02 3.92961176e-01 5.00000000e+00]
[8.07000000e+02 6.20000000e+02 3.93210545e-01 5.00000000e+00]
[8.38000000e+02 8.46000000e+02 3.93473992e-01 4.00000000e+01]
[4.03000000e+02 8.89000000e+02 3.94642489e-01 1.70000000e+01]
[7.00000000e+00 8.92000000e+02 3.96711857e-01 6.00000000e+00]
[2.2000000e+01 8.6100000e+02 3.9795649e-01 9.0000000e+00]
[4.80000000e+01 8.73000000e+02 3.98071619e-01 3.00000000e+01]
[4.83000000e+02 8.91000000e+02 3.98199257e-01 6.00000000e+00]
[6.25000000e+02 6.90000000e+01 3.98259431e-01 3.00000000e+00]
[7.99000000e+02 7.79000000e+02 3.99379068e-01 4.00000000e+01]
[5.12000000e+02 8.30000000e+02 4.00031248e-01 1.10000000e+01]
[1.38000000e+02 7.41000000e+02 4.01390457e-01 3.00000000e+00]
[2.88000000e+02 8.76000000e+02 4.02162933e-01 2.00000000e+01]
[4.91000000e+02 8.99000000e+02 4.03596219e-01 7.00000000e+00]
[8.88000000e+02 8.81000000e+02 4.04290745e-01 2.10000000e+01]
[1.61000000e+02 6.76000000e+02 4.04471103e-01 7.00000000e+00]
[3.99000000e+02 8.95000000e+02 4.05082864e-01 1.80000000e+01]
[8.6900000e+02 8.5600000e+02 4.0518307e-01 2.8000000e+01]
[8.71000000e+02 8.87000000e+02 4.05617937e-01 2.70000000e+01]
[2.84000000e+02 8.94000000e+02 4.07273482e-01 4.10000000e+01]
[7.38000000e+02 9.90000000e+01 4.07842298e-01 6.00000000e+00]
[8.75000000e+02 1.87000000e+02 4.08318329e-01 7.00000000e+00]
[3.85000000e+02 8.82000000e+02 4.09048158e-01 3.30000000e+01]
[8.1100000e+02 9.1000000e+02 4.0913576e-01 3.0000000e+01]
[1.50000000e+01 8.51000000e+02 4.09555156e-01 5.00000000e+00]
[5.710000e+02 8.860000e+02 4.096887e-01 8.000000e+00]
[8.5700000e+02 9.0700000e+02 4.0992273e-01 1.1000000e+01]
[8.4700000e+02 8.9300000e+02 4.1032178e-01 8.0000000e+00]
[9.08000000e+02 4.25000000e+02 4.10895565e-01 1.90000000e+01]
[2.23000000e+02 9.14000000e+02 4.11870323e-01 3.40000000e+01]
[5.50000000e+01 9.18000000e+02 4.13269964e-01 1.20000000e+01]
[1.00000000e+01 8.98000000e+02 4.15391798e-01 3.10000000e+01]
[9.12000000e+02 3.72000000e+02 4.16528723e-01 7.00000000e+00]
[8.96000000e+02 9.06000000e+02 4.16653229e-01 2.70000000e+01]
[  2.         388.           0.41666883   2.        ]
[9.25000000e+02 4.30000000e+02 4.16884586e-01 2.80000000e+01]
[9.13000000e+02 8.21000000e+02 4.17283472e-01 1.10000000e+01]
[7.30000000e+01 9.01000000e+02 4.19699665e-01 4.10000000e+01]
[5.07000000e+02 5.19000000e+02 4.20073068e-01 2.00000000e+00]
[9.05000000e+02 5.14000000e+02 4.20200386e-01 8.00000000e+00]
[6.41000000e+02 9.04000000e+02 4.20363161e-01 2.20000000e+01]
[9.15000000e+02 5.34000000e+02 4.21638897e-01 3.10000000e+01]
[181.         401.           0.42199403   2.        ]
[8.37000000e+02 8.90000000e+02 4.22571805e-01 3.10000000e+01]
[8.84000000e+02 9.34000000e+02 4.22965583e-01 4.00000000e+00]
[5.00000000e+02 9.02000000e+02 4.22982275e-01 1.20000000e+01]
[3.60000000e+01 8.50000000e+02 4.23371204e-01 4.00000000e+00]
[9.00000000e+02 9.21000000e+02 4.23644303e-01 3.70000000e+01]
[9.09000000e+02 5.85000000e+02 4.23977988e-01 3.00000000e+01]
[5.32000000e+02 9.32000000e+02 4.25695125e-01 2.30000000e+01]
[4.59000000e+02 9.17000000e+02 4.26287819e-01 9.00000000e+00]
[4.75000000e+02 9.40000000e+02 4.26627688e-01 3.10000000e+01]
[4.53000000e+02 9.39000000e+02 4.29374065e-01 3.80000000e+01]
[5.41000000e+02 9.35000000e+02 4.30626582e-01 3.40000000e+01]
[2.35000000e+02 9.29000000e+02 4.32315644e-01 4.20000000e+01]
[9.24000000e+02 8.97000000e+02 4.32742416e-01 1.60000000e+01]
[4.40000000e+02 9.43000000e+02 4.33491118e-01 3.20000000e+01]
[9.11000000e+02 9.31000000e+02 4.33761757e-01 4.90000000e+01]
[6.14000000e+02 3.04000000e+02 4.35088839e-01 4.00000000e+00]
[5.30000000e+01 9.28000000e+02 4.35581755e-01 1.20000000e+01]
[1.5700000e+02 9.4900000e+02 4.3588511e-01 5.0000000e+01]
[133.         364.           0.43917873   2.        ]
[9.33000000e+02 9.41000000e+02 4.39433101e-01 5.40000000e+01]
[4.51000000e+02 9.20000000e+02 4.41815163e-01 2.00000000e+01]
[4.2000000e+02 9.3600000e+02 4.4268715e-01 5.0000000e+00]
[1.67000000e+02 9.47000000e+02 4.45858546e-01 1.70000000e+01]
[9.45000000e+02 9.52000000e+02 4.46457873e-01 8.40000000e+01]
[9.50000000e+02 9.48000000e+02 4.46865333e-01 3.60000000e+01]
[4.55000000e+02 5.50000000e+02 4.47201593e-01 3.00000000e+00]
[2.79000000e+02 9.59000000e+02 4.49758014e-01 3.70000000e+01]
[9.44000000e+02 8.78000000e+02 4.49977557e-01 4.70000000e+01]
[2.96000000e+02 9.62000000e+02 4.50579715e-01 4.80000000e+01]
[1.20000000e+02 9.19000000e+02 4.50730829e-01 9.00000000e+00]
[1.4900000e+02 9.5700000e+02 4.5253958e-01 1.8000000e+01]
[9.46000000e+02 6.92000000e+02 4.54151994e-01 4.40000000e+01]
[4.98000000e+02 9.55000000e+02 4.55479405e-01 2.10000000e+01]
[3.60000000e+02 4.74000000e+02 4.56254081e-01 2.00000000e+00]
[9.66000000e+02 9.51000000e+02 4.56630779e-01 5.60000000e+01]
[4.31000000e+02 9.65000000e+02 4.57470661e-01 1.90000000e+01]
[ 45.         434.           0.45774454   2.        ]
[1.51000000e+02 9.27000000e+02 4.57748958e-01 2.90000000e+01]
[4.70000000e+01 9.64000000e+02 4.58309944e-01 1.00000000e+01]
[1.10000000e+01 9.16000000e+02 4.58335326e-01 6.00000000e+00]
[4.16000000e+02 9.60000000e+02 4.58464635e-01 4.00000000e+00]
[8.00000000e+00 9.22000000e+02 4.59118448e-01 1.30000000e+01]
[8.40000000e+01 9.73000000e+02 4.60415456e-01 1.10000000e+01]
[2.31000000e+02 9.54000000e+02 4.60728599e-01 5.50000000e+01]
[3.90000000e+01 9.63000000e+02 4.61148496e-01 4.90000000e+01]
[9.03000000e+02 9.76000000e+02 4.62677911e-01 1.60000000e+01]
[3.25000000e+02 9.78000000e+02 4.62873335e-01 5.60000000e+01]
[1.07000000e+02 9.75000000e+02 4.66013388e-01 5.00000000e+00]
[9.72000000e+02 9.37000000e+02 4.66416039e-01 4.10000000e+01]
[9.69000000e+02 2.82000000e+02 4.67424329e-01 5.70000000e+01]
[1.14000000e+02 9.61000000e+02 4.67737245e-01 3.80000000e+01]
[3.70000000e+02 9.42000000e+02 4.68790735e-01 1.00000000e+01]
[9.84000000e+02 1.34000000e+02 4.68921618e-01 5.80000000e+01]
[2.63000000e+02 9.38000000e+02 4.69609728e-01 5.00000000e+00]
[4.88000000e+02 5.58000000e+02 4.69883637e-01 3.00000000e+00]
[9.23000000e+02 1.88000000e+02 4.70795462e-01 3.20000000e+01]
[9.8700000e+02 9.7000000e+02 4.7129259e-01 7.7000000e+01]
[9.81000000e+02 9.53000000e+02 4.75544114e-01 5.80000000e+01]
[9.56000000e+02 9.79000000e+02 4.77854953e-01 5.40000000e+01]
[9.9200000e+02 9.6800000e+02 4.7924871e-01 6.0000000e+01]
[9.83000000e+02 9.93000000e+02 4.79510111e-01 9.50000000e+01]
[9.26000000e+02 9.77000000e+02 4.80863712e-01 1.30000000e+01]
[2.42000000e+02 9.94000000e+02 4.81452329e-01 6.10000000e+01]
[9.80000000e+02 9.58000000e+02 4.83136756e-01 1.00000000e+02]
[1.26000000e+02 9.89000000e+02 4.84095571e-01 4.00000000e+00]
[5.36000000e+02 9.88000000e+02 4.86611788e-01 6.00000000e+00]
[2.68000000e+02 9.90000000e+02 4.87358103e-01 3.30000000e+01]
[5.3900000e+02 9.9100000e+02 4.9250469e-01 7.8000000e+01]
[9.95000000e+02 1.75000000e+02 4.93566606e-01 9.60000000e+01]
[1.77000000e+02 9.67000000e+02 4.96143633e-01 2.20000000e+01]
[9.85000000e+02 9.96000000e+02 4.97331679e-01 5.10000000e+01]
[3.51000000e+02 9.82000000e+02 4.97377996e-01 6.00000000e+00]
[313.         395.           0.49788867   2.        ]
[2.30000000e+02 9.99000000e+02 4.98220026e-01 5.00000000e+00]
[1.9800000e+02 1.0050000e+03 5.0084037e-01 5.2000000e+01]
[6.07000000e+02 1.00900000e+03 5.01006634e-01 5.40000000e+01]
[3.06000000e+02 1.00300000e+03 5.01461486e-01 9.70000000e+01]
[3.54000000e+02 9.98000000e+02 5.01850691e-01 1.01000000e+02]
[1.31000000e+02 1.00400000e+03 5.06448636e-01 2.30000000e+01]
[1.00000000e+03 1.01000000e+03 5.09796151e-01 6.00000000e+01]
[9.86000000e+02 1.00200000e+03 5.09878833e-01 8.80000000e+01]
[5.04000000e+02 1.01300000e+03 5.10975078e-01 2.40000000e+01]
[1.01500000e+03 1.00700000e+03 5.12006403e-01 9.00000000e+01]
[1.01700000e+03 4.11000000e+02 5.13849799e-01 9.10000000e+01]
[1.6900000e+02 1.0060000e+03 5.1628822e-01 7.0000000e+00]
[9.7100000e+02 1.0140000e+03 5.1984288e-01 6.2000000e+01]
[4.84000000e+02 1.01100000e+03 5.24978044e-01 9.80000000e+01]
[1.00800000e+03 1.02100000e+03 5.29640727e-01 1.03000000e+02]
[9.97000000e+02 3.79000000e+02 5.32659009e-01 6.20000000e+01]
[6.05000000e+02 9.74000000e+02 5.33867751e-01 8.00000000e+00]
[2.86000000e+02 1.01200000e+03 5.36860367e-01 1.02000000e+02]
[6.02000000e+02 1.91000000e+02 5.40438838e-01 3.00000000e+00]
[4.70000000e+02 1.02300000e+03 5.42139581e-01 6.30000000e+01]
[3.10000000e+02 1.02000000e+03 5.44050676e-01 6.30000000e+01]
[6.00000000e+01 1.02200000e+03 5.49129285e-01 1.04000000e+02]
[4.07000000e+02 1.02800000e+03 5.52193148e-01 6.40000000e+01]
[2.43000000e+02 1.03000000e+03 5.52391144e-01 6.50000000e+01]
[1.02500000e+03 1.00100000e+03 5.55129924e-01 1.35000000e+02]
[1.9200000e+02 1.0320000e+03 5.6308864e-01 1.3600000e+02]
[1.01900000e+03 1.02600000e+03 5.63547643e-01 1.00000000e+01]
[1.0340000e+03 3.5500000e+02 5.7078826e-01 1.1000000e+01]
[1.03500000e+03 1.02700000e+03 5.70899946e-01 7.40000000e+01]
[3.68000000e+02 1.01800000e+03 5.73277152e-01 9.20000000e+01]
[502.         506.           0.57423472   2.        ]
[4.23000000e+02 1.03600000e+03 5.76149478e-01 7.50000000e+01]
[1.03300000e+03 1.03100000e+03 5.83783952e-01 2.01000000e+02]
[1.62000000e+02 1.04000000e+03 5.95300788e-01 2.02000000e+02]
[1.0290000e+03 1.0160000e+03 5.9567846e-01 1.2800000e+02]
[8.60000000e+01 1.04200000e+03 5.98676996e-01 1.29000000e+02]
[1.03700000e+03 1.02400000e+03 6.10946302e-01 1.00000000e+02]
[1.04400000e+03 3.32000000e+02 6.18594335e-01 1.01000000e+02]
[1.04500000e+03 1.04100000e+03 6.19009983e-01 3.03000000e+02]
[1.04300000e+03 1.03900000e+03 6.21740414e-01 2.04000000e+02]
[9.30000000e+02 4.77000000e+02 6.23201881e-01 3.00000000e+00]
[4.19000000e+02 1.04600000e+03 6.28624062e-01 3.04000000e+02]
[1.71000000e+02 1.04900000e+03 6.39947294e-01 3.05000000e+02]
[377.         447.           0.64039517   2.        ]
[1.04800000e+03 1.04700000e+03 6.42818595e-01 2.07000000e+02]
[6.60000000e+01 6.62000000e+02 6.49553064e-01 3.00000000e+00]
[1.7900000e+02 1.0520000e+03 6.5703558e-01 2.0800000e+02]
[3.16000000e+02 1.05400000e+03 6.72625482e-01 2.09000000e+02]
[1.05300000e+03 1.66000000e+02 6.86014956e-01 4.00000000e+00]
[2.87000000e+02 1.05600000e+03 6.89057528e-01 5.00000000e+00]
[1.08000000e+02 1.05500000e+03 6.90050299e-01 2.10000000e+02]
[7.70000000e+01 1.05700000e+03 6.96989469e-01 6.00000000e+00]
[4.20000000e+01 1.05000000e+03 7.12025428e-01 3.06000000e+02]
[1.03800000e+03 1.06000000e+03 7.19052203e-01 3.08000000e+02]
[1.47000000e+02 1.06100000e+03 7.23183277e-01 3.09000000e+02]
[1.05800000e+03 2.89000000e+02 7.26274972e-01 2.11000000e+02]
[1.06300000e+03 4.58000000e+02 7.26495208e-01 2.12000000e+02]
[1.06400000e+03 1.06200000e+03 7.26965454e-01 5.21000000e+02]
[1.05900000e+03 1.05100000e+03 7.51862009e-01 8.00000000e+00]
[1.06600000e+03 2.12000000e+02 7.56363278e-01 9.00000000e+00]
[3.14000000e+02 1.06500000e+03 7.58339461e-01 5.22000000e+02]
[1.06700000e+03 1.06800000e+03 7.66724784e-01 5.31000000e+02]
[1.30000000e+01 1.06900000e+03 8.24948746e-01 5.32000000e+02]
[1.07000000e+03 3.41000000e+02 8.48090712e-01 5.33000000e+02]
[1.07100000e+03 3.19000000e+02 8.60260795e-01 5.34000000e+02]
[1.07200000e+03 3.11000000e+02 8.60682093e-01 5.35000000e+02]
[1.07300000e+03 2.77000000e+02 8.60760559e-01 5.36000000e+02]
[1.07400000e+03 5.33000000e+02 8.60885266e-01 5.37000000e+02]
[1.07500000e+03 4.29000000e+02 9.93718648e-01 5.38000000e+02]
[1.07600000e+03 2.40000000e+01 1.02415812e+00 5.39000000e+02]
[1.07700000e+03 2.01000000e+02 1.05612433e+00 5.40000000e+02]
