[  1. 216.   0.   2.]
[540. 113.   0.   3.]
[  6. 129.   0.   2.]
[64. 68.  0.  2.]
[543.  93.   0.   3.]
[544. 123.   0.   4.]
[545. 214.   0.   5.]
[546. 261.   0.   6.]
[ 78. 125.   0.   2.]
[548. 315.   0.   3.]
[ 90. 518.   0.   2.]
[103. 196.   0.   2.]
[136. 336.   0.   2.]
[178. 245.   0.   2.]
[270. 271.   0.   2.]
[300. 302.   0.   2.]
[5.54000000e+02 4.00000000e+02 4.96705373e-09 3.00000000e+00]
[3.59000000e+02 4.13000000e+02 1.49011612e-08 2.00000000e+00]
[7.20000000e+01 4.37000000e+02 1.82501207e-08 2.00000000e+00]
[5.00000000e+01 1.35000000e+02 2.10734243e-08 2.00000000e+00]
[5.59000000e+02 3.29000000e+02 2.10734243e-08 3.00000000e+00]
[7.40000000e+01 9.10000000e+01 2.10734243e-08 2.00000000e+00]
[5.61000000e+02 3.17000000e+02 2.10734243e-08 3.00000000e+00]
[1.40000000e+02 3.80000000e+02 2.10734243e-08 2.00000000e+00]
[2.20000000e+02 2.95000000e+02 2.10734243e-08 2.00000000e+00]
[9.50000000e+01 1.52000000e+02 2.58095683e-08 2.00000000e+00]
[2.40000000e+02 3.01000000e+02 2.58095683e-08 2.00000000e+00]
[3.07000000e+02 5.65000000e+02 2.58095683e-08 3.00000000e+00]
[3.08000000e+02 5.67000000e+02 2.58095683e-08 4.00000000e+00]
[5.68000000e+02 5.66000000e+02 2.58095683e-08 6.00000000e+00]
[5.69000000e+02 5.60000000e+02 2.58095683e-08 9.00000000e+00]
[5.55000000e+02 4.68000000e+02 3.23812286e-08 3.00000000e+00]
[6.10000000e+01 2.36000000e+02 3.65002415e-08 2.00000000e+00]
[5.64000000e+02 5.70000000e+02 5.05322962e-08 1.10000000e+01]
[5.62000000e+02 2.74000000e+02 9.24592737e-08 4.00000000e+00]
[8.10000000e+01 5.73000000e+02 1.14509739e-02 1.20000000e+01]
[3.09000000e+02 3.94000000e+02 6.73684209e-02 2.00000000e+00]
[6.30000000e+01 4.26000000e+02 6.87958194e-02 2.00000000e+00]
[4.92000000e+02 5.23000000e+02 7.00534255e-02 2.00000000e+00]
[3.46000000e+02 4.38000000e+02 7.37755871e-02 2.00000000e+00]
[3.00000000e+01 2.09000000e+02 7.49299468e-02 2.00000000e+00]
[4.90000000e+01 2.46000000e+02 7.69118658e-02 2.00000000e+00]
[1.24000000e+02 3.05000000e+02 7.71730135e-02 2.00000000e+00]
[3.48000000e+02 3.67000000e+02 7.83635504e-02 2.00000000e+00]
[2.48000000e+02 5.16000000e+02 7.85871413e-02 2.00000000e+00]
[4.36000000e+02 5.22000000e+02 8.05204646e-02 2.00000000e+00]
[3.66000000e+02 5.17000000e+02 8.15927055e-02 2.00000000e+00]
[3.39000000e+02 4.73000000e+02 8.20849537e-02 2.00000000e+00]
[2.90000000e+02 5.30000000e+02 8.37565665e-02 2.00000000e+00]
[65.        76.         0.0843783  2.       ]
[21.         40.          0.08627462  2.        ]
[8.00000000e+01 4.09000000e+02 8.65656498e-02 2.00000000e+00]
[41.         52.          0.08949783  2.        ]
[2.70000000e+01 1.72000000e+02 9.49699863e-02 2.00000000e+00]
[3.03000000e+02 3.69000000e+02 9.52058577e-02 2.00000000e+00]
[5.63000000e+02 5.56000000e+02 9.67398225e-02 5.00000000e+00]
[3.97000000e+02 4.44000000e+02 9.88823921e-02 2.00000000e+00]
[1.44000000e+02 5.57000000e+02 9.96474977e-02 3.00000000e+00]
[1.43000000e+02 4.45000000e+02 1.00533872e-01 2.00000000e+00]
[2.97000000e+02 4.27000000e+02 1.00803743e-01 2.00000000e+00]
[1.70000000e+01 2.83000000e+02 1.00886543e-01 2.00000000e+00]
[2.1800000e+02 5.0300000e+02 1.0135376e-01 2.0000000e+00]
[2.1300000e+02 3.8600000e+02 1.0245912e-01 2.0000000e+00]
[3.96000000e+02 4.14000000e+02 1.03295485e-01 2.00000000e+00]
[2.4700000e+02 2.4900000e+02 1.0590195e-01 2.0000000e+00]
[1.85000000e+02 1.95000000e+02 1.06391067e-01 2.00000000e+00]
[5.74000000e+02 2.04000000e+02 1.08741896e-01 5.00000000e+00]
[1.60000000e+01 4.39000000e+02 1.09901442e-01 2.00000000e+00]
[1.65000000e+02 1.80000000e+02 1.11539949e-01 2.00000000e+00]
[2.6200000e+02 5.9500000e+02 1.1416379e-01 6.0000000e+00]
[4.15000000e+02 4.60000000e+02 1.15742604e-01 2.00000000e+00]
[2.05000000e+02 2.51000000e+02 1.19263498e-01 2.00000000e+00]
[4.18000000e+02 4.61000000e+02 1.20969906e-01 2.00000000e+00]
[6.08000000e+02 2.91000000e+02 1.21237297e-01 3.00000000e+00]
[2.90000000e+01 4.86000000e+02 1.21871126e-01 2.00000000e+00]
[1.55000000e+02 2.72000000e+02 1.23752403e-01 2.00000000e+00]
[ 62.         112.           0.12446764   2.        ]
[4.00000000e+00 6.09000000e+02 1.26142185e-01 7.00000000e+00]
[5.75000000e+02 2.19000000e+02 1.27354471e-01 1.30000000e+01]
[4.0200000e+02 4.8900000e+02 1.2811596e-01 2.0000000e+00]
[3.20000000e+02 4.06000000e+02 1.30107787e-01 2.00000000e+00]
[6.13000000e+02 6.16000000e+02 1.32201097e-01 5.00000000e+00]
[6.18000000e+02 1.30000000e+02 1.33663187e-01 1.40000000e+01]
[3.81000000e+02 4.05000000e+02 1.36179118e-01 2.00000000e+00]
[1.40000000e+01 4.33000000e+02 1.36660546e-01 2.00000000e+00]
[6.06000000e+02 1.64000000e+02 1.37993508e-01 6.00000000e+00]
[3.56000000e+02 4.67000000e+02 1.48863793e-01 2.00000000e+00]
[6.21000000e+02 2.08000000e+02 1.48972175e-01 6.00000000e+00]
[6.17000000e+02 2.21000000e+02 1.52805039e-01 8.00000000e+00]
[1.70000000e+02 6.22000000e+02 1.56971285e-01 1.50000000e+01]
[3.18000000e+02 5.09000000e+02 1.57339045e-01 2.00000000e+00]
[5.92000000e+02 3.82000000e+02 1.60232587e-01 3.00000000e+00]
[1.28000000e+02 6.27000000e+02 1.64285414e-01 7.00000000e+00]
[2.07000000e+02 2.56000000e+02 1.66740488e-01 2.00000000e+00]
[  9.         156.           0.16895805   2.        ]
[2.76000000e+02 3.45000000e+02 1.72012201e-01 2.00000000e+00]
[3.34000000e+02 6.29000000e+02 1.72186857e-01 1.60000000e+01]
[5.52000000e+02 1.76000000e+02 1.72961141e-01 3.00000000e+00]
[6.32000000e+02 3.33000000e+02 1.73739914e-01 8.00000000e+00]
[3.93000000e+02 5.11000000e+02 1.74690417e-01 2.00000000e+00]
[1.83000000e+02 3.47000000e+02 1.74927355e-01 2.00000000e+00]
[3.61000000e+02 5.27000000e+02 1.80512585e-01 2.00000000e+00]
[2.37000000e+02 4.90000000e+02 1.81076907e-01 2.00000000e+00]
[ 54.        148.          0.1811315   2.       ]
[1.90000000e+01 6.36000000e+02 1.81942261e-01 1.70000000e+01]
[2.06000000e+02 3.22000000e+02 1.83144601e-01 2.00000000e+00]
[6.44000000e+02 2.29000000e+02 1.85151958e-01 1.80000000e+01]
[6.25000000e+02 1.21000000e+02 1.85269263e-01 7.00000000e+00]
[6.3800000e+02 1.1500000e+02 1.9350171e-01 9.0000000e+00]
[1.42000000e+02 5.19000000e+02 1.94042466e-01 2.00000000e+00]
[6.48000000e+02 2.33000000e+02 1.98945072e-01 1.00000000e+01]
[1.60000000e+02 6.33000000e+02 2.03135404e-01 3.00000000e+00]
[1.53000000e+02 6.47000000e+02 2.03497471e-01 8.00000000e+00]
[6.46000000e+02 6.28000000e+02 2.04946187e-01 2.60000000e+01]
[7.00000000e+01 6.40000000e+02 2.08302978e-01 3.00000000e+00]
[6.34000000e+02 5.49000000e+02 2.12338295e-01 5.00000000e+00]
[6.53000000e+02 1.04000000e+02 2.14411581e-01 2.70000000e+01]
[2.65000000e+02 6.51000000e+02 2.17192699e-01 4.00000000e+00]
[9.2000000e+01 6.5200000e+02 2.1738547e-01 9.0000000e+00]
[2.00000000e+01 6.56000000e+02 2.19281146e-01 2.80000000e+01]
[6.11000000e+02 5.71000000e+02 2.20141632e-01 5.00000000e+00]
[2.98000000e+02 3.00000000e+00 2.20775523e-01 2.00000000e+00]
[3.65000000e+02 4.43000000e+02 2.24924921e-01 2.00000000e+00]
[2.3900000e+02 3.2800000e+02 2.2744073e-01 2.0000000e+00]
[1.01000000e+02 5.25000000e+02 2.32953046e-01 2.00000000e+00]
[4.08000000e+02 4.50000000e+02 2.35010015e-01 2.00000000e+00]
[3.63000000e+02 5.21000000e+02 2.36370907e-01 2.00000000e+00]
[2.64000000e+02 6.59000000e+02 2.37024794e-01 2.90000000e+01]
[1.54000000e+02 6.61000000e+02 2.37157614e-01 3.00000000e+00]
[2.7500000e+02 6.6700000e+02 2.4107769e-01 3.0000000e+01]
[6.54000000e+02 1.82000000e+02 2.44895522e-01 4.00000000e+00]
[6.63000000e+02 4.48000000e+02 2.46841468e-01 3.00000000e+00]
[4.60000000e+01 6.70000000e+02 2.48126815e-01 5.00000000e+00]
[5.88000000e+02 1.68000000e+02 2.52734448e-01 3.00000000e+00]
[6.37000000e+02 1.86000000e+02 2.52946486e-01 4.00000000e+00]
[6.02000000e+02 4.71000000e+02 2.55789186e-01 3.00000000e+00]
[3.74000000e+02 3.83000000e+02 2.56088207e-01 2.00000000e+00]
[5.86000000e+02 3.71000000e+02 2.56839738e-01 3.00000000e+00]
[8.50000000e+01 6.57000000e+02 2.56871549e-01 5.00000000e+00]
[1.50000000e+02 6.43000000e+02 2.57080843e-01 3.00000000e+00]
[6.55000000e+02 1.99000000e+02 2.57490908e-01 6.00000000e+00]
[6.72000000e+02 3.50000000e+01 2.59534975e-01 6.00000000e+00]
[4.42000000e+02 6.73000000e+02 2.59546348e-01 4.00000000e+00]
[8.80000000e+01 6.77000000e+02 2.61497193e-01 4.00000000e+00]
[100.          51.           0.26309195   2.        ]
[ 58.         238.           0.26353331   2.        ]
[4.87000000e+02 6.15000000e+02 2.63818468e-01 3.00000000e+00]
[3.26000000e+02 5.29000000e+02 2.63943419e-01 2.00000000e+00]
[6.81000000e+02 2.11000000e+02 2.64197567e-01 7.00000000e+00]
[5.00000000e+00 6.69000000e+02 2.64333563e-01 3.10000000e+01]
[1.17000000e+02 6.58000000e+02 2.65084221e-01 1.00000000e+01]
[7.10000000e+01 4.62000000e+02 2.65582039e-01 2.00000000e+00]
[1.97000000e+02 6.64000000e+02 2.65736428e-01 3.00000000e+00]
[3.40000000e+02 6.86000000e+02 2.66774813e-01 4.00000000e+00]
[2.32000000e+02 6.83000000e+02 2.67008591e-01 5.00000000e+00]
[6.71000000e+02 6.68000000e+02 2.67208218e-01 6.00000000e+00]
[2.26000000e+02 6.92000000e+02 2.67271837e-01 4.00000000e+00]
[5.91000000e+02 5.96000000e+02 2.68940387e-01 4.00000000e+00]
[9.70000000e+01 6.96000000e+02 2.72052895e-01 5.00000000e+00]
[5.42000000e+02 6.35000000e+02 2.72722807e-01 4.00000000e+00]
[3.35000000e+02 6.82000000e+02 2.72895755e-01 5.00000000e+00]
[ 33.         122.           0.27495232   2.        ]
[6.50000000e+02 2.02000000e+02 2.75405972e-01 1.10000000e+01]
[2.1000000e+02 6.7600000e+02 2.7542598e-01 3.0000000e+00]
[2.22000000e+02 2.99000000e+02 2.76604637e-01 2.00000000e+00]
[8.20000000e+01 6.88000000e+02 2.76843692e-01 8.00000000e+00]
[6.95000000e+02 6.78000000e+02 2.76986577e-01 1.10000000e+01]
[2.44000000e+02 5.83000000e+02 2.77695613e-01 3.00000000e+00]
[1.09000000e+02 6.60000000e+02 2.78251252e-01 6.00000000e+00]
[5.5300000e+02 2.8500000e+02 2.7875298e-01 3.0000000e+00]
[4.85000000e+02 6.98000000e+02 2.79148674e-01 6.00000000e+00]
[3.31000000e+02 0.00000000e+00 2.79868082e-01 2.00000000e+00]
[3.57000000e+02 2.28000000e+02 2.81013014e-01 2.00000000e+00]
[4.57000000e+02 7.07000000e+02 2.82304537e-01 4.00000000e+00]
[192.         269.           0.28237701   2.        ]
[255.          57.           0.28246677   2.        ]
[6.70000000e+01 6.99000000e+02 2.82762989e-01 5.00000000e+00]
[3.73000000e+02 6.84000000e+02 2.85188099e-01 3.00000000e+00]
[6.9700000e+02 5.8400000e+02 2.8607955e-01 6.0000000e+00]
[1.19000000e+02 6.89000000e+02 2.86742174e-01 3.20000000e+01]
[6.30000000e+02 3.76000000e+02 2.87556623e-01 3.00000000e+00]
[2.30000000e+01 6.93000000e+02 2.88023598e-01 5.00000000e+00]
[6.94000000e+02 5.78000000e+02 2.88458237e-01 7.00000000e+00]
[4.40000000e+01 4.52000000e+02 2.88896834e-01 2.00000000e+00]
[7.15000000e+02 7.10000000e+02 2.88918163e-01 8.00000000e+00]
[6.23000000e+02 7.06000000e+02 2.89568423e-01 1.30000000e+01]
[2.15000000e+02 5.15000000e+02 2.89648765e-01 2.00000000e+00]
[7.05000000e+02 1.27000000e+02 2.89737788e-01 9.00000000e+00]
[8.70000000e+01 6.90000000e+02 2.90284286e-01 1.10000000e+01]
[4.21000000e+02 6.87000000e+02 2.90410135e-01 3.00000000e+00]
[5.47000000e+02 3.24000000e+02 2.90669648e-01 7.00000000e+00]
[259.         227.           0.29092761   2.        ]
[7.27000000e+02 7.25000000e+02 2.92316495e-01 2.20000000e+01]
[3.50000000e+02 7.21000000e+02 2.94355623e-01 6.00000000e+00]
[1.32000000e+02 6.74000000e+02 2.94839257e-01 5.00000000e+00]
[4.79000000e+02 7.17000000e+02 2.96070471e-01 4.00000000e+00]
[3.58000000e+02 7.33000000e+02 2.96281834e-01 7.00000000e+00]
[3.910000e+02 7.200000e+02 2.964058e-01 4.000000e+00]
[ 18.         294.           0.29651519   2.        ]
[3.27000000e+02 7.32000000e+02 2.97605666e-01 2.30000000e+01]
[3.44000000e+02 7.37000000e+02 2.97944482e-01 5.00000000e+00]
[4.49000000e+02 6.75000000e+02 2.98212019e-01 4.00000000e+00]
[6.60000000e+01 5.51000000e+02 2.99142336e-01 3.00000000e+00]
[2.17000000e+02 7.13000000e+02 2.99267996e-01 5.00000000e+00]
[3.32000000e+02 4.69000000e+02 2.99298611e-01 2.00000000e+00]
[3.80000000e+01 7.08000000e+02 2.99705409e-01 7.00000000e+00]
[2.24000000e+02 7.22000000e+02 3.00001019e-01 8.00000000e+00]
[4.10000000e+02 4.35000000e+02 3.00373165e-01 2.00000000e+00]
[ 96.         102.           0.30102584   2.        ]
[1.20000000e+01 3.90000000e+02 3.01369439e-01 2.00000000e+00]
[2.80000000e+01 7.35000000e+02 3.01877307e-01 5.00000000e+00]
[4.32000000e+02 7.29000000e+02 3.04326654e-01 4.00000000e+00]
[6.12000000e+02 5.85000000e+02 3.04761737e-01 4.00000000e+00]
[7.00000000e+02 7.11000000e+02 3.04856203e-01 7.00000000e+00]
[2.66000000e+02 7.19000000e+02 3.04973075e-01 3.30000000e+01]
[1.41000000e+02 7.46000000e+02 3.05329394e-01 9.00000000e+00]
[7.24000000e+02 7.12000000e+02 3.05501663e-01 1.00000000e+01]
[7.28000000e+02 2.80000000e+02 3.06485098e-01 1.20000000e+01]
[6.05000000e+02 7.50000000e+02 3.08096268e-01 7.00000000e+00]
[5.89000000e+02 5.01000000e+02 3.09402832e-01 3.00000000e+00]
[6.4500000e+02 2.2500000e+02 3.1071571e-01 3.0000000e+00]
[2.53000000e+02 7.02000000e+02 3.11254776e-01 1.20000000e+01]
[3.53000000e+02 5.20000000e+02 3.11258615e-01 2.00000000e+00]
[4.80000000e+02 7.39000000e+02 3.12451908e-01 2.40000000e+01]
[3.40000000e+01 7.31000000e+02 3.12577322e-01 3.00000000e+00]
[3.37000000e+02 7.51000000e+02 3.13047397e-01 5.00000000e+00]
[7.34000000e+02 9.80000000e+01 3.13061066e-01 6.00000000e+00]
[9.40000000e+01 7.58000000e+02 3.13420149e-01 8.00000000e+00]
[4.72000000e+02 5.08000000e+02 3.13433976e-01 2.00000000e+00]
[252.          32.           0.31385481   2.        ]
[1.05000000e+02 6.10000000e+02 3.14228815e-01 3.00000000e+00]
[7.56000000e+02 7.62000000e+02 3.14925557e-01 1.20000000e+01]
[8.30000000e+01 7.53000000e+02 3.15351618e-01 8.00000000e+00]
[1.06000000e+02 6.85000000e+02 3.17253963e-01 3.00000000e+00]
[3.84000000e+02 7.41000000e+02 3.17278407e-01 5.00000000e+00]
[4.94000000e+02 7.74000000e+02 3.17735117e-01 6.00000000e+00]
[7.18000000e+02 1.58000000e+02 3.17888126e-01 7.00000000e+00]
[7.16000000e+02 6.79000000e+02 3.18646011e-01 8.00000000e+00]
[3.43000000e+02 7.76000000e+02 3.18900968e-01 8.00000000e+00]
[7.71000000e+02 4.24000000e+02 3.18928164e-01 1.30000000e+01]
[2.50000000e+01 7.67000000e+02 3.21251895e-01 9.00000000e+00]
[7.55000000e+02 7.47000000e+02 3.22047272e-01 1.10000000e+01]
[7.36000000e+02 7.09000000e+02 3.22886443e-01 1.00000000e+01]
[4.95000000e+02 7.77000000e+02 3.23313686e-01 9.00000000e+00]
[7.7900000e+02 4.2200000e+02 3.2371713e-01 1.4000000e+01]
[7.66000000e+02 1.89000000e+02 3.24553112e-01 7.00000000e+00]
[4.54000000e+02 7.54000000e+02 3.24800786e-01 3.40000000e+01]
[5.77000000e+02 7.73000000e+02 3.25455635e-01 5.00000000e+00]
[231.         234.           0.32598289   2.        ]
[4.46000000e+02 7.43000000e+02 3.26126175e-01 6.00000000e+00]
[7.81000000e+02 5.37000000e+02 3.26578125e-01 1.20000000e+01]
[7.85000000e+02 7.63000000e+02 3.26579387e-01 3.10000000e+01]
[7.48000000e+02 7.90000000e+02 3.26935419e-01 1.40000000e+01]
[7.500000e+01 7.840000e+02 3.270047e-01 1.500000e+01]
[7.04000000e+02 7.89000000e+02 3.27162116e-01 8.00000000e+00]
[1.1600000e+02 7.6500000e+02 3.2818152e-01 6.0000000e+00]
[6.0000000e+02 7.9300000e+02 3.2914944e-01 1.7000000e+01]
[1.74000000e+02 7.57000000e+02 3.30336355e-01 1.30000000e+01]
[6.07000000e+02 7.82000000e+02 3.30387845e-01 1.20000000e+01]
[3.89000000e+02 7.72000000e+02 3.31441774e-01 9.00000000e+00]
[ 73.         200.           0.33145539   2.        ]
[7.64000000e+02 2.50000000e+02 3.31648057e-01 4.00000000e+00]
[5.13000000e+02 7.99000000e+02 3.31831585e-01 1.00000000e+01]
[3.4900000e+02 7.5900000e+02 3.3273378e-01 4.0000000e+00]
[4.63000000e+02 7.98000000e+02 3.33074742e-01 1.30000000e+01]
[7.00000000e+00 5.28000000e+02 3.37192311e-01 2.00000000e+00]
[1.1000000e+02 5.2600000e+02 3.3744238e-01 2.0000000e+00]
[7.92000000e+02 5.76000000e+02 3.37851212e-01 1.60000000e+01]
[5.87000000e+02 4.64000000e+02 3.38250502e-01 3.00000000e+00]
[5.93000000e+02 5.79000000e+02 3.39028538e-01 4.00000000e+00]
[2.60000000e+02 6.39000000e+02 3.39228252e-01 3.00000000e+00]
[2.92000000e+02 3.98000000e+02 3.39776683e-01 2.00000000e+00]
[3.23000000e+02 6.19000000e+02 3.39842375e-01 3.00000000e+00]
[ 89.         293.           0.34056359   2.        ]
[4.76000000e+02 7.78000000e+02 3.40654102e-01 9.00000000e+00]
[4.66000000e+02 7.75000000e+02 3.41132147e-01 7.00000000e+00]
[3.10000000e+01 8.07000000e+02 3.41176472e-01 1.70000000e+01]
[5.35000000e+02 7.94000000e+02 3.41417648e-01 9.00000000e+00]
[6.24000000e+02 2.20000000e+01 3.41568329e-01 3.00000000e+00]
[1.63000000e+02 8.16000000e+02 3.42435267e-01 1.80000000e+01]
[2.6700000e+02 7.9600000e+02 3.4280185e-01 1.8000000e+01]
[7.70000000e+02 6.65000000e+02 3.44568173e-01 5.00000000e+00]
[4.12000000e+02 7.95000000e+02 3.45285425e-01 7.00000000e+00]
[7.86000000e+02 7.91000000e+02 3.45962049e-01 6.50000000e+01]
[8.01000000e+02 2.84000000e+02 3.47248389e-01 5.00000000e+00]
[8.03000000e+02 5.24000000e+02 3.47594593e-01 5.00000000e+00]
[1.39000000e+02 7.61000000e+02 3.47653809e-01 1.30000000e+01]
[4.78000000e+02 8.14000000e+02 3.48023307e-01 1.00000000e+01]
[4.99000000e+02 8.17000000e+02 3.48684347e-01 1.00000000e+01]
[7.6900000e+02 8.0400000e+02 3.4886154e-01 1.5000000e+01]
[5.90000000e+01 7.97000000e+02 3.49583981e-01 1.40000000e+01]
[6.41000000e+02 8.15000000e+02 3.49832295e-01 9.00000000e+00]
[8.31000000e+02 4.81000000e+02 3.50078914e-01 1.00000000e+01]
[1.9000000e+02 7.8700000e+02 3.5091486e-01 6.0000000e+00]
[1.84000000e+02 8.02000000e+02 3.52157348e-01 1.10000000e+01]
[7.49000000e+02 8.33000000e+02 3.52211079e-01 8.00000000e+00]
[4.30000000e+01 5.81000000e+02 3.55240719e-01 3.00000000e+00]
[2.0300000e+02 8.3400000e+02 3.5532544e-01 1.2000000e+01]
[4.04000000e+02 7.80000000e+02 3.55574584e-01 1.00000000e+01]
[7.26000000e+02 8.27000000e+02 3.57189873e-01 1.20000000e+01]
[3.12000000e+02 8.38000000e+02 3.58733364e-01 1.10000000e+01]
[8.09000000e+02 8.19000000e+02 3.58970037e-01 2.20000000e+01]
[2.60000000e+01 8.37000000e+02 3.60714086e-01 1.30000000e+01]
[3.30000000e+02 8.24000000e+02 3.61169435e-01 6.00000000e+00]
[4.82000000e+02 8.20000000e+02 3.61387962e-01 1.90000000e+01]
[7.40000000e+02 4.84000000e+02 3.64128474e-01 6.00000000e+00]
[4.4100000e+02 5.8000000e+02 3.6413297e-01 3.0000000e+00]
[8.10000000e+02 4.65000000e+02 3.64771546e-01 4.00000000e+00]
[8.13000000e+02 8.42000000e+02 3.65710422e-01 1.50000000e+01]
[1.18000000e+02 7.03000000e+02 3.65722655e-01 4.00000000e+00]
[1.57000000e+02 8.26000000e+02 3.66298196e-01 1.40000000e+01]
[2.58000000e+02 6.04000000e+02 3.67948584e-01 3.00000000e+00]
[7.01000000e+02 3.62000000e+02 3.68509901e-01 3.00000000e+00]
[3.21000000e+02 4.20000000e+02 3.68594545e-01 2.00000000e+00]
[7.90000000e+01 8.44000000e+02 3.68594885e-01 2.00000000e+01]
[8.28000000e+02 5.90000000e+02 3.68829079e-01 1.20000000e+01]
[8.36000000e+02 8.21000000e+02 3.68843093e-01 8.00000000e+00]
[1.46000000e+02 8.22000000e+02 3.68856063e-01 8.00000000e+00]
[5.12000000e+02 8.45000000e+02 3.68983972e-01 7.00000000e+00]
[1.93000000e+02 8.41000000e+02 3.69418447e-01 2.30000000e+01]
[7.68000000e+02 8.47000000e+02 3.70011895e-01 6.00000000e+00]
[111.         241.           0.37023456   2.        ]
[7.45000000e+02 8.23000000e+02 3.70528587e-01 7.20000000e+01]
[1.37000000e+02 8.56000000e+02 3.70539289e-01 9.00000000e+00]
[3.87000000e+02 8.43000000e+02 3.70981927e-01 7.00000000e+00]
[8.40000000e+02 8.55000000e+02 3.71646821e-01 2.30000000e+01]
[6.26000000e+02 4.96000000e+02 3.71699483e-01 3.00000000e+00]
[2.73000000e+02 7.38000000e+02 3.72851546e-01 3.00000000e+00]
[7.83000000e+02 8.50000000e+02 3.74918894e-01 2.30000000e+01]
[4.56000000e+02 8.51000000e+02 3.75834984e-01 4.00000000e+00]
[1.73000000e+02 7.60000000e+02 3.77663752e-01 4.00000000e+00]
[8.29000000e+02 1.94000000e+02 3.78007516e-01 1.60000000e+01]
[2.88000000e+02 8.39000000e+02 3.78158916e-01 1.30000000e+01]
[8.25000000e+02 8.54000000e+02 3.79493341e-01 2.50000000e+01]
[1.45000000e+02 8.12000000e+02 3.79873406e-01 4.00000000e+00]
[4.91000000e+02 8.63000000e+02 3.80531811e-01 1.00000000e+01]
[5.97000000e+02 8.72000000e+02 3.81383222e-01 1.60000000e+01]
[3.70000000e+01 8.73000000e+02 3.82700657e-01 2.60000000e+01]
[8.3500000e+02 8.6500000e+02 3.8310065e-01 3.1000000e+01]
[5.30000000e+01 8.69000000e+02 3.83485069e-01 5.00000000e+00]
[2.57000000e+02 8.48000000e+02 3.85424939e-01 1.60000000e+01]
[7.52000000e+02 8.32000000e+02 3.86258932e-01 1.40000000e+01]
[8.57000000e+02 5.99000000e+02 3.86589052e-01 1.00000000e+01]
[3.92000000e+02 8.82000000e+02 3.86777771e-01 1.10000000e+01]
[8.71000000e+02 2.54000000e+02 3.86986771e-01 1.70000000e+01]
[8.84000000e+02 5.94000000e+02 3.87105736e-01 1.90000000e+01]
[3.42000000e+02 8.66000000e+02 3.87283057e-01 4.00000000e+00]
[4.17000000e+02 8.52000000e+02 3.87854413e-01 4.00000000e+00]
[2.81000000e+02 8.58000000e+02 3.88131761e-01 8.00000000e+00]
[8.78000000e+02 5.10000000e+02 3.88683083e-01 3.20000000e+01]
[1.59000000e+02 8.05000000e+02 3.89369403e-01 3.00000000e+00]
[4.03000000e+02 3.99000000e+02 3.90122653e-01 2.00000000e+00]
[8.64000000e+02 8.75000000e+02 3.90939481e-01 1.70000000e+01]
[4.83000000e+02 8.92000000e+02 3.92361669e-01 1.80000000e+01]
[8.08000000e+02 8.46000000e+02 3.93210545e-01 6.00000000e+00]
[8.85000000e+02 5.05000000e+02 3.93363435e-01 2.00000000e+01]
[3.78000000e+02 8.86000000e+02 3.94107328e-01 5.00000000e+00]
[8.53000000e+02 8.77000000e+02 3.95649581e-01 2.80000000e+01]
[8.81000000e+02 8.97000000e+02 3.95868923e-01 4.20000000e+01]
[4.80000000e+01 8.68000000e+02 3.98071619e-01 2.40000000e+01]
[6.20000000e+02 6.90000000e+01 3.98259431e-01 3.00000000e+00]
[3.520000e+02 8.900000e+02 3.995964e-01 4.000000e+00]
[4.51000000e+02 8.60000000e+02 3.99892175e-01 7.00000000e+00]
[8.76000000e+02 6.49000000e+02 4.00823623e-01 1.80000000e+01]
[8.80000000e+02 4.97000000e+02 4.00957593e-01 1.70000000e+01]
[5.14000000e+02 8.93000000e+02 4.01390457e-01 1.90000000e+01]
[4.93000000e+02 8.59000000e+02 4.01554838e-01 2.40000000e+01]
[1.88000000e+02 6.80000000e+02 4.02276697e-01 7.00000000e+00]
[1.61000000e+02 9.02000000e+02 4.04471103e-01 8.00000000e+00]
[9.01000000e+02 4.30000000e+02 4.05747801e-01 5.00000000e+00]
[2.96000000e+02 8.11000000e+02 4.05852049e-01 3.00000000e+00]
[8.06000000e+02 4.50000000e+01 4.06295597e-01 3.00000000e+00]
[4.25000000e+02 9.11000000e+02 4.06330063e-01 4.00000000e+00]
[8.62000000e+02 9.90000000e+01 4.06463565e-01 7.30000000e+01]
[8.91000000e+02 9.08000000e+02 4.07182916e-01 1.00000000e+01]
[9.10000000e+02 8.98000000e+02 4.07747859e-01 4.50000000e+01]
[9.1300000e+02 7.3000000e+02 4.0779643e-01 8.0000000e+01]
[8.74000000e+02 8.88000000e+02 4.08180573e-01 1.20000000e+01]
[3.7500000e+02 5.8200000e+02 4.0888637e-01 3.0000000e+00]
[11.         15.          0.40955516  2.        ]
[5.6000000e+01 9.0300000e+02 4.0968252e-01 1.9000000e+01]
[5.720000e+02 8.870000e+02 4.096887e-01 6.000000e+00]
[9.00000000e+02 4.53000000e+02 4.11870323e-01 4.00000000e+00]
[9.2200000e+02 9.0500000e+02 4.1250504e-01 2.3000000e+01]
[5.31000000e+02 9.04000000e+02 4.12810266e-01 1.80000000e+01]
[5.50000000e+01 9.14000000e+02 4.13269964e-01 1.10000000e+01]
[5.38000000e+02 9.16000000e+02 4.13627943e-01 8.10000000e+01]
[8.83000000e+02 6.42000000e+02 4.14801286e-01 1.30000000e+01]
[8.9900000e+02 9.2600000e+02 4.1493992e-01 1.0500000e+02]
[  2.         388.           0.41666883   2.        ]
[5.41000000e+02 8.30000000e+02 4.17160341e-01 1.70000000e+01]
[1.49000000e+02 8.18000000e+02 4.17876812e-01 4.00000000e+00]
[1.87000000e+02 8.96000000e+02 4.19854951e-01 6.00000000e+00]
[3.85000000e+02 9.27000000e+02 4.21615771e-01 1.40000000e+01]
[4.01000000e+02 9.15000000e+02 4.21994035e-01 4.60000000e+01]
[8.94000000e+02 6.14000000e+02 4.22325829e-01 8.00000000e+00]
[5.00000000e+02 9.32000000e+02 4.22982275e-01 7.00000000e+00]
[3.60000000e+01 9.12000000e+02 4.23371204e-01 5.00000000e+00]
[4.75000000e+02 9.06000000e+02 4.24232873e-01 2.50000000e+01]
[9.20000000e+02 8.89000000e+02 4.24765148e-01 5.10000000e+01]
[5.32000000e+02 9.17000000e+02 4.25695125e-01 1.30000000e+01]
[4.59000000e+02 9.21000000e+02 4.26287819e-01 7.00000000e+00]
[9.35000000e+02 1.20000000e+02 4.29057212e-01 9.00000000e+00]
[9.23000000e+02 3.38000000e+02 4.29562415e-01 2.40000000e+01]
[9.31000000e+02 6.66000000e+02 4.29758736e-01 6.00000000e+00]
[9.30000000e+02 7.14000000e+02 4.30461514e-01 1.90000000e+01]
[2.35000000e+02 8.70000000e+02 4.32315644e-01 5.00000000e+00]
[8.67000000e+02 8.95000000e+02 4.33215539e-01 2.30000000e+01]
[4.40000000e+02 9.38000000e+02 4.33491118e-01 2.60000000e+01]
[9.09000000e+02 9.34000000e+02 4.33740421e-01 5.10000000e+01]
[6.31000000e+02 3.04000000e+02 4.34488934e-01 4.00000000e+00]
[4.70000000e+01 9.48000000e+02 4.37222332e-01 2.70000000e+01]
[9.39000000e+02 7.23000000e+02 4.37610131e-01 5.30000000e+01]
[1.33000000e+02 9.52000000e+02 4.39178728e-01 5.40000000e+01]
[9.44000000e+02 1.81000000e+02 4.39769641e-01 7.00000000e+00]
[9.18000000e+02 9.33000000e+02 4.40926726e-01 1.70000000e+01]
[8.79000000e+02 7.44000000e+02 4.41815877e-01 7.00000000e+00]
[3.25000000e+02 9.53000000e+02 4.42230604e-01 5.50000000e+01]
[9.36000000e+02 4.31000000e+02 4.43081912e-01 8.00000000e+00]
[9.4300000e+02 8.6100000e+02 4.4387699e-01 2.6000000e+01]
[9.54000000e+02 3.72000000e+02 4.44995295e-01 8.00000000e+00]
[167.         243.           0.44585855   2.        ]
[9.50000000e+02 9.55000000e+02 4.46385409e-01 2.10000000e+01]
[1.75000000e+02 9.49000000e+02 4.46399682e-01 5.20000000e+01]
[8.40000000e+01 9.24000000e+02 4.47021733e-01 1.90000000e+01]
[4.16000000e+02 9.51000000e+02 4.47201593e-01 2.80000000e+01]
[9.37000000e+02 5.50000000e+02 4.47744865e-01 7.00000000e+00]
[8.00000000e+02 9.46000000e+02 4.48165137e-01 7.00000000e+00]
[4.28000000e+02 9.63000000e+02 4.48352086e-01 5.30000000e+01]
[9.59000000e+02 9.47000000e+02 4.49100871e-01 4.90000000e+01]
[2.79000000e+02 9.42000000e+02 4.49758014e-01 1.00000000e+01]
[3.6800000e+02 9.5800000e+02 4.5155623e-01 9.0000000e+00]
[4.98000000e+02 9.66000000e+02 4.55479405e-01 8.00000000e+00]
[4.74000000e+02 9.57000000e+02 4.56254081e-01 5.60000000e+01]
[3.90000000e+01 9.65000000e+02 4.61148496e-01 2.90000000e+01]
[3.60000000e+02 9.64000000e+02 4.63499527e-01 2.00000000e+01]
[2.23000000e+02 9.68000000e+02 4.63655097e-01 5.40000000e+01]
[5.34000000e+02 9.40000000e+02 4.64128472e-01 1.40000000e+01]
[1.38000000e+02 9.28000000e+02 4.64218004e-01 1.06000000e+02]
[9.67000000e+02 9.78000000e+02 4.64473464e-01 1.13000000e+02]
[7.88000000e+02 9.73000000e+02 4.64980691e-01 5.80000000e+01]
[1.07000000e+02 9.25000000e+02 4.66013388e-01 1.20000000e+01]
[3.70000000e+02 9.41000000e+02 4.66443595e-01 8.00000000e+00]
[1.14000000e+02 9.70000000e+02 4.67737245e-01 1.10000000e+01]
[9.75000000e+02 9.80000000e+02 4.69136752e-01 7.80000000e+01]
[263.         179.           0.46960973   2.        ]
[4.88000000e+02 5.58000000e+02 4.69883637e-01 3.00000000e+00]
[1.51000000e+02 9.71000000e+02 4.72024476e-01 1.00000000e+01]
[3.5100000e+02 9.7400000e+02 4.7445954e-01 3.0000000e+01]
[8.00000000e+00 9.69000000e+02 4.76968072e-01 5.00000000e+01]
[2.78000000e+02 9.87000000e+02 4.77139552e-01 1.10000000e+01]
[9.29000000e+02 9.88000000e+02 4.77844696e-01 3.20000000e+01]
[1.98000000e+02 9.85000000e+02 4.80019942e-01 3.00000000e+00]
[9.60000000e+02 9.90000000e+02 4.81245234e-01 1.90000000e+01]
[9.19000000e+02 5.04000000e+02 4.83207633e-01 3.00000000e+00]
[1.26000000e+02 9.72000000e+02 4.84095571e-01 9.00000000e+00]
[9.56000000e+02 9.45000000e+02 4.86763459e-01 2.60000000e+01]
[9.91000000e+02 9.62000000e+02 4.86798511e-01 5.30000000e+01]
[1.31000000e+02 9.81000000e+02 4.87297141e-01 1.30000000e+01]
[2.68000000e+02 9.07000000e+02 4.87358103e-01 8.00000000e+00]
[4.1100000e+02 9.8200000e+02 4.9250469e-01 9.0000000e+00]
[6.91000000e+02 9.93000000e+02 4.92779762e-01 2.10000000e+01]
[9.83000000e+02 5.98000000e+02 4.96134998e-01 1.30000000e+01]
[9.89000000e+02 8.49000000e+02 4.96354962e-01 5.40000000e+01]
[9.61000000e+02 3.95000000e+02 4.97342452e-01 3.00000000e+00]
[4.55000000e+02 9.97000000e+02 4.97611811e-01 5.40000000e+01]
[2.30000000e+02 9.95000000e+02 4.98220026e-01 1.00000000e+01]
[6.03000000e+02 9.76000000e+02 5.01006634e-01 5.60000000e+01]
[1.00300000e+03 1.00700000e+03 5.01116955e-01 1.10000000e+02]
[3.06000000e+02 9.77000000e+02 5.01461486e-01 1.50000000e+01]
[2.87000000e+02 9.79000000e+02 5.01850691e-01 1.14000000e+02]
[9.84000000e+02 1.00500000e+03 5.03859994e-01 1.32000000e+02]
[1.34000000e+02 1.00800000e+03 5.04390619e-01 1.11000000e+02]
[1.00000000e+03 1.00100000e+03 5.04550066e-01 3.00000000e+01]
[5.36000000e+02 1.01100000e+03 5.06713018e-01 1.33000000e+02]
[1.00200000e+03 1.91000000e+02 5.12237493e-01 1.40000000e+01]
[9.86000000e+02 1.00600000e+03 5.16253785e-01 1.30000000e+01]
[166.         169.           0.51628822   2.        ]
[9.96000000e+02 1.01200000e+03 5.16380396e-01 1.37000000e+02]
[9.98000000e+02 4.34000000e+02 5.16942765e-01 1.40000000e+01]
[1.0040000e+03 1.0180000e+03 5.1978555e-01 1.4000000e+02]
[5.39000000e+02 1.01000000e+03 5.20308597e-01 1.15000000e+02]
[9.99000000e+02 1.00000000e+01 5.20519672e-01 9.00000000e+00]
[1.01900000e+03 3.10000000e+02 5.22673173e-01 1.50000000e+01]
[4.70000000e+02 1.02000000e+03 5.25036896e-01 1.41000000e+02]
[1.00900000e+03 3.79000000e+02 5.27857239e-01 1.60000000e+01]
[4.07000000e+02 1.01400000e+03 5.28841132e-01 1.34000000e+02]
[1.01500000e+03 1.02600000e+03 5.31691928e-01 1.48000000e+02]
[6.00000000e+01 1.02700000e+03 5.33901244e-01 1.49000000e+02]
[1.02200000e+03 1.02400000e+03 5.34032101e-01 1.50000000e+02]
[1.01300000e+03 1.02100000e+03 5.42438647e-01 1.45000000e+02]
[1.02900000e+03 2.42000000e+02 5.42987334e-01 1.51000000e+02]
[4.77000000e+02 1.02500000e+03 5.43155465e-01 1.70000000e+01]
[1.03100000e+03 2.86000000e+02 5.43237966e-01 1.52000000e+02]
[1.02300000e+03 1.02800000e+03 5.50608291e-01 1.64000000e+02]
[1.01600000e+03 1.03300000e+03 5.55298969e-01 1.65000000e+02]
[2.82000000e+02 1.03000000e+03 5.55304823e-01 1.46000000e+02]
[3.13000000e+02 1.03500000e+03 5.59722797e-01 1.66000000e+02]
[1.77000000e+02 1.03400000e+03 5.68353337e-01 1.65000000e+02]
[3.64000000e+02 1.03200000e+03 5.73029412e-01 1.80000000e+01]
[5.02000000e+02 1.03700000e+03 5.74234723e-01 1.67000000e+02]
[4.23000000e+02 9.92000000e+02 5.76149478e-01 4.00000000e+00]
[3.55000000e+02 7.42000000e+02 5.80803184e-01 4.00000000e+00]
[9.94000000e+02 1.03800000e+03 5.94579372e-01 1.68000000e+02]
[1.62000000e+02 1.04300000e+03 5.95300788e-01 1.69000000e+02]
[4.1900000e+02 1.0440000e+03 5.9627826e-01 1.7000000e+02]
[6.01000000e+02 1.03600000e+03 5.96918003e-01 1.48000000e+02]
[8.60000000e+01 1.03900000e+03 5.98676996e-01 1.90000000e+01]
[1.04200000e+03 6.62000000e+02 6.19352972e-01 6.00000000e+00]
[1.04500000e+03 1.04000000e+03 6.30821401e-01 3.37000000e+02]
[1.04700000e+03 1.04100000e+03 6.32038047e-01 2.30000000e+01]
[ 13.         506.           0.63215734   2.        ]
[1.0460000e+03 1.7100000e+02 6.3317729e-01 1.4900000e+02]
[1.05200000e+03 3.54000000e+02 6.34454409e-01 1.50000000e+02]
[3.7700000e+02 1.0530000e+03 6.4039517e-01 1.5100000e+02]
[1.01700000e+03 1.04800000e+03 6.42474352e-01 8.00000000e+00]
[1.05000000e+03 4.58000000e+02 6.64304653e-01 2.40000000e+01]
[5.07000000e+02 1.05600000e+03 6.65329354e-01 2.50000000e+01]
[3.16000000e+02 1.05700000e+03 6.72625482e-01 2.60000000e+01]
[1.05400000e+03 4.47000000e+02 6.72759326e-01 1.52000000e+02]
[1.08000000e+02 1.05800000e+03 6.90050299e-01 2.70000000e+01]
[7.70000000e+01 1.04900000e+03 6.96989469e-01 3.38000000e+02]
[1.05500000e+03 1.05900000e+03 6.97902568e-01 1.60000000e+02]
[2.89000000e+02 1.06000000e+03 7.12025428e-01 2.80000000e+01]
[1.47000000e+02 1.06200000e+03 7.23183277e-01 1.61000000e+02]
[1.06300000e+03 1.06400000e+03 7.50543094e-01 1.89000000e+02]
[3.14000000e+02 1.06500000e+03 7.58339461e-01 1.90000000e+02]
[1.05100000e+03 1.06100000e+03 7.82328363e-01 3.40000000e+02]
[1.06600000e+03 1.06700000e+03 8.03840707e-01 5.30000000e+02]
[2.12000000e+02 1.06800000e+03 8.15960724e-01 5.31000000e+02]
[4.20000000e+01 1.06900000e+03 8.18743956e-01 5.32000000e+02]
[1.07000000e+03 3.19000000e+02 8.62602926e-01 5.33000000e+02]
[1.07100000e+03 3.41000000e+02 8.63020626e-01 5.34000000e+02]
[1.07200000e+03 5.33000000e+02 8.63110195e-01 5.35000000e+02]
[1.0730000e+03 3.1100000e+02 9.4189862e-01 5.3600000e+02]
[1.07400000e+03 2.77000000e+02 9.41924314e-01 5.37000000e+02]
[2.40000000e+01 1.07500000e+03 1.02944959e+00 5.38000000e+02]
[1076.          201.            1.07849983  539.        ]
[1077.          429.            1.14032227  540.        ]
