[  1. 216.   0.   2.]
[540. 113.   0.   3.]
[  6. 129.   0.   2.]
[64. 68.  0.  2.]
[543.  93.   0.   3.]
[544. 123.   0.   4.]
[545. 214.   0.   5.]
[546. 261.   0.   6.]
[ 78. 125.   0.   2.]
[548. 315.   0.   3.]
[ 90. 518.   0.   2.]
[103. 196.   0.   2.]
[136. 336.   0.   2.]
[178. 245.   0.   2.]
[270. 271.   0.   2.]
[300. 302.   0.   2.]
[5.54000000e+02 4.00000000e+02 4.96705373e-09 3.00000000e+00]
[3.59000000e+02 4.13000000e+02 1.49011612e-08 2.00000000e+00]
[7.20000000e+01 4.37000000e+02 1.82501207e-08 2.00000000e+00]
[5.00000000e+01 1.35000000e+02 2.10734243e-08 2.00000000e+00]
[5.59000000e+02 3.29000000e+02 2.10734243e-08 3.00000000e+00]
[7.40000000e+01 9.10000000e+01 2.10734243e-08 2.00000000e+00]
[5.61000000e+02 3.17000000e+02 2.10734243e-08 3.00000000e+00]
[1.40000000e+02 3.80000000e+02 2.10734243e-08 2.00000000e+00]
[2.20000000e+02 2.95000000e+02 2.10734243e-08 2.00000000e+00]
[9.50000000e+01 1.52000000e+02 2.58095683e-08 2.00000000e+00]
[2.40000000e+02 3.01000000e+02 2.58095683e-08 2.00000000e+00]
[3.07000000e+02 5.65000000e+02 2.58095683e-08 3.00000000e+00]
[3.08000000e+02 5.67000000e+02 2.58095683e-08 4.00000000e+00]
[5.68000000e+02 5.66000000e+02 2.58095683e-08 6.00000000e+00]
[5.69000000e+02 5.60000000e+02 2.58095683e-08 9.00000000e+00]
[5.55000000e+02 4.68000000e+02 3.23812286e-08 3.00000000e+00]
[6.10000000e+01 2.36000000e+02 3.65002415e-08 2.00000000e+00]
[8.10000000e+01 5.64000000e+02 5.05322962e-08 3.00000000e+00]
[5.62000000e+02 2.74000000e+02 9.24592737e-08 4.00000000e+00]
[5.73000000e+02 5.70000000e+02 2.54465547e-02 1.20000000e+01]
[3.09000000e+02 3.94000000e+02 6.73684209e-02 2.00000000e+00]
[6.30000000e+01 4.26000000e+02 6.87958194e-02 2.00000000e+00]
[4.92000000e+02 5.23000000e+02 7.00534255e-02 2.00000000e+00]
[3.46000000e+02 4.38000000e+02 7.37755871e-02 2.00000000e+00]
[3.00000000e+01 2.09000000e+02 7.49299468e-02 2.00000000e+00]
[4.90000000e+01 2.46000000e+02 7.69118658e-02 2.00000000e+00]
[1.24000000e+02 3.05000000e+02 7.71730135e-02 2.00000000e+00]
[3.48000000e+02 3.67000000e+02 7.83635504e-02 2.00000000e+00]
[2.48000000e+02 5.16000000e+02 7.85871413e-02 2.00000000e+00]
[4.36000000e+02 5.22000000e+02 8.05204646e-02 2.00000000e+00]
[3.66000000e+02 5.17000000e+02 8.15927055e-02 2.00000000e+00]
[3.39000000e+02 4.73000000e+02 8.20849537e-02 2.00000000e+00]
[2.90000000e+02 5.30000000e+02 8.37565665e-02 2.00000000e+00]
[65.        76.         0.0843783  2.       ]
[21.         40.          0.08627462  2.        ]
[8.00000000e+01 4.09000000e+02 8.65656498e-02 2.00000000e+00]
[41.         52.          0.08949783  2.        ]
[2.70000000e+01 1.72000000e+02 9.49699863e-02 2.00000000e+00]
[3.03000000e+02 3.69000000e+02 9.52058577e-02 2.00000000e+00]
[5.63000000e+02 5.56000000e+02 9.67398225e-02 5.00000000e+00]
[3.97000000e+02 4.44000000e+02 9.88823921e-02 2.00000000e+00]
[1.44000000e+02 5.57000000e+02 9.96474977e-02 3.00000000e+00]
[1.43000000e+02 4.45000000e+02 1.00533872e-01 2.00000000e+00]
[2.97000000e+02 4.27000000e+02 1.00803743e-01 2.00000000e+00]
[1.70000000e+01 2.83000000e+02 1.00886543e-01 2.00000000e+00]
[2.1800000e+02 5.0300000e+02 1.0135376e-01 2.0000000e+00]
[2.1300000e+02 3.8600000e+02 1.0245912e-01 2.0000000e+00]
[3.96000000e+02 4.14000000e+02 1.03295485e-01 2.00000000e+00]
[2.4700000e+02 2.4900000e+02 1.0590195e-01 2.0000000e+00]
[1.85000000e+02 1.95000000e+02 1.06391067e-01 2.00000000e+00]
[5.74000000e+02 2.04000000e+02 1.08741896e-01 5.00000000e+00]
[1.60000000e+01 4.39000000e+02 1.09901442e-01 2.00000000e+00]
[1.65000000e+02 1.80000000e+02 1.11539949e-01 2.00000000e+00]
[4.0000000e+00 2.6200000e+02 1.1416379e-01 2.0000000e+00]
[4.15000000e+02 4.60000000e+02 1.15742604e-01 2.00000000e+00]
[2.05000000e+02 2.51000000e+02 1.19263498e-01 2.00000000e+00]
[4.18000000e+02 4.61000000e+02 1.20969906e-01 2.00000000e+00]
[6.08000000e+02 2.91000000e+02 1.21237297e-01 3.00000000e+00]
[2.90000000e+01 4.86000000e+02 1.21871126e-01 2.00000000e+00]
[5.95000000e+02 1.70000000e+02 1.23368748e-01 6.00000000e+00]
[1.55000000e+02 2.72000000e+02 1.23752403e-01 2.00000000e+00]
[ 62.         112.           0.12446764   2.        ]
[5.75000000e+02 6.15000000e+02 1.27107196e-01 1.80000000e+01]
[4.0200000e+02 4.8900000e+02 1.2811596e-01 2.0000000e+00]
[3.20000000e+02 4.06000000e+02 1.30107787e-01 2.00000000e+00]
[6.13000000e+02 2.08000000e+02 1.32201097e-01 4.00000000e+00]
[3.81000000e+02 4.05000000e+02 1.36179118e-01 2.00000000e+00]
[1.40000000e+01 4.33000000e+02 1.36660546e-01 2.00000000e+00]
[6.06000000e+02 1.64000000e+02 1.37993508e-01 6.00000000e+00]
[6.09000000e+02 2.21000000e+02 1.42380131e-01 3.00000000e+00]
[6.18000000e+02 1.30000000e+02 1.45107386e-01 1.90000000e+01]
[3.56000000e+02 4.67000000e+02 1.48863793e-01 2.00000000e+00]
[6.26000000e+02 2.19000000e+02 1.51443371e-01 2.00000000e+01]
[6.21000000e+02 2.33000000e+02 1.52736021e-01 5.00000000e+00]
[3.18000000e+02 5.09000000e+02 1.57339045e-01 2.00000000e+00]
[5.92000000e+02 3.82000000e+02 1.60232587e-01 3.00000000e+00]
[1.28000000e+02 3.33000000e+02 1.64285414e-01 2.00000000e+00]
[2.07000000e+02 2.56000000e+02 1.66740488e-01 2.00000000e+00]
[  9.         156.           0.16895805   2.        ]
[2.76000000e+02 3.45000000e+02 1.72012201e-01 2.00000000e+00]
[2.29000000e+02 3.34000000e+02 1.72186857e-01 2.00000000e+00]
[5.52000000e+02 1.76000000e+02 1.72961141e-01 3.00000000e+00]
[3.93000000e+02 5.11000000e+02 1.74690417e-01 2.00000000e+00]
[1.83000000e+02 3.47000000e+02 1.74927355e-01 2.00000000e+00]
[6.32000000e+02 6.29000000e+02 1.80281597e-01 7.00000000e+00]
[3.61000000e+02 5.27000000e+02 1.80512585e-01 2.00000000e+00]
[2.37000000e+02 4.90000000e+02 1.81076907e-01 2.00000000e+00]
[ 54.        148.          0.1811315   2.       ]
[ 19.         104.           0.18194226   2.        ]
[2.06000000e+02 3.22000000e+02 1.83144601e-01 2.00000000e+00]
[6.24000000e+02 1.21000000e+02 1.85269263e-01 7.00000000e+00]
[6.17000000e+02 6.40000000e+02 1.86651486e-01 9.00000000e+00]
[1.42000000e+02 5.19000000e+02 1.94042466e-01 2.00000000e+00]
[6.28000000e+02 1.60000000e+02 1.97242965e-01 2.10000000e+01]
[6.47000000e+02 1.15000000e+02 1.98974237e-01 1.00000000e+01]
[117.         153.           0.20349747   2.        ]
[6.4900000e+02 1.5400000e+02 2.0486666e-01 2.2000000e+01]
[6.44000000e+02 6.36000000e+02 2.05469907e-01 4.00000000e+00]
[7.00000000e+01 6.39000000e+02 2.08302978e-01 3.00000000e+00]
[6.34000000e+02 5.49000000e+02 2.12338295e-01 5.00000000e+00]
[6.52000000e+02 4.48000000e+02 2.15194373e-01 2.30000000e+01]
[2.00000000e+01 2.65000000e+02 2.17192699e-01 2.00000000e+00]
[9.2000000e+01 2.6900000e+02 2.1738547e-01 2.0000000e+00]
[6.11000000e+02 5.71000000e+02 2.20141632e-01 5.00000000e+00]
[2.98000000e+02 6.56000000e+02 2.21265411e-01 2.40000000e+01]
[3.65000000e+02 4.43000000e+02 2.24924921e-01 2.00000000e+00]
[6.57000000e+02 6.33000000e+02 2.27938467e-01 4.00000000e+00]
[6.25000000e+02 6.60000000e+02 2.31498832e-01 2.70000000e+01]
[1.01000000e+02 5.25000000e+02 2.32953046e-01 2.00000000e+00]
[6.53000000e+02 2.39000000e+02 2.34416488e-01 5.00000000e+00]
[4.08000000e+02 4.50000000e+02 2.35010015e-01 2.00000000e+00]
[3.63000000e+02 5.21000000e+02 2.36370907e-01 2.00000000e+00]
[2.64000000e+02 2.75000000e+02 2.37024794e-01 2.00000000e+00]
[6.46000000e+02 1.74000000e+02 2.38980889e-01 8.00000000e+00]
[6.54000000e+02 1.82000000e+02 2.44895522e-01 4.00000000e+00]
[6.63000000e+02 6.65000000e+02 2.46004945e-01 3.20000000e+01]
[ 46.         211.           0.24812682   2.        ]
[5.00000000e+00 6.62000000e+02 2.50173419e-01 5.00000000e+00]
[1.97000000e+02 5.88000000e+02 2.52734448e-01 3.00000000e+00]
[6.37000000e+02 1.86000000e+02 2.52946486e-01 4.00000000e+00]
[6.02000000e+02 4.71000000e+02 2.55789186e-01 3.00000000e+00]
[3.74000000e+02 3.83000000e+02 2.56088207e-01 2.00000000e+00]
[5.86000000e+02 3.71000000e+02 2.56839738e-01 3.00000000e+00]
[ 67.         150.           0.25708084   2.        ]
[6.55000000e+02 1.99000000e+02 2.57490908e-01 6.00000000e+00]
[8.70000000e+01 6.51000000e+02 2.59210846e-01 3.00000000e+00]
[3.31000000e+02 4.42000000e+02 2.59546348e-01 2.00000000e+00]
[3.28000000e+02 4.80000000e+02 2.59613189e-01 2.00000000e+00]
[6.58000000e+02 1.92000000e+02 2.59663368e-01 3.00000000e+00]
[8.80000000e+01 4.10000000e+02 2.61497193e-01 2.00000000e+00]
[1.00000000e+02 4.85000000e+02 2.63091946e-01 2.00000000e+00]
[ 58.         238.           0.26353331   2.        ]
[3.40000000e+02 4.87000000e+02 2.63818468e-01 2.00000000e+00]
[3.26000000e+02 5.29000000e+02 2.63943419e-01 2.00000000e+00]
[35.        82.         0.2645664  2.       ]
[7.10000000e+01 4.62000000e+02 2.65582039e-01 2.00000000e+00]
[6.71000000e+02 6.68000000e+02 2.66096289e-01 3.40000000e+01]
[9.80000000e+01 6.16000000e+02 2.66655643e-01 3.00000000e+00]
[2.32000000e+02 5.78000000e+02 2.67008591e-01 3.00000000e+00]
[ 97.         226.           0.26727184   2.        ]
[6.64000000e+02 4.21000000e+02 2.68279618e-01 3.00000000e+00]
[5.91000000e+02 5.84000000e+02 2.68940387e-01 4.00000000e+00]
[6.72000000e+02 6.70000000e+02 2.69555576e-01 6.00000000e+00]
[6.74000000e+02 4.79000000e+02 2.70603709e-01 4.00000000e+00]
[6.6900000e+02 6.8100000e+02 2.7175072e-01 1.1000000e+01]
[5.42000000e+02 6.35000000e+02 2.72722807e-01 4.00000000e+00]
[3.35000000e+02 3.38000000e+02 2.72895755e-01 2.00000000e+00]
[2.55000000e+02 6.99000000e+02 2.74164302e-01 5.00000000e+00]
[ 33.         122.           0.27495232   2.        ]
[3.00000000e+00 6.92000000e+02 2.75123249e-01 3.50000000e+01]
[2.1000000e+02 6.7700000e+02 2.7542598e-01 3.0000000e+00]
[1.68000000e+02 7.03000000e+02 2.75687701e-01 6.00000000e+00]
[217.         222.           0.27660464   2.        ]
[5.83000000e+02 7.07000000e+02 2.77695613e-01 8.00000000e+00]
[1.09000000e+02 6.59000000e+02 2.78251252e-01 6.00000000e+00]
[5.5300000e+02 2.8500000e+02 2.7875298e-01 3.0000000e+00]
[6.50000000e+02 2.02000000e+02 2.79402286e-01 1.10000000e+01]
[2.4400000e+02 7.0900000e+02 2.7966833e-01 9.0000000e+00]
[3.57000000e+02 2.28000000e+02 2.81013014e-01 2.00000000e+00]
[5.20000000e+02 6.95000000e+02 2.81487202e-01 3.00000000e+00]
[6.78000000e+02 6.94000000e+02 2.82061722e-01 6.00000000e+00]
[9.40000000e+01 4.57000000e+02 2.82304537e-01 2.00000000e+00]
[5.10000000e+01 6.86000000e+02 2.83120231e-01 3.00000000e+00]
[6.7300000e+02 1.7300000e+02 2.8335003e-01 6.0000000e+00]
[3.73000000e+02 7.14000000e+02 2.85188099e-01 3.00000000e+00]
[1.19000000e+02 3.27000000e+02 2.86742174e-01 2.00000000e+00]
[6.30000000e+02 3.91000000e+02 2.87556623e-01 3.00000000e+00]
[8.30000000e+01 6.82000000e+02 2.87717915e-01 3.00000000e+00]
[6.07000000e+02 2.30000000e+01 2.88023598e-01 3.00000000e+00]
[6.90000000e+02 6.98000000e+02 2.88287121e-01 8.00000000e+00]
[6.88000000e+02 7.19000000e+02 2.88476907e-01 8.00000000e+00]
[5.70000000e+01 6.76000000e+02 2.88817277e-01 4.00000000e+00]
[4.40000000e+01 4.52000000e+02 2.88896834e-01 2.00000000e+00]
[5.89000000e+02 6.22000000e+02 2.89568423e-01 4.00000000e+00]
[2.15000000e+02 5.15000000e+02 2.89648765e-01 2.00000000e+00]
[3.37000000e+02 3.76000000e+02 2.89727689e-01 2.00000000e+00]
[6.85000000e+02 7.16000000e+02 2.90316619e-01 8.00000000e+00]
[5.47000000e+02 3.24000000e+02 2.90669648e-01 7.00000000e+00]
[2.59000000e+02 3.30000000e+02 2.90927607e-01 2.00000000e+00]
[5.51000000e+02 3.50000000e+02 2.94355623e-01 3.00000000e+00]
[6.96000000e+02 4.46000000e+02 2.94729628e-01 4.00000000e+00]
[1.32000000e+02 5.38000000e+02 2.96013332e-01 2.00000000e+00]
[7.11000000e+02 3.58000000e+02 2.96281834e-01 4.00000000e+00]
[ 18.         294.           0.29651519   2.        ]
[3.43000000e+02 3.44000000e+02 2.97944482e-01 2.00000000e+00]
[6.79000000e+02 4.95000000e+02 2.98035906e-01 3.00000000e+00]
[4.49000000e+02 4.82000000e+02 2.98212019e-01 2.00000000e+00]
[3.32000000e+02 4.69000000e+02 2.99298611e-01 2.00000000e+00]
[7.18000000e+02 6.89000000e+02 2.99318338e-01 5.00000000e+00]
[3.80000000e+01 7.10000000e+02 2.99705409e-01 7.00000000e+00]
[7.05000000e+02 7.21000000e+02 3.00010817e-01 3.70000000e+01]
[7.46000000e+02 8.50000000e+01 3.00379753e-01 3.80000000e+01]
[ 96.         102.           0.30102584   2.        ]
[1.20000000e+01 3.90000000e+02 3.01369439e-01 2.00000000e+00]
[ 28.         184.           0.30187731   2.        ]
[2.27000000e+02 7.26000000e+02 3.02432848e-01 9.00000000e+00]
[7.47000000e+02 6.83000000e+02 3.03940353e-01 4.00000000e+01]
[4.32000000e+02 4.78000000e+02 3.04326654e-01 2.00000000e+00]
[6.12000000e+02 5.85000000e+02 3.04761737e-01 4.00000000e+00]
[2.66000000e+02 7.52000000e+02 3.04973075e-01 4.10000000e+01]
[7.48000000e+02 1.41000000e+02 3.05329394e-01 3.00000000e+00]
[6.97000000e+02 5.96000000e+02 3.06484211e-01 6.00000000e+00]
[0.00000000e+00 4.91000000e+02 3.06973236e-01 2.00000000e+00]
[6.05000000e+02 5.79000000e+02 3.08096268e-01 4.00000000e+00]
[7.17000000e+02 7.20000000e+02 3.08574392e-01 5.00000000e+00]
[7.25000000e+02 7.29000000e+02 3.08943318e-01 1.20000000e+01]
[7.24000000e+02 6.93000000e+02 3.09464342e-01 6.00000000e+00]
[6.4500000e+02 2.2500000e+02 3.1071571e-01 3.0000000e+00]
[7.44000000e+02 7.15000000e+02 3.11068257e-01 8.00000000e+00]
[139.         253.           0.31125478   2.        ]
[3.40000000e+01 7.34000000e+02 3.11417456e-01 3.00000000e+00]
[7.64000000e+02 3.53000000e+02 3.11462653e-01 9.00000000e+00]
[ 31.         224.           0.31165817   2.        ]
[4.72000000e+02 5.08000000e+02 3.13433976e-01 2.00000000e+00]
[6.60000000e+01 7.35000000e+02 3.13785703e-01 4.00000000e+00]
[252.         127.           0.31385481   2.        ]
[5.81000000e+02 1.05000000e+02 3.14228815e-01 3.00000000e+00]
[7.71000000e+02 4.63000000e+02 3.14411491e-01 3.00000000e+00]
[2.99000000e+02 3.95000000e+02 3.15549594e-01 2.00000000e+00]
[3.4900000e+02 5.0100000e+02 3.1612377e-01 2.0000000e+00]
[7.37000000e+02 6.75000000e+02 3.16217415e-01 6.00000000e+00]
[5.77000000e+02 1.06000000e+02 3.17253963e-01 3.00000000e+00]
[3.84000000e+02 4.81000000e+02 3.17278407e-01 2.00000000e+00]
[4.66000000e+02 4.94000000e+02 3.17735117e-01 2.00000000e+00]
[7.57000000e+02 1.58000000e+02 3.17888126e-01 7.00000000e+00]
[5.90000000e+01 7.00000000e+02 3.18707422e-01 1.20000000e+01]
[7.36000000e+02 7.60000000e+02 3.20297977e-01 9.00000000e+00]
[2.50000000e+01 4.04000000e+02 3.21251895e-01 2.00000000e+00]
[1.16000000e+02 7.31000000e+02 3.22474278e-01 3.00000000e+00]
[5.93000000e+02 7.53000000e+02 3.22617945e-01 4.00000000e+00]
[7.01000000e+02 7.41000000e+02 3.23448451e-01 7.00000000e+00]
[5.13000000e+02 7.27000000e+02 3.23561451e-01 5.00000000e+00]
[7.13000000e+02 6.66000000e+02 3.23757103e-01 1.10000000e+01]
[4.35000000e+02 6.80000000e+02 3.23937045e-01 7.00000000e+00]
[4.22000000e+02 7.82000000e+02 3.24652658e-01 1.00000000e+01]
[7.45000000e+02 4.54000000e+02 3.24800786e-01 8.00000000e+00]
[7.23000000e+02 7.02000000e+02 3.24840948e-01 5.00000000e+00]
[7.32000000e+02 5.37000000e+02 3.24846072e-01 9.00000000e+00]
[7.67000000e+02 7.50000000e+01 3.25141117e-01 1.00000000e+01]
[3.20000000e+01 5.05000000e+02 3.25146912e-01 2.00000000e+00]
[231.         234.           0.32598289   2.        ]
[6.0000000e+02 2.6700000e+02 3.2914944e-01 3.0000000e+00]
[7.56000000e+02 7.93000000e+02 3.30405553e-01 1.20000000e+01]
[7.88000000e+02 6.10000000e+02 3.30813706e-01 1.30000000e+01]
[3.21000000e+02 3.89000000e+02 3.31441774e-01 2.00000000e+00]
[ 73.         200.           0.33145539   2.        ]
[7.5100000e+02 3.8700000e+02 3.3199538e-01 1.0000000e+01]
[5.90000000e+02 7.87000000e+02 3.32170361e-01 7.00000000e+00]
[7.80000000e+02 4.76000000e+02 3.35279918e-01 8.00000000e+00]
[7.08000000e+02 7.74000000e+02 3.36556831e-01 4.00000000e+00]
[7.7800000e+02 7.4200000e+02 3.3662938e-01 4.0000000e+00]
[7.00000000e+00 5.28000000e+02 3.37192311e-01 2.00000000e+00]
[1.1000000e+02 7.9900000e+02 3.3744238e-01 1.4000000e+01]
[7.68000000e+02 7.98000000e+02 3.37595311e-01 1.40000000e+01]
[5.87000000e+02 4.64000000e+02 3.38250502e-01 3.00000000e+00]
[1.94000000e+02 7.73000000e+02 3.38391626e-01 4.00000000e+00]
[161.         260.           0.33922825   2.        ]
[7.6200000e+02 7.6100000e+02 3.3929402e-01 1.8000000e+01]
[2.92000000e+02 3.98000000e+02 3.39776683e-01 2.00000000e+00]
[3.23000000e+02 6.19000000e+02 3.39842375e-01 3.00000000e+00]
[2.93000000e+02 5.76000000e+02 3.40563586e-01 3.00000000e+00]
[4.99000000e+02 5.35000000e+02 3.41417648e-01 2.00000000e+00]
[6.23000000e+02 2.20000000e+01 3.41568329e-01 3.00000000e+00]
[7.92000000e+02 5.24000000e+02 3.41606431e-01 6.00000000e+00]
[7.22000000e+02 5.12000000e+02 3.41872574e-01 4.00000000e+00]
[2.60000000e+01 7.94000000e+02 3.41980255e-01 1.10000000e+01]
[1.63000000e+02 4.40000000e+02 3.42435267e-01 2.00000000e+00]
[7.40000000e+02 4.84000000e+02 3.42852761e-01 3.00000000e+00]
[5.82000000e+02 4.12000000e+02 3.45285425e-01 3.00000000e+00]
[7.50000000e+02 2.03000000e+02 3.47182536e-01 3.00000000e+00]
[7.77000000e+02 7.85000000e+02 3.47346909e-01 7.00000000e+00]
[7.66000000e+02 8.02000000e+02 3.47794071e-01 1.30000000e+01]
[7.84000000e+02 1.46000000e+02 3.48243738e-01 4.00000000e+00]
[7.59000000e+02 5.99000000e+02 3.48567459e-01 6.00000000e+00]
[7.90000000e+01 8.19000000e+02 3.49028435e-01 7.00000000e+00]
[7.90000000e+02 8.03000000e+02 3.49946035e-01 1.70000000e+01]
[250.         284.           0.35096516   2.        ]
[6.87000000e+02 2.63000000e+02 3.51160254e-01 3.00000000e+00]
[6.38000000e+02 7.89000000e+02 3.52062027e-01 9.00000000e+00]
[7.49000000e+02 8.31000000e+02 3.52211079e-01 1.90000000e+01]
[7.75000000e+02 4.53000000e+02 3.52661051e-01 3.00000000e+00]
[1.90000000e+02 4.65000000e+02 3.52955489e-01 2.00000000e+00]
[4.30000000e+01 7.72000000e+02 3.53562029e-01 4.00000000e+00]
[8.21000000e+02 8.25000000e+02 3.56073789e-01 1.40000000e+01]
[8.13000000e+02 8.27000000e+02 3.56275506e-01 3.10000000e+01]
[6.43000000e+02 7.33000000e+02 3.56376536e-01 9.00000000e+00]
[8.08000000e+02 7.38000000e+02 3.57034242e-01 1.80000000e+01]
[5.60000000e+01 7.30000000e+02 3.57189873e-01 3.00000000e+00]
[8.09000000e+02 8.16000000e+02 3.57891889e-01 1.70000000e+01]
[8.35000000e+02 3.12000000e+02 3.58931927e-01 2.00000000e+01]
[8.04000000e+02 5.97000000e+02 3.60881323e-01 1.10000000e+01]
[8.23000000e+02 4.97000000e+02 3.61392078e-01 4.00000000e+00]
[ 89.         257.           0.36195171   2.        ]
[3.78000000e+02 8.17000000e+02 3.62351629e-01 3.00000000e+00]
[8.26000000e+02 4.93000000e+02 3.63871447e-01 8.00000000e+00]
[7.65000000e+02 8.36000000e+02 3.63884401e-01 5.00000000e+00]
[1.9300000e+02 4.4100000e+02 3.6413297e-01 2.0000000e+00]
[7.58000000e+02 1.37000000e+02 3.64289291e-01 3.00000000e+00]
[8.45000000e+02 4.24000000e+02 3.64616282e-01 2.10000000e+01]
[7.91000000e+02 7.55000000e+02 3.64861732e-01 4.90000000e+01]
[7.79000000e+02 8.06000000e+02 3.65088197e-01 6.00000000e+00]
[1.18000000e+02 7.06000000e+02 3.65722655e-01 4.00000000e+00]
[7.76000000e+02 1.89000000e+02 3.66255052e-01 7.00000000e+00]
[7.86000000e+02 8.40000000e+02 3.66744143e-01 3.80000000e+01]
[7.95000000e+02 2.54000000e+02 3.67666728e-01 3.00000000e+00]
[ 53.         258.           0.36794858   2.        ]
[7.04000000e+02 3.62000000e+02 3.68509901e-01 3.00000000e+00]
[8.38000000e+02 2.73000000e+02 3.68724278e-01 5.00000000e+00]
[2.86000000e+02 7.69000000e+02 3.70011895e-01 3.00000000e+00]
[8.14000000e+02 8.00000000e+02 3.70347867e-01 4.00000000e+00]
[8.34000000e+02 4.25000000e+02 3.71562883e-01 1.00000000e+01]
[4.96000000e+02 8.29000000e+02 3.71699483e-01 7.00000000e+00]
[8.4400000e+02 8.3700000e+02 3.7208552e-01 1.9000000e+01]
[5.26000000e+02 8.42000000e+02 3.73409548e-01 1.90000000e+01]
[2.81000000e+02 8.20000000e+02 3.74389582e-01 5.00000000e+00]
[7.9700000e+02 4.0100000e+02 3.7444848e-01 4.0000000e+00]
[3.70000000e+01 8.58000000e+02 3.74760105e-01 8.00000000e+00]
[7.83000000e+02 3.52000000e+02 3.75087908e-01 3.00000000e+00]
[8.39000000e+02 8.68000000e+02 3.75308193e-01 3.30000000e+01]
[111.         241.           0.37837569   2.        ]
[6.41000000e+02 8.56000000e+02 3.79053005e-01 8.00000000e+00]
[1.20000000e+02 8.22000000e+02 3.79475562e-01 3.00000000e+00]
[8.61000000e+02 4.56000000e+02 3.79835415e-01 3.00000000e+00]
[145.         242.           0.37987341   2.        ]
[7.81000000e+02 2.80000000e+02 3.80357187e-01 1.30000000e+01]
[6.9000000e+01 6.0400000e+02 3.8240124e-01 3.0000000e+00]
[1.00000000e+01 7.63000000e+02 3.82843576e-01 4.00000000e+00]
[8.50000000e+02 8.74000000e+02 3.83169354e-01 4.10000000e+01]
[7.12000000e+02 1.67000000e+02 3.83671079e-01 1.20000000e+01]
[8.43000000e+02 2.88000000e+02 3.86199717e-01 4.00000000e+00]
[1.75000000e+02 7.54000000e+02 3.86258932e-01 5.00000000e+00]
[3.85000000e+02 3.92000000e+02 3.86777771e-01 2.00000000e+00]
[8.83000000e+02 5.10000000e+02 3.87124288e-01 4.20000000e+01]
[342.         368.           0.38728306   2.        ]
[5.72000000e+02 4.17000000e+02 3.87854413e-01 3.00000000e+00]
[8.71000000e+02 1.59000000e+02 3.88206537e-01 5.00000000e+00]
[8.63000000e+02 8.53000000e+02 3.88914411e-01 8.00000000e+00]
[8.30000000e+02 8.28000000e+02 3.89662837e-01 1.10000000e+01]
[4.03000000e+02 5.31000000e+02 3.90122653e-01 2.00000000e+00]
[8.59000000e+02 8.60000000e+02 3.90388254e-01 4.10000000e+01]
[8.920000e+02 5.140000e+02 3.909864e-01 9.000000e+00]
[8.46000000e+02 8.88000000e+02 3.91514763e-01 5.30000000e+01]
[2.96000000e+02 5.94000000e+02 3.92394395e-01 3.00000000e+00]
[4.70000000e+01 8.10000000e+02 3.93210545e-01 4.00000000e+00]
[8.75000000e+02 8.51000000e+02 3.94009583e-01 7.00000000e+00]
[8.7000000e+02 8.4700000e+02 3.9408939e-01 9.0000000e+00]
[8.33000000e+02 6.42000000e+02 3.95113296e-01 5.00000000e+00]
[4.50000000e+01 8.69000000e+02 3.98060549e-01 2.00000000e+01]
[ 48.         138.           0.39807162   2.        ]
[2.23000000e+02 6.20000000e+02 3.98259431e-01 3.00000000e+00]
[8.66000000e+02 8.12000000e+02 3.98686882e-01 1.20000000e+01]
[6.27000000e+02 8.49000000e+02 3.98890954e-01 5.00000000e+00]
[8.84000000e+02 4.28000000e+02 3.99210608e-01 1.30000000e+01]
[4.83000000e+02 8.95000000e+02 3.99310938e-01 4.20000000e+01]
[6.1400000e+02 5.8000000e+02 3.9979157e-01 4.0000000e+00]
[8.93000000e+02 3.75000000e+02 4.01257427e-01 1.20000000e+01]
[8.52000000e+02 2.79000000e+02 4.01477839e-01 3.00000000e+00]
[8.54000000e+02 8.67000000e+02 4.01758951e-01 2.80000000e+01]
[8.62000000e+02 2.78000000e+02 4.03348196e-01 4.00000000e+00]
[8.91000000e+02 4.30000000e+02 4.04145262e-01 6.00000000e+00]
[8.79000000e+02 8.15000000e+02 4.05045721e-01 5.00000000e+00]
[6.48000000e+02 3.25000000e+02 4.06418162e-01 3.00000000e+00]
[9.13000000e+02 8.73000000e+02 4.06619435e-01 3.10000000e+01]
[8.72000000e+02 9.08000000e+02 4.07400945e-01 2.10000000e+01]
[9.11000000e+02 4.20000000e+02 4.07789974e-01 1.30000000e+01]
[8.86000000e+02 8.76000000e+02 4.07792427e-01 1.30000000e+01]
[11.         15.          0.40955516  2.        ]
[8.32000000e+02 9.09000000e+02 4.09712169e-01 4.40000000e+01]
[3.9900000e+02 8.9400000e+02 4.1019614e-01 3.0000000e+00]
[8.55000000e+02 2.35000000e+02 4.10828733e-01 5.00000000e+01]
[8.97000000e+02 9.01000000e+02 4.11237031e-01 6.20000000e+01]
[8.80000000e+02 6.84000000e+02 4.11409882e-01 1.60000000e+01]
[8.85000000e+02 9.26000000e+02 4.12500433e-01 6.60000000e+01]
[3.0400000e+02 9.0600000e+02 4.1283606e-01 1.3000000e+01]
[ 55.         107.           0.41326996   2.        ]
[9.18000000e+02 9.07000000e+02 4.14219121e-01 3.60000000e+01]
[7.39000000e+02 3.54000000e+02 4.15241351e-01 3.00000000e+00]
[  2.         388.           0.41666883   2.        ]
[9.00000000e+02 9.23000000e+02 4.17382066e-01 5.10000000e+01]
[149.         372.           0.41787681   2.        ]
[8.9600000e+02 8.8100000e+02 4.1815311e-01 1.2000000e+01]
[9.34000000e+02 1.57000000e+02 4.22095072e-01 5.20000000e+01]
[8.90000000e+02 4.59000000e+02 4.22106431e-01 4.00000000e+00]
[9.31000000e+02 8.05000000e+02 4.23241133e-01 4.00000000e+01]
[3.60000000e+01 5.50000000e+02 4.23371204e-01 3.00000000e+00]
[9.20000000e+02 3.51000000e+02 4.24274547e-01 1.40000000e+01]
[2.30000000e+02 5.32000000e+02 4.25695125e-01 2.00000000e+00]
[9.39000000e+02 9.15000000e+02 4.27359948e-01 4.60000000e+01]
[9.14000000e+02 8.65000000e+02 4.28794089e-01 8.00000000e+00]
[8.64000000e+02 4.51000000e+02 4.30026457e-01 4.00000000e+00]
[8.18000000e+02 6.67000000e+02 4.30120037e-01 5.00000000e+00]
[9.28000000e+02 4.74000000e+02 4.30823564e-01 6.70000000e+01]
[9.3600000e+02 8.8700000e+02 4.3311125e-01 1.4000000e+01]
[9.19000000e+02 9.25000000e+02 4.33274672e-01 7.10000000e+01]
[4.7500000e+02 9.4700000e+02 4.3387011e-01 6.8000000e+01]
[9.49000000e+02 9.90000000e+01 4.33882068e-01 7.20000000e+01]
[9.1200000e+02 8.9900000e+02 4.3448584e-01 7.0000000e+00]
[6.31000000e+02 6.00000000e+01 4.34488934e-01 4.00000000e+00]
[7.28000000e+02 7.96000000e+02 4.37823585e-01 4.00000000e+00]
[133.         364.           0.43917873   2.        ]
[9.27000000e+02 3.13000000e+02 4.40797353e-01 1.70000000e+01]
[9.17000000e+02 9.50000000e+02 4.40995094e-01 7.10000000e+01]
[9.48000000e+02 9.41000000e+02 4.41090046e-01 2.80000000e+01]
[9.16000000e+02 5.34000000e+02 4.41583013e-01 6.00000000e+00]
[1.87000000e+02 5.00000000e+02 4.41855615e-01 2.00000000e+00]
[8.24000000e+02 5.98000000e+02 4.44318971e-01 5.00000000e+00]
[9.46000000e+02 9.35000000e+02 4.44982399e-01 7.00000000e+00]
[9.21000000e+02 1.81000000e+02 4.46271931e-01 1.40000000e+01]
[4.16000000e+02 4.55000000e+02 4.47201593e-01 2.00000000e+00]
[8.48000000e+02 9.24000000e+02 4.47942628e-01 5.00000000e+00]
[8.01000000e+02 5.39000000e+02 4.48165137e-01 3.00000000e+00]
[8.77000000e+02 9.52000000e+02 4.48368201e-01 1.00000000e+01]
[9.51000000e+02 8.98000000e+02 4.48631902e-01 7.50000000e+01]
[8.4100000e+02 2.8700000e+02 4.5043893e-01 1.0000000e+01]
[9.03000000e+02 9.29000000e+02 4.50555996e-01 3.30000000e+01]
[9.44000000e+02 1.51000000e+02 4.50973338e-01 9.00000000e+00]
[9.37000000e+02 1.88000000e+02 4.52549417e-01 5.30000000e+01]
[1.77000000e+02 4.98000000e+02 4.55479405e-01 2.00000000e+00]
[9.58000000e+02 9.72000000e+02 4.56710278e-01 8.10000000e+01]
[377.         431.           0.45747066   2.        ]
[9.43000000e+02 9.63000000e+02 4.57671854e-01 6.00000000e+01]
[9.04000000e+02 9.69000000e+02 4.58068497e-01 1.20000000e+01]
[9.60000000e+02 8.89000000e+02 4.59237746e-01 4.00000000e+00]
[9.57000000e+02 3.60000000e+02 4.60041373e-01 7.20000000e+01]
[8.40000000e+01 9.67000000e+02 4.60415456e-01 1.10000000e+01]
[3.90000000e+01 6.03000000e+02 4.61148496e-01 3.00000000e+00]
[9.3800000e+02 4.1100000e+02 4.6455541e-01 5.0000000e+00]
[8.7800000e+02 7.4300000e+02 4.6511122e-01 5.0000000e+00]
[9.02000000e+02 9.65000000e+02 4.66388364e-01 1.00000000e+01]
[9.74000000e+02 9.68000000e+02 4.67322865e-01 1.56000000e+02]
[114.         191.           0.46773725   2.        ]
[8.07000000e+02 9.71000000e+02 4.68244924e-01 1.10000000e+01]
[1.26000000e+02 4.88000000e+02 4.69883637e-01 2.00000000e+00]
[9.1000000e+02 9.8000000e+02 4.7062647e-01 1.5000000e+01]
[9.76000000e+02 9.84000000e+02 4.72517704e-01 7.00000000e+01]
[9.90000000e+02 9.54000000e+02 4.74497556e-01 7.40000000e+01]
[8.00000000e+00 9.85000000e+02 4.75991213e-01 1.57000000e+02]
[9.79000000e+02 9.64000000e+02 4.76933359e-01 7.40000000e+01]
[9.7000000e+02 9.4000000e+02 4.8027357e-01 3.6000000e+01]
[9.32000000e+02 9.77000000e+02 4.81524869e-01 1.50000000e+01]
[9.22000000e+02 5.04000000e+02 4.83207633e-01 3.00000000e+00]
[9.56000000e+02 9.62000000e+02 4.83368337e-01 2.40000000e+01]
[9.94000000e+02 5.36000000e+02 4.83576984e-01 3.70000000e+01]
[9.91000000e+02 9.59000000e+02 4.86475043e-01 8.00000000e+01]
[9.92000000e+02 9.45000000e+02 4.86853986e-01 1.61000000e+02]
[9.83000000e+02 2.82000000e+02 4.87008231e-01 6.00000000e+00]
[131.         434.           0.48729714   2.        ]
[2.68000000e+02 5.02000000e+02 4.87358103e-01 2.00000000e+00]
[6.91000000e+02 9.66000000e+02 4.88106016e-01 5.00000000e+00]
[9.05000000e+02 9.99000000e+02 4.88202786e-01 8.30000000e+01]
[5.58000000e+02 1.71000000e+02 4.88478218e-01 3.00000000e+00]
[9.98000000e+02 3.10000000e+02 4.93400586e-01 3.80000000e+01]
[9.81000000e+02 1.00500000e+03 4.94821135e-01 8.60000000e+01]
[9.97000000e+02 1.00100000e+03 4.96272075e-01 3.00000000e+01]
[1.34000000e+02 1.00000000e+03 4.96458711e-01 1.62000000e+02]
[179.         198.           0.50084037   2.        ]
[306.         379.           0.50146149   2.        ]
[9.95000000e+02 1.01000000e+03 5.01997239e-01 1.77000000e+02]
[9.82000000e+02 3.70000000e+02 5.02674056e-01 6.00000000e+00]
[9.33000000e+02 9.89000000e+02 5.02738516e-01 1.70000000e+01]
[5.41000000e+02 1.00900000e+03 5.02812383e-01 3.30000000e+01]
[9.8700000e+02 6.0100000e+02 5.0557753e-01 1.3000000e+01]
[1.0070000e+03 1.0020000e+03 5.0579933e-01 4.0000000e+01]
[9.93000000e+02 1.01500000e+03 5.05978878e-01 9.10000000e+01]
[9.61000000e+02 1.01900000e+03 5.09672688e-01 9.60000000e+01]
[9.86000000e+02 3.55000000e+02 5.10652726e-01 3.00000000e+00]
[166.         169.           0.51628822   2.        ]
[1.02000000e+03 4.07000000e+02 5.17202021e-01 9.70000000e+01]
[9.30000000e+02 3.16000000e+02 5.18911989e-01 3.00000000e+00]
[9.53000000e+02 1.01800000e+03 5.19154149e-01 4.40000000e+01]
[9.42000000e+02 4.77000000e+02 5.24125229e-01 3.00000000e+00]
[9.73000000e+02 4.70000000e+02 5.24723908e-01 3.00000000e+00]
[1.0080000e+03 1.0230000e+03 5.3044219e-01 1.8300000e+02]
[9.78000000e+02 9.75000000e+02 5.30761909e-01 6.00000000e+00]
[1.01600000e+03 1.01300000e+03 5.32912074e-01 2.10000000e+02]
[8.60000000e+01 9.55000000e+02 5.37140997e-01 3.00000000e+00]
[7.70000000e+02 8.11000000e+02 5.39180827e-01 8.00000000e+00]
[8.57000000e+02 2.43000000e+02 5.39424611e-01 5.00000000e+00]
[1.0280000e+03 1.0250000e+03 5.3960659e-01 2.2700000e+02]
[4.20000000e+01 9.88000000e+02 5.44613373e-01 3.00000000e+00]
[1.0170000e+03 1.0290000e+03 5.4590316e-01 1.9000000e+01]
[9.96000000e+02 1.03300000e+03 5.57774802e-01 8.00000000e+00]
[1.02400000e+03 1.02100000e+03 5.61633849e-01 6.00000000e+00]
[1.00300000e+03 4.19000000e+02 5.63958295e-01 3.00000000e+00]
[1.03600000e+03 1.03400000e+03 5.74519662e-01 2.46000000e+02]
[1.01400000e+03 1.00400000e+03 5.74696497e-01 1.10000000e+01]
[147.         423.           0.57614948   2.        ]
[1.00600000e+03 1.62000000e+02 5.79208263e-01 4.00000000e+00]
[1.02700000e+03 1.02600000e+03 5.85841424e-01 6.00000000e+00]
[1.03200000e+03 5.06000000e+02 5.93961109e-01 9.00000000e+00]
[1.03000000e+03 1.04000000e+03 5.94290318e-01 4.56000000e+02]
[1.04300000e+03 1.03700000e+03 5.95661468e-01 1.20000000e+01]
[8.82000000e+02 1.03900000e+03 5.96476557e-01 7.00000000e+00]
[1.03500000e+03 1.04400000e+03 6.05618523e-01 9.00000000e+00]
[1.01100000e+03 5.07000000e+02 6.10975459e-01 3.00000000e+00]
[1.03800000e+03 1.04600000e+03 6.12989257e-01 4.62000000e+02]
[1.04100000e+03 7.70000000e+01 6.19211065e-01 1.20000000e+01]
[1.05100000e+03 1.04500000e+03 6.20234654e-01 4.71000000e+02]
[1.04800000e+03 1.04700000e+03 6.30682356e-01 1.90000000e+01]
[1.03100000e+03 1.08000000e+02 6.33086052e-01 4.00000000e+00]
[1.05200000e+03 3.19000000e+02 6.36887772e-01 1.30000000e+01]
[1.01200000e+03 4.58000000e+02 6.48571926e-01 3.00000000e+00]
[1.05300000e+03 6.61000000e+02 6.54120155e-01 4.73000000e+02]
[1.04200000e+03 1.04900000e+03 6.66268437e-01 1.10000000e+01]
[1.05500000e+03 1.05700000e+03 6.66954617e-01 7.00000000e+00]
[1.05800000e+03 1.02200000e+03 6.69568304e-01 4.75000000e+02]
[1.05400000e+03 1.06100000e+03 6.86469452e-01 4.94000000e+02]
[1.06000000e+03 1.05900000e+03 6.93451471e-01 1.80000000e+01]
[1.06300000e+03 1.06200000e+03 7.19664993e-01 5.12000000e+02]
[1.05600000e+03 4.47000000e+02 7.20241525e-01 1.40000000e+01]
[1.06400000e+03 1.05000000e+03 7.56774732e-01 5.15000000e+02]
[277.         314.           0.75833946   2.        ]
[1.06600000e+03 2.89000000e+02 7.63293047e-01 5.16000000e+02]
[1.30000000e+01 1.06800000e+03 7.63333672e-01 5.17000000e+02]
[1.06900000e+03 3.41000000e+02 8.07335714e-01 5.18000000e+02]
[1.0700000e+03 1.0650000e+03 8.1314267e-01 5.3200000e+02]
[1.07100000e+03 1.06700000e+03 8.14761317e-01 5.34000000e+02]
[1.07200000e+03 3.11000000e+02 8.15317663e-01 5.35000000e+02]
[1.0730000e+03 2.4000000e+01 8.1562609e-01 5.3600000e+02]
[1.07400000e+03 2.12000000e+02 8.16130246e-01 5.37000000e+02]
[1.07500000e+03 5.33000000e+02 8.18583261e-01 5.38000000e+02]
[1.0760000e+03 4.2900000e+02 9.8672284e-01 5.3900000e+02]
[1.07700000e+03 2.01000000e+02 1.02913649e+00 5.40000000e+02]
