[  1. 216.   0.   2.]
[540. 113.   0.   3.]
[  6. 129.   0.   2.]
[64. 68.  0.  2.]
[543.  93.   0.   3.]
[544. 123.   0.   4.]
[545. 214.   0.   5.]
[546. 261.   0.   6.]
[ 78. 125.   0.   2.]
[548. 315.   0.   3.]
[ 90. 518.   0.   2.]
[103. 196.   0.   2.]
[136. 336.   0.   2.]
[178. 245.   0.   2.]
[270. 271.   0.   2.]
[300. 302.   0.   2.]
[5.54000000e+02 4.00000000e+02 4.96705373e-09 3.00000000e+00]
[3.59000000e+02 4.13000000e+02 1.49011612e-08 2.00000000e+00]
[7.20000000e+01 4.37000000e+02 1.82501207e-08 2.00000000e+00]
[5.00000000e+01 1.35000000e+02 2.10734243e-08 2.00000000e+00]
[5.59000000e+02 3.29000000e+02 2.10734243e-08 3.00000000e+00]
[7.40000000e+01 9.10000000e+01 2.10734243e-08 2.00000000e+00]
[5.61000000e+02 3.17000000e+02 2.10734243e-08 3.00000000e+00]
[1.40000000e+02 3.80000000e+02 2.10734243e-08 2.00000000e+00]
[2.20000000e+02 2.95000000e+02 2.10734243e-08 2.00000000e+00]
[9.50000000e+01 1.52000000e+02 2.58095683e-08 2.00000000e+00]
[2.40000000e+02 3.01000000e+02 2.58095683e-08 2.00000000e+00]
[3.07000000e+02 5.65000000e+02 2.58095683e-08 3.00000000e+00]
[3.08000000e+02 5.67000000e+02 2.58095683e-08 4.00000000e+00]
[5.68000000e+02 5.66000000e+02 2.58095683e-08 6.00000000e+00]
[5.69000000e+02 5.60000000e+02 2.58095683e-08 9.00000000e+00]
[5.55000000e+02 4.68000000e+02 3.23812286e-08 3.00000000e+00]
[6.10000000e+01 2.36000000e+02 3.65002415e-08 2.00000000e+00]
[8.10000000e+01 5.64000000e+02 5.05322962e-08 3.00000000e+00]
[5.62000000e+02 2.74000000e+02 9.24592737e-08 4.00000000e+00]
[5.73000000e+02 5.70000000e+02 2.54465547e-02 1.20000000e+01]
[3.09000000e+02 3.94000000e+02 6.73684209e-02 2.00000000e+00]
[6.30000000e+01 4.26000000e+02 6.87958194e-02 2.00000000e+00]
[4.92000000e+02 5.23000000e+02 7.00534255e-02 2.00000000e+00]
[3.46000000e+02 4.38000000e+02 7.37755871e-02 2.00000000e+00]
[3.00000000e+01 2.09000000e+02 7.49299468e-02 2.00000000e+00]
[4.90000000e+01 2.46000000e+02 7.69118658e-02 2.00000000e+00]
[1.24000000e+02 3.05000000e+02 7.71730135e-02 2.00000000e+00]
[3.48000000e+02 3.67000000e+02 7.83635504e-02 2.00000000e+00]
[2.48000000e+02 5.16000000e+02 7.85871413e-02 2.00000000e+00]
[4.36000000e+02 5.22000000e+02 8.05204646e-02 2.00000000e+00]
[3.66000000e+02 5.17000000e+02 8.15927055e-02 2.00000000e+00]
[3.39000000e+02 4.73000000e+02 8.20849537e-02 2.00000000e+00]
[2.90000000e+02 5.30000000e+02 8.37565665e-02 2.00000000e+00]
[65.        76.         0.0843783  2.       ]
[21.         40.          0.08627462  2.        ]
[8.00000000e+01 4.09000000e+02 8.65656498e-02 2.00000000e+00]
[41.         52.          0.08949783  2.        ]
[2.70000000e+01 1.72000000e+02 9.49699863e-02 2.00000000e+00]
[3.03000000e+02 3.69000000e+02 9.52058577e-02 2.00000000e+00]
[5.63000000e+02 5.56000000e+02 9.67398225e-02 5.00000000e+00]
[3.97000000e+02 4.44000000e+02 9.88823921e-02 2.00000000e+00]
[1.44000000e+02 5.57000000e+02 9.96474977e-02 3.00000000e+00]
[1.43000000e+02 4.45000000e+02 1.00533872e-01 2.00000000e+00]
[2.97000000e+02 4.27000000e+02 1.00803743e-01 2.00000000e+00]
[1.70000000e+01 2.83000000e+02 1.00886543e-01 2.00000000e+00]
[2.1800000e+02 5.0300000e+02 1.0135376e-01 2.0000000e+00]
[2.1300000e+02 3.8600000e+02 1.0245912e-01 2.0000000e+00]
[3.96000000e+02 4.14000000e+02 1.03295485e-01 2.00000000e+00]
[2.4700000e+02 2.4900000e+02 1.0590195e-01 2.0000000e+00]
[1.85000000e+02 1.95000000e+02 1.06391067e-01 2.00000000e+00]
[5.74000000e+02 2.04000000e+02 1.08741896e-01 5.00000000e+00]
[1.60000000e+01 4.39000000e+02 1.09901442e-01 2.00000000e+00]
[1.65000000e+02 1.80000000e+02 1.11539949e-01 2.00000000e+00]
[2.6200000e+02 5.9500000e+02 1.1416379e-01 6.0000000e+00]
[4.15000000e+02 4.60000000e+02 1.15742604e-01 2.00000000e+00]
[2.05000000e+02 2.51000000e+02 1.19263498e-01 2.00000000e+00]
[4.18000000e+02 4.61000000e+02 1.20969906e-01 2.00000000e+00]
[6.08000000e+02 2.91000000e+02 1.21237297e-01 3.00000000e+00]
[2.90000000e+01 4.86000000e+02 1.21871126e-01 2.00000000e+00]
[1.55000000e+02 2.72000000e+02 1.23752403e-01 2.00000000e+00]
[ 62.         112.           0.12446764   2.        ]
[4.00000000e+00 2.21000000e+02 1.26142185e-01 2.00000000e+00]
[5.75000000e+02 1.30000000e+02 1.27107196e-01 1.30000000e+01]
[4.0200000e+02 4.8900000e+02 1.2811596e-01 2.0000000e+00]
[3.20000000e+02 4.06000000e+02 1.30107787e-01 2.00000000e+00]
[6.13000000e+02 6.16000000e+02 1.32201097e-01 5.00000000e+00]
[6.18000000e+02 2.19000000e+02 1.33873847e-01 1.40000000e+01]
[3.81000000e+02 4.05000000e+02 1.36179118e-01 2.00000000e+00]
[1.40000000e+01 4.33000000e+02 1.36660546e-01 2.00000000e+00]
[6.06000000e+02 1.64000000e+02 1.37993508e-01 6.00000000e+00]
[3.56000000e+02 4.67000000e+02 1.48863793e-01 2.00000000e+00]
[6.21000000e+02 2.08000000e+02 1.48972175e-01 6.00000000e+00]
[1.70000000e+02 6.09000000e+02 1.56971285e-01 7.00000000e+00]
[3.18000000e+02 5.09000000e+02 1.57339045e-01 2.00000000e+00]
[5.92000000e+02 3.82000000e+02 1.60232587e-01 3.00000000e+00]
[1.28000000e+02 6.27000000e+02 1.64285414e-01 7.00000000e+00]
[6.28000000e+02 6.22000000e+02 1.64750898e-01 2.10000000e+01]
[2.07000000e+02 2.56000000e+02 1.66740488e-01 2.00000000e+00]
[  9.         156.           0.16895805   2.        ]
[2.76000000e+02 3.45000000e+02 1.72012201e-01 2.00000000e+00]
[3.34000000e+02 6.32000000e+02 1.72186857e-01 2.20000000e+01]
[5.52000000e+02 1.76000000e+02 1.72961141e-01 3.00000000e+00]
[6.31000000e+02 3.33000000e+02 1.73739914e-01 8.00000000e+00]
[3.93000000e+02 5.11000000e+02 1.74690417e-01 2.00000000e+00]
[1.83000000e+02 3.47000000e+02 1.74927355e-01 2.00000000e+00]
[3.61000000e+02 5.27000000e+02 1.80512585e-01 2.00000000e+00]
[2.37000000e+02 4.90000000e+02 1.81076907e-01 2.00000000e+00]
[ 54.        148.          0.1811315   2.       ]
[1.90000000e+01 6.36000000e+02 1.81942261e-01 2.30000000e+01]
[2.06000000e+02 3.22000000e+02 1.83144601e-01 2.00000000e+00]
[6.44000000e+02 2.29000000e+02 1.85261012e-01 2.40000000e+01]
[6.25000000e+02 1.21000000e+02 1.85269263e-01 7.00000000e+00]
[6.3800000e+02 1.1500000e+02 1.9350171e-01 9.0000000e+00]
[1.42000000e+02 5.19000000e+02 1.94042466e-01 2.00000000e+00]
[6.48000000e+02 2.33000000e+02 1.98945072e-01 1.00000000e+01]
[160.        173.          0.2031354   2.       ]
[117.         153.           0.20349747   2.        ]
[6.46000000e+02 1.04000000e+02 2.05434327e-01 2.50000000e+01]
[7.00000000e+01 6.40000000e+02 2.08302978e-01 3.00000000e+00]
[6.34000000e+02 5.49000000e+02 2.12338295e-01 5.00000000e+00]
[2.00000000e+01 6.33000000e+02 2.17192699e-01 3.00000000e+00]
[9.2000000e+01 2.6900000e+02 2.1738547e-01 2.0000000e+00]
[6.11000000e+02 5.71000000e+02 2.20141632e-01 5.00000000e+00]
[2.98000000e+02 6.53000000e+02 2.20775523e-01 2.60000000e+01]
[3.65000000e+02 4.43000000e+02 2.24924921e-01 2.00000000e+00]
[2.3900000e+02 4.4800000e+02 2.2744073e-01 2.0000000e+00]
[6.56000000e+02 6.51000000e+02 2.27467665e-01 5.00000000e+00]
[1.01000000e+02 5.25000000e+02 2.32953046e-01 2.00000000e+00]
[4.08000000e+02 4.50000000e+02 2.35010015e-01 2.00000000e+00]
[6.1700000e+02 6.5900000e+02 2.3608824e-01 2.8000000e+01]
[3.63000000e+02 5.21000000e+02 2.36370907e-01 2.00000000e+00]
[2.64000000e+02 6.65000000e+02 2.37024794e-01 2.90000000e+01]
[1.54000000e+02 6.67000000e+02 2.37157614e-01 3.00000000e+01]
[6.62000000e+02 2.65000000e+02 2.37390809e-01 6.00000000e+00]
[6.47000000e+02 1.74000000e+02 2.38980889e-01 8.00000000e+00]
[5.0000000e+00 6.6900000e+02 2.4107769e-01 7.0000000e+00]
[6.54000000e+02 1.82000000e+02 2.44895522e-01 4.00000000e+00]
[ 46.         211.           0.24812682   2.        ]
[5.88000000e+02 1.68000000e+02 2.52734448e-01 3.00000000e+00]
[6.37000000e+02 1.86000000e+02 2.52946486e-01 4.00000000e+00]
[6.02000000e+02 4.71000000e+02 2.55789186e-01 3.00000000e+00]
[3.74000000e+02 3.83000000e+02 2.56088207e-01 2.00000000e+00]
[5.86000000e+02 3.71000000e+02 2.56839738e-01 3.00000000e+00]
[1.50000000e+02 6.71000000e+02 2.57080843e-01 8.00000000e+00]
[6.55000000e+02 1.99000000e+02 2.57490908e-01 6.00000000e+00]
[6.52000000e+02 6.70000000e+02 2.59210846e-01 1.00000000e+01]
[4.42000000e+02 6.74000000e+02 2.59546348e-01 4.00000000e+00]
[3.28000000e+02 6.68000000e+02 2.59613189e-01 3.10000000e+01]
[6.57000000e+02 1.92000000e+02 2.59663368e-01 3.00000000e+00]
[8.80000000e+01 6.78000000e+02 2.61497193e-01 4.00000000e+00]
[100.          51.           0.26309195   2.        ]
[ 58.         238.           0.26353331   2.        ]
[4.87000000e+02 6.15000000e+02 2.63818468e-01 3.00000000e+00]
[3.26000000e+02 5.29000000e+02 2.63943419e-01 2.00000000e+00]
[8.70000000e+01 6.81000000e+02 2.64191398e-01 1.10000000e+01]
[8.20000000e+01 6.72000000e+02 2.64566405e-01 5.00000000e+00]
[7.10000000e+01 4.62000000e+02 2.65582039e-01 2.00000000e+00]
[1.97000000e+02 6.63000000e+02 2.65736428e-01 3.00000000e+00]
[3.40000000e+02 6.88000000e+02 2.66774813e-01 4.00000000e+00]
[2.32000000e+02 6.85000000e+02 2.67008591e-01 5.00000000e+00]
[2.26000000e+02 6.93000000e+02 2.67271837e-01 4.00000000e+00]
[5.91000000e+02 5.84000000e+02 2.68940387e-01 4.00000000e+00]
[6.61000000e+02 6.83000000e+02 2.69739894e-01 3.30000000e+01]
[9.70000000e+01 6.96000000e+02 2.72052895e-01 5.00000000e+00]
[6.98000000e+02 4.80000000e+02 2.72112068e-01 3.40000000e+01]
[5.42000000e+02 6.35000000e+02 2.72722807e-01 4.00000000e+00]
[3.35000000e+02 3.38000000e+02 2.72895755e-01 2.00000000e+00]
[3.50000000e+01 6.91000000e+02 2.74700469e-01 6.00000000e+00]
[ 33.         122.           0.27495232   2.        ]
[6.50000000e+02 2.02000000e+02 2.75405972e-01 1.10000000e+01]
[2.1000000e+02 6.7700000e+02 2.7542598e-01 3.0000000e+00]
[2.22000000e+02 2.99000000e+02 2.76604637e-01 2.00000000e+00]
[2.44000000e+02 5.83000000e+02 2.77695613e-01 3.00000000e+00]
[1.09000000e+02 6.58000000e+02 2.78251252e-01 6.00000000e+00]
[5.5300000e+02 2.8500000e+02 2.7875298e-01 3.0000000e+00]
[4.85000000e+02 6.99000000e+02 2.79148674e-01 6.00000000e+00]
[3.31000000e+02 6.82000000e+02 2.79868082e-01 5.00000000e+00]
[3.57000000e+02 2.28000000e+02 2.81013014e-01 2.00000000e+00]
[4.57000000e+02 7.08000000e+02 2.82304537e-01 4.00000000e+00]
[255.          57.           0.28246677   2.        ]
[6.70000000e+01 6.79000000e+02 2.82762989e-01 9.00000000e+00]
[6.73000000e+02 7.03000000e+02 2.84104535e-01 8.00000000e+00]
[3.73000000e+02 6.86000000e+02 2.85188099e-01 3.00000000e+00]
[3.27000000e+02 7.17000000e+02 2.86742174e-01 9.00000000e+00]
[2.75000000e+02 5.47000000e+02 2.86805112e-01 7.00000000e+00]
[6.29000000e+02 3.76000000e+02 2.87556623e-01 3.00000000e+00]
[2.30000000e+01 6.94000000e+02 2.88023598e-01 5.00000000e+00]
[6.95000000e+02 5.78000000e+02 2.88458237e-01 7.00000000e+00]
[4.40000000e+01 4.52000000e+02 2.88896834e-01 2.00000000e+00]
[7.15000000e+02 7.11000000e+02 2.88918163e-01 8.00000000e+00]
[6.23000000e+02 7.00000000e+02 2.89568423e-01 3.60000000e+01]
[2.15000000e+02 5.15000000e+02 2.89648765e-01 2.00000000e+00]
[4.21000000e+02 6.89000000e+02 2.90410135e-01 3.00000000e+00]
[259.         227.           0.29092761   2.        ]
[3.50000000e+02 7.22000000e+02 2.94355623e-01 6.00000000e+00]
[1.32000000e+02 6.75000000e+02 2.94839257e-01 5.00000000e+00]
[4.79000000e+02 7.18000000e+02 2.96070471e-01 4.00000000e+00]
[7.10000000e+02 3.58000000e+02 2.96281834e-01 4.00000000e+00]
[8.5000000e+01 7.2600000e+02 2.9634124e-01 3.7000000e+01]
[5.130000e+02 7.120000e+02 2.964058e-01 6.000000e+00]
[7.21000000e+02 3.91000000e+02 2.96494373e-01 4.00000000e+00]
[ 18.         294.           0.29651519   2.        ]
[3.43000000e+02 3.44000000e+02 2.97944482e-01 2.00000000e+00]
[4.49000000e+02 6.76000000e+02 2.98212019e-01 4.00000000e+00]
[6.60000000e+01 5.51000000e+02 2.99142336e-01 3.00000000e+00]
[2.17000000e+02 7.07000000e+02 2.99267996e-01 3.00000000e+00]
[3.32000000e+02 4.69000000e+02 2.99298611e-01 2.00000000e+00]
[3.80000000e+01 7.09000000e+02 2.99705409e-01 7.00000000e+00]
[2.24000000e+02 7.23000000e+02 3.00001019e-01 8.00000000e+00]
[4.10000000e+02 4.35000000e+02 3.00373165e-01 2.00000000e+00]
[ 96.         102.           0.30102584   2.        ]
[1.20000000e+01 7.14000000e+02 3.01369439e-01 5.00000000e+00]
[ 28.         184.           0.30187731   2.        ]
[7.16000000e+02 4.95000000e+02 3.04076636e-01 1.00000000e+01]
[4.32000000e+02 7.28000000e+02 3.04326654e-01 4.00000000e+00]
[6.12000000e+02 5.85000000e+02 3.04761737e-01 4.00000000e+00]
[6.07000000e+02 7.19000000e+02 3.04918862e-01 1.10000000e+01]
[2.66000000e+02 7.34000000e+02 3.04973075e-01 3.80000000e+01]
[1.41000000e+02 7.44000000e+02 3.05329394e-01 9.00000000e+00]
[7.25000000e+02 7.32000000e+02 3.05501663e-01 1.20000000e+01]
[7.47000000e+02 9.40000000e+01 3.05998224e-01 6.00000000e+00]
[6.9000000e+02 2.8000000e+02 3.0645462e-01 1.2000000e+01]
[6.97000000e+02 5.96000000e+02 3.06484211e-01 6.00000000e+00]
[0.00000000e+00 4.91000000e+02 3.06973236e-01 2.00000000e+00]
[5.79000000e+02 7.45000000e+02 3.08096268e-01 4.00000000e+00]
[3.00000000e+00 7.53000000e+02 3.08945295e-01 3.90000000e+01]
[5.89000000e+02 5.01000000e+02 3.09402832e-01 3.00000000e+00]
[3.84000000e+02 7.39000000e+02 3.10557827e-01 5.00000000e+00]
[6.4500000e+02 2.2500000e+02 3.1071571e-01 3.0000000e+00]
[7.1300000e+02 7.5500000e+02 3.1108849e-01 1.4000000e+01]
[2.53000000e+02 7.05000000e+02 3.11254776e-01 1.20000000e+01]
[3.53000000e+02 5.20000000e+02 3.11258615e-01 2.00000000e+00]
[7.29000000e+02 7.30000000e+02 3.12577322e-01 8.00000000e+00]
[3.37000000e+02 7.35000000e+02 3.13047397e-01 7.00000000e+00]
[7.31000000e+02 9.80000000e+01 3.13061066e-01 6.00000000e+00]
[4.72000000e+02 5.08000000e+02 3.13433976e-01 2.00000000e+00]
[252.         127.           0.31385481   2.        ]
[1.05000000e+02 6.10000000e+02 3.14228815e-01 3.00000000e+00]
[7.72000000e+02 4.63000000e+02 3.14411491e-01 3.00000000e+00]
[7.20000000e+02 7.43000000e+02 3.14758668e-01 1.40000000e+01]
[5.77000000e+02 7.50000000e+02 3.17253963e-01 6.00000000e+00]
[4.66000000e+02 4.94000000e+02 3.17735117e-01 2.00000000e+00]
[7.61000000e+02 1.19000000e+02 3.17875881e-01 4.00000000e+01]
[7.58000000e+02 1.58000000e+02 3.17888126e-01 7.00000000e+00]
[5.24000000e+02 7.65000000e+02 3.19653516e-01 1.50000000e+01]
[8.300000e+01 7.800000e+02 3.210007e-01 1.600000e+01]
[2.50000000e+01 4.04000000e+02 3.21251895e-01 2.00000000e+00]
[7.54000000e+02 5.37000000e+02 3.22047272e-01 1.00000000e+01]
[7.70000000e+02 1.89000000e+02 3.24553112e-01 7.00000000e+00]
[5.81000000e+02 7.73000000e+02 3.24648122e-01 5.00000000e+00]
[4.22000000e+02 7.63000000e+02 3.24652658e-01 6.00000000e+00]
[3.20000000e+01 7.68000000e+02 3.25146912e-01 9.00000000e+00]
[7.4600000e+02 7.8300000e+02 3.2557871e-01 1.2000000e+01]
[7.56000000e+02 7.67000000e+02 3.25748958e-01 8.00000000e+00]
[231.         234.           0.32598289   2.        ]
[4.46000000e+02 5.90000000e+02 3.26126175e-01 3.00000000e+00]
[7.84000000e+02 3.70000000e+01 3.26579387e-01 8.00000000e+00]
[7.01000000e+02 7.52000000e+02 3.27929149e-01 1.50000000e+01]
[1.1600000e+02 7.6900000e+02 3.2818152e-01 8.0000000e+00]
[6.0000000e+02 7.6200000e+02 3.2914944e-01 5.0000000e+00]
[7.50000000e+01 7.48000000e+02 3.31205141e-01 3.00000000e+00]
[3.89000000e+02 7.81000000e+02 3.31441774e-01 1.70000000e+01]
[ 73.         200.           0.33145539   2.        ]
[7.60000000e+02 1.06000000e+02 3.32470536e-01 5.00000000e+00]
[6.4300000e+02 7.4900000e+02 3.3257495e-01 1.2000000e+01]
[3.4900000e+02 7.9300000e+02 3.3273378e-01 1.6000000e+01]
[7.92000000e+02 5.38000000e+02 3.32991427e-01 9.00000000e+00]
[7.79000000e+02 5.97000000e+02 3.35279918e-01 1.00000000e+01]
[7.88000000e+02 5.76000000e+02 3.36369382e-01 1.40000000e+01]
[7.89000000e+02 4.24000000e+02 3.36864018e-01 9.00000000e+00]
[7.00000000e+00 5.28000000e+02 3.37192311e-01 2.00000000e+00]
[5.2600000e+02 6.8700000e+02 3.3744238e-01 3.0000000e+00]
[5.87000000e+02 4.64000000e+02 3.38250502e-01 3.00000000e+00]
[1.94000000e+02 7.74000000e+02 3.38391626e-01 4.00000000e+00]
[5.93000000e+02 7.76000000e+02 3.39028538e-01 8.00000000e+00]
[161.         260.           0.33922825   2.        ]
[2.92000000e+02 3.98000000e+02 3.39776683e-01 2.00000000e+00]
[3.23000000e+02 6.19000000e+02 3.39842375e-01 3.00000000e+00]
[7.59000000e+02 1.10000000e+02 3.40151778e-01 3.00000000e+00]
[6.05000000e+02 7.99000000e+02 3.40268774e-01 7.00000000e+00]
[3.40000000e+01 7.87000000e+02 3.40273384e-01 1.00000000e+01]
[ 89.         293.           0.34056359   2.        ]
[4.76000000e+02 8.03000000e+02 3.40654102e-01 1.10000000e+01]
[3.10000000e+01 8.04000000e+02 3.40980715e-01 1.50000000e+01]
[2.60000000e+01 7.96000000e+02 3.41401926e-01 4.00000000e+00]
[4.99000000e+02 7.86000000e+02 3.41417648e-01 7.00000000e+00]
[6.24000000e+02 2.20000000e+01 3.41568329e-01 3.00000000e+00]
[7.94000000e+02 1.46000000e+02 3.42248483e-01 9.00000000e+00]
[1.63000000e+02 8.19000000e+02 3.42435267e-01 1.60000000e+01]
[7.78000000e+02 7.75000000e+02 3.42437634e-01 5.40000000e+01]
[2.6700000e+02 7.9700000e+02 3.4280185e-01 1.8000000e+01]
[7.38000000e+02 8.18000000e+02 3.42852761e-01 1.30000000e+01]
[5.35000000e+02 8.21000000e+02 3.43514232e-01 8.00000000e+00]
[5.82000000e+02 4.12000000e+02 3.45285425e-01 3.00000000e+00]
[1.39000000e+02 7.66000000e+02 3.47653809e-01 1.30000000e+01]
[8.10000000e+02 4.78000000e+02 3.48554774e-01 9.00000000e+00]
[6.41000000e+02 7.77000000e+02 3.49832295e-01 4.00000000e+00]
[2.0300000e+02 8.2000000e+02 3.5091486e-01 5.0000000e+00]
[250.         284.           0.35096516   2.        ]
[8.3200000e+02 4.8100000e+02 3.5241362e-01 5.0000000e+00]
[1.90000000e+02 8.33000000e+02 3.52955489e-01 6.00000000e+00]
[7.95000000e+02 8.26000000e+02 3.53182051e-01 2.30000000e+01]
[8.28000000e+02 3.78000000e+02 3.53991791e-01 9.00000000e+00]
[6.39000000e+02 8.16000000e+02 3.54064888e-01 1.20000000e+01]
[8.25000000e+02 4.54000000e+02 3.54081058e-01 5.50000000e+01]
[4.30000000e+01 7.85000000e+02 3.55240719e-01 6.00000000e+00]
[5.90000000e+01 7.57000000e+02 3.55327735e-01 1.30000000e+01]
[7.41000000e+02 8.38000000e+02 3.56991862e-01 1.20000000e+01]
[7.27000000e+02 8.27000000e+02 3.57189873e-01 1.50000000e+01]
[8.43000000e+02 7.91000000e+02 3.59033529e-01 1.50000000e+01]
[7.36000000e+02 8.23000000e+02 3.59122173e-01 1.30000000e+01]
[8.15000000e+02 8.46000000e+02 3.60135052e-01 2.00000000e+01]
[8.05000000e+02 8.36000000e+02 3.60349901e-01 1.50000000e+01]
[3.30000000e+02 6.64000000e+02 3.61169435e-01 3.00000000e+00]
[4.82000000e+02 8.37000000e+02 3.61387962e-01 2.40000000e+01]
[8.31000000e+02 8.24000000e+02 3.62287621e-01 2.50000000e+01]
[3.120000e+02 8.480000e+02 3.627036e-01 1.600000e+01]
[4.4100000e+02 5.8000000e+02 3.6413297e-01 3.0000000e+00]
[1.37000000e+02 8.41000000e+02 3.65546487e-01 7.00000000e+00]
[8.17000000e+02 2.57000000e+02 3.65710422e-01 3.00000000e+00]
[1.18000000e+02 7.06000000e+02 3.65722655e-01 4.00000000e+00]
[4.97000000e+02 8.44000000e+02 3.67334963e-01 1.60000000e+01]
[2.58000000e+02 6.04000000e+02 3.67948584e-01 3.00000000e+00]
[7.04000000e+02 3.62000000e+02 3.68509901e-01 3.00000000e+00]
[8.12000000e+02 3.21000000e+02 3.68594545e-01 3.00000000e+00]
[7.90000000e+01 8.50000000e+02 3.68594885e-01 2.50000000e+01]
[5.12000000e+02 7.51000000e+02 3.68983972e-01 5.00000000e+00]
[1.93000000e+02 8.51000000e+02 3.69418447e-01 2.60000000e+01]
[2.86000000e+02 7.71000000e+02 3.70011895e-01 3.00000000e+00]
[287.         324.           0.37140346   2.        ]
[4.96000000e+02 8.47000000e+02 3.71699483e-01 2.10000000e+01]
[3.99000000e+02 4.03000000e+02 3.72851546e-01 2.00000000e+00]
[8.52000000e+02 8.45000000e+02 3.73772184e-01 3.10000000e+01]
[8.39000000e+02 8.01000000e+02 3.73864652e-01 2.80000000e+01]
[7.82000000e+02 8.68000000e+02 3.75087908e-01 3.30000000e+01]
[4.56000000e+02 8.58000000e+02 3.75834984e-01 4.00000000e+00]
[4.80000000e+01 8.00000000e+02 3.75960396e-01 1.30000000e+01]
[8.49000000e+02 8.61000000e+02 3.76951231e-01 2.80000000e+01]
[8.140000e+02 8.690000e+02 3.774498e-01 3.100000e+01]
[4.93000000e+02 8.63000000e+02 3.78158916e-01 2.70000000e+01]
[1.11000000e+02 8.30000000e+02 3.78375685e-01 1.40000000e+01]
[1.45000000e+02 8.13000000e+02 3.79873406e-01 4.00000000e+00]
[8.70000000e+02 5.10000000e+02 3.82314861e-01 3.40000000e+01]
[1.00000000e+01 7.64000000e+02 3.82843576e-01 4.00000000e+00]
[7.33000000e+02 8.76000000e+02 3.83173626e-01 1.80000000e+01]
[8.57000000e+02 6.42000000e+02 3.83358988e-01 1.80000000e+01]
[5.30000000e+01 8.71000000e+02 3.83485069e-01 5.00000000e+00]
[ 56.         288.           0.38370408   2.        ]
[4.65000000e+02 8.07000000e+02 3.84022679e-01 4.00000000e+00]
[3.85000000e+02 8.74000000e+02 3.86777771e-01 3.20000000e+01]
[5.99000000e+02 8.66000000e+02 3.87104311e-01 2.30000000e+01]
[342.         368.           0.38728306   2.        ]
[188.         241.           0.38752617   2.        ]
[5.72000000e+02 4.17000000e+02 3.87854413e-01 3.00000000e+00]
[3.9200000e+02 8.8500000e+02 3.8793524e-01 3.3000000e+01]
[8.5400000e+02 5.1400000e+02 3.8836567e-01 8.0000000e+00]
[2.54000000e+02 8.80000000e+02 3.89128133e-01 1.90000000e+01]
[3.52000000e+02 8.78000000e+02 3.89369403e-01 3.50000000e+01]
[3.87000000e+02 8.40000000e+02 3.89767065e-01 5.60000000e+01]
[8.81000000e+02 8.55000000e+02 3.92130938e-01 2.10000000e+01]
[5.94000000e+02 8.73000000e+02 3.92394395e-01 3.00000000e+01]
[8.08000000e+02 8.53000000e+02 3.93210545e-01 6.00000000e+00]
[8.91000000e+02 4.53000000e+02 3.94538189e-01 9.00000000e+00]
[2.96000000e+02 8.96000000e+02 3.94852665e-01 3.10000000e+01]
[2.23000000e+02 6.20000000e+02 3.98259431e-01 3.00000000e+00]
[4.50000000e+01 8.84000000e+02 3.98491748e-01 5.00000000e+00]
[5.31000000e+02 8.67000000e+02 3.99892175e-01 3.00000000e+00]
[4.83000000e+02 8.90000000e+02 4.01406733e-01 3.40000000e+01]
[2.81000000e+02 8.95000000e+02 4.02726274e-01 2.20000000e+01]
[6.90000000e+01 8.92000000e+02 4.02946728e-01 2.00000000e+01]
[1.59000000e+02 8.93000000e+02 4.03108211e-01 3.60000000e+01]
[8.59000000e+02 8.60000000e+02 4.03348196e-01 6.00000000e+00]
[1.75000000e+02 9.06000000e+02 4.04823324e-01 3.70000000e+01]
[8.62000000e+02 8.86000000e+02 4.05853432e-01 2.80000000e+01]
[2.73000000e+02 6.80000000e+02 4.05909413e-01 7.00000000e+00]
[8.72000000e+02 8.94000000e+02 4.06243586e-01 6.90000000e+01]
[6.49000000e+02 4.16000000e+02 4.06418162e-01 3.00000000e+00]
[8.35000000e+02 9.08000000e+02 4.07296536e-01 4.20000000e+01]
[9.05000000e+02 9.03000000e+02 4.07382203e-01 5.40000000e+01]
[8.11000000e+02 9.02000000e+02 4.07520769e-01 5.00000000e+00]
[8.77000000e+02 6.26000000e+02 4.08180573e-01 6.00000000e+00]
[8.42000000e+02 6.84000000e+02 4.08377499e-01 1.60000000e+01]
[4.28000000e+02 8.99000000e+02 4.08481259e-01 3.20000000e+01]
[1.38000000e+02 9.11000000e+02 4.09281513e-01 7.00000000e+01]
[11.         15.          0.40955516  2.        ]
[8.02000000e+02 9.18000000e+02 4.09981346e-01 4.10000000e+01]
[8.98000000e+02 9.14000000e+02 4.10998801e-01 6.30000000e+01]
[ 55.         107.           0.41326996   2.        ]
[9.07000000e+02 2.78000000e+02 4.13313246e-01 7.00000000e+00]
[8.29000000e+02 8.75000000e+02 4.14562754e-01 3.00000000e+01]
[7.02000000e+02 9.22000000e+02 4.14990471e-01 6.50000000e+01]
[7.37000000e+02 9.19000000e+02 4.15241351e-01 7.20000000e+01]
[4.25000000e+02 9.01000000e+02 4.15346529e-01 6.00000000e+00]
[3.75000000e+02 9.25000000e+02 4.15985037e-01 3.10000000e+01]
[  2.         388.           0.41666883   2.        ]
[1.49000000e+02 8.22000000e+02 4.17876812e-01 4.00000000e+00]
[8.34000000e+02 9.26000000e+02 4.18451253e-01 6.70000000e+01]
[9.04000000e+02 8.83000000e+02 4.18964098e-01 2.40000000e+01]
[9.15000000e+02 9.28000000e+02 4.19603108e-01 1.10000000e+01]
[3.90000000e+02 6.03000000e+02 4.20833666e-01 3.00000000e+00]
[4.01000000e+02 9.13000000e+02 4.21994035e-01 4.30000000e+01]
[8.89000000e+02 4.59000000e+02 4.22106431e-01 4.00000000e+00]
[7.24000000e+02 9.33000000e+02 4.22137697e-01 2.60000000e+01]
[9.09000000e+02 9.38000000e+02 4.22184779e-01 5.40000000e+01]
[8.97000000e+02 6.14000000e+02 4.22325829e-01 8.00000000e+00]
[3.60000000e+01 5.50000000e+02 4.23371204e-01 3.00000000e+00]
[4.30000000e+02 9.36000000e+02 4.24917296e-01 4.40000000e+01]
[2.30000000e+02 5.32000000e+02 4.25695125e-01 2.00000000e+00]
[9.16000000e+02 9.39000000e+02 4.26184044e-01 6.00000000e+01]
[4.70000000e+01 9.40000000e+02 4.26635116e-01 9.00000000e+00]
[3.72000000e+02 9.21000000e+02 4.29758736e-01 4.20000000e+01]
[4.51000000e+02 9.34000000e+02 4.30026457e-01 1.20000000e+01]
[2.35000000e+02 9.24000000e+02 4.32315644e-01 8.00000000e+00]
[9.12000000e+02 4.75000000e+02 4.32813605e-01 4.00000000e+00]
[4.40000000e+02 9.49000000e+02 4.33491118e-01 5.00000000e+00]
[9.10000000e+02 8.64000000e+02 4.34364148e-01 1.00000000e+01]
[6.30000000e+02 6.00000000e+01 4.34488934e-01 4.00000000e+00]
[4.2000000e+02 9.2900000e+02 4.3904067e-01 3.2000000e+01]
[1.33000000e+02 7.90000000e+02 4.39178728e-01 3.00000000e+00]
[1.81000000e+02 9.42000000e+02 4.40893346e-01 4.50000000e+01]
[1.57000000e+02 9.32000000e+02 4.41198565e-01 6.80000000e+01]
[5.00000000e+02 8.87000000e+02 4.41855615e-01 3.00000000e+00]
[325.        364.          0.4422306   2.       ]
[167.         243.           0.44585855   2.        ]
[9.31000000e+02 9.46000000e+02 4.46325981e-01 4.60000000e+01]
[7.98000000e+02 5.39000000e+02 4.48165137e-01 3.00000000e+00]
[1.87000000e+02 9.57000000e+02 4.48431122e-01 4.00000000e+00]
[9.00000000e+02 9.53000000e+02 4.49559379e-01 3.50000000e+01]
[2.79000000e+02 9.45000000e+02 4.49758014e-01 1.00000000e+01]
[1.20000000e+02 9.50000000e+02 4.50730829e-01 6.00000000e+00]
[9.90000000e+01 9.60000000e+02 4.50909101e-01 4.70000000e+01]
[9.44000000e+02 5.34000000e+02 4.51869774e-01 6.10000000e+01]
[4.98000000e+02 9.41000000e+02 4.55479405e-01 4.00000000e+00]
[4.74000000e+02 9.54000000e+02 4.56254081e-01 4.00000000e+00]
[9.17000000e+02 5.41000000e+02 4.56295852e-01 1.90000000e+01]
[377.         431.           0.45747066   2.        ]
[6.6600000e+02 9.5500000e+02 4.5787409e-01 4.7000000e+01]
[8.40000000e+01 9.65000000e+02 4.60415456e-01 7.00000000e+00]
[9.51000000e+02 9.56000000e+02 4.60699739e-01 7.80000000e+01]
[9.27000000e+02 8.65000000e+02 4.61847145e-01 7.40000000e+01]
[9.47000000e+02 9.74000000e+02 4.63216601e-01 9.00000000e+01]
[3.04000000e+02 9.76000000e+02 4.63490647e-01 9.10000000e+01]
[360.         407.           0.46352528   2.        ]
[9.3700000e+02 4.1100000e+02 4.6455541e-01 5.0000000e+00]
[8.00000000e+00 9.75000000e+02 4.66282714e-01 7.50000000e+01]
[5.05000000e+02 9.63000000e+02 4.67479178e-01 3.60000000e+01]
[1.14000000e+02 9.64000000e+02 4.67737245e-01 1.10000000e+01]
[7.42000000e+02 9.70000000e+02 4.68243083e-01 2.10000000e+01]
[2.63000000e+02 9.35000000e+02 4.69609728e-01 4.00000000e+00]
[1.26000000e+02 4.88000000e+02 4.69883637e-01 2.00000000e+00]
[9.67000000e+02 2.42000000e+02 4.72076622e-01 6.20000000e+01]
[4.5500000e+02 9.6800000e+02 4.7445954e-01 5.0000000e+00]
[3.90000000e+01 9.81000000e+02 4.75879633e-01 3.70000000e+01]
[9.62000000e+02 9.72000000e+02 4.76503651e-01 5.10000000e+01]
[8.8200000e+02 9.8300000e+02 4.7666459e-01 2.6000000e+01]
[1.34000000e+02 9.66000000e+02 4.78387133e-01 4.80000000e+01]
[8.7900000e+02 8.8800000e+02 4.7844439e-01 6.0000000e+00]
[6.01000000e+02 9.88000000e+02 4.78464355e-01 3.90000000e+01]
[1.51000000e+02 9.89000000e+02 4.79694517e-01 5.20000000e+01]
[9.20000000e+02 5.04000000e+02 4.83207633e-01 3.00000000e+00]
[9.5800000e+02 9.6900000e+02 4.8681955e-01 6.0000000e+00]
[131.         434.           0.48729714   2.        ]
[2.68000000e+02 5.02000000e+02 4.87358103e-01 2.00000000e+00]
[9.73000000e+02 9.30000000e+02 4.87811216e-01 9.00000000e+00]
[6.92000000e+02 9.94000000e+02 4.88106016e-01 5.40000000e+01]
[5.58000000e+02 9.77000000e+02 4.88478218e-01 9.30000000e+01]
[9.99000000e+02 9.78000000e+02 4.93782901e-01 1.10000000e+01]
[9.91000000e+02 9.59000000e+02 4.94690108e-01 5.00000000e+01]
[1.00300000e+03 9.48000000e+02 4.94792121e-01 5.80000000e+01]
[4.84000000e+02 9.86000000e+02 4.95650927e-01 6.30000000e+01]
[3.95000000e+02 1.00400000e+03 4.97888674e-01 5.90000000e+01]
[9.8200000e+02 1.0020000e+03 5.0027109e-01 2.2000000e+01]
[1.9800000e+02 9.8700000e+02 5.0084037e-01 6.0000000e+00]
[306.         379.           0.50146149   2.        ]
[9.79000000e+02 3.70000000e+02 5.02674056e-01 6.00000000e+00]
[5.36000000e+02 1.00800000e+03 5.06713018e-01 7.00000000e+00]
[8.06000000e+02 9.93000000e+02 5.10725791e-01 4.10000000e+01]
[9.90000000e+02 9.80000000e+02 5.11526426e-01 1.01000000e+02]
[9.52000000e+02 1.00700000e+03 5.12852546e-01 2.60000000e+01]
[1.00600000e+03 1.01300000e+03 5.13142212e-01 1.60000000e+02]
[3.10000000e+02 1.00100000e+03 5.15079787e-01 9.40000000e+01]
[166.         169.           0.51628822   2.        ]
[9.23000000e+02 1.01400000e+03 5.18911989e-01 2.80000000e+01]
[1.00500000e+03 9.96000000e+02 5.21083944e-01 6.90000000e+01]
[8.09000000e+02 3.51000000e+02 5.23871989e-01 5.00000000e+00]
[9.43000000e+02 1.01900000e+03 5.24125229e-01 7.10000000e+01]
[4.70000000e+02 1.01500000e+03 5.25036896e-01 1.61000000e+02]
[1.01100000e+03 1.01800000e+03 5.28756522e-01 3.50000000e+01]
[9.97000000e+02 1.01600000e+03 5.32749156e-01 9.60000000e+01]
[9.84000000e+02 1.01200000e+03 5.41166081e-01 4.50000000e+01]
[1.77000000e+02 1.02200000e+03 5.43155465e-01 1.62000000e+02]
[2.82000000e+02 1.00000000e+03 5.43897247e-01 5.50000000e+01]
[3.55000000e+02 8.56000000e+02 5.44523539e-01 5.00000000e+00]
[9.85000000e+02 1.02400000e+03 5.44613373e-01 9.80000000e+01]
[1.02100000e+03 4.77000000e+02 5.46973796e-01 7.20000000e+01]
[9.6100000e+02 3.5400000e+02 5.4764611e-01 4.0000000e+00]
[7.40000000e+02 1.02000000e+03 5.52630153e-01 8.00000000e+00]
[3.13000000e+02 1.02600000e+03 5.54720894e-01 1.63000000e+02]
[5.98000000e+02 1.91000000e+02 5.56405801e-01 3.00000000e+00]
[9.98000000e+02 1.03300000e+03 5.63958295e-01 1.65000000e+02]
[1.02700000e+03 1.03500000e+03 5.73847421e-01 2.20000000e+02]
[1.47000000e+02 1.02900000e+03 5.76149478e-01 9.90000000e+01]
[1.02300000e+03 1.02500000e+03 5.80584502e-01 8.00000000e+01]
[4.23000000e+02 1.03700000e+03 5.83363464e-01 1.00000000e+02]
[1.01000000e+03 1.03100000e+03 5.84383831e-01 1.00000000e+01]
[1.03400000e+03 1.03800000e+03 5.88539527e-01 8.30000000e+01]
[5.06000000e+02 1.04100000e+03 5.95244354e-01 8.40000000e+01]
[4.19000000e+02 1.03000000e+03 5.95300788e-01 7.30000000e+01]
[ 86.       316.         0.598677   2.      ]
[1.02800000e+03 1.03200000e+03 6.00304289e-01 1.30000000e+01]
[1.0360000e+03 9.7100000e+02 6.0547384e-01 2.2200000e+02]
[1.04000000e+03 1.04600000e+03 6.14681781e-01 2.32000000e+02]
[1.62000000e+02 1.04300000e+03 6.21188655e-01 7.40000000e+01]
[1.04500000e+03 1.04200000e+03 6.31298731e-01 9.70000000e+01]
[1.79000000e+02 1.04400000e+03 6.40043934e-01 3.00000000e+00]
[9.95000000e+02 1.04900000e+03 6.40410721e-01 1.00000000e+02]
[1.00900000e+03 1.03900000e+03 6.48571926e-01 1.02000000e+02]
[1.04700000e+03 7.70000000e+01 6.55741698e-01 2.33000000e+02]
[1.04800000e+03 1.05100000e+03 6.63966453e-01 1.74000000e+02]
[5.07000000e+02 1.05000000e+03 6.65329354e-01 4.00000000e+00]
[1.05400000e+03 1.05200000e+03 6.68344118e-01 2.76000000e+02]
[1.71000000e+02 1.05600000e+03 6.70151973e-01 2.77000000e+02]
[1.05300000e+03 1.05700000e+03 6.77375096e-01 5.10000000e+02]
[1.01700000e+03 1.05500000e+03 6.86163845e-01 6.00000000e+00]
[1.08000000e+02 1.05900000e+03 6.90050299e-01 7.00000000e+00]
[9.92000000e+02 1.05800000e+03 7.05314942e-01 5.16000000e+02]
[1.06000000e+03 3.14000000e+02 7.08741639e-01 8.00000000e+00]
[ 42.         289.           0.71202543   2.        ]
[ 13.         660.           0.73236251   3.        ]
[1.06200000e+03 1.06400000e+03 7.50016427e-01 1.10000000e+01]
[4.58000000e+02 1.06500000e+03 7.57282097e-01 1.20000000e+01]
[1.06100000e+03 2.12000000e+02 7.65947781e-01 5.17000000e+02]
[3.19000000e+02 1.06700000e+03 7.86306367e-01 5.18000000e+02]
[1.06800000e+03 4.47000000e+02 7.88248594e-01 5.19000000e+02]
[1.06600000e+03 1.06300000e+03 7.98054818e-01 1.40000000e+01]
[3.41000000e+02 1.06900000e+03 8.09974768e-01 5.20000000e+02]
[1.07000000e+03 5.33000000e+02 8.12044775e-01 1.50000000e+01]
[1.07200000e+03 1.07100000e+03 8.65229159e-01 5.35000000e+02]
[1.0730000e+03 3.1100000e+02 9.3929192e-01 5.3600000e+02]
[2.77000000e+02 1.07400000e+03 9.39322468e-01 5.37000000e+02]
[1.07500000e+03 4.29000000e+02 1.02479897e+00 5.38000000e+02]
[2.40000000e+01 1.07600000e+03 1.06369309e+00 5.39000000e+02]
[1077.          201.            1.09493125  540.        ]
