[  1. 216.   0.   2.]
[540. 113.   0.   3.]
[  6. 129.   0.   2.]
[ 50. 135.   0.   2.]
[543. 329.   0.   3.]
[64. 68.  0.  2.]
[545.  93.   0.   3.]
[546. 123.   0.   4.]
[547. 214.   0.   5.]
[548. 261.   0.   6.]
[ 72. 437.   0.   2.]
[74. 91.  0.  2.]
[551. 317.   0.   3.]
[ 95. 152.   0.   2.]
[553. 240.   0.   3.]
[554. 301.   0.   4.]
[555. 308.   0.   5.]
[556. 220.   0.   6.]
[307. 557.   0.   7.]
[ 90. 518.   0.   2.]
[136. 336.   0.   2.]
[178. 245.   0.   2.]
[270. 271.   0.   2.]
[5.58000000e+02 5.44000000e+02 2.77891309e-09 1.00000000e+01]
[5.62000000e+02 4.00000000e+02 3.51223738e-09 3.00000000e+00]
[7.80000000e+01 1.25000000e+02 1.49011612e-08 2.00000000e+00]
[1.03000000e+02 1.96000000e+02 1.49011612e-08 2.00000000e+00]
[1.40000000e+02 3.80000000e+02 2.10734243e-08 2.00000000e+00]
[6.10000000e+01 2.36000000e+02 2.58095683e-08 2.00000000e+00]
[3.00000000e+02 3.02000000e+02 2.58095683e-08 2.00000000e+00]
[5.65000000e+02 3.15000000e+02 2.58095683e-08 3.00000000e+00]
[3.59000000e+02 4.13000000e+02 2.98023224e-08 2.00000000e+00]
[5.69000000e+02 4.68000000e+02 3.57913921e-08 3.00000000e+00]
[2.95000000e+02 5.63000000e+02 4.08085106e-08 1.10000000e+01]
[5.52000000e+02 2.74000000e+02 6.66400187e-08 4.00000000e+00]
[8.10000000e+01 5.73000000e+02 1.00024945e-02 1.20000000e+01]
[3.09000000e+02 3.94000000e+02 6.09340216e-02 2.00000000e+00]
[6.30000000e+01 4.26000000e+02 6.82892709e-02 2.00000000e+00]
[4.92000000e+02 5.23000000e+02 7.17697189e-02 2.00000000e+00]
[3.46000000e+02 4.38000000e+02 7.36893813e-02 2.00000000e+00]
[21.         40.          0.07668819  2.        ]
[2.48000000e+02 5.16000000e+02 7.68726219e-02 2.00000000e+00]
[1.24000000e+02 3.05000000e+02 7.75295169e-02 2.00000000e+00]
[3.00000000e+01 2.09000000e+02 7.81536849e-02 2.00000000e+00]
[5.67000000e+02 5.64000000e+02 7.85725969e-02 5.00000000e+00]
[4.36000000e+02 5.22000000e+02 7.86214305e-02 2.00000000e+00]
[4.90000000e+01 2.46000000e+02 7.86906561e-02 2.00000000e+00]
[3.48000000e+02 3.67000000e+02 8.24867171e-02 2.00000000e+00]
[8.00000000e+01 4.09000000e+02 8.38816605e-02 2.00000000e+00]
[65.        76.         0.0844121  2.       ]
[2.90000000e+02 5.30000000e+02 8.46468815e-02 2.00000000e+00]
[41.         52.          0.08491453  2.        ]
[3.66000000e+02 5.17000000e+02 8.57723241e-02 2.00000000e+00]
[3.97000000e+02 4.44000000e+02 8.67148723e-02 2.00000000e+00]
[3.39000000e+02 4.73000000e+02 8.72103252e-02 2.00000000e+00]
[2.13000000e+02 3.86000000e+02 8.85794796e-02 2.00000000e+00]
[3.03000000e+02 3.69000000e+02 9.50100737e-02 2.00000000e+00]
[2.18000000e+02 5.03000000e+02 9.56437237e-02 2.00000000e+00]
[2.70000000e+01 1.72000000e+02 9.57629452e-02 2.00000000e+00]
[2.05000000e+02 2.51000000e+02 9.68223711e-02 2.00000000e+00]
[1.44000000e+02 5.71000000e+02 9.81598065e-02 3.00000000e+00]
[1.65000000e+02 1.80000000e+02 1.00526231e-01 2.00000000e+00]
[2.9700000e+02 4.2700000e+02 1.0119787e-01 2.0000000e+00]
[3.96000000e+02 4.14000000e+02 1.02398712e-01 2.00000000e+00]
[1.85000000e+02 1.95000000e+02 1.03609484e-01 2.00000000e+00]
[1.43000000e+02 4.45000000e+02 1.04646094e-01 2.00000000e+00]
[2.62000000e+02 5.84000000e+02 1.04795446e-01 6.00000000e+00]
[1.7000000e+01 2.8300000e+02 1.0531416e-01 2.0000000e+00]
[5.74000000e+02 2.04000000e+02 1.06265271e-01 5.00000000e+00]
[2.47000000e+02 2.49000000e+02 1.08305504e-01 2.00000000e+00]
[6.01000000e+02 2.91000000e+02 1.08642805e-01 3.00000000e+00]
[6.20000000e+01 1.12000000e+02 1.08659767e-01 2.00000000e+00]
[1.60000000e+01 4.39000000e+02 1.12518109e-01 2.00000000e+00]
[4.00000000e+00 6.06000000e+02 1.12991632e-01 7.00000000e+00]
[1.55000000e+02 2.72000000e+02 1.17562608e-01 2.00000000e+00]
[4.15000000e+02 4.60000000e+02 1.19160629e-01 2.00000000e+00]
[4.18000000e+02 4.61000000e+02 1.19567279e-01 2.00000000e+00]
[2.90000000e+01 4.86000000e+02 1.19934212e-01 2.00000000e+00]
[4.02000000e+02 4.89000000e+02 1.20082622e-01 2.00000000e+00]
[5.75000000e+02 2.19000000e+02 1.22811587e-01 1.30000000e+01]
[6.08000000e+02 1.64000000e+02 1.23104335e-01 6.00000000e+00]
[6.1000000e+02 6.1100000e+02 1.2597397e-01 5.0000000e+00]
[6.19000000e+02 1.30000000e+02 1.29660198e-01 1.40000000e+01]
[3.20000000e+02 4.06000000e+02 1.32079952e-01 2.00000000e+00]
[6.13000000e+02 2.21000000e+02 1.37294134e-01 8.00000000e+00]
[3.81000000e+02 4.05000000e+02 1.37771339e-01 2.00000000e+00]
[1.40000000e+01 4.33000000e+02 1.37805148e-01 2.00000000e+00]
[1.9000000e+01 2.2900000e+02 1.3788168e-01 2.0000000e+00]
[6.21000000e+02 2.08000000e+02 1.43138464e-01 6.00000000e+00]
[1.7000000e+02 6.2200000e+02 1.4496417e-01 1.5000000e+01]
[3.56000000e+02 4.67000000e+02 1.46061689e-01 2.00000000e+00]
[ 54.         148.           0.15457617   2.        ]
[3.18000000e+02 5.09000000e+02 1.54951103e-01 2.00000000e+00]
[2.76000000e+02 3.45000000e+02 1.56193263e-01 2.00000000e+00]
[3.33000000e+02 6.28000000e+02 1.57303307e-01 7.00000000e+00]
[1.42000000e+02 5.19000000e+02 1.58532803e-01 2.00000000e+00]
[2.070000e+02 2.560000e+02 1.596461e-01 2.000000e+00]
[1.28000000e+02 6.34000000e+02 1.60537928e-01 8.00000000e+00]
[5.91000000e+02 3.82000000e+02 1.62053077e-01 3.00000000e+00]
[3.93000000e+02 5.11000000e+02 1.63940456e-01 2.00000000e+00]
[6.20000000e+02 1.21000000e+02 1.66568985e-01 7.00000000e+00]
[3.34000000e+02 6.29000000e+02 1.67414048e-01 1.60000000e+01]
[2.37000000e+02 4.90000000e+02 1.72939404e-01 2.00000000e+00]
[5.60000000e+02 6.24000000e+02 1.73503045e-01 1.00000000e+01]
[2.00000000e+01 6.36000000e+02 1.73852353e-01 3.00000000e+00]
[1.83000000e+02 3.47000000e+02 1.76835119e-01 2.00000000e+00]
[3.61000000e+02 5.27000000e+02 1.77114442e-01 2.00000000e+00]
[1.15000000e+02 6.37000000e+02 1.78035081e-01 9.00000000e+00]
[9.00000000e+00 5.70000000e+02 1.79811142e-01 4.00000000e+00]
[2.06000000e+02 3.22000000e+02 1.81657198e-01 2.00000000e+00]
[6.27000000e+02 6.41000000e+02 1.85279368e-01 1.80000000e+01]
[2.98000000e+02 6.43000000e+02 1.90549236e-01 1.10000000e+01]
[1.60000000e+02 6.44000000e+02 1.90726305e-01 4.00000000e+00]
[6.50000000e+02 6.51000000e+02 1.93906248e-01 2.90000000e+01]
[7.00000000e+01 6.45000000e+02 1.95126812e-01 3.00000000e+00]
[6.48000000e+02 1.56000000e+02 1.96550628e-01 5.00000000e+00]
[1.53000000e+02 6.40000000e+02 1.97654296e-01 8.00000000e+00]
[5.99000000e+02 6.53000000e+02 2.00000907e-01 3.10000000e+01]
[5.90000000e+02 1.68000000e+02 2.00835613e-01 3.00000000e+00]
[5.25000000e+02 6.18000000e+02 2.01303678e-01 3.00000000e+00]
[1.76000000e+02 6.57000000e+02 2.02096832e-01 3.20000000e+01]
[2.64000000e+02 2.75000000e+02 2.03293078e-01 2.00000000e+00]
[  3.         104.           0.20574528   2.        ]
[6.52000000e+02 2.65000000e+02 2.06398716e-01 5.00000000e+00]
[2.39000000e+02 3.28000000e+02 2.08485245e-01 2.00000000e+00]
[5.72000000e+02 6.60000000e+02 2.13647292e-01 3.50000000e+01]
[9.20000000e+01 6.56000000e+02 2.16823749e-01 9.00000000e+00]
[2.38000000e+02 5.77000000e+02 2.17232346e-01 3.00000000e+00]
[6.47000000e+02 2.02000000e+02 2.17973354e-01 1.00000000e+01]
[3.50000000e+01 6.63000000e+02 2.18119248e-01 6.00000000e+00]
[2.15000000e+02 5.15000000e+02 2.18173895e-01 2.00000000e+00]
[1.50000000e+02 6.31000000e+02 2.18338928e-01 3.00000000e+00]
[2.22000000e+02 2.99000000e+02 2.18628732e-01 2.00000000e+00]
[5.88000000e+02 5.81000000e+02 2.19778892e-01 4.00000000e+00]
[1.97000000e+02 6.58000000e+02 2.20766817e-01 4.00000000e+00]
[5.61000000e+02 3.58000000e+02 2.20956839e-01 3.00000000e+00]
[1.5400000e+02 6.6100000e+02 2.2295426e-01 3.0000000e+00]
[8.20000000e+01 6.69000000e+02 2.23419768e-01 7.00000000e+00]
[2.32000000e+02 5.78000000e+02 2.23829214e-01 3.00000000e+00]
[ 33.        122.          0.2239195   2.       ]
[1.01000000e+02 6.59000000e+02 2.24052088e-01 4.00000000e+00]
[5.95000000e+02 4.71000000e+02 2.24903515e-01 3.00000000e+00]
[4.21000000e+02 6.80000000e+02 2.27826448e-01 5.00000000e+00]
[4.10000000e+02 6.78000000e+02 2.28555932e-01 4.00000000e+00]
[6.68000000e+02 2.33000000e+02 2.29034634e-01 1.10000000e+01]
[6.70000000e+01 6.71000000e+02 2.32795018e-01 4.00000000e+00]
[ 51.         100.           0.23282999   2.        ]
[1.82000000e+02 6.77000000e+02 2.33142675e-01 8.00000000e+00]
[4.42000000e+02 6.74000000e+02 2.34869655e-01 5.00000000e+00]
[7.5000000e+01 6.8600000e+02 2.3547233e-01 3.0000000e+00]
[3.6300000e+02 5.2100000e+02 2.3565011e-01 2.0000000e+00]
[4.80000000e+02 6.76000000e+02 2.36512098e-01 4.00000000e+00]
[ 97.         226.           0.23728512   2.        ]
[4.54000000e+02 6.65000000e+02 2.37694631e-01 3.60000000e+01]
[6.64000000e+02 6.91000000e+02 2.38210836e-01 6.00000000e+00]
[1.92000000e+02 2.69000000e+02 2.38483199e-01 2.00000000e+00]
[2.28000000e+02 3.57000000e+02 2.38677166e-01 2.00000000e+00]
[2.55000000e+02 6.89000000e+02 2.39496534e-01 4.00000000e+00]
[5.29000000e+02 6.82000000e+02 2.39519546e-01 6.00000000e+00]
[6.14000000e+02 6.12000000e+02 2.39956883e-01 4.00000000e+00]
[4.08000000e+02 6.54000000e+02 2.40327993e-01 4.00000000e+00]
[6.55000000e+02 1.99000000e+02 2.41205704e-01 6.00000000e+00]
[1.80000000e+01 2.94000000e+02 2.41594959e-01 2.00000000e+00]
[2.10000000e+02 3.83000000e+02 2.41606515e-01 2.00000000e+00]
[3.35000000e+02 3.38000000e+02 2.42384232e-01 2.00000000e+00]
[6.94000000e+02 4.48000000e+02 2.42964201e-01 7.00000000e+00]
[1.02000000e+02 6.88000000e+02 2.44549367e-01 6.00000000e+00]
[3.76000000e+02 6.32000000e+02 2.44712793e-01 3.00000000e+00]
[5.42000000e+02 6.33000000e+02 2.44921477e-01 4.00000000e+00]
[3.65000000e+02 4.43000000e+02 2.45332179e-01 2.00000000e+00]
[2.11000000e+02 6.25000000e+02 2.45451746e-01 3.00000000e+00]
[2.5900000e+02 6.6200000e+02 2.4548481e-01 3.0000000e+00]
[4.95000000e+02 6.85000000e+02 2.47580258e-01 5.00000000e+00]
[3.20000000e+01 3.40000000e+02 2.48336591e-01 2.00000000e+00]
[6.83000000e+02 5.92000000e+02 2.48465732e-01 6.00000000e+00]
[8.80000000e+01 7.14000000e+02 2.48669579e-01 7.00000000e+00]
[4.60000000e+01 7.10000000e+02 2.49071737e-01 4.00000000e+00]
[6.98000000e+02 4.22000000e+02 2.50223476e-01 7.00000000e+00]
[6.9200000e+02 6.9700000e+02 2.5043818e-01 6.0000000e+00]
[6.81000000e+02 4.81000000e+02 2.50945619e-01 4.00000000e+00]
[3.73000000e+02 9.40000000e+01 2.51311148e-01 2.00000000e+00]
[7.10000000e+01 4.62000000e+02 2.51338993e-01 2.00000000e+00]
[4.66000000e+02 4.94000000e+02 2.51851651e-01 2.00000000e+00]
[4.87000000e+02 6.99000000e+02 2.52246201e-01 5.00000000e+00]
[  5.         173.           0.25267576   2.        ]
[7.17000000e+02 7.20000000e+02 2.52934662e-01 9.00000000e+00]
[4.79000000e+02 5.35000000e+02 2.53483133e-01 2.00000000e+00]
[3.43000000e+02 6.73000000e+02 2.55122979e-01 5.00000000e+00]
[2.17000000e+02 6.72000000e+02 2.55301157e-01 3.00000000e+00]
[1.17000000e+02 6.66000000e+02 2.55572553e-01 1.00000000e+01]
[7.03000000e+02 3.74000000e+02 2.56212503e-01 3.00000000e+00]
[5.49000000e+02 7.12000000e+02 2.56217603e-01 1.10000000e+01]
[5.87000000e+02 5.26000000e+02 2.56481201e-01 3.00000000e+00]
[7.18000000e+02 5.70000000e+01 2.57405392e-01 7.00000000e+00]
[7.33000000e+02 7.06000000e+02 2.58499347e-01 1.30000000e+01]
[7.25000000e+02 6.96000000e+02 2.58635451e-01 1.10000000e+01]
[3.84000000e+02 7.19000000e+02 2.58787168e-01 5.00000000e+00]
[1.20000000e+01 7.26000000e+02 2.59421332e-01 3.00000000e+00]
[7.07000000e+02 3.91000000e+02 2.60591695e-01 4.00000000e+00]
[1.06000000e+02 7.15000000e+02 2.60977678e-01 8.00000000e+00]
[3.27000000e+02 7.16000000e+02 2.61690104e-01 5.00000000e+00]
[9.80000000e+01 7.23000000e+02 2.62240037e-01 6.00000000e+00]
[2.66000000e+02 6.87000000e+02 2.62463783e-01 9.00000000e+00]
[3.32000000e+02 4.69000000e+02 2.63059051e-01 2.00000000e+00]
[139.         253.           0.26386305   2.        ]
[2.80000000e+01 6.16000000e+02 2.64433607e-01 3.00000000e+00]
[6.75000000e+02 7.41000000e+02 2.64589224e-01 9.00000000e+00]
[3.71000000e+02 7.39000000e+02 2.65515508e-01 9.00000000e+00]
[1.09000000e+02 6.93000000e+02 2.66958267e-01 3.70000000e+01]
[3.50000000e+02 5.66000000e+02 2.67069085e-01 3.00000000e+00]
[7.35000000e+02 4.49000000e+02 2.69082771e-01 1.20000000e+01]
[6.67000000e+02 7.47000000e+02 2.70129917e-01 1.20000000e+01]
[7.11000000e+02 2.27000000e+02 2.70411096e-01 4.00000000e+00]
[5.89000000e+02 5.01000000e+02 2.70750254e-01 3.00000000e+00]
[9.60000000e+01 5.76000000e+02 2.70931885e-01 3.00000000e+00]
[2.44000000e+02 7.46000000e+02 2.71926977e-01 1.00000000e+01]
[7.52000000e+02 1.19000000e+02 2.71927241e-01 5.00000000e+00]
[4.46000000e+02 7.50000000e+02 2.72843387e-01 1.30000000e+01]
[3.44000000e+02 7.27000000e+02 2.73444145e-01 6.00000000e+00]
[2.24000000e+02 7.54000000e+02 2.73878282e-01 4.00000000e+00]
[3.26000000e+02 3.37000000e+02 2.75525391e-01 2.00000000e+00]
[7.00000000e+02 2.96000000e+02 2.75700519e-01 5.00000000e+00]
[2.87000000e+02 3.24000000e+02 2.75817071e-01 2.00000000e+00]
[4.50000000e+02 7.61000000e+02 2.77492198e-01 6.00000000e+00]
[4.85000000e+02 7.57000000e+02 2.77771454e-01 1.40000000e+01]
[1.1600000e+02 7.6000000e+02 2.7865996e-01 3.0000000e+00]
[4.40000000e+01 5.93000000e+02 2.79512644e-01 3.00000000e+00]
[7.01000000e+02 6.39000000e+02 2.79592181e-01 8.00000000e+00]
[5.80000000e+01 7.51000000e+02 2.79914582e-01 1.30000000e+01]
[252.         194.           0.28095781   2.        ]
[3.80000000e+01 7.48000000e+02 2.81424021e-01 3.80000000e+01]
[0.00000000e+00 3.31000000e+02 2.81441442e-01 2.00000000e+00]
[2.60000000e+01 7.34000000e+02 2.81859275e-01 1.40000000e+01]
[3.89000000e+02 7.63000000e+02 2.81921275e-01 7.00000000e+00]
[2.67000000e+02 6.07000000e+02 2.82463923e-01 3.00000000e+00]
[6.00000000e+02 1.58000000e+02 2.82564255e-01 4.00000000e+00]
[8.70000000e+01 7.29000000e+02 2.82702741e-01 1.10000000e+01]
[4.04000000e+02 7.37000000e+02 2.83007112e-01 4.00000000e+00]
[5.60000000e+01 7.36000000e+02 2.83977088e-01 6.00000000e+00]
[2.30000000e+01 7.40000000e+02 2.84031435e-01 6.00000000e+00]
[4.63000000e+02 7.79000000e+02 2.84508818e-01 7.00000000e+00]
[5.38000000e+02 3.49000000e+02 2.84846829e-01 2.00000000e+00]
[4.35000000e+02 7.67000000e+02 2.84849012e-01 9.00000000e+00]
[8.30000000e+01 7.53000000e+02 2.87094002e-01 4.00000000e+00]
[7.58000000e+02 7.38000000e+02 2.87164217e-01 1.00000000e+01]
[7.56000000e+02 8.50000000e+01 2.88190786e-01 6.00000000e+00]
[3.53000000e+02 7.72000000e+02 2.88664458e-01 1.50000000e+01]
[5.80000000e+02 7.64000000e+02 2.90469327e-01 1.60000000e+01]
[1.6100000e+02 7.8200000e+02 2.9174276e-01 1.0000000e+01]
[4.72000000e+02 5.08000000e+02 2.92350718e-01 2.00000000e+00]
[7.22000000e+02 6.46000000e+02 2.92645159e-01 4.00000000e+00]
[6.49000000e+02 2.25000000e+02 2.93024042e-01 3.00000000e+00]
[1.86000000e+02 7.70000000e+02 2.93620379e-01 3.90000000e+01]
[3.40000000e+01 7.85000000e+02 2.93681036e-01 7.00000000e+00]
[1.89000000e+02 7.44000000e+02 2.94117441e-01 3.00000000e+00]
[7.24000000e+02 7.93000000e+02 2.94369928e-01 9.00000000e+00]
[6.04000000e+02 6.02000000e+02 2.94823674e-01 4.00000000e+00]
[5.98000000e+02 4.32000000e+02 2.94886262e-01 3.00000000e+00]
[5.82000000e+02 4.12000000e+02 2.96072168e-01 3.00000000e+00]
[7.45000000e+02 5.85000000e+02 2.96164001e-01 5.00000000e+00]
[7.0500000e+02 7.4200000e+02 2.9661538e-01 1.6000000e+01]
[1.05000000e+02 7.13000000e+02 2.97553319e-01 3.00000000e+00]
[4.76000000e+02 7.84000000e+02 2.97706579e-01 1.10000000e+01]
[2.92000000e+02 6.15000000e+02 2.98704415e-01 3.00000000e+00]
[7.59000000e+02 5.37000000e+02 2.98921963e-01 5.00000000e+00]
[3.52000000e+02 7.90000000e+02 2.99405518e-01 5.00000000e+00]
[1.10000000e+02 7.32000000e+02 2.99544486e-01 4.00000000e+00]
[4.5700000e+02 7.8700000e+02 3.0112654e-01 1.7000000e+01]
[1.74000000e+02 7.76000000e+02 3.02723275e-01 1.20000000e+01]
[4.78000000e+02 7.97000000e+02 3.03179087e-01 4.00000000e+00]
[7.65000000e+02 1.46000000e+02 3.03592933e-01 4.00000000e+00]
[1.27000000e+02 8.00000000e+02 3.03952616e-01 1.70000000e+01]
[7.28000000e+02 8.07000000e+02 3.04555928e-01 2.00000000e+01]
[7.66000000e+02 8.02000000e+02 3.05224652e-01 1.40000000e+01]
[2.500000e+01 7.770000e+02 3.053841e-01 5.000000e+00]
[1.63000000e+02 5.83000000e+02 3.05960946e-01 3.00000000e+00]
[3.30000000e+02 7.95000000e+02 3.06777026e-01 1.00000000e+01]
[2.93000000e+02 7.86000000e+02 3.08049331e-01 1.60000000e+01]
[7.78000000e+02 6.70000000e+02 3.08407811e-01 8.00000000e+00]
[7.83000000e+02 7.04000000e+02 3.08471622e-01 6.00000000e+00]
[6.84000000e+02 7.94000000e+02 3.08870661e-01 1.40000000e+01]
[7.99000000e+02 1.84000000e+02 3.09731034e-01 6.00000000e+00]
[7.74000000e+02 8.05000000e+02 3.10302798e-01 8.00000000e+00]
[5.30000000e+01 4.56000000e+02 3.11629999e-01 2.00000000e+00]
[8.1900000e+02 7.7300000e+02 3.1193961e-01 1.3000000e+01]
[4.93000000e+02 8.09000000e+02 3.12121113e-01 5.00000000e+00]
[1.59000000e+02 8.22000000e+02 3.13237021e-01 9.00000000e+00]
[231.         234.           0.31345746   2.        ]
[7.71000000e+02 8.06000000e+02 3.13703215e-01 6.00000000e+00]
[7.9600e+02 8.1300e+02 3.1407e-01 1.8000e+01]
[8.01000000e+02 8.20000000e+02 3.14224822e-01 1.70000000e+01]
[3.62000000e+02 8.26000000e+02 3.15174273e-01 1.00000000e+01]
[8.04000000e+02 3.10000000e+01 3.15513616e-01 6.00000000e+00]
[8.16000000e+02 7.49000000e+02 3.15650314e-01 1.30000000e+01]
[5.20000000e+02 8.17000000e+02 3.16281665e-01 1.70000000e+01]
[6.30000000e+02 4.96000000e+02 3.16680807e-01 3.00000000e+00]
[2.60000000e+02 7.88000000e+02 3.16804055e-01 1.10000000e+01]
[1.32000000e+02 7.92000000e+02 3.19186237e-01 4.00000000e+01]
[2.57000000e+02 8.34000000e+02 3.20562638e-01 1.80000000e+01]
[6.26000000e+02 6.90000000e+02 3.20629664e-01 4.00000000e+00]
[7.81000000e+02 7.08000000e+02 3.20903319e-01 6.00000000e+00]
[8.3200000e+02 1.9000000e+02 3.2221556e-01 7.0000000e+00]
[7.68000000e+02 8.41000000e+02 3.22760789e-01 2.00000000e+01]
[1.81000000e+02 4.24000000e+02 3.23326725e-01 2.00000000e+00]
[8.18000000e+02 4.99000000e+02 3.23518545e-01 9.00000000e+00]
[5.05000000e+02 7.80000000e+02 3.23562839e-01 8.00000000e+00]
[7.550000e+02 8.300000e+02 3.237988e-01 2.700000e+01]
[5.13000000e+02 8.21000000e+02 3.23818375e-01 7.00000000e+00]
[7.00000000e+00 8.31000000e+02 3.24558281e-01 1.10000000e+01]
[ 73.         200.           0.32494908   2.        ]
[3.21000000e+02 8.24000000e+02 3.24952115e-01 1.40000000e+01]
[250.         284.           0.32621921   2.        ]
[8.12000000e+02 4.01000000e+02 3.27133708e-01 2.10000000e+01]
[8.33000000e+02 3.87000000e+02 3.27469046e-01 1.40000000e+01]
[ 43.         137.           0.32749049   2.        ]
[3.70000000e+01 8.50000000e+02 3.27653794e-01 1.50000000e+01]
[2.88000000e+02 8.44000000e+02 3.28313299e-01 1.00000000e+01]
[193.         279.           0.32856992   2.        ]
[8.2800000e+02 5.2400000e+02 3.2860414e-01 7.0000000e+00]
[1.41000000e+02 8.29000000e+02 3.29600781e-01 1.90000000e+01]
[8.35000000e+02 3.78000000e+02 3.29608819e-01 4.00000000e+00]
[5.94000000e+02 6.17000000e+02 3.29727082e-01 4.00000000e+00]
[7.90000000e+01 8.47000000e+02 3.30236411e-01 8.00000000e+00]
[6.09000000e+02 6.90000000e+01 3.30579544e-01 3.00000000e+00]
[8.52000000e+02 3.12000000e+02 3.31699555e-01 2.20000000e+01]
[8.64000000e+02 4.82000000e+02 3.31822731e-01 2.30000000e+01]
[7.75000000e+02 8.56000000e+02 3.32016948e-01 1.40000000e+01]
[5.79000000e+02 8.59000000e+02 3.32623943e-01 2.10000000e+01]
[1.11000000e+02 8.40000000e+02 3.32687307e-01 7.00000000e+00]
[8.65000000e+02 2.81000000e+02 3.33426683e-01 2.40000000e+01]
[1.87000000e+02 8.14000000e+02 3.33615973e-01 6.00000000e+00]
[2.54000000e+02 8.46000000e+02 3.34311612e-01 2.80000000e+01]
[2.03000000e+02 8.62000000e+02 3.34416902e-01 9.00000000e+00]
[8.0300000e+02 3.9800000e+02 3.3465397e-01 4.0000000e+00]
[8.90000000e+01 8.69000000e+02 3.34889118e-01 2.50000000e+01]
[4.97000000e+02 8.38000000e+02 3.35126838e-01 1.90000000e+01]
[4.65000000e+02 8.58000000e+02 3.38856475e-01 8.00000000e+00]
[8.15000000e+02 4.41000000e+02 3.39294665e-01 4.00000000e+00]
[1.51000000e+02 8.48000000e+02 3.41113121e-01 1.20000000e+01]
[5.00000000e+02 8.78000000e+02 3.41530944e-01 1.30000000e+01]
[2.58000000e+02 8.60000000e+02 3.42250186e-01 5.00000000e+00]
[3.42000000e+02 3.68000000e+02 3.42881078e-01 2.00000000e+00]
[2.86000000e+02 7.31000000e+02 3.43162512e-01 1.20000000e+01]
[2.42000000e+02 8.27000000e+02 3.44442255e-01 3.00000000e+00]
[4.80000000e+01 7.91000000e+02 3.45195461e-01 4.00000000e+00]
[4.51000000e+02 8.36000000e+02 3.45208224e-01 1.20000000e+01]
[8.11000000e+02 8.37000000e+02 3.45396523e-01 5.70000000e+01]
[8.08000000e+02 2.80000000e+02 3.46105194e-01 1.30000000e+01]
[3.60000000e+01 5.59000000e+02 3.47158391e-01 3.00000000e+00]
[5.90000000e+01 8.87000000e+02 3.49090557e-01 1.40000000e+01]
[2.41000000e+02 8.68000000e+02 3.50663601e-01 8.00000000e+00]
[7.21000000e+02 3.72000000e+02 3.50950506e-01 3.00000000e+00]
[4.91000000e+02 8.76000000e+02 3.51733827e-01 9.00000000e+00]
[8.71000000e+02 8.86000000e+02 3.51784584e-01 8.50000000e+01]
[6.35000000e+02 8.66000000e+02 3.53527993e-01 1.60000000e+01]
[8.77000000e+02 4.40000000e+02 3.53764275e-01 5.00000000e+00]
[4.20000000e+02 8.72000000e+02 3.54202808e-01 1.00000000e+01]
[4.6400000e+02 8.6100000e+02 3.5500052e-01 5.0000000e+00]
[5.34000000e+02 8.74000000e+02 3.56563025e-01 2.60000000e+01]
[8.45000000e+02 8.93000000e+02 3.57760105e-01 9.30000000e+01]
[1.50000000e+01 7.30000000e+02 3.57800982e-01 4.00000000e+00]
[2.73000000e+02 7.02000000e+02 3.58011651e-01 3.00000000e+00]
[6.42000000e+02 8.42000000e+02 3.58542366e-01 2.20000000e+01]
[2.3000000e+02 5.1200000e+02 3.5867836e-01 2.0000000e+00]
[8.67000000e+02 8.25000000e+02 3.59340706e-01 2.60000000e+01]
[1.8800000e+02 8.9000000e+02 3.6035241e-01 9.0000000e+00]
[8.80000000e+02 8.70000000e+02 3.60580261e-01 1.10000000e+01]
[5.86000000e+02 8.54000000e+02 3.60682176e-01 4.00000000e+00]
[8.39000000e+02 2.20000000e+01 3.61296513e-01 5.00000000e+00]
[8.94000000e+02 9.04000000e+02 3.61300918e-01 4.20000000e+01]
[4.28000000e+02 8.73000000e+02 3.64392198e-01 5.00000000e+00]
[3.23000000e+02 8.98000000e+02 3.64636341e-01 2.70000000e+01]
[9.03000000e+02 5.32000000e+02 3.64706014e-01 3.00000000e+00]
[1.00000000e+01 9.05000000e+02 3.65201248e-01 1.00000000e+01]
[3.75000000e+02 8.96000000e+02 3.66533793e-01 1.10000000e+01]
[4.75000000e+02 8.10000000e+02 3.67045306e-01 5.00000000e+00]
[9.0700000e+02 5.1400000e+02 3.6711449e-01 5.0000000e+00]
[6.79000000e+02 9.10000000e+02 3.67871135e-01 7.00000000e+00]
[4.83000000e+02 8.53000000e+02 3.70026791e-01 1.50000000e+01]
[4.03000000e+02 8.85000000e+02 3.70325777e-01 1.30000000e+01]
[3.85000000e+02 8.55000000e+02 3.71573828e-01 1.60000000e+01]
[3.6000000e+02 8.9500000e+02 3.7542592e-01 6.0000000e+00]
[2.85000000e+02 8.99000000e+02 3.75490766e-01 9.40000000e+01]
[8.57000000e+02 8.92000000e+02 3.75958472e-01 1.10000000e+01]
[1.49000000e+02 9.17000000e+02 3.76696886e-01 8.00000000e+00]
[9.19000000e+02 7.89000000e+02 3.77136122e-01 1.50000000e+01]
[3.70000000e+02 9.24000000e+02 3.77543436e-01 9.00000000e+00]
[9.18000000e+02 9.16000000e+02 3.79146242e-01 2.00000000e+01]
[8.83000000e+02 9.11000000e+02 3.79523113e-01 3.00000000e+01]
[1.33000000e+02 8.75000000e+02 3.80896773e-01 2.00000000e+01]
[3.25000000e+02 9.09000000e+02 3.82077049e-01 4.30000000e+01]
[4.59000000e+02 4.17000000e+02 3.82208131e-01 2.00000000e+00]
[9.90000000e+01 8.89000000e+02 3.82396982e-01 1.50000000e+01]
[8.63000000e+02 9.06000000e+02 3.82618164e-01 1.40000000e+01]
[6.23000000e+02 9.22000000e+02 3.84162456e-01 9.60000000e+01]
[9.02000000e+02 9.15000000e+02 3.84443548e-01 2.70000000e+01]
[4.25000000e+02 5.50000000e+02 3.84698837e-01 3.00000000e+00]
[3.04000000e+02 9.36000000e+02 3.85387404e-01 4.00000000e+00]
[5.96000000e+02 9.33000000e+02 3.85514879e-01 1.60000000e+01]
[9.20000000e+02 8.82000000e+02 3.86521584e-01 2.80000000e+01]
[1.38000000e+02 9.27000000e+02 3.86885257e-01 2.10000000e+01]
[9.31000000e+02 9.26000000e+02 3.88517134e-01 1.10000000e+01]
[5.10000000e+02 9.35000000e+02 3.90984035e-01 2.80000000e+01]
[4.50000000e+01 4.34000000e+02 3.91397485e-01 2.00000000e+00]
[5.41000000e+02 6.95000000e+02 3.91571879e-01 5.00000000e+00]
[9.25000000e+02 3.99000000e+02 3.91685388e-01 1.60000000e+01]
[8.00000000e+00 9.39000000e+02 3.91848256e-01 2.90000000e+01]
[1.45000000e+02 9.28000000e+02 3.93766769e-01 3.10000000e+01]
[9.45000000e+02 9.38000000e+02 3.96219523e-01 3.20000000e+01]
[9.32000000e+02 1.67000000e+02 3.98202147e-01 1.60000000e+01]
[4.98000000e+02 8.88000000e+02 3.99512882e-01 4.00000000e+00]
[1.57000000e+02 9.40000000e+02 4.01922566e-01 2.20000000e+01]
[9.37000000e+02 5.31000000e+02 4.02301658e-01 5.00000000e+00]
[8.97000000e+02 9.21000000e+02 4.02473503e-01 1.10000000e+01]
[8.81000000e+02 8.79000000e+02 4.03278739e-01 1.50000000e+01]
[9.00000000e+02 9.46000000e+02 4.03485135e-01 3.30000000e+01]
[3.92000000e+02 9.34000000e+02 4.03709443e-01 9.70000000e+01]
[2.78000000e+02 8.91000000e+02 4.04460698e-01 4.00000000e+00]
[8.43000000e+02 9.54000000e+02 4.04553011e-01 1.70000000e+01]
[9.49000000e+02 2.68000000e+02 4.05601578e-01 1.70000000e+01]
[4.31000000e+02 9.58000000e+02 4.06268126e-01 1.80000000e+01]
[9.14000000e+02 9.48000000e+02 4.06526562e-01 4.30000000e+01]
[ 55.         107.           0.40691637   2.        ]
[8.40000000e+01 9.53000000e+02 4.07801275e-01 1.20000000e+01]
[3.90000000e+02 9.42000000e+02 4.08544737e-01 2.90000000e+01]
[8.230000e+02 9.080000e+02 4.094459e-01 7.000000e+00]
[9.59000000e+02 7.43000000e+02 4.09844738e-01 1.90000000e+01]
[4.70000000e+01 9.63000000e+02 4.10016199e-01 1.30000000e+01]
[2.00000000e+00 9.67000000e+02 4.10675721e-01 1.40000000e+01]
[9.51000000e+02 8.84000000e+02 4.11939297e-01 2.60000000e+01]
[9.56000000e+02 9.61000000e+02 4.12914649e-01 1.40000000e+02]
[5.68000000e+02 9.41000000e+02 4.12975603e-01 1.30000000e+01]
[9.30000000e+02 9.64000000e+02 4.13082745e-01 7.20000000e+01]
[6.3800000e+02 9.2300000e+02 4.1367505e-01 1.4000000e+01]
[7.62000000e+02 3.54000000e+02 4.13690888e-01 3.00000000e+00]
[9.66000000e+02 3.13000000e+02 4.17305447e-01 2.00000000e+01]
[9.29000000e+02 9.72000000e+02 4.17720321e-01 9.20000000e+01]
[7.98000000e+02 6.05000000e+02 4.19333774e-01 5.00000000e+00]
[8.49000000e+02 9.74000000e+02 4.19415023e-01 5.00000000e+00]
[9.69000000e+02 8.51000000e+02 4.20202357e-01 2.80000000e+01]
[2.2300000e+02 9.7000000e+02 4.2067599e-01 1.4100000e+02]
[9.76000000e+02 4.74000000e+02 4.22368777e-01 9.30000000e+01]
[6.00000000e+01 9.73000000e+02 4.23035636e-01 1.50000000e+01]
[4.55000000e+02 9.50000000e+02 4.26997081e-01 5.00000000e+00]
[5.28000000e+02 9.57000000e+02 4.30288519e-01 5.00000000e+00]
[3.90000000e+01 5.97000000e+02 4.30429801e-01 3.00000000e+00]
[5.39000000e+02 9.71000000e+02 4.30566816e-01 1.40000000e+01]
[198.         263.           0.43160232   2.        ]
[4.30000000e+02 9.47000000e+02 4.32029725e-01 3.20000000e+01]
[3.88000000e+02 9.68000000e+02 4.32359721e-01 1.50000000e+01]
[9.55000000e+02 1.18000000e+02 4.33480627e-01 3.40000000e+01]
[1.10000000e+01 5.04000000e+02 4.34065075e-01 2.00000000e+00]
[4.11000000e+02 9.86000000e+02 4.38366001e-01 1.50000000e+01]
[9.8100000e+02 4.8400000e+02 4.3919387e-01 9.4000000e+01]
[4.52000000e+02 9.93000000e+02 4.42454741e-01 9.50000000e+01]
[9.80000000e+02 5.36000000e+02 4.43752266e-01 1.42000000e+02]
[9.95000000e+02 4.53000000e+02 4.44417662e-01 1.43000000e+02]
[9.75000000e+02 9.65000000e+02 4.45020062e-01 2.70000000e+01]
[3.79000000e+02 9.88000000e+02 4.45306126e-01 3.30000000e+01]
[2.35000000e+02 9.79000000e+02 4.46754048e-01 2.90000000e+01]
[9.52000000e+02 9.82000000e+02 4.46885717e-01 2.00000000e+01]
[9.97000000e+02 4.70000000e+02 4.47665905e-01 2.80000000e+01]
[1.00100000e+03 3.95000000e+02 4.48641106e-01 2.90000000e+01]
[1.20000000e+02 9.89000000e+02 4.55794406e-01 1.60000000e+01]
[3.06000000e+02 9.98000000e+02 4.59632464e-01 3.40000000e+01]
[9.77000000e+02 3.51000000e+02 4.60200783e-01 6.00000000e+00]
[3.77000000e+02 9.60000000e+02 4.60449109e-01 1.90000000e+01]
[4.88000000e+02 1.00000000e+03 4.62041749e-01 2.10000000e+01]
[9.01000000e+02 9.96000000e+02 4.68001786e-01 1.46000000e+02]
[4.07000000e+02 9.94000000e+02 4.70473233e-01 9.60000000e+01]
[6.03000000e+02 1.00500000e+03 4.76015856e-01 8.00000000e+00]
[9.83000000e+02 4.16000000e+02 4.79036132e-01 6.00000000e+00]
[9.99000000e+02 1.00800000e+03 4.79510993e-01 1.75000000e+02]
[1.91000000e+02 1.01000000e+03 4.80178176e-01 9.00000000e+00]
[9.87000000e+02 1.01100000e+03 4.84877405e-01 8.00000000e+00]
[1.14000000e+02 1.01300000e+03 4.84997584e-01 1.00000000e+01]
[1.77000000e+02 1.00900000e+03 4.85008977e-01 9.70000000e+01]
[1.31000000e+02 1.00700000e+03 4.85478602e-01 2.20000000e+01]
[9.62000000e+02 1.01700000e+03 4.89193452e-01 2.40000000e+01]
[5.02000000e+02 1.00200000e+03 4.89709903e-01 3.00000000e+01]
[3.10000000e+02 1.01600000e+03 4.92281735e-01 9.80000000e+01]
[1.34000000e+02 1.01200000e+03 4.93583967e-01 1.76000000e+02]
[9.92000000e+02 9.78000000e+02 4.97553286e-01 2.00000000e+01]
[9.12000000e+02 1.00400000e+03 5.01036596e-01 3.70000000e+01]
[1.75000000e+02 1.02300000e+03 5.01133042e-01 3.80000000e+01]
[1.02200000e+03 9.84000000e+02 5.08705666e-01 2.50000000e+01]
[1.26000000e+02 1.01800000e+03 5.09697683e-01 2.50000000e+01]
[2.82000000e+02 1.02100000e+03 5.10824331e-01 1.77000000e+02]
[9.85000000e+02 9.90000000e+02 5.14315961e-01 3.70000000e+01]
[1.01500000e+03 3.55000000e+02 5.15063661e-01 1.10000000e+01]
[3.64000000e+02 1.02400000e+03 5.19994012e-01 3.90000000e+01]
[1.01400000e+03 1.00300000e+03 5.24623269e-01 2.40000000e+01]
[166.         169.           0.52623333   2.        ]
[9.43000000e+02 1.02000000e+03 5.36175009e-01 1.00000000e+02]
[1.01900000e+03 1.02700000e+03 5.39836893e-01 2.07000000e+02]
[1.02800000e+03 7.69000000e+02 5.40018867e-01 3.90000000e+01]
[9.91000000e+02 1.03500000e+03 5.46764758e-01 4.10000000e+01]
[4.23000000e+02 1.03300000e+03 5.47725103e-01 1.01000000e+02]
[5.07000000e+02 1.03100000e+03 5.52354929e-01 2.50000000e+01]
[1.02600000e+03 1.03700000e+03 5.57862589e-01 1.26000000e+02]
[1.03000000e+03 1.00600000e+03 5.60239957e-01 5.80000000e+01]
[2.43000000e+02 1.03400000e+03 5.74255961e-01 2.08000000e+02]
[1.02500000e+03 1.04100000e+03 5.76647853e-01 2.33000000e+02]
[9.44000000e+02 1.04200000e+03 5.76770658e-01 2.38000000e+02]
[1.04000000e+03 4.77000000e+02 5.78140679e-01 5.90000000e+01]
[1.08000000e+02 1.04400000e+03 5.78964643e-01 6.00000000e+01]
[9.13000000e+02 1.04300000e+03 5.80866441e-01 2.48000000e+02]
[1.71000000e+02 1.03900000e+03 5.81673184e-01 1.27000000e+02]
[1.03600000e+03 1.62000000e+02 5.88337811e-01 4.20000000e+01]
[1.79000000e+02 1.03800000e+03 5.89056751e-01 2.60000000e+01]
[8.60000000e+01 1.04700000e+03 5.98934348e-01 1.28000000e+02]
[7.09000000e+02 1.04800000e+03 5.99163747e-01 4.40000000e+01]
[6.60000000e+01 1.04600000e+03 6.07830741e-01 2.49000000e+02]
[3.16000000e+02 1.05000000e+03 6.12164874e-01 1.29000000e+02]
[1.02900000e+03 1.05300000e+03 6.12388222e-01 1.40000000e+02]
[5.06000000e+02 1.05200000e+03 6.29847881e-01 2.50000000e+02]
[1.04500000e+03 1.05400000e+03 6.34575768e-01 2.00000000e+02]
[4.19000000e+02 1.05600000e+03 6.41282611e-01 2.01000000e+02]
[1.05100000e+03 1.05500000e+03 6.47243407e-01 2.94000000e+02]
[ 77.         319.           0.64918505   2.        ]
[447.        458.          0.6554182   2.       ]
[4.20000000e+01 1.05700000e+03 6.56488994e-01 2.02000000e+02]
[1.03200000e+03 1.05800000e+03 6.77572068e-01 2.96000000e+02]
[147.         533.           0.67779821   2.        ]
[1.30000000e+01 1.06200000e+03 6.94210765e-01 2.97000000e+02]
[1.0490000e+03 1.0610000e+03 6.9847434e-01 2.2800000e+02]
[212.         341.           0.71882994   2.        ]
[277.         314.           0.72762772   2.        ]
[1.06500000e+03 1.06400000e+03 7.38991476e-01 5.25000000e+02]
[1.06800000e+03 1.06700000e+03 7.46047783e-01 5.27000000e+02]
[1.06900000e+03 1.06600000e+03 7.46356599e-01 5.29000000e+02]
[1.07000000e+03 1.06300000e+03 7.46653622e-01 5.31000000e+02]
[1.07100000e+03 2.89000000e+02 7.47014928e-01 5.32000000e+02]
[1.0590000e+03 1.0720000e+03 7.9249444e-01 5.3400000e+02]
[1.07300000e+03 1.06000000e+03 7.96967446e-01 5.36000000e+02]
[201.         311.           0.94205297   2.        ]
[1.07400000e+03 1.07500000e+03 9.87177412e-01 5.38000000e+02]
[2.4000000e+01 1.0760000e+03 9.9683982e-01 5.3900000e+02]
[1077.          429.            1.12453673  540.        ]
