[  1. 216.   0.   2.]
[540. 113.   0.   3.]
[  6. 129.   0.   2.]
[ 50. 135.   0.   2.]
[543. 329.   0.   3.]
[64. 68.  0.  2.]
[545.  93.   0.   3.]
[546. 123.   0.   4.]
[547. 214.   0.   5.]
[548. 261.   0.   6.]
[ 72. 437.   0.   2.]
[74. 91.  0.  2.]
[551. 317.   0.   3.]
[ 95. 152.   0.   2.]
[553. 240.   0.   3.]
[554. 301.   0.   4.]
[555. 308.   0.   5.]
[556. 220.   0.   6.]
[307. 557.   0.   7.]
[ 90. 518.   0.   2.]
[136. 336.   0.   2.]
[178. 245.   0.   2.]
[270. 271.   0.   2.]
[5.58000000e+02 5.44000000e+02 2.77891309e-09 1.00000000e+01]
[5.62000000e+02 4.00000000e+02 3.51223738e-09 3.00000000e+00]
[7.80000000e+01 1.25000000e+02 1.49011612e-08 2.00000000e+00]
[1.03000000e+02 1.96000000e+02 1.49011612e-08 2.00000000e+00]
[1.40000000e+02 3.80000000e+02 2.10734243e-08 2.00000000e+00]
[6.10000000e+01 2.36000000e+02 2.58095683e-08 2.00000000e+00]
[3.00000000e+02 3.02000000e+02 2.58095683e-08 2.00000000e+00]
[5.65000000e+02 3.15000000e+02 2.58095683e-08 3.00000000e+00]
[3.59000000e+02 4.13000000e+02 2.98023224e-08 2.00000000e+00]
[5.69000000e+02 4.68000000e+02 3.57913921e-08 3.00000000e+00]
[8.10000000e+01 2.95000000e+02 4.08085106e-08 2.00000000e+00]
[5.52000000e+02 2.74000000e+02 6.66400187e-08 4.00000000e+00]
[5.73000000e+02 5.63000000e+02 2.10052023e-02 1.20000000e+01]
[3.09000000e+02 3.94000000e+02 6.09340216e-02 2.00000000e+00]
[6.30000000e+01 4.26000000e+02 6.82892709e-02 2.00000000e+00]
[4.92000000e+02 5.23000000e+02 7.17697189e-02 2.00000000e+00]
[3.46000000e+02 4.38000000e+02 7.36893813e-02 2.00000000e+00]
[21.         40.          0.07668819  2.        ]
[2.48000000e+02 5.16000000e+02 7.68726219e-02 2.00000000e+00]
[1.24000000e+02 3.05000000e+02 7.75295169e-02 2.00000000e+00]
[3.00000000e+01 2.09000000e+02 7.81536849e-02 2.00000000e+00]
[5.67000000e+02 5.64000000e+02 7.85725969e-02 5.00000000e+00]
[4.36000000e+02 5.22000000e+02 7.86214305e-02 2.00000000e+00]
[4.90000000e+01 2.46000000e+02 7.86906561e-02 2.00000000e+00]
[3.48000000e+02 3.67000000e+02 8.24867171e-02 2.00000000e+00]
[8.00000000e+01 4.09000000e+02 8.38816605e-02 2.00000000e+00]
[65.        76.         0.0844121  2.       ]
[2.90000000e+02 5.30000000e+02 8.46468815e-02 2.00000000e+00]
[41.         52.          0.08491453  2.        ]
[3.66000000e+02 5.17000000e+02 8.57723241e-02 2.00000000e+00]
[3.97000000e+02 4.44000000e+02 8.67148723e-02 2.00000000e+00]
[3.39000000e+02 4.73000000e+02 8.72103252e-02 2.00000000e+00]
[2.13000000e+02 3.86000000e+02 8.85794796e-02 2.00000000e+00]
[3.03000000e+02 3.69000000e+02 9.50100737e-02 2.00000000e+00]
[2.18000000e+02 5.03000000e+02 9.56437237e-02 2.00000000e+00]
[2.70000000e+01 1.72000000e+02 9.57629452e-02 2.00000000e+00]
[2.05000000e+02 2.51000000e+02 9.68223711e-02 2.00000000e+00]
[1.44000000e+02 5.71000000e+02 9.81598065e-02 3.00000000e+00]
[1.65000000e+02 1.80000000e+02 1.00526231e-01 2.00000000e+00]
[2.9700000e+02 4.2700000e+02 1.0119787e-01 2.0000000e+00]
[3.96000000e+02 4.14000000e+02 1.02398712e-01 2.00000000e+00]
[1.85000000e+02 1.95000000e+02 1.03609484e-01 2.00000000e+00]
[1.43000000e+02 4.45000000e+02 1.04646094e-01 2.00000000e+00]
[4.00000000e+00 2.62000000e+02 1.04795446e-01 2.00000000e+00]
[1.7000000e+01 2.8300000e+02 1.0531416e-01 2.0000000e+00]
[5.74000000e+02 2.04000000e+02 1.06265271e-01 5.00000000e+00]
[5.84000000e+02 1.70000000e+02 1.06724531e-01 6.00000000e+00]
[2.47000000e+02 2.49000000e+02 1.08305504e-01 2.00000000e+00]
[6.01000000e+02 2.91000000e+02 1.08642805e-01 3.00000000e+00]
[6.20000000e+01 1.12000000e+02 1.08659767e-01 2.00000000e+00]
[1.60000000e+01 4.39000000e+02 1.12518109e-01 2.00000000e+00]
[1.55000000e+02 2.72000000e+02 1.17562608e-01 2.00000000e+00]
[4.15000000e+02 4.60000000e+02 1.19160629e-01 2.00000000e+00]
[4.18000000e+02 4.61000000e+02 1.19567279e-01 2.00000000e+00]
[2.90000000e+01 4.86000000e+02 1.19934212e-01 2.00000000e+00]
[4.02000000e+02 4.89000000e+02 1.20082622e-01 2.00000000e+00]
[6.08000000e+02 1.64000000e+02 1.23104335e-01 6.00000000e+00]
[5.75000000e+02 6.09000000e+02 1.23205214e-01 1.80000000e+01]
[6.1100000e+02 2.0800000e+02 1.2597397e-01 4.0000000e+00]
[6.06000000e+02 2.21000000e+02 1.28591081e-01 3.00000000e+00]
[3.20000000e+02 4.06000000e+02 1.32079952e-01 2.00000000e+00]
[3.81000000e+02 4.05000000e+02 1.37771339e-01 2.00000000e+00]
[1.40000000e+01 4.33000000e+02 1.37805148e-01 2.00000000e+00]
[1.9000000e+01 2.2900000e+02 1.3788168e-01 2.0000000e+00]
[6.20000000e+02 2.19000000e+02 1.41134067e-01 1.90000000e+01]
[6.270000e+02 1.300000e+02 1.439299e-01 2.000000e+01]
[3.56000000e+02 4.67000000e+02 1.46061689e-01 2.00000000e+00]
[6.21000000e+02 2.33000000e+02 1.51592635e-01 5.00000000e+00]
[ 54.         148.           0.15457617   2.        ]
[3.18000000e+02 5.09000000e+02 1.54951103e-01 2.00000000e+00]
[2.76000000e+02 3.45000000e+02 1.56193263e-01 2.00000000e+00]
[3.33000000e+02 6.30000000e+02 1.57303307e-01 6.00000000e+00]
[1.42000000e+02 5.19000000e+02 1.58532803e-01 2.00000000e+00]
[2.070000e+02 2.560000e+02 1.596461e-01 2.000000e+00]
[5.91000000e+02 3.82000000e+02 1.62053077e-01 3.00000000e+00]
[6.12000000e+02 6.34000000e+02 1.62446827e-01 8.00000000e+00]
[6.3800000e+02 1.2800000e+02 1.6312414e-01 9.0000000e+00]
[3.93000000e+02 5.11000000e+02 1.63940456e-01 2.00000000e+00]
[6.19000000e+02 1.21000000e+02 1.66568985e-01 7.00000000e+00]
[3.34000000e+02 6.28000000e+02 1.67414048e-01 2.10000000e+01]
[2.37000000e+02 4.90000000e+02 1.72939404e-01 2.00000000e+00]
[5.60000000e+02 1.76000000e+02 1.73503045e-01 3.00000000e+00]
[2.00000000e+01 2.65000000e+02 1.73852353e-01 2.00000000e+00]
[1.83000000e+02 3.47000000e+02 1.76835119e-01 2.00000000e+00]
[3.61000000e+02 5.27000000e+02 1.77114442e-01 2.00000000e+00]
[  9.         156.           0.17981114   2.        ]
[6.39000000e+02 1.15000000e+02 1.81307701e-01 1.00000000e+01]
[2.06000000e+02 3.22000000e+02 1.81657198e-01 2.00000000e+00]
[6.26000000e+02 1.04000000e+02 1.85279368e-01 3.00000000e+00]
[3.00000000e+00 2.98000000e+02 1.90549236e-01 2.00000000e+00]
[160.         173.           0.19072631   2.        ]
[7.00000000e+01 6.46000000e+02 1.95126812e-01 3.00000000e+00]
[2.39000000e+02 6.42000000e+02 1.96564343e-01 2.20000000e+01]
[117.        153.          0.1976543   2.       ]
[5.99000000e+02 5.72000000e+02 2.00000907e-01 5.00000000e+00]
[6.45000000e+02 6.36000000e+02 2.00270448e-01 4.00000000e+00]
[1.97000000e+02 5.90000000e+02 2.00835613e-01 3.00000000e+00]
[5.25000000e+02 6.18000000e+02 2.01303678e-01 3.00000000e+00]
[6.51000000e+02 6.55000000e+02 2.03065389e-01 2.50000000e+01]
[2.64000000e+02 2.75000000e+02 2.03293078e-01 2.00000000e+00]
[5.00000000e+00 6.58000000e+02 2.07831462e-01 5.00000000e+00]
[6.48000000e+02 5.70000000e+02 2.13990801e-01 5.00000000e+00]
[9.20000000e+01 2.69000000e+02 2.16823749e-01 2.00000000e+00]
[5.80000000e+01 2.38000000e+02 2.17232346e-01 2.00000000e+00]
[6.22000000e+02 6.61000000e+02 2.17659737e-01 2.80000000e+01]
[2.15000000e+02 5.15000000e+02 2.18173895e-01 2.00000000e+00]
[ 67.         150.           0.21833893   2.        ]
[2.17000000e+02 2.22000000e+02 2.18628732e-01 2.00000000e+00]
[5.88000000e+02 5.81000000e+02 2.19778892e-01 4.00000000e+00]
[6.41000000e+02 1.74000000e+02 2.19953633e-01 8.00000000e+00]
[5.61000000e+02 3.58000000e+02 2.20956839e-01 3.00000000e+00]
[154.          46.           0.22295426   2.        ]
[ 82.         182.           0.22341977   2.        ]
[3.50000000e+01 6.53000000e+02 2.23705518e-01 3.00000000e+00]
[2.32000000e+02 5.78000000e+02 2.23829214e-01 3.00000000e+00]
[ 33.        122.          0.2239195   2.       ]
[1.01000000e+02 3.12000000e+02 2.24052088e-01 2.00000000e+00]
[5.95000000e+02 4.71000000e+02 2.24903515e-01 3.00000000e+00]
[4.21000000e+02 5.29000000e+02 2.27826448e-01 2.00000000e+00]
[8.80000000e+01 4.10000000e+02 2.28555932e-01 2.00000000e+00]
[6.65000000e+02 1.92000000e+02 2.29608868e-01 3.00000000e+00]
[3.28000000e+02 4.80000000e+02 2.30749557e-01 2.00000000e+00]
[4.46000000e+02 6.60000000e+02 2.30936588e-01 4.00000000e+00]
[6.74000000e+02 3.27000000e+02 2.31660086e-01 3.00000000e+00]
[6.59000000e+02 4.79000000e+02 2.32465727e-01 4.00000000e+00]
[6.4400000e+02 6.5700000e+02 2.3259157e-01 8.0000000e+00]
[ 51.         100.           0.23282999   2.        ]
[6.67000000e+02 6.62000000e+02 2.33460505e-01 3.00000000e+01]
[3.31000000e+02 4.42000000e+02 2.34869655e-01 2.00000000e+00]
[7.5000000e+01 2.5500000e+02 2.3547233e-01 2.0000000e+00]
[3.6300000e+02 5.2100000e+02 2.3565011e-01 2.0000000e+00]
[9.70000000e+01 4.85000000e+02 2.37285122e-01 2.00000000e+00]
[4.48000000e+02 4.54000000e+02 2.37694631e-01 2.00000000e+00]
[2.28000000e+02 3.57000000e+02 2.38677166e-01 2.00000000e+00]
[9.80000000e+01 6.14000000e+02 2.39956883e-01 3.00000000e+00]
[4.08000000e+02 4.50000000e+02 2.40327993e-01 2.00000000e+00]
[6.69000000e+02 4.95000000e+02 2.40403832e-01 3.00000000e+00]
[6.76000000e+02 8.50000000e+01 2.40945593e-01 4.00000000e+00]
[1.80000000e+01 2.94000000e+02 2.41594959e-01 2.00000000e+00]
[2.10000000e+02 3.83000000e+02 2.41606515e-01 2.00000000e+00]
[3.35000000e+02 3.38000000e+02 2.42384232e-01 2.00000000e+00]
[6.77000000e+02 5.92000000e+02 2.44061986e-01 5.00000000e+00]
[6.64000000e+02 1.99000000e+02 2.44199329e-01 6.00000000e+00]
[6.63000000e+02 3.40000000e+02 2.44423143e-01 6.00000000e+00]
[ 96.         102.           0.24454937   2.        ]
[3.26000000e+02 3.76000000e+02 2.44712793e-01 2.00000000e+00]
[5.42000000e+02 6.33000000e+02 2.44921477e-01 4.00000000e+00]
[3.65000000e+02 4.43000000e+02 2.45332179e-01 2.00000000e+00]
[2.5900000e+02 3.3000000e+02 2.4548481e-01 2.0000000e+00]
[2.11000000e+02 6.24000000e+02 2.46342599e-01 3.00000000e+00]
[6.32000000e+02 3.91000000e+02 2.47684196e-01 3.00000000e+00]
[3.20000000e+01 4.87000000e+02 2.48336591e-01 2.00000000e+00]
[6.13000000e+02 2.30000000e+01 2.50839938e-01 3.00000000e+00]
[5.70000000e+01 6.80000000e+02 2.50945619e-01 4.00000000e+00]
[6.72000000e+02 6.56000000e+02 2.51272695e-01 1.00000000e+01]
[2.60000000e+01 3.73000000e+02 2.51311148e-01 2.00000000e+00]
[7.10000000e+01 4.62000000e+02 2.51338993e-01 2.00000000e+00]
[6.87000000e+02 5.35000000e+02 2.51372806e-01 5.00000000e+00]
[7.17000000e+02 8.70000000e+01 2.51410948e-01 1.10000000e+01]
[7.04000000e+02 3.71000000e+02 2.51750389e-01 6.00000000e+00]
[4.66000000e+02 4.94000000e+02 2.51851651e-01 2.00000000e+00]
[6.52000000e+02 6.90000000e+02 2.53417467e-01 3.20000000e+01]
[6.89000000e+02 6.92000000e+02 2.54221941e-01 4.00000000e+00]
[2.26000000e+02 4.99000000e+02 2.54937627e-01 2.00000000e+00]
[3.43000000e+02 3.44000000e+02 2.55122979e-01 2.00000000e+00]
[7.02000000e+02 3.74000000e+02 2.56212503e-01 3.00000000e+00]
[5.49000000e+02 3.24000000e+02 2.56217603e-01 7.00000000e+00]
[5.87000000e+02 5.26000000e+02 2.56481201e-01 3.00000000e+00]
[6.81000000e+02 6.85000000e+02 2.57097828e-01 6.00000000e+00]
[110.         168.           0.25828495   2.        ]
[6.43000000e+02 3.84000000e+02 2.58787168e-01 3.00000000e+00]
[1.20000000e+01 3.90000000e+02 2.59421332e-01 2.00000000e+00]
[6.84000000e+02 6.95000000e+02 2.59882852e-01 4.00000000e+00]
[7.00000000e+02 6.86000000e+02 2.59931867e-01 7.00000000e+00]
[9.40000000e+01 6.96000000e+02 2.61714398e-01 3.00000000e+00]
[7.06000000e+02 2.27000000e+02 2.62407404e-01 7.00000000e+00]
[9.90000000e+01 2.66000000e+02 2.62463783e-01 2.00000000e+00]
[3.32000000e+02 4.69000000e+02 2.63059051e-01 2.00000000e+00]
[6.49000000e+02 2.02000000e+02 2.63627185e-01 1.10000000e+01]
[6.79000000e+02 7.31000000e+02 2.63701762e-01 8.00000000e+00]
[139.         253.           0.26386305   2.        ]
[6.73000000e+02 6.97000000e+02 2.64589224e-01 6.00000000e+00]
[6.54000000e+02 6.75000000e+02 2.64709795e-01 5.00000000e+00]
[109.         235.           0.26695827   2.        ]
[6.66000000e+02 1.06000000e+02 2.67233267e-01 3.00000000e+00]
[7.20000000e+02 5.01000000e+02 2.67430519e-01 6.00000000e+00]
[2.80000000e+01 6.91000000e+02 2.68554724e-01 3.00000000e+00]
[6.8200000e+02 7.2200000e+02 2.6877037e-01 8.0000000e+00]
[7.11000000e+02 3.87000000e+02 2.68931251e-01 3.00000000e+00]
[6.71000000e+02 1.58000000e+02 2.70072728e-01 5.00000000e+00]
[7.45000000e+02 7.12000000e+02 2.71824065e-01 8.00000000e+00]
[2.44000000e+02 7.44000000e+02 2.71926977e-01 7.00000000e+00]
[6.88000000e+02 7.24000000e+02 2.73296926e-01 4.00000000e+01]
[7.27000000e+02 4.84000000e+02 2.73444856e-01 3.00000000e+00]
[2.24000000e+02 5.37000000e+02 2.73878282e-01 2.00000000e+00]
[2.99000000e+02 3.95000000e+02 2.74258611e-01 2.00000000e+00]
[7.16000000e+02 4.57000000e+02 2.74294649e-01 5.00000000e+00]
[7.52000000e+02 5.93000000e+02 2.76215681e-01 7.00000000e+00]
[6.60000000e+01 5.66000000e+02 2.76228465e-01 3.00000000e+00]
[4.49000000e+02 4.82000000e+02 2.76732071e-01 2.00000000e+00]
[7.18000000e+02 2.93000000e+02 2.77485066e-01 3.00000000e+00]
[2.96000000e+02 6.15000000e+02 2.78079006e-01 3.00000000e+00]
[116.         146.           0.27865996   2.        ]
[7.42000000e+02 4.22000000e+02 2.78938316e-01 9.00000000e+00]
[5.77000000e+02 7.37000000e+02 2.78982193e-01 5.00000000e+00]
[4.40000000e+01 4.52000000e+02 2.79512644e-01 2.00000000e+00]
[6.9400000e+02 7.6600000e+02 2.7965155e-01 1.1000000e+01]
[5.60000000e+01 7.26000000e+02 2.80426206e-01 3.00000000e+00]
[7.05000000e+02 4.35000000e+02 2.80669197e-01 7.00000000e+00]
[5.89000000e+02 8.30000000e+01 2.80720708e-01 3.00000000e+00]
[2.52000000e+02 4.63000000e+02 2.80957806e-01 2.00000000e+00]
[7.0800000e+02 3.3700000e+02 2.8130921e-01 3.0000000e+00]
[0.00000000e+00 4.91000000e+02 2.81441442e-01 2.00000000e+00]
[3.89000000e+02 7.72000000e+02 2.81921275e-01 4.00000000e+00]
[2.67000000e+02 6.07000000e+02 2.82463923e-01 3.00000000e+00]
[2.50000000e+01 4.04000000e+02 2.83007112e-01 2.00000000e+00]
[7.25000000e+02 7.48000000e+02 2.84290262e-01 1.00000000e+01]
[6.31000000e+02 7.29000000e+02 2.84603588e-01 9.00000000e+00]
[1.89000000e+02 5.38000000e+02 2.84846829e-01 2.00000000e+00]
[6.16000000e+02 5.85000000e+02 2.85440642e-01 4.00000000e+00]
[7.3800000e+02 7.3600000e+02 2.8588438e-01 1.4000000e+01]
[3.40000000e+01 3.50000000e+02 2.86188058e-01 2.00000000e+00]
[7.50000000e+02 7.57000000e+02 2.87947823e-01 1.00000000e+01]
[7.07000000e+02 7.79000000e+02 2.88329557e-01 1.20000000e+01]
[3.53000000e+02 5.20000000e+02 2.88664458e-01 2.00000000e+00]
[5.80000000e+02 7.69000000e+02 2.90469327e-01 1.30000000e+01]
[1.94000000e+02 7.73000000e+02 2.90923876e-01 3.00000000e+00]
[161.         260.           0.29174276   2.        ]
[4.72000000e+02 5.08000000e+02 2.92350718e-01 2.00000000e+00]
[7.32000000e+02 7.30000000e+02 2.92456621e-01 5.00000000e+00]
[3.52000000e+02 7.23000000e+02 2.92645159e-01 3.00000000e+00]
[6.50000000e+02 2.25000000e+02 2.93024042e-01 3.00000000e+00]
[7.59000000e+02 7.88000000e+02 2.93175457e-01 1.80000000e+01]
[132.         186.           0.29362038   2.        ]
[6.04000000e+02 7.49000000e+02 2.94823674e-01 5.00000000e+00]
[5.98000000e+02 4.32000000e+02 2.94886262e-01 3.00000000e+00]
[5.82000000e+02 4.12000000e+02 2.96072168e-01 3.00000000e+00]
[7.83000000e+02 1.19000000e+02 2.96769405e-01 1.50000000e+01]
[7.09000000e+02 6.99000000e+02 2.96776403e-01 7.00000000e+00]
[105.         273.           0.29755332   2.        ]
[7.53000000e+02 7.64000000e+02 2.97970098e-01 1.10000000e+01]
[7.60000000e+02 6.00000000e+02 2.98210658e-01 1.00000000e+01]
[2.92000000e+02 3.98000000e+02 2.98704415e-01 2.00000000e+00]
[7.7000000e+02 6.6800000e+02 2.9887018e-01 5.0000000e+00]
[3.21000000e+02 7.76000000e+02 2.99335651e-01 5.00000000e+00]
[1.27000000e+02 7.35000000e+02 2.99358608e-01 5.00000000e+00]
[6.70000000e+02 7.95000000e+02 3.00098764e-01 2.00000000e+01]
[4.76000000e+02 4.97000000e+02 3.00936339e-01 2.00000000e+00]
[7.63000000e+02 7.86000000e+02 3.01478474e-01 1.50000000e+01]
[3.80000000e+01 7.55000000e+02 3.01642632e-01 4.10000000e+01]
[7.67000000e+02 4.93000000e+02 3.02187531e-01 6.00000000e+00]
[7.51000000e+02 8.00000000e+02 3.02877145e-01 1.80000000e+01]
[7.84000000e+02 8.14000000e+02 3.03175114e-01 2.00000000e+01]
[3.60000000e+02 4.78000000e+02 3.03179087e-01 2.00000000e+00]
[3.49000000e+02 7.81000000e+02 3.04787206e-01 3.00000000e+00]
[8.03000000e+02 6.98000000e+02 3.05281416e-01 1.30000000e+01]
[7.7100000e+02 6.4000000e+02 3.0529407e-01 9.0000000e+00]
[1.63000000e+02 4.40000000e+02 3.05960946e-01 2.00000000e+00]
[1.4100000e+02 5.7600000e+02 3.0661239e-01 3.0000000e+00]
[7.14000000e+02 8.02000000e+02 3.09551868e-01 4.00000000e+00]
[7.77000000e+02 7.93000000e+02 3.10302798e-01 6.00000000e+00]
[5.30000000e+01 4.56000000e+02 3.11629999e-01 2.00000000e+00]
[7.74000000e+02 7.65000000e+02 3.11936645e-01 5.00000000e+00]
[1.84000000e+02 8.25000000e+02 3.11976139e-01 6.00000000e+00]
[1.7500000e+02 6.4700000e+02 3.1227816e-01 3.0000000e+00]
[5.13000000e+02 8.26000000e+02 3.13313522e-01 7.00000000e+00]
[231.         234.           0.31345746   2.        ]
[7.41000000e+02 1.67000000e+02 3.14148266e-01 1.20000000e+01]
[7.47000000e+02 2.63000000e+02 3.14430191e-01 4.00000000e+00]
[7.62000000e+02 4.81000000e+02 3.14882457e-01 3.00000000e+00]
[7.75000000e+02 7.15000000e+02 3.15032252e-01 5.00000000e+00]
[6.78000000e+02 3.62000000e+02 3.15174273e-01 3.00000000e+00]
[7.13000000e+02 5.12000000e+02 3.15276955e-01 4.00000000e+00]
[6.29000000e+02 4.96000000e+02 3.16680807e-01 3.00000000e+00]
[7.3400000e+02 4.2400000e+02 3.1677275e-01 3.0000000e+00]
[7.54000000e+02 2.85000000e+02 3.17981696e-01 8.00000000e+00]
[1.59000000e+02 8.23000000e+02 3.18322224e-01 7.00000000e+00]
[8.11000000e+02 7.87000000e+02 3.18536664e-01 1.70000000e+01]
[8.12000000e+02 7.46000000e+02 3.19072983e-01 4.30000000e+01]
[7.56000000e+02 8.10000000e+02 3.19598916e-01 5.00000000e+00]
[ 89.         257.           0.32056264   2.        ]
[6.25000000e+02 2.20000000e+01 3.20629664e-01 3.00000000e+00]
[1.1100000e+02 8.1700000e+02 3.2083243e-01 4.0000000e+00]
[8.13000000e+02 5.79000000e+02 3.21244382e-01 8.00000000e+00]
[7.03000000e+02 5.24000000e+02 3.22343574e-01 3.00000000e+00]
[3.92000000e+02 5.05000000e+02 3.23562839e-01 2.00000000e+00]
[7.00000000e+00 5.28000000e+02 3.24558281e-01 2.00000000e+00]
[ 73.         200.           0.32494908   2.        ]
[8.38000000e+02 2.54000000e+02 3.25762709e-01 9.00000000e+00]
[3.70000000e+01 8.07000000e+02 3.26162243e-01 6.00000000e+00]
[250.         284.           0.32621921   2.        ]
[8.21000000e+02 8.40000000e+02 3.26622685e-01 2.00000000e+01]
[5.90000000e+01 7.21000000e+02 3.26923118e-01 1.20000000e+01]
[8.18000000e+02 5.96000000e+02 3.27186308e-01 1.50000000e+01]
[3.10000000e+01 7.85000000e+02 3.28452785e-01 1.10000000e+01]
[193.         279.           0.32856992   2.        ]
[5.50000000e+01 7.90000000e+02 3.29601128e-01 3.00000000e+00]
[8.36000000e+02 3.78000000e+02 3.29608819e-01 4.00000000e+00]
[5.94000000e+02 4.64000000e+02 3.29727082e-01 3.00000000e+00]
[7.90000000e+01 3.75000000e+02 3.30236411e-01 2.00000000e+00]
[6.10000000e+02 2.58000000e+02 3.30579544e-01 3.00000000e+00]
[2.03000000e+02 8.28000000e+02 3.30830761e-01 8.00000000e+00]
[7.92000000e+02 8.51000000e+02 3.31018922e-01 1.40000000e+01]
[7.9700000e+02 6.0200000e+02 3.3188518e-01 7.0000000e+00]
[8.33000000e+02 1.37000000e+02 3.32637902e-01 6.00000000e+00]
[7.78000000e+02 1.87000000e+02 3.34107839e-01 3.00000000e+00]
[8.09000000e+02 5.10000000e+02 3.35822755e-01 2.10000000e+01]
[1.90000000e+02 4.65000000e+02 3.35939883e-01 2.00000000e+00]
[8.06000000e+02 8.04000000e+02 3.37926755e-01 1.50000000e+01]
[8.37000000e+02 8.46000000e+02 3.38137535e-01 1.10000000e+01]
[8.22000000e+02 5.86000000e+02 3.38316678e-01 6.00000000e+00]
[8.08000000e+02 8.41000000e+02 3.39091486e-01 4.80000000e+01]
[7.96000000e+02 3.72000000e+02 3.39135431e-01 3.00000000e+00]
[1.51000000e+02 8.39000000e+02 3.41113121e-01 8.00000000e+00]
[2.81000000e+02 8.35000000e+02 3.41272755e-01 5.00000000e+00]
[5.00000000e+02 8.76000000e+02 3.41530944e-01 9.00000000e+00]
[8.20000000e+02 7.98000000e+02 3.42226127e-01 5.00000000e+00]
[8.71000000e+02 8.42000000e+02 3.42696615e-01 2.00000000e+01]
[3.42000000e+02 3.68000000e+02 3.42881078e-01 2.00000000e+00]
[2.86000000e+02 7.91000000e+02 3.43162512e-01 3.00000000e+00]
[145.         242.           0.34444225   2.        ]
[ 48.         138.           0.34519546   2.        ]
[4.51000000e+02 5.31000000e+02 3.45208224e-01 2.00000000e+00]
[8.27000000e+02 7.82000000e+02 3.45558968e-01 7.00000000e+00]
[8.05000000e+02 4.20000000e+02 3.46963693e-01 3.00000000e+00]
[3.60000000e+01 5.59000000e+02 3.47158391e-01 3.00000000e+00]
[7.33000000e+02 8.32000000e+02 3.47880035e-01 6.00000000e+00]
[1.00000000e+01 7.94000000e+02 3.48833725e-01 4.00000000e+00]
[1.81000000e+02 4.01000000e+02 3.48836489e-01 2.00000000e+00]
[7.4300000e+02 8.3000000e+02 3.4908836e-01 1.4000000e+01]
[8.15000000e+02 8.56000000e+02 3.49774865e-01 3.50000000e+01]
[8.69000000e+02 5.34000000e+02 3.49984591e-01 2.20000000e+01]
[8.57000000e+02 8.54000000e+02 3.50078282e-01 3.10000000e+01]
[188.        241.          0.3506636   2.       ]
[4.30000000e+01 5.14000000e+02 3.50706273e-01 2.00000000e+00]
[6.90000000e+01 8.63000000e+02 3.52877164e-01 4.00000000e+00]
[8.75000000e+02 1.49000000e+02 3.52930076e-01 4.00000000e+00]
[8.19000000e+02 4.25000000e+02 3.54469529e-01 1.00000000e+01]
[8.79000000e+02 4.41000000e+02 3.55057332e-01 6.00000000e+00]
[8.67000000e+02 8.93000000e+02 3.55201518e-01 4.10000000e+01]
[8.01000000e+02 8.74000000e+02 3.55814875e-01 5.50000000e+01]
[8.62000000e+02 8.64000000e+02 3.55946002e-01 1.00000000e+01]
[1.50000000e+01 7.28000000e+02 3.57800982e-01 4.00000000e+00]
[8.52000000e+02 8.47000000e+02 3.57865281e-01 9.00000000e+00]
[2.3000000e+02 5.3200000e+02 3.5867836e-01 2.0000000e+00]
[8.8000000e+02 2.8800000e+02 3.5919824e-01 2.1000000e+01]
[7.01000000e+02 3.54000000e+02 3.60493596e-01 3.00000000e+00]
[8.73000000e+02 9.02000000e+02 3.60855108e-01 4.70000000e+01]
[8.16000000e+02 4.75000000e+02 3.61480595e-01 3.00000000e+00]
[8.65000000e+02 8.70000000e+02 3.64155568e-01 1.60000000e+01]
[6.35000000e+02 3.25000000e+02 3.65325484e-01 3.00000000e+00]
[8.94000000e+02 7.58000000e+02 3.65690203e-01 2.40000000e+01]
[8.72000000e+02 8.31000000e+02 3.67255868e-01 1.50000000e+01]
[9.11000000e+02 4.07000000e+02 3.68500476e-01 4.00000000e+00]
[8.34000000e+02 2.78000000e+02 3.69756946e-01 4.00000000e+00]
[8.53000000e+02 4.83000000e+02 3.70026791e-01 3.00000000e+00]
[3.99000000e+02 4.03000000e+02 3.70325777e-01 2.00000000e+00]
[8.00000000e+00 8.45000000e+02 3.70818481e-01 5.00000000e+00]
[9.04000000e+02 9.12000000e+02 3.71002787e-01 2.60000000e+01]
[8.95000000e+02 9.01000000e+02 3.73483029e-01 3.70000000e+01]
[7.6800000e+02 8.6600000e+02 3.7360385e-01 9.0000000e+00]
[8.55000000e+02 3.13000000e+02 3.73631557e-01 1.30000000e+01]
[8.68000000e+02 9.14000000e+02 3.75168803e-01 2.70000000e+01]
[8.89000000e+02 8.77000000e+02 3.75957781e-01 1.10000000e+01]
[1.14000000e+02 8.58000000e+02 3.75958472e-01 3.00000000e+00]
[3.70000000e+02 4.59000000e+02 3.77543436e-01 2.00000000e+00]
[8.82000000e+02 3.85000000e+02 3.78601294e-01 4.00000000e+00]
[9.00000000e+02 5.50000000e+02 3.79006994e-01 1.20000000e+01]
[133.         364.           0.38089677   2.        ]
[9.09000000e+02 2.87000000e+02 3.80922731e-01 4.00000000e+00]
[9.25000000e+02 8.60000000e+02 3.81790268e-01 3.10000000e+01]
[7.80000000e+02 9.03000000e+02 3.82199244e-01 6.40000000e+01]
[9.23000000e+02 9.08000000e+02 3.82527756e-01 3.00000000e+01]
[2.23000000e+02 6.23000000e+02 3.84162456e-01 3.00000000e+00]
[9.10000000e+02 9.21000000e+02 3.84552896e-01 7.30000000e+01]
[8.44000000e+02 6.93000000e+02 3.84731576e-01 5.00000000e+00]
[ 60.        304.          0.3853874   2.       ]
[6.17000000e+02 8.61000000e+02 3.86030306e-01 5.00000000e+00]
[9.06000000e+02 8.87000000e+02 3.87028433e-01 1.20000000e+01]
[8.83000000e+02 3.23000000e+02 3.87573373e-01 3.00000000e+00]
[8.86000000e+02 8.91000000e+02 3.88047492e-01 9.00000000e+00]
[2.80000000e+02 4.53000000e+02 3.89555088e-01 2.00000000e+00]
[8.97000000e+02 8.98000000e+02 3.89603953e-01 6.00000000e+00]
[8.4900000e+02 4.3000000e+02 3.8975973e-01 3.0000000e+00]
[9.15000000e+02 9.26000000e+02 3.90083474e-01 2.60000000e+01]
[4.28000000e+02 8.92000000e+02 3.91100375e-01 1.50000000e+01]
[4.50000000e+01 4.34000000e+02 3.91397485e-01 2.00000000e+00]
[9.22000000e+02 4.74000000e+02 3.91638232e-01 3.80000000e+01]
[7.39000000e+02 2.68000000e+02 3.91957568e-01 3.00000000e+00]
[9.40000000e+02 5.83000000e+02 3.92579823e-01 7.00000000e+00]
[9.50000000e+02 9.16000000e+02 3.96630582e-01 4.20000000e+01]
[9.17000000e+02 4.17000000e+02 3.98197694e-01 5.00000000e+00]
[6.83000000e+02 9.24000000e+02 3.99295373e-01 1.60000000e+01]
[1.77000000e+02 4.98000000e+02 3.99512882e-01 2.00000000e+00]
[1.57000000e+02 9.37000000e+02 4.01922566e-01 7.40000000e+01]
[9.05000000e+02 1.18000000e+02 4.03485135e-01 5.00000000e+00]
[8.88000000e+02 4.55000000e+02 4.04219114e-01 4.00000000e+00]
[8.59000000e+02 9.19000000e+02 4.05899409e-01 5.00000000e+00]
[3.77000000e+02 4.31000000e+02 4.06268126e-01 2.00000000e+00]
[9.20000000e+02 9.44000000e+02 4.07737931e-01 7.00000000e+00]
[8.81000000e+02 8.78000000e+02 4.08796378e-01 1.10000000e+01]
[9.48000000e+02 9.33000000e+02 4.08858695e-01 4.60000000e+01]
[8.84000000e+02 9.34000000e+02 4.09107424e-01 6.60000000e+01]
[8.240000e+02 2.820000e+02 4.094459e-01 3.000000e+00]
[2.00000000e+00 9.53000000e+02 4.10016199e-01 4.30000000e+01]
[8.29000000e+02 3.79000000e+02 4.11447095e-01 3.00000000e+00]
[9.41000000e+02 9.64000000e+02 4.11450684e-01 5.80000000e+01]
[5.68000000e+02 4.11000000e+02 4.12975603e-01 3.00000000e+00]
[9.47000000e+02 9.35000000e+02 4.14951453e-01 5.60000000e+01]
[6.37000000e+02 9.39000000e+02 4.16465294e-01 5.00000000e+00]
[8.40000000e+01 6.03000000e+02 4.17454447e-01 3.00000000e+00]
[9.13000000e+02 9.71000000e+02 4.17608441e-01 5.90000000e+01]
[9.60000000e+02 8.85000000e+02 4.18025761e-01 7.00000000e+00]
[9.1800000e+02 9.5700000e+02 4.1855416e-01 7.7000000e+01]
[7.99000000e+02 6.05000000e+02 4.19333774e-01 5.00000000e+00]
[8.50000000e+02 5.39000000e+02 4.19415023e-01 3.00000000e+00]
[9.54000000e+02 7.19000000e+02 4.19654717e-01 7.00000000e+00]
[9.62000000e+02 9.76000000e+02 4.24367654e-01 8.40000000e+01]
[7.89000000e+02 8.48000000e+02 4.27055598e-01 5.00000000e+00]
[9.67000000e+02 9.74000000e+02 4.28131273e-01 1.02000000e+02]
[3.51000000e+02 9.77000000e+02 4.30429801e-01 6.00000000e+00]
[9.80000000e+02 9.45000000e+02 4.30740766e-01 9.00000000e+01]
[9.66000000e+02 7.40000000e+02 4.30948551e-01 5.00000000e+00]
[9.69000000e+02 9.43000000e+02 4.31603832e-01 6.70000000e+01]
[5.97000000e+02 9.86000000e+02 4.32054811e-01 6.90000000e+01]
[3.88000000e+02 9.82000000e+02 4.32359721e-01 1.03000000e+02]
[9.51000000e+02 8.99000000e+02 4.32397062e-01 7.00000000e+00]
[ 39.        416.          0.4330487   2.       ]
[1.10000000e+01 5.04000000e+02 4.34065075e-01 2.00000000e+00]
[8.90000000e+02 9.65000000e+02 4.35875586e-01 7.00000000e+01]
[9.52000000e+02 4.70000000e+01 4.36206786e-01 8.00000000e+00]
[9.42000000e+02 9.68000000e+02 4.36590219e-01 6.00000000e+00]
[9.84000000e+02 9.29000000e+02 4.38288136e-01 9.40000000e+01]
[107.         316.           0.43834946   2.        ]
[9.30000000e+02 9.95000000e+02 4.40714982e-01 1.06000000e+02]
[5.41000000e+02 9.55000000e+02 4.50308883e-01 1.90000000e+01]
[9.87000000e+02 9.36000000e+02 4.51219624e-01 7.20000000e+01]
[9.4600000e+02 9.9900000e+02 4.5415868e-01 7.5000000e+01]
[8.4300000e+02 1.0800000e+02 4.5532357e-01 3.0000000e+00]
[120.         166.           0.45579441   2.        ]
[9.70000000e+02 9.28000000e+02 4.55808958e-01 5.00000000e+00]
[1.31000000e+02 4.70000000e+02 4.55870798e-01 2.00000000e+00]
[9.97000000e+02 9.89000000e+02 4.56757299e-01 1.13000000e+02]
[9.38000000e+02 9.79000000e+02 4.59107249e-01 1.20000000e+01]
[1.00500000e+03 9.75000000e+02 4.59170042e-01 1.20000000e+02]
[1.26000000e+02 4.88000000e+02 4.62041749e-01 2.00000000e+00]
[8.96000000e+02 1.00700000e+03 4.62614919e-01 1.22000000e+02]
[9.59000000e+02 3.10000000e+02 4.62759527e-01 5.00000000e+00]
[9.93000000e+02 9.73000000e+02 4.63679485e-01 1.10000000e+01]
[9.88000000e+02 1.01100000e+03 4.68509167e-01 1.14000000e+02]
[3.06000000e+02 9.63000000e+02 4.70819686e-01 1.20000000e+01]
[9.83000000e+02 1.01200000e+03 4.70989638e-01 1.20000000e+02]
[9.90000000e+02 1.01400000e+03 4.71527113e-01 1.22000000e+02]
[1.00100000e+03 9.31000000e+02 4.74790129e-01 5.00000000e+00]
[3.41000000e+02 5.36000000e+02 4.76105712e-01 2.00000000e+00]
[9.27000000e+02 9.72000000e+02 4.78700035e-01 8.00000000e+00]
[4.20000000e+01 9.07000000e+02 4.79275857e-01 3.00000000e+00]
[1.98000000e+02 1.01000000e+03 4.79533035e-01 6.00000000e+00]
[1.34000000e+02 1.00900000e+03 4.79705506e-01 1.23000000e+02]
[1.00400000e+03 9.56000000e+02 4.80838654e-01 4.00000000e+00]
[9.32000000e+02 9.78000000e+02 4.85678205e-01 7.00000000e+00]
[9.9100000e+02 9.5800000e+02 4.8805752e-01 7.0000000e+00]
[5.02000000e+02 5.06000000e+02 4.89709903e-01 2.00000000e+00]
[9.94000000e+02 4.77000000e+02 4.93422179e-01 7.00000000e+00]
[1.00600000e+03 1.00000000e+03 4.97182761e-01 8.70000000e+01]
[9.9200000e+02 1.0210000e+03 5.0355601e-01 1.9300000e+02]
[1.02600000e+03 1.01300000e+03 5.07501925e-01 1.90000000e+01]
[1.01800000e+03 3.55000000e+02 5.15132002e-01 9.00000000e+00]
[9.85000000e+02 1.02700000e+03 5.15639061e-01 9.20000000e+01]
[7.61000000e+02 9.81000000e+02 5.18582696e-01 8.00000000e+00]
[1.01900000e+03 1.00800000e+03 5.19373178e-01 5.00000000e+00]
[1.00300000e+03 3.19000000e+02 5.20670503e-01 6.00000000e+00]
[1.03000000e+03 1.91000000e+02 5.25220792e-01 1.00000000e+01]
[9.9800000e+02 1.0230000e+03 5.3045884e-01 2.6000000e+01]
[1.01600000e+03 1.69000000e+02 5.32596896e-01 6.00000000e+00]
[1.02000000e+03 5.07000000e+02 5.35668319e-01 7.00000000e+00]
[1.30000000e+01 9.49000000e+02 5.36175009e-01 3.00000000e+00]
[1.03100000e+03 9.61000000e+02 5.37497039e-01 9.40000000e+01]
[1.01500000e+03 1.03500000e+03 5.41270281e-01 1.32000000e+02]
[147.        423.          0.5477251   2.       ]
[1.03600000e+03 1.02800000e+03 5.47865647e-01 2.19000000e+02]
[1.04100000e+03 1.03700000e+03 5.57925685e-01 1.38000000e+02]
[1.04400000e+03 1.03800000e+03 5.61356282e-01 1.45000000e+02]
[2.43000000e+02 1.04300000e+03 5.63126626e-01 2.20000000e+02]
[1.04500000e+03 1.02200000e+03 5.63692107e-01 1.49000000e+02]
[1.0470000e+03 1.0020000e+03 5.6404555e-01 1.5100000e+02]
[1.04800000e+03 1.03200000e+03 5.65365676e-01 1.59000000e+02]
[1.04000000e+03 1.03400000e+03 5.66825889e-01 1.00000000e+02]
[1.04900000e+03 9.96000000e+02 5.67237975e-01 1.61000000e+02]
[1.05100000e+03 1.62000000e+02 5.67991861e-01 1.62000000e+02]
[1.02900000e+03 4.47000000e+02 5.73342806e-01 2.00000000e+01]
[1.05000000e+03 1.04600000e+03 5.75919265e-01 3.20000000e+02]
[1.05200000e+03 8.60000000e+01 5.77050954e-01 1.63000000e+02]
[1.05300000e+03 4.19000000e+02 5.83180061e-01 2.10000000e+01]
[1.05500000e+03 1.71000000e+02 5.90710065e-01 1.64000000e+02]
[1.05600000e+03 1.05400000e+03 6.15831441e-01 3.41000000e+02]
[1.02400000e+03 1.05700000e+03 6.23858901e-01 1.71000000e+02]
[1.05900000e+03 7.10000000e+02 6.27454747e-01 1.73000000e+02]
[1.03300000e+03 1.02500000e+03 6.52001571e-01 7.00000000e+00]
[1.06000000e+03 1.01700000e+03 6.53538325e-01 1.75000000e+02]
[1.06100000e+03 1.05800000e+03 6.55248667e-01 3.48000000e+02]
[1.06200000e+03 1.06300000e+03 6.72509975e-01 5.23000000e+02]
[1.04200000e+03 5.33000000e+02 6.86261667e-01 3.00000000e+00]
[179.         277.           0.68962413   2.        ]
[1.06400000e+03 1.03900000e+03 7.07565631e-01 5.26000000e+02]
[1.0670000e+03 4.5800000e+02 7.0809599e-01 5.2700000e+02]
[1.06800000e+03 1.06500000e+03 7.28604939e-01 5.30000000e+02]
[1.06900000e+03 2.89000000e+02 7.44273963e-01 5.31000000e+02]
[1.07000000e+03 2.12000000e+02 7.52318395e-01 5.32000000e+02]
[1.07100000e+03 3.14000000e+02 7.57919116e-01 5.33000000e+02]
[1.07200000e+03 7.70000000e+01 7.97787565e-01 5.34000000e+02]
[1.06600000e+03 3.11000000e+02 7.98971018e-01 3.00000000e+00]
[1.07300000e+03 1.07400000e+03 8.34697368e-01 5.37000000e+02]
[1.07500000e+03 2.40000000e+01 9.38323751e-01 5.38000000e+02]
[1.07600000e+03 2.01000000e+02 9.78211449e-01 5.39000000e+02]
[1.07700000e+03 4.29000000e+02 9.82883336e-01 5.40000000e+02]
