[  1. 216.   0.   2.]
[540. 345.   0.   3.]
[129. 541.   0.   4.]
[64. 68.  0.  2.]
[543.  93.   0.   3.]
[544. 123.   0.   4.]
[545. 214.   0.   5.]
[546. 261.   0.   6.]
[ 78. 315.   0.   2.]
[ 95. 152.   0.   2.]
[549. 240.   0.   3.]
[550. 301.   0.   4.]
[551. 308.   0.   5.]
[552. 220.   0.   6.]
[307. 553.   0.   7.]
[ 90. 518.   0.   2.]
[196.  66.   0.   2.]
[270. 271.   0.   2.]
[557. 140.   0.   3.]
[300. 302.   0.   2.]
[359. 413.   0.   2.]
[5.54000000e+02 2.95000000e+02 5.72887609e-09 8.00000000e+00]
[5.48000000e+02 1.25000000e+02 9.93410746e-09 3.00000000e+00]
[5.61000000e+02 5.00000000e+01 1.47465514e-08 9.00000000e+00]
[1.36000000e+02 3.36000000e+02 1.49011612e-08 2.00000000e+00]
[5.59000000e+02 1.09000000e+02 1.89139771e-08 3.00000000e+00]
[5.58000000e+02 1.70000000e+02 2.09081399e-08 4.00000000e+00]
[7.20000000e+01 4.37000000e+02 2.35608046e-08 2.00000000e+00]
[2.51000000e+02 2.21000000e+02 2.58095683e-08 2.00000000e+00]
[7.40000000e+01 9.10000000e+01 2.98023224e-08 2.00000000e+00]
[5.69000000e+02 3.17000000e+02 2.98023224e-08 3.00000000e+00]
[3.29000000e+02 5.63000000e+02 2.98023224e-08 1.00000000e+01]
[1.78000000e+02 2.45000000e+02 2.98023224e-08 2.00000000e+00]
[4.23000000e+02 4.63000000e+02 3.33200094e-08 2.00000000e+00]
[2.36000000e+02 1.51000000e+02 3.94247668e-08 2.00000000e+00]
[5.70000000e+02 2.74000000e+02 6.32202728e-08 4.00000000e+00]
[4.00000000e+02 5.66000000e+02 8.36325598e-08 5.00000000e+00]
[5.76000000e+02 2.98000000e+02 7.35135062e-03 6.00000000e+00]
[5.77000000e+02 2.29000000e+02 2.97125913e-02 7.00000000e+00]
[5.65000000e+02 2.05000000e+02 3.80495587e-02 4.00000000e+00]
[5.78000000e+02 2.62000000e+02 4.65238909e-02 8.00000000e+00]
[5.80000000e+02 4.00000000e+00 6.38860501e-02 9.00000000e+00]
[5.79000000e+02 3.00000000e+00 6.67903231e-02 5.00000000e+00]
[1.35000000e+02 5.71000000e+02 7.91158857e-02 1.10000000e+01]
[5.81000000e+02 7.00000000e+01 8.19403431e-02 1.00000000e+01]
[2.06000000e+02 3.22000000e+02 8.80901384e-02 2.00000000e+00]
[2.18000000e+02 3.38000000e+02 9.15351476e-02 2.00000000e+00]
[21.         40.          0.09424761  2.        ]
[5.8400000e+02 3.3400000e+02 9.4834884e-02 1.1000000e+01]
[5.82000000e+02 5.47000000e+02 1.01713034e-01 1.10000000e+01]
[5.88000000e+02 1.04000000e+02 1.09100876e-01 1.20000000e+01]
[3.09000000e+02 3.60000000e+02 1.13554712e-01 2.00000000e+00]
[6.10000000e+01 5.74000000e+02 1.14925071e-01 3.00000000e+00]
[1.30000000e+02 5.83000000e+02 1.20740294e-01 1.20000000e+01]
[5.56000000e+02 3.50000000e+02 1.23100477e-01 3.00000000e+00]
[5.90000000e+02 1.90000000e+01 1.26343955e-01 1.30000000e+01]
[1.65000000e+02 2.91000000e+02 1.27329197e-01 2.00000000e+00]
[8.10000000e+01 5.93000000e+02 1.34295092e-01 1.30000000e+01]
[5.95000000e+02 2.07000000e+02 1.43309839e-01 1.40000000e+01]
[1.24000000e+02 3.05000000e+02 1.43956369e-01 2.00000000e+00]
[5.75000000e+02 1.21000000e+02 1.47711792e-01 5.00000000e+00]
[3.80000000e+02 5.98000000e+02 1.57271659e-01 1.50000000e+01]
[6.00000000e+02 1.64000000e+02 1.58186003e-01 6.00000000e+00]
[4.36000000e+02 5.22000000e+02 1.59304943e-01 2.00000000e+00]
[3.20000000e+02 4.06000000e+02 1.65856757e-01 2.00000000e+00]
[3.39000000e+02 4.73000000e+02 1.66913646e-01 2.00000000e+00]
[5.40000000e+01 5.68000000e+02 1.70295859e-01 3.00000000e+00]
[5.64000000e+02 5.62000000e+02 1.71113989e-01 5.00000000e+00]
[5.97000000e+02 3.28000000e+02 1.73558128e-01 1.40000000e+01]
[4.90000000e+01 2.46000000e+02 1.75754914e-01 2.00000000e+00]
[1.43000000e+02 4.45000000e+02 1.77035229e-01 2.00000000e+00]
[6.08000000e+02 2.39000000e+02 1.77064129e-01 1.50000000e+01]
[6.00000000e+00 5.42000000e+02 1.77165655e-01 5.00000000e+00]
[1.28000000e+02 5.96000000e+02 1.77625635e-01 3.00000000e+00]
[2.09000000e+02 6.05000000e+02 1.80419571e-01 3.00000000e+00]
[6.11000000e+02 1.54000000e+02 1.81157701e-01 1.60000000e+01]
[3.03000000e+02 3.69000000e+02 1.81735907e-01 2.00000000e+00]
[5.89000000e+02 6.06000000e+02 1.82562138e-01 1.40000000e+01]
[4.02000000e+02 4.89000000e+02 1.84597774e-01 2.00000000e+00]
[6.15000000e+02 1.94000000e+02 1.85089389e-01 1.70000000e+01]
[5.32000000e+02 4.77000000e+02 1.88025421e-01 2.00000000e+00]
[3.48000000e+02 5.72000000e+02 1.92651364e-01 3.00000000e+00]
[6.19000000e+02 4.48000000e+02 1.92787933e-01 1.80000000e+01]
[6.0200000e+02 2.0400000e+02 1.9718722e-01 7.0000000e+00]
[2.19000000e+02 3.70000000e+01 1.97835799e-01 2.00000000e+00]
[6.22000000e+02 2.52000000e+02 2.00104962e-01 1.90000000e+01]
[9.20000000e+01 6.23000000e+02 2.02205018e-01 8.00000000e+00]
[1.03000000e+02 5.94000000e+02 2.02388374e-01 4.00000000e+00]
[2.47000000e+02 2.49000000e+02 2.05691869e-01 2.00000000e+00]
[6.25000000e+02 1.60000000e+02 2.05732271e-01 2.00000000e+01]
[4.92000000e+02 5.23000000e+02 2.06576291e-01 2.00000000e+00]
[5.85000000e+02 2.25000000e+02 2.10383341e-01 3.00000000e+00]
[6.1700000e+02 3.2400000e+02 2.1115625e-01 1.5000000e+01]
[6.29000000e+02 6.01000000e+02 2.11380154e-01 3.50000000e+01]
[6.20000000e+02 1.22000000e+02 2.11731853e-01 3.00000000e+00]
[2.10000000e+02 3.83000000e+02 2.16439157e-01 2.00000000e+00]
[1.80000000e+02 6.13000000e+02 2.18026342e-01 4.00000000e+00]
[5.91000000e+02 4.71000000e+02 2.20842381e-01 3.00000000e+00]
[6.3200000e+02 3.4000000e+02 2.2232775e-01 1.6000000e+01]
[4.26000000e+02 4.65000000e+02 2.22793603e-01 2.00000000e+00]
[3.97000000e+02 4.44000000e+02 2.26566363e-01 2.00000000e+00]
[6.3800000e+02 3.8000000e+01 2.2790503e-01 1.7000000e+01]
[3.96000000e+02 4.14000000e+02 2.31510474e-01 2.00000000e+00]
[1.70000000e+01 2.83000000e+02 2.31985745e-01 2.00000000e+00]
[6.50000000e+01 6.24000000e+02 2.32601453e-01 3.00000000e+00]
[6.4100000e+02 2.2700000e+02 2.3451287e-01 1.8000000e+01]
[5.38000000e+02 4.39000000e+02 2.37957707e-01 2.00000000e+00]
[5.86000000e+02 5.03000000e+02 2.41165725e-01 3.00000000e+00]
[1.53000000e+02 6.26000000e+02 2.41905423e-01 9.00000000e+00]
[6.45000000e+02 1.19000000e+02 2.42588187e-01 1.90000000e+01]
[2.30000000e+02 6.34000000e+02 2.45122275e-01 4.00000000e+00]
[ 73.         200.           0.24526085   2.        ]
[4.15000000e+02 4.60000000e+02 2.47252331e-01 2.00000000e+00]
[3.82000000e+02 5.20000000e+01 2.48380718e-01 2.00000000e+00]
[6.49000000e+02 1.48000000e+02 2.52235702e-01 2.00000000e+01]
[185.         195.           0.25348435   2.        ]
[3.6600000e+02 5.1700000e+02 2.5465216e-01 2.0000000e+00]
[4.10000000e+01 6.53000000e+02 2.54659234e-01 3.00000000e+00]
[6.07000000e+02 1.76000000e+02 2.55201219e-01 6.00000000e+00]
[4.3800000e+02 6.3900000e+02 2.5633776e-01 3.0000000e+00]
[1.44000000e+02 5.60000000e+02 2.58263061e-01 3.00000000e+00]
[4.18000000e+02 6.03000000e+02 2.58874699e-01 3.00000000e+00]
[6.33000000e+02 3.50000000e+01 2.60037142e-01 3.60000000e+01]
[1.55000000e+02 2.85000000e+02 2.62629562e-01 2.00000000e+00]
[6.62000000e+02 4.80000000e+02 2.62828736e-01 3.70000000e+01]
[6.5400000e+02 4.6800000e+02 2.6300255e-01 2.1000000e+01]
[2.97000000e+02 4.27000000e+02 2.65471299e-01 2.00000000e+00]
[4.28000000e+02 5.28000000e+02 2.65995207e-01 2.00000000e+00]
[2.90000000e+01 4.86000000e+02 2.69241065e-01 2.00000000e+00]
[6.20000000e+01 6.36000000e+02 2.71944319e-01 5.00000000e+00]
[5.73000000e+02 6.64000000e+02 2.74052814e-01 3.90000000e+01]
[6.4600000e+02 1.6000000e+01 2.7629703e-01 3.0000000e+00]
[9.00000000e+00 6.58000000e+02 2.78378001e-01 7.00000000e+00]
[2.90000000e+02 6.55000000e+02 2.81081353e-01 3.00000000e+00]
[9.80000000e+01 6.63000000e+02 2.85903913e-01 3.00000000e+00]
[8.70000000e+01 6.48000000e+02 2.86141126e-01 1.00000000e+01]
[2.00000000e+01 6.65000000e+02 2.88600203e-01 2.20000000e+01]
[4.05000000e+02 6.44000000e+02 2.89701426e-01 4.00000000e+00]
[3.30000000e+01 6.50000000e+02 2.96238147e-01 5.00000000e+00]
[2.13000000e+02 3.86000000e+02 2.96988305e-01 2.00000000e+00]
[4.3300000e+02 5.2100000e+02 3.0088898e-01 2.0000000e+00]
[5.1100000e+02 6.7200000e+02 3.0292267e-01 8.0000000e+00]
[6.21000000e+02 6.74000000e+02 3.04867305e-01 6.00000000e+00]
[8.00000000e+01 4.09000000e+02 3.07769409e-01 2.00000000e+00]
[6.67000000e+02 6.78000000e+02 3.08742382e-01 7.00000000e+00]
[6.71000000e+02 2.30000000e+01 3.11253937e-01 4.00000000e+00]
[248.         133.           0.31140253   2.        ]
[3.18000000e+02 5.09000000e+02 3.14086331e-01 2.00000000e+00]
[1.72000000e+02 6.68000000e+02 3.17481066e-01 3.00000000e+00]
[6.84000000e+02 5.12000000e+02 3.18116322e-01 8.00000000e+00]
[2.33000000e+02 6.69000000e+02 3.23049069e-01 6.00000000e+00]
[3.00000000e+01 6.14000000e+02 3.24425489e-01 4.00000000e+00]
[1.99000000e+02 6.81000000e+02 3.27273771e-01 9.00000000e+00]
[6.61000000e+02 4.61000000e+02 3.28502512e-01 4.00000000e+00]
[6.85000000e+02 4.95000000e+02 3.30157822e-01 5.00000000e+00]
[  5.         275.           0.33300362   2.        ]
[6.37000000e+02 5.31000000e+02 3.33948064e-01 4.00000000e+00]
[6.95000000e+02 2.65000000e+02 3.40122005e-01 3.00000000e+00]
[3.72000000e+02 2.44000000e+02 3.46520695e-01 2.00000000e+00]
[3.56000000e+02 6.80000000e+02 3.48209824e-01 3.00000000e+00]
[6.94000000e+02 4.54000000e+02 3.51251443e-01 6.00000000e+00]
[7.00000000e+02 3.58000000e+02 3.58010678e-01 7.00000000e+00]
[6.75000000e+02 1.92000000e+02 3.62194695e-01 1.10000000e+01]
[3.3300000e+02 6.9000000e+02 3.6531379e-01 7.0000000e+00]
[6.82000000e+02 7.01000000e+02 3.65358307e-01 1.30000000e+01]
[6.12000000e+02 6.70000000e+01 3.68147338e-01 6.00000000e+00]
[4.2000000e+01 4.8400000e+02 3.6912681e-01 2.0000000e+00]
[6.76000000e+02 1.50000000e+02 3.73130549e-01 2.30000000e+01]
[6.77000000e+02 7.60000000e+01 3.75816067e-01 5.00000000e+00]
[6.98000000e+02 7.03000000e+02 3.77529609e-01 9.00000000e+00]
[6.86000000e+02 5.16000000e+02 3.78722173e-01 3.00000000e+00]
[6.59000000e+02 6.73000000e+02 3.79368649e-01 6.00000000e+00]
[4.08000000e+02 6.93000000e+02 3.79615369e-01 5.00000000e+00]
[6.97000000e+02 2.56000000e+02 3.79839996e-01 4.00000000e+00]
[2.37000000e+02 4.90000000e+02 3.81762604e-01 2.00000000e+00]
[2.59000000e+02 7.07000000e+02 3.82930161e-01 2.40000000e+01]
[5.08000000e+02 2.60000000e+02 3.83345315e-01 2.00000000e+00]
[7.08000000e+02 3.27000000e+02 3.83562853e-01 6.00000000e+00]
[7.05000000e+02 2.76000000e+02 3.84397929e-01 7.00000000e+00]
[3.65000000e+02 6.04000000e+02 3.86731246e-01 3.00000000e+00]
[3.13000000e+02 3.95000000e+02 3.87070998e-01 2.00000000e+00]
[1.00000000e+01 6.31000000e+02 3.88795364e-01 4.00000000e+00]
[1.86000000e+02 6.92000000e+02 3.90777678e-01 1.00000000e+01]
[5.80000000e+01 4.17000000e+02 3.91399431e-01 2.00000000e+00]
[1.73000000e+02 7.13000000e+02 3.96785413e-01 5.00000000e+00]
[3.21000000e+02 6.89000000e+02 3.97049995e-01 9.00000000e+00]
[3.81000000e+02 7.17000000e+02 3.97648289e-01 7.00000000e+00]
[7.06000000e+02 4.88000000e+02 3.98790435e-01 3.00000000e+00]
[6.96000000e+02 3.62000000e+02 3.99276045e-01 5.00000000e+00]
[1.42000000e+02 6.56000000e+02 3.99383475e-01 3.00000000e+00]
[2.02000000e+02 7.09000000e+02 3.99483583e-01 1.00000000e+01]
[4.52000000e+02 4.01000000e+02 4.00776567e-01 2.00000000e+00]
[7.0200000e+02 1.1700000e+02 4.0694828e-01 1.2000000e+01]
[4.53000000e+02 1.00000000e+02 4.12012819e-01 2.00000000e+00]
[2.08000000e+02 7.30000000e+02 4.12809255e-01 1.10000000e+01]
[4.04000000e+02 7.25000000e+02 4.14255187e-01 1.00000000e+01]
[250.         310.           0.42290006   2.        ]
[2.72000000e+02 7.34000000e+02 4.23349471e-01 1.20000000e+01]
[193.         279.           0.42380423   2.        ]
[4.60000000e+01 7.15000000e+02 4.25378885e-01 2.50000000e+01]
[2.66000000e+02 4.69000000e+02 4.25585702e-01 2.00000000e+00]
[5.90000000e+01 7.32000000e+02 4.25916031e-01 1.30000000e+01]
[4.62000000e+02 6.99000000e+02 4.26382192e-01 4.00000000e+00]
[7.18000000e+02 7.37000000e+02 4.27853254e-01 1.90000000e+01]
[7.04000000e+02 7.26000000e+02 4.28252204e-01 2.00000000e+01]
[2.78000000e+02 7.35000000e+02 4.28877004e-01 1.10000000e+01]
[3.74000000e+02 7.38000000e+02 4.28888582e-01 3.00000000e+00]
[11.         15.          0.42923161  2.        ]
[6.8700000e+02 5.1300000e+02 4.3449567e-01 3.0000000e+00]
[7.33000000e+02 6.09000000e+02 4.34621955e-01 4.00000000e+00]
[7.11000000e+02 7.16000000e+02 4.35995087e-01 8.00000000e+00]
[ 82.         127.           0.43635742   2.        ]
[2.70000000e+01 6.88000000e+02 4.39681212e-01 4.00000000e+00]
[ 25.         331.           0.44097187   2.        ]
[2.32000000e+02 6.30000000e+02 4.44063854e-01 3.00000000e+00]
[139.         188.           0.44568859   2.        ]
[7.12000000e+02 7.53000000e+02 4.47269581e-01 7.00000000e+00]
[1.37000000e+02 7.49000000e+02 4.47564058e-01 5.00000000e+00]
[1.83000000e+02 7.51000000e+02 4.48159311e-01 3.00000000e+00]
[1.56000000e+02 7.22000000e+02 4.48576707e-01 1.10000000e+01]
[7.20000000e+02 3.37000000e+02 4.49777023e-01 3.00000000e+00]
[7.28000000e+02 3.94000000e+02 4.50353849e-01 6.00000000e+00]
[ 88.         435.           0.45090016   2.        ]
[3.91000000e+02 7.62000000e+02 4.54472248e-01 3.00000000e+00]
[7.44000000e+02 3.67000000e+02 4.55380019e-01 2.10000000e+01]
[5.39000000e+02 7.57000000e+02 4.55798321e-01 6.00000000e+00]
[3.93000000e+02 7.59000000e+02 4.58504573e-01 1.20000000e+01]
[7.3900000e+02 1.8000000e+01 4.6085726e-01 2.6000000e+01]
[1.58000000e+02 7.56000000e+02 4.62570351e-01 8.00000000e+00]
[7.67000000e+02 6.30000000e+01 4.62779543e-01 2.70000000e+01]
[4.10000000e+02 7.68000000e+02 4.63899075e-01 9.00000000e+00]
[7.23000000e+02 6.42000000e+02 4.65047561e-01 4.00000000e+00]
[7.550000e+02 7.430000e+02 4.653303e-01 2.100000e+01]
[1.32000000e+02 7.64000000e+02 4.66330347e-01 2.20000000e+01]
[7.41000000e+02 1.74000000e+02 4.68035371e-01 1.40000000e+01]
[4.59000000e+02 5.92000000e+02 4.68633903e-01 4.00000000e+00]
[7.69000000e+02 3.87000000e+02 4.68880615e-01 2.80000000e+01]
[7.50000000e+02 4.51000000e+02 4.69106065e-01 9.00000000e+00]
[7.31000000e+02 2.31000000e+02 4.71382842e-01 3.00000000e+00]
[4.42000000e+02 7.36000000e+02 4.72102869e-01 3.00000000e+00]
[1.97000000e+02 4.83000000e+02 4.72676369e-01 2.00000000e+00]
[7.7600000e+02 4.9100000e+02 4.7268836e-01 2.9000000e+01]
[7.4500000e+02 3.5700000e+02 4.7394093e-01 1.2000000e+01]
[1.57000000e+02 7.65000000e+02 4.74840686e-01 7.00000000e+00]
[1.38000000e+02 6.51000000e+02 4.77146004e-01 3.00000000e+00]
[7.19000000e+02 4.43000000e+02 4.77516611e-01 4.00000000e+00]
[7.58000000e+02 7.40000000e+02 4.78084827e-01 5.00000000e+00]
[5.27000000e+02 7.60000000e+02 4.79292987e-01 4.00000000e+00]
[5.55000000e+02 7.82000000e+02 4.79902859e-01 1.40000000e+01]
[1.46000000e+02 7.63000000e+02 4.80798651e-01 4.00000000e+00]
[7.21000000e+02 1.62000000e+02 4.80903954e-01 5.00000000e+00]
[1.67000000e+02 7.79000000e+02 4.81081586e-01 4.00000000e+00]
[120.         163.           0.48119979   2.        ]
[7.2900000e+02 3.7100000e+02 4.8231956e-01 4.0000000e+00]
[5.67000000e+02 7.66000000e+02 4.82889089e-01 1.40000000e+01]
[1.18000000e+02 7.46000000e+02 4.83723617e-01 4.00000000e+00]
[ 75.         280.           0.48509437   2.        ]
[1.07000000e+02 7.74000000e+02 4.88293692e-01 1.50000000e+01]
[7.88000000e+02 7.48000000e+02 4.88461997e-01 1.70000000e+01]
[1.68000000e+02 7.94000000e+02 4.88504545e-01 1.50000000e+01]
[3.4600000e+02 7.7700000e+02 4.9034142e-01 1.0000000e+01]
[5.1000000e+01 6.2800000e+02 4.9204756e-01 3.0000000e+00]
[1.34000000e+02 7.83000000e+02 4.94281238e-01 8.00000000e+00]
[7.24000000e+02 8.30000000e+01 4.95448711e-01 6.00000000e+00]
[7.47000000e+02 6.47000000e+02 4.97637696e-01 5.00000000e+00]
[1.15000000e+02 7.96000000e+02 4.99011728e-01 3.00000000e+00]
[5.26000000e+02 7.99000000e+02 5.00678094e-01 1.60000000e+01]
[3.20000000e+01 7.81000000e+02 5.01819661e-01 3.00000000e+01]
[7.86000000e+02 3.47000000e+02 5.03062168e-01 6.00000000e+00]
[2.24000000e+02 7.70000000e+02 5.03944403e-01 1.00000000e+01]
[7.27000000e+02 1.26000000e+02 5.03961448e-01 4.00000000e+00]
[2.84000000e+02 7.90000000e+02 5.06795286e-01 6.00000000e+00]
[1.16000000e+02 8.04000000e+02 5.06947736e-01 6.00000000e+00]
[3.35000000e+02 8.12000000e+02 5.07919453e-01 7.00000000e+00]
[5.10000000e+02 8.05000000e+02 5.08768502e-01 4.00000000e+00]
[4.80000000e+01 8.07000000e+02 5.12725162e-01 3.10000000e+01]
[7.98000000e+02 8.09000000e+02 5.13300089e-01 2.70000000e+01]
[8.03000000e+02 2.64000000e+02 5.13440667e-01 7.00000000e+00]
[4.4000000e+01 7.7800000e+02 5.1395504e-01 4.0000000e+00]
[4.50000000e+02 7.89000000e+02 5.14095774e-01 5.00000000e+00]
[7.73000000e+02 6.52000000e+02 5.20070467e-01 2.40000000e+01]
[7.93000000e+02 5.19000000e+02 5.20769799e-01 5.00000000e+00]
[7.42000000e+02 4.67000000e+02 5.21297512e-01 5.00000000e+00]
[5.99000000e+02 1.75000000e+02 5.21312587e-01 3.00000000e+00]
[7.1000000e+02 2.8000000e+01 5.2445699e-01 4.0000000e+00]
[8.22000000e+02 4.22000000e+02 5.24820073e-01 6.00000000e+00]
[5.50000000e+01 7.97000000e+02 5.25527947e-01 1.60000000e+01]
[3.84000000e+02 8.19000000e+02 5.25995133e-01 6.00000000e+00]
[432.        326.          0.5293882   2.       ]
[2.60000000e+01 8.01000000e+02 5.29748671e-01 4.00000000e+00]
[7.71000000e+02 1.98000000e+02 5.30006551e-01 5.00000000e+00]
[5.30000000e+02 7.80000000e+02 5.30982346e-01 3.00000000e+00]
[8.30000000e+02 2.63000000e+02 5.31283234e-01 6.00000000e+00]
[7.10000000e+01 8.25000000e+02 5.33692791e-01 7.00000000e+00]
[8.16000000e+02 3.60000000e+01 5.35702515e-01 2.80000000e+01]
[8.20000000e+02 7.72000000e+02 5.36239642e-01 4.50000000e+01]
[535.         457.           0.53773934   2.        ]
[4.79000000e+02 8.27000000e+02 5.37981242e-01 7.00000000e+00]
[8.17000000e+02 8.08000000e+02 5.38168125e-01 1.30000000e+01]
[8.24000000e+02 9.60000000e+01 5.38909788e-01 5.00000000e+00]
[8.34000000e+02 7.14000000e+02 5.41006114e-01 3.00000000e+01]
[3.54000000e+02 7.84000000e+02 5.42335742e-01 4.00000000e+00]
[5.37000000e+02 8.40000000e+02 5.43545363e-01 3.10000000e+01]
[3.63000000e+02 7.91000000e+02 5.44083378e-01 5.00000000e+00]
[113.          31.           0.54511255   2.        ]
[1.02000000e+02 8.31000000e+02 5.45202762e-01 4.00000000e+00]
[8.02000000e+02 2.43000000e+02 5.45394804e-01 9.00000000e+00]
[449.         482.           0.54630725   2.        ]
[8.46000000e+02 6.90000000e+01 5.46579134e-01 1.00000000e+01]
[2.55000000e+02 8.35000000e+02 5.47026231e-01 4.60000000e+01]
[191.         258.           0.55092962   2.        ]
[2.69000000e+02 8.15000000e+02 5.51383058e-01 3.20000000e+01]
[3.85000000e+02 7.95000000e+02 5.51949792e-01 5.00000000e+00]
[8.48000000e+02 5.14000000e+02 5.52342747e-01 1.10000000e+01]
[6.83000000e+02 8.23000000e+02 5.54122671e-01 5.00000000e+00]
[8.45000000e+02 4.03000000e+02 5.58260249e-01 5.00000000e+00]
[8.36000000e+02 5.25000000e+02 5.58517083e-01 3.00000000e+00]
[8.37000000e+02 6.66000000e+02 5.60282776e-01 9.00000000e+00]
[8.5300000e+02 2.4100000e+02 5.6058725e-01 1.2000000e+01]
[5.2400000e+02 8.4700000e+02 5.6079288e-01 3.0000000e+00]
[4.12000000e+02 8.00000000e+02 5.61938431e-01 1.10000000e+01]
[4.24000000e+02 8.33000000e+02 5.64865315e-01 8.00000000e+00]
[4.72000000e+02 8.51000000e+02 5.65161832e-01 3.30000000e+01]
[1.11000000e+02 8.06000000e+02 5.66274655e-01 1.70000000e+01]
[7.75000000e+02 8.43000000e+02 5.66687346e-01 9.00000000e+00]
[2.22000000e+02 8.14000000e+02 5.67100758e-01 5.00000000e+00]
[0.00000000e+00 8.55000000e+02 5.70724023e-01 6.00000000e+00]
[3.52000000e+02 8.54000000e+02 5.71635685e-01 6.00000000e+00]
[8.11000000e+02 8.62000000e+02 5.73372138e-01 3.90000000e+01]
[5.06000000e+02 8.42000000e+02 5.74336119e-01 3.20000000e+01]
[8.44000000e+02 7.85000000e+02 5.75966159e-01 6.00000000e+00]
[398.         496.           0.57621201   2.        ]
[8.3800000e+02 1.8200000e+02 5.7676102e-01 1.4000000e+01]
[8.72000000e+02 4.87000000e+02 5.80100543e-01 1.50000000e+01]
[2.54000000e+02 8.49000000e+02 5.81928901e-01 4.70000000e+01]
[8.28000000e+02 8.13000000e+02 5.82779249e-01 9.00000000e+00]
[8.5700000e+02 8.7100000e+02 5.8339495e-01 1.1000000e+01]
[8.65000000e+02 2.99000000e+02 5.87003366e-01 6.00000000e+00]
[ 97.         226.           0.58908174   2.        ]
[4.78000000e+02 8.29000000e+02 5.89081878e-01 5.00000000e+00]
[1.89000000e+02 8.56000000e+02 5.90669401e-01 4.00000000e+00]
[1.40000000e+01 8.61000000e+02 5.92005245e-01 9.00000000e+00]
[4.70000000e+01 6.91000000e+02 5.92564352e-01 5.00000000e+00]
[3.78000000e+02 7.87000000e+02 5.93898005e-01 5.00000000e+00]
[6.79000000e+02 8.77000000e+02 5.95089036e-01 8.00000000e+00]
[ 45.         238.           0.59584209   2.        ]
[306.         458.           0.59593792   2.        ]
[8.6600000e+02 4.8500000e+02 5.9694713e-01 7.0000000e+00]
[8.76000000e+02 3.73000000e+02 5.97897454e-01 1.20000000e+01]
[8.10000000e+02 3.76000000e+02 6.01250509e-01 5.00000000e+00]
[7.52000000e+02 4.40000000e+02 6.04678871e-01 5.00000000e+00]
[4.20000000e+02 8.75000000e+02 6.05610212e-01 1.00000000e+01]
[8.32000000e+02 3.90000000e+02 6.06993218e-01 7.00000000e+00]
[8.21000000e+02 8.90000000e+02 6.07074404e-01 1.00000000e+01]
[3.40000000e+01 8.73000000e+02 6.07390084e-01 1.60000000e+01]
[4.55000000e+02 8.63000000e+02 6.07444563e-01 1.80000000e+01]
[8.92000000e+02 1.79000000e+02 6.08236668e-01 8.00000000e+00]
[4.46000000e+02 8.80000000e+02 6.08708881e-01 5.00000000e+00]
[8.88000000e+02 2.28000000e+02 6.08883874e-01 1.30000000e+01]
[8.64000000e+02 2.96000000e+02 6.09020689e-01 1.00000000e+01]
[5.29000000e+02 8.79000000e+02 6.09260278e-01 6.00000000e+00]
[5.70000000e+01 8.78000000e+02 6.10345281e-01 3.00000000e+00]
[8.6700000e+02 9.0000000e+02 6.1446096e-01 1.2000000e+01]
[8.41000000e+02 6.27000000e+02 6.14784528e-01 8.00000000e+00]
[1.59000000e+02 8.99000000e+02 6.15555331e-01 1.10000000e+01]
[8.60000000e+02 8.91000000e+02 6.16022411e-01 2.10000000e+01]
[8.98000000e+02 3.99000000e+02 6.16289126e-01 1.40000000e+01]
[6.60000000e+02 8.69000000e+02 6.17037295e-01 3.50000000e+01]
[131.         434.           0.61749225   2.        ]
[6.00000000e+01 9.05000000e+02 6.20004902e-01 2.20000000e+01]
[3.49000000e+02 8.87000000e+02 6.21009527e-01 8.00000000e+00]
[3.32000000e+02 8.70000000e+02 6.22540361e-01 7.00000000e+00]
[5.01000000e+02 8.95000000e+02 6.22818601e-01 1.90000000e+01]
[8.89000000e+02 4.98000000e+02 6.23424092e-01 6.00000000e+00]
[2.03000000e+02 8.84000000e+02 6.23957704e-01 9.00000000e+00]
[8.68000000e+02 8.58000000e+02 6.25543733e-01 5.10000000e+01]
[8.1800000e+02 9.0900000e+02 6.2566037e-01 2.6000000e+01]
[1.84000000e+02 9.06000000e+02 6.26828897e-01 1.50000000e+01]
[8.82000000e+02 8.50000000e+02 6.28437193e-01 7.00000000e+00]
[3.30000000e+02 9.10000000e+02 6.28713485e-01 9.00000000e+00]
[6.57000000e+02 7.54000000e+02 6.29171116e-01 6.00000000e+00]
[8.59000000e+02 6.43000000e+02 6.33032042e-01 5.00000000e+00]
[8.96000000e+02 4.30000000e+02 6.33378572e-01 9.00000000e+00]
[2.94000000e+02 9.03000000e+02 6.33515348e-01 9.00000000e+00]
[3.55000000e+02 9.18000000e+02 6.33816874e-01 8.00000000e+00]
[2.73000000e+02 9.23000000e+02 6.36582192e-01 1.00000000e+01]
[7.00000000e+00 8.93000000e+02 6.41093553e-01 1.10000000e+01]
[9.15000000e+02 9.25000000e+02 6.42392027e-01 6.10000000e+01]
[3.51000000e+02 9.21000000e+02 6.47428635e-01 6.00000000e+00]
[6.70000000e+02 8.94000000e+02 6.47560269e-01 5.50000000e+01]
[3.89000000e+02 9.02000000e+02 6.48096462e-01 1.30000000e+01]
[4.25000000e+02 8.85000000e+02 6.50570577e-01 3.00000000e+00]
[3.41000000e+02 9.07000000e+02 6.50860051e-01 3.60000000e+01]
[2.93000000e+02 8.74000000e+02 6.57506384e-01 4.80000000e+01]
[9.04000000e+02 9.14000000e+02 6.60773258e-01 2.00000000e+01]
[212.         456.           0.66092062   2.        ]
[6.10000000e+02 7.92000000e+02 6.61036663e-01 4.00000000e+00]
[9.27000000e+02 9.11000000e+02 6.61507941e-01 6.80000000e+01]
[8.50000000e+01 9.37000000e+02 6.62374012e-01 6.90000000e+01]
[9.28000000e+02 6.35000000e+02 6.64870431e-01 8.00000000e+00]
[9.12000000e+02 9.33000000e+02 6.70264977e-01 6.70000000e+01]
[1.05000000e+02 9.38000000e+02 6.71868581e-01 7.00000000e+01]
[3.53000000e+02 9.01000000e+02 6.75251966e-01 4.00000000e+00]
[2.23000000e+02 9.08000000e+02 6.76361115e-01 3.00000000e+00]
[1.41000000e+02 9.30000000e+02 6.76711921e-01 1.40000000e+01]
[5.05000000e+02 8.52000000e+02 6.77428046e-01 6.00000000e+00]
[9.24000000e+02 4.41000000e+02 6.77650246e-01 9.00000000e+00]
[4.64000000e+02 9.46000000e+02 6.78302204e-01 1.00000000e+01]
[3.43000000e+02 9.42000000e+02 6.78307019e-01 5.00000000e+00]
[3.2500000e+02 9.1700000e+02 6.7963429e-01 1.6000000e+01]
[253.         112.           0.68243581   2.        ]
[1.6100000e+02 7.6100000e+02 6.8344375e-01 7.0000000e+00]
[7.90000000e+01 9.41000000e+02 6.83854211e-01 7.10000000e+01]
[9.16000000e+02 8.39000000e+02 6.85855892e-01 3.10000000e+01]
[9.26000000e+02 5.07000000e+02 6.88093929e-01 1.20000000e+01]
[9.50000000e+02 9.34000000e+02 6.89089948e-01 2.20000000e+01]
[9.32000000e+02 9.49000000e+02 6.90785948e-01 5.20000000e+01]
[9.39000000e+02 2.35000000e+02 6.90915107e-01 9.00000000e+00]
[2.67000000e+02 9.57000000e+02 6.91968539e-01 1.00000000e+01]
[9.54000000e+02 4.16000000e+02 6.95712774e-01 1.30000000e+01]
[4.94000000e+02 9.53000000e+02 6.95770581e-01 3.20000000e+01]
[ 53.        282.          0.6958912   2.       ]
[9.19000000e+02 9.52000000e+02 7.02991915e-01 8.00000000e+01]
[9.40000000e+01 9.22000000e+02 7.03207368e-01 1.00000000e+01]
[1.0600000e+02 9.5600000e+02 7.0572858e-01 5.3000000e+01]
[8.81000000e+02 9.31000000e+02 7.05783645e-01 1.20000000e+01]
[2.92000000e+02 9.13000000e+02 7.07020181e-01 7.00000000e+00]
[1.90000000e+02 9.47000000e+02 7.07958433e-01 1.10000000e+01]
[9.59000000e+02 3.90000000e+01 7.10459147e-01 1.40000000e+01]
[9.360000e+02 9.440000e+02 7.129101e-01 1.800000e+01]
[5.60000000e+01 9.48000000e+02 7.15942916e-01 6.00000000e+00]
[9.55000000e+02 9.65000000e+02 7.16945097e-01 3.40000000e+01]
[4.11000000e+02 9.71000000e+02 7.17484192e-01 3.50000000e+01]
[9.68000000e+02 1.14000000e+02 7.18148062e-01 1.50000000e+01]
[4.76000000e+02 9.66000000e+02 7.20419156e-01 8.00000000e+00]
[9.45000000e+02 9.20000000e+02 7.20589208e-01 1.20000000e+01]
[2.87000000e+02 9.62000000e+02 7.21689451e-01 8.10000000e+01]
[8.86000000e+02 8.97000000e+02 7.21811246e-01 7.00000000e+00]
[1.81000000e+02 9.70000000e+02 7.22049248e-01 7.00000000e+00]
[1.10000000e+02 9.69000000e+02 7.23151781e-01 1.90000000e+01]
[9.7300000e+02 5.2000000e+02 7.2569839e-01 1.6000000e+01]
[2.68000000e+02 8.83000000e+02 7.28104153e-01 6.00000000e+00]
[9.40000000e+02 9.67000000e+02 7.29487583e-01 7.80000000e+01]
[2.20000000e+01 9.72000000e+02 7.32472591e-01 3.60000000e+01]
[2.11000000e+02 9.29000000e+02 7.34726479e-01 5.60000000e+01]
[9.60000000e+02 9.61000000e+02 7.35944654e-01 3.40000000e+01]
[8.26000000e+02 6.16000000e+02 7.38254321e-01 1.80000000e+01]
[9.8500000e+02 9.5800000e+02 7.4037526e-01 4.4000000e+01]
[2.86000000e+02 9.76000000e+02 7.40523808e-01 8.20000000e+01]
[3.61000000e+02 9.87000000e+02 7.41191037e-01 4.50000000e+01]
[466.         500.           0.74450601   2.        ]
[9.43000000e+02 9.82000000e+02 7.44934024e-01 8.10000000e+01]
[9.81000000e+02 7.70000000e+01 7.48878126e-01 7.00000000e+00]
[2.42000000e+02 9.77000000e+02 7.51226384e-01 8.00000000e+00]
[9.92000000e+02 5.04000000e+02 7.55481381e-01 8.00000000e+00]
[9.94000000e+02 4.07000000e+02 7.60773278e-01 9.00000000e+00]
[9.86000000e+02 9.91000000e+02 7.63732746e-01 9.90000000e+01]
[9.79000000e+02 5.36000000e+02 7.63943012e-01 2.00000000e+01]
[3.88000000e+02 9.97000000e+02 7.65938514e-01 2.10000000e+01]
[2.15000000e+02 9.63000000e+02 7.66598485e-01 1.10000000e+01]
[4.93000000e+02 9.98000000e+02 7.67344602e-01 2.20000000e+01]
[1.49000000e+02 9.89000000e+02 7.69129429e-01 4.60000000e+01]
[8.40000000e+01 9.80000000e+02 7.70234565e-01 1.70000000e+01]
[9.90000000e+01 9.95000000e+02 7.72429233e-01 1.00000000e+01]
[8.00000000e+00 9.88000000e+02 7.79723102e-01 8.30000000e+01]
[4.99000000e+02 9.74000000e+02 7.80459612e-01 9.00000000e+00]
[9.78000000e+02 1.00100000e+03 7.84739603e-01 5.30000000e+01]
[4.21000000e+02 9.93000000e+02 7.84961841e-01 9.00000000e+00]
[9.75000000e+02 9.84000000e+02 7.85029002e-01 6.80000000e+01]
[4.75000000e+02 1.00800000e+03 7.89819443e-01 6.90000000e+01]
[3.68000000e+02 1.00600000e+03 7.90874199e-01 5.40000000e+01]
[9.83000000e+02 1.01000000e+03 7.92808768e-01 9.00000000e+01]
[3.12000000e+02 1.00200000e+03 7.93701864e-01 1.80000000e+01]
[9.51000000e+02 1.01100000e+03 7.96131774e-01 9.70000000e+01]
[4.19000000e+02 1.00300000e+03 8.04340661e-01 1.10000000e+01]
[2.81000000e+02 1.00500000e+03 8.05729491e-01 1.00000000e+01]
[9.64000000e+02 1.00900000e+03 8.06148557e-01 1.22000000e+02]
[2.17000000e+02 1.00700000e+03 8.16164651e-01 1.00000000e+01]
[1.01200000e+03 3.04000000e+02 8.20132414e-01 1.90000000e+01]
[257.          89.           0.82087826   2.        ]
[3.70000000e+02 1.00400000e+03 8.24913751e-01 8.40000000e+01]
[1.01800000e+03 1.20000000e+01 8.26101664e-01 2.00000000e+01]
[1.30000000e+01 1.02100000e+03 8.35519929e-01 2.10000000e+01]
[1.02200000e+03 1.00000000e+03 8.36224912e-01 4.30000000e+01]
[4.74000000e+02 9.96000000e+02 8.36904071e-01 1.00000000e+02]
[1.71000000e+02 1.01300000e+03 8.37040107e-01 9.80000000e+01]
[1.01400000e+03 1.02500000e+03 8.45195079e-01 1.09000000e+02]
[9.90000000e+02 1.01500000e+03 8.50469382e-01 1.20000000e+01]
[5.15000000e+02 1.02700000e+03 8.57707025e-01 1.30000000e+01]
[9.99000000e+02 1.02800000e+03 8.64191024e-01 2.40000000e+01]
[4.70000000e+02 1.02600000e+03 8.66761273e-01 1.10000000e+02]
[2.01000000e+02 1.03000000e+03 8.72354815e-01 1.11000000e+02]
[1.01000000e+02 1.02300000e+03 8.72795995e-01 4.40000000e+01]
[1.01700000e+03 4.47000000e+02 8.73060071e-01 1.10000000e+01]
[1.01600000e+03 6.18000000e+02 8.81463172e-01 1.24000000e+02]
[2.00000000e+00 1.03400000e+03 8.81846251e-01 1.25000000e+02]
[1.02000000e+03 1.03100000e+03 8.87540837e-01 1.95000000e+02]
[4.31000000e+02 1.03600000e+03 8.94504868e-01 1.96000000e+02]
[1.02900000e+03 5.34000000e+02 8.97972918e-01 2.50000000e+01]
[5.87000000e+02 1.02400000e+03 9.02075759e-01 1.02000000e+02]
[2.88000000e+02 1.03800000e+03 9.05100193e-01 2.60000000e+01]
[323.         481.           0.90914276   2.        ]
[4.30000000e+01 1.03700000e+03 9.27705982e-01 1.97000000e+02]
[1.01900000e+03 3.44000000e+02 9.28032421e-01 3.00000000e+00]
[1.03200000e+03 1.04000000e+03 9.29539232e-01 7.00000000e+01]
[1.0410000e+03 3.4200000e+02 9.3002767e-01 3.0000000e+00]
[1.04500000e+03 1.04200000e+03 9.32232303e-01 2.00000000e+02]
[311.         640.           0.93379805   3.        ]
[1.03500000e+03 3.92000000e+02 9.35535585e-01 1.26000000e+02]
[1.03300000e+03 3.79000000e+02 9.38637367e-01 1.20000000e+01]
[1.0390000e+03 1.0490000e+03 9.5901366e-01 1.1400000e+02]
[1.04800000e+03 3.16000000e+02 9.60272467e-01 1.27000000e+02]
[1.05100000e+03 8.60000000e+01 9.62066663e-01 1.28000000e+02]
[3.75000000e+02 1.04600000e+03 9.63529878e-01 2.01000000e+02]
[1.05000000e+03 1.04700000e+03 9.65631145e-01 1.17000000e+02]
[2.40000000e+01 1.05300000e+03 9.68069652e-01 2.02000000e+02]
[1.05400000e+03 1.04300000e+03 9.69706859e-01 1.20000000e+02]
[1.04400000e+03 1.66000000e+02 9.70643536e-01 7.10000000e+01]
[1.0560000e+03 9.3500000e+02 9.7252648e-01 1.2200000e+02]
[234.         319.           0.97370814   2.        ]
[1.69000000e+02 1.05800000e+03 9.73876434e-01 1.23000000e+02]
[3.77000000e+02 1.06000000e+03 9.86470937e-01 1.24000000e+02]
[1.87000000e+02 1.05900000e+03 1.00117907e+00 3.00000000e+00]
[3.64000000e+02 1.05200000e+03 1.01695114e+00 1.29000000e+02]
[1055.          147.            1.05620217  203.        ]
[1.06100000e+03 1.05700000e+03 1.05810188e+00 1.95000000e+02]
[1062.         1065.            1.06945396  198.        ]
[ 277.         1064.            1.08044668  204.        ]
[ 497.         1066.            1.09285802  199.        ]
[289.         502.           1.09308874   2.        ]
[1068.        1069.           1.1102596  201.       ]
[1070.         1067.            1.11183607  405.        ]
[ 108.         1071.            1.14139546  406.        ]
[ 533.         1072.            1.15880787  407.        ]
[1063.         1073.            1.21131978  536.        ]
[ 145.        1074.           1.2642128  537.       ]
[1075.          314.            1.31506331  538.        ]
[1076.          177.            1.36906583  539.        ]
[1077.          429.            1.39662376  540.        ]
