[  1. 216.   0.   2.]
[540. 113.   0.   3.]
[  6. 129.   0.   2.]
[64. 68.  0.  2.]
[543.  93.   0.   3.]
[544. 123.   0.   4.]
[545. 214.   0.   5.]
[546. 261.   0.   6.]
[ 78. 315.   0.   2.]
[ 95. 152.   0.   2.]
[549. 240.   0.   3.]
[550. 301.   0.   4.]
[551. 308.   0.   5.]
[552. 220.   0.   6.]
[307. 553.   0.   7.]
[ 90. 518.   0.   2.]
[103. 196.   0.   2.]
[270. 271.   0.   2.]
[557. 140.   0.   3.]
[300. 302.   0.   2.]
[359. 413.   0.   2.]
[5.54000000e+02 2.95000000e+02 5.72887609e-09 8.00000000e+00]
[5.48000000e+02 1.25000000e+02 9.93410746e-09 3.00000000e+00]
[8.10000000e+01 5.61000000e+02 1.47465514e-08 9.00000000e+00]
[1.36000000e+02 3.36000000e+02 1.49011612e-08 2.00000000e+00]
[5.59000000e+02 4.68000000e+02 1.89139771e-08 3.00000000e+00]
[5.58000000e+02 1.70000000e+02 2.09081399e-08 4.00000000e+00]
[7.20000000e+01 4.37000000e+02 2.35608046e-08 2.00000000e+00]
[2.05000000e+02 2.51000000e+02 2.58095683e-08 2.00000000e+00]
[5.00000000e+01 1.35000000e+02 2.98023224e-08 2.00000000e+00]
[5.69000000e+02 3.29000000e+02 2.98023224e-08 3.00000000e+00]
[7.40000000e+01 9.10000000e+01 2.98023224e-08 2.00000000e+00]
[5.71000000e+02 3.17000000e+02 2.98023224e-08 3.00000000e+00]
[1.78000000e+02 2.45000000e+02 2.98023224e-08 2.00000000e+00]
[2.40000000e+01 4.23000000e+02 3.33200094e-08 2.00000000e+00]
[6.10000000e+01 2.36000000e+02 3.94247668e-08 2.00000000e+00]
[5.72000000e+02 2.74000000e+02 6.32202728e-08 4.00000000e+00]
[4.00000000e+02 5.66000000e+02 8.36325598e-08 5.00000000e+00]
[3.80000000e+02 5.77000000e+02 7.35135062e-03 6.00000000e+00]
[4.00000000e+00 2.62000000e+02 7.97283029e-02 2.00000000e+00]
[2.06000000e+02 3.22000000e+02 8.80901384e-02 2.00000000e+00]
[2.18000000e+02 5.03000000e+02 9.15351476e-02 2.00000000e+00]
[21.         40.          0.09424761  2.        ]
[5.70000000e+02 1.30000000e+02 9.77663877e-02 4.00000000e+00]
[3.09000000e+02 3.94000000e+02 1.13554712e-01 2.00000000e+00]
[1.65000000e+02 2.91000000e+02 1.27329197e-01 2.00000000e+00]
[5.63000000e+02 4.80000000e+02 1.34295092e-01 1.00000000e+01]
[1.24000000e+02 3.05000000e+02 1.43956369e-01 2.00000000e+00]
[5.76000000e+02 1.21000000e+02 1.47711792e-01 5.00000000e+00]
[1.0900000e+02 5.6500000e+02 1.5219818e-01 4.0000000e+00]
[3.00000000e+00 5.47000000e+02 1.53378122e-01 7.00000000e+00]
[5.88000000e+02 1.64000000e+02 1.58186003e-01 6.00000000e+00]
[4.36000000e+02 5.22000000e+02 1.59304943e-01 2.00000000e+00]
[2.98000000e+02 5.78000000e+02 1.63388128e-01 7.00000000e+00]
[3.20000000e+02 4.06000000e+02 1.65856757e-01 2.00000000e+00]
[5.68000000e+02 2.21000000e+02 1.66706017e-01 3.00000000e+00]
[3.39000000e+02 4.73000000e+02 1.66913646e-01 2.00000000e+00]
[ 54.         148.           0.17029586   2.        ]
[5.64000000e+02 1.76000000e+02 1.71113989e-01 3.00000000e+00]
[4.90000000e+01 2.46000000e+02 1.75754914e-01 2.00000000e+00]
[1.43000000e+02 4.45000000e+02 1.77035229e-01 2.00000000e+00]
[1.28000000e+02 5.85000000e+02 1.77625635e-01 3.00000000e+00]
[3.00000000e+01 2.09000000e+02 1.80419571e-01 2.00000000e+00]
[3.03000000e+02 3.69000000e+02 1.81735907e-01 2.00000000e+00]
[4.02000000e+02 4.89000000e+02 1.84597774e-01 2.00000000e+00]
[9.00000000e+00 5.62000000e+02 1.85595233e-01 4.00000000e+00]
[5.83000000e+02 5.86000000e+02 1.85735877e-01 1.40000000e+01]
[5.32000000e+02 4.77000000e+02 1.88025421e-01 2.00000000e+00]
[3.48000000e+02 3.67000000e+02 1.92651364e-01 2.00000000e+00]
[5.93000000e+02 5.79000000e+02 1.93733295e-01 9.00000000e+00]
[5.9100000e+02 2.0400000e+02 1.9718722e-01 7.0000000e+00]
[2.19000000e+02 4.54000000e+02 1.97835799e-01 2.00000000e+00]
[9.20000000e+01 2.69000000e+02 2.02205018e-01 2.00000000e+00]
[2.47000000e+02 2.49000000e+02 2.05691869e-01 2.00000000e+00]
[4.92000000e+02 5.23000000e+02 2.06576291e-01 2.00000000e+00]
[2.29000000e+02 6.09000000e+02 2.08429227e-01 1.00000000e+01]
[6.06000000e+02 1.54000000e+02 2.10150237e-01 1.50000000e+01]
[5.80000000e+02 2.25000000e+02 2.10383341e-01 3.00000000e+00]
[2.30000000e+02 6.07000000e+02 2.11731853e-01 3.00000000e+00]
[2.10000000e+02 3.83000000e+02 2.16439157e-01 2.00000000e+00]
[ 62.         180.           0.21802634   2.        ]
[5.90000000e+02 5.95000000e+02 2.18376285e-01 1.00000000e+01]
[6.30000000e+01 4.26000000e+02 2.22793603e-01 2.00000000e+00]
[3.97000000e+02 4.44000000e+02 2.26566363e-01 2.00000000e+00]
[3.96000000e+02 4.14000000e+02 2.31510474e-01 2.00000000e+00]
[1.22000000e+02 4.28000000e+02 2.31558986e-01 2.00000000e+00]
[1.70000000e+01 2.83000000e+02 2.31985745e-01 2.00000000e+00]
[65.         76.          0.23260145  2.        ]
[2.76000000e+02 3.45000000e+02 2.36501911e-01 2.00000000e+00]
[3.27000000e+02 5.38000000e+02 2.37957707e-01 2.00000000e+00]
[1.53000000e+02 6.10000000e+02 2.41905423e-01 8.00000000e+00]
[6.16000000e+02 3.28000000e+02 2.43584136e-01 1.60000000e+01]
[ 73.         200.           0.24526085   2.        ]
[2.0700000e+02 2.5600000e+02 2.4701404e-01 2.0000000e+00]
[4.15000000e+02 4.60000000e+02 2.47252331e-01 2.00000000e+00]
[3.82000000e+02 5.20000000e+01 2.48380718e-01 2.00000000e+00]
[6.25000000e+02 5.28000000e+02 2.48888721e-01 3.00000000e+00]
[6.31000000e+02 2.39000000e+02 2.51162505e-01 1.70000000e+01]
[185.         195.           0.25348435   2.        ]
[3.6600000e+02 5.1700000e+02 2.5465216e-01 2.0000000e+00]
[4.10000000e+01 6.35000000e+02 2.54659234e-01 3.00000000e+00]
[3.4600000e+02 4.3800000e+02 2.5633776e-01 2.0000000e+00]
[8.70000000e+01 6.30000000e+02 2.57919083e-01 9.00000000e+00]
[1.44000000e+02 5.60000000e+02 2.58263061e-01 3.00000000e+00]
[4.18000000e+02 4.61000000e+02 2.58874699e-01 2.00000000e+00]
[1.55000000e+02 2.85000000e+02 2.62629562e-01 2.00000000e+00]
[2.97000000e+02 4.27000000e+02 2.65471299e-01 2.00000000e+00]
[6.36000000e+02 2.78000000e+02 2.67071056e-01 4.00000000e+00]
[6.01000000e+02 2.33000000e+02 2.68603468e-01 4.00000000e+00]
[2.90000000e+01 4.86000000e+02 2.69241065e-01 2.00000000e+00]
[119.          38.           0.26949152   2.        ]
[1.60000000e+01 4.39000000e+02 2.72045644e-01 2.00000000e+00]
[5.97000000e+02 6.21000000e+02 2.76374129e-01 1.20000000e+01]
[6.15000000e+02 3.34000000e+02 2.76586617e-01 1.10000000e+01]
[2.90000000e+02 5.30000000e+02 2.81081353e-01 2.00000000e+00]
[6.05000000e+02 1.56000000e+02 2.82260372e-01 5.00000000e+00]
[7.00000000e+01 6.53000000e+02 2.83817009e-01 1.20000000e+01]
[2.00000000e+01 6.52000000e+02 2.83952877e-01 1.30000000e+01]
[ 19.         104.           0.28492092   2.        ]
[9.80000000e+01 6.45000000e+02 2.85903913e-01 3.00000000e+00]
[3.81000000e+02 4.05000000e+02 2.89701426e-01 2.00000000e+00]
[6.47000000e+02 3.21000000e+02 2.95514924e-01 5.00000000e+00]
[2.13000000e+02 3.86000000e+02 2.96988305e-01 2.00000000e+00]
[1.4000000e+01 4.3300000e+02 3.0088898e-01 2.0000000e+00]
[6.3700000e+02 1.9400000e+02 3.0255696e-01 1.8000000e+01]
[3.9300000e+02 5.1100000e+02 3.0292267e-01 2.0000000e+00]
[3.30000000e+01 6.61000000e+02 3.07311203e-01 6.00000000e+00]
[8.00000000e+01 4.09000000e+02 3.07769409e-01 2.00000000e+00]
[6.64000000e+02 2.52000000e+02 3.09854258e-01 1.90000000e+01]
[2.4800000e+02 5.1600000e+02 3.1140253e-01 2.0000000e+00]
[6.66000000e+02 5.12000000e+02 3.13583648e-01 7.00000000e+00]
[3.18000000e+02 5.09000000e+02 3.14086331e-01 2.00000000e+00]
[5.98000000e+02 6.55000000e+02 3.14512144e-01 8.00000000e+00]
[6.68000000e+02 4.48000000e+02 3.15084854e-01 2.00000000e+01]
[6.48000000e+02 6.20000000e+02 3.16391706e-01 6.00000000e+00]
[ 27.         172.           0.31748107   2.        ]
[5.00000000e+00 6.33000000e+02 3.18370088e-01 3.00000000e+00]
[186.         199.           0.32727377   2.        ]
[6.57000000e+02 6.50000000e+02 3.29286446e-01 1.50000000e+01]
[6.11000000e+02 6.60000000e+02 3.31537666e-01 4.00000000e+00]
[5.42000000e+02 6.28000000e+02 3.33083063e-01 4.00000000e+00]
[6.78000000e+02 1.50000000e+02 3.37330698e-01 1.60000000e+01]
[287.         324.           0.34060848   2.        ]
[1.150000e+02 6.740000e+02 3.442322e-01 7.000000e+00]
[5.89000000e+02 3.40000000e+02 3.44559256e-01 5.00000000e+00]
[5.75000000e+02 1.51000000e+02 3.44775131e-01 3.00000000e+00]
[1.32000000e+02 3.72000000e+02 3.46520695e-01 2.00000000e+00]
[1.57000000e+02 4.95000000e+02 3.46846811e-01 2.00000000e+00]
[3.56000000e+02 4.67000000e+02 3.48209824e-01 2.00000000e+00]
[6.51000000e+02 6.79000000e+02 3.53226009e-01 6.00000000e+00]
[2.75000000e+02 6.76000000e+02 3.54358782e-01 4.00000000e+00]
[3.58000000e+02 6.89000000e+02 3.60144757e-01 7.00000000e+00]
[6.5900000e+02 6.9100000e+02 3.6061403e-01 1.0000000e+01]
[6.73000000e+02 6.56000000e+02 3.60903952e-01 3.20000000e+01]
[3.3300000e+02 6.8300000e+02 3.6531379e-01 8.0000000e+00]
[6.58000000e+02 1.83000000e+02 3.67249065e-01 3.00000000e+00]
[4.2000000e+01 4.8400000e+02 3.6912681e-01 2.0000000e+00]
[6.6000000e+01 5.5600000e+02 3.6930143e-01 3.0000000e+00]
[6.90000000e+02 2.65000000e+02 3.70074101e-01 5.00000000e+00]
[6.42000000e+02 1.92000000e+02 3.70077931e-01 1.00000000e+01]
[2.30000000e+01 6.72000000e+02 3.73374907e-01 9.00000000e+00]
[335.         338.           0.37444201   2.        ]
[2.27000000e+02 6.81000000e+02 3.79013388e-01 1.70000000e+01]
[4.08000000e+02 4.50000000e+02 3.79615369e-01 2.00000000e+00]
[6.93000000e+02 1.60000000e+02 3.79854495e-01 3.30000000e+01]
[2.37000000e+02 4.90000000e+02 3.81762604e-01 2.00000000e+00]
[2.59000000e+02 7.02000000e+02 3.82930161e-01 1.80000000e+01]
[5.08000000e+02 6.92000000e+02 3.83345315e-01 1.10000000e+01]
[3.65000000e+02 4.43000000e+02 3.86731246e-01 2.00000000e+00]
[313.       378.         0.387071   2.      ]
[1.00000000e+01 6.17000000e+02 3.88795364e-01 4.00000000e+00]
[ 58.         263.           0.39139943   2.        ]
[3.40000000e+01 6.98000000e+02 3.91560746e-01 6.00000000e+00]
[1.73000000e+02 4.87000000e+02 3.96785413e-01 2.00000000e+00]
[6.96000000e+02 4.88000000e+02 3.98790435e-01 3.00000000e+00]
[1.42000000e+02 5.19000000e+02 3.99383475e-01 2.00000000e+00]
[2.72000000e+02 7.07000000e+02 3.99483583e-01 1.20000000e+01]
[5.73000000e+02 2.55000000e+02 4.00350854e-01 3.00000000e+00]
[4.40000000e+01 4.52000000e+02 4.00776567e-01 2.00000000e+00]
[6.99000000e+02 6.12000000e+02 4.02943064e-01 1.20000000e+01]
[6.7000000e+02 6.1800000e+02 4.0633716e-01 1.0000000e+01]
[2.08000000e+02 6.94000000e+02 4.07818562e-01 9.00000000e+00]
[3.50000000e+01 7.04000000e+02 4.11928216e-01 3.40000000e+01]
[4.53000000e+02 1.00000000e+02 4.12012819e-01 2.00000000e+00]
[7.06000000e+02 4.91000000e+02 4.13304344e-01 1.90000000e+01]
[5.9200000e+02 6.4400000e+02 4.1362888e-01 4.0000000e+00]
[4.04000000e+02 7.20000000e+02 4.14255187e-01 1.10000000e+01]
[4.69000000e+02 7.12000000e+02 4.15682511e-01 7.00000000e+00]
[5.90000000e+01 7.19000000e+02 4.18408416e-01 1.30000000e+01]
[7.00000000e+02 6.29000000e+02 4.19279971e-01 1.10000000e+01]
[2.50000000e+02 4.42000000e+02 4.22900056e-01 2.00000000e+00]
[193.         279.           0.42380423   2.        ]
[3.50000000e+02 7.24000000e+02 4.24602916e-01 2.00000000e+01]
[7.10000000e+01 4.62000000e+02 4.26382192e-01 2.00000000e+00]
[118.         374.           0.42888858   2.        ]
[1.10000000e+01 6.65000000e+02 4.29231614e-01 3.00000000e+00]
[6.8600000e+02 2.4400000e+02 4.3053912e-01 3.0000000e+00]
[5.84000000e+02 3.60000000e+02 4.32426694e-01 3.00000000e+00]
[6.7100000e+02 5.1300000e+02 4.3449567e-01 3.0000000e+00]
[7.23000000e+02 5.99000000e+02 4.34621955e-01 4.00000000e+00]
[1.27000000e+02 7.22000000e+02 4.36357424e-01 3.50000000e+01]
[2.50000000e+01 7.26000000e+02 4.36804334e-01 1.20000000e+01]
[4.60000000e+01 6.22000000e+02 4.37014092e-01 3.00000000e+00]
[6.85000000e+02 3.95000000e+02 4.41889233e-01 4.00000000e+00]
[2.32000000e+02 6.14000000e+02 4.44063854e-01 3.00000000e+00]
[6.80000000e+02 5.41000000e+02 4.44382119e-01 7.00000000e+00]
[139.         188.           0.44568859   2.        ]
[280.         117.           0.44632961   2.        ]
[7.16000000e+02 4.65000000e+02 4.48305797e-01 1.30000000e+01]
[ 83.         331.           0.44943864   2.        ]
[7.29000000e+02 7.32000000e+02 4.49841751e-01 3.10000000e+01]
[ 88.         435.           0.45090016   2.        ]
[3.91000000e+02 7.40000000e+02 4.54472248e-01 3.60000000e+01]
[1.34000000e+02 6.87000000e+02 4.55798321e-01 3.00000000e+00]
[6.9500000e+02 7.2700000e+02 4.5792963e-01 1.0000000e+01]
[6.39000000e+02 3.71000000e+02 4.59431475e-01 3.00000000e+00]
[106.         158.           0.46257035   2.        ]
[7.48000000e+02 7.21000000e+02 4.62790778e-01 2.20000000e+01]
[7.05000000e+02 4.10000000e+02 4.63899075e-01 3.00000000e+00]
[7.28000000e+02 1.74000000e+02 4.64659765e-01 1.40000000e+01]
[2.410000e+02 7.530000e+02 4.653303e-01 4.000000e+00]
[2.02000000e+02 7.57000000e+02 4.66569372e-01 2.30000000e+01]
[1.37000000e+02 7.39000000e+02 4.67000917e-01 5.00000000e+00]
[370.        459.          0.4686339   2.       ]
[4.83000000e+02 7.30000000e+02 4.72676369e-01 3.00000000e+00]
[6.69000000e+02 4.12000000e+02 4.72765118e-01 3.00000000e+00]
[7.50000000e+02 3.70000000e+01 4.73373411e-01 3.20000000e+01]
[1.68000000e+02 5.67000000e+02 4.74075274e-01 3.00000000e+00]
[7.09000000e+02 5.21000000e+02 4.74262814e-01 3.00000000e+00]
[7.1000000e+02 6.7000000e+01 4.7467279e-01 5.0000000e+00]
[1.8000000e+01 6.8400000e+02 4.7473441e-01 6.0000000e+00]
[6.27000000e+02 7.42000000e+02 4.75637131e-01 5.00000000e+00]
[7.6600000e+02 6.7700000e+02 4.7696686e-01 3.4000000e+01]
[138.       284.         0.477146   2.      ]
[7.41000000e+02 7.25000000e+02 4.78697627e-01 1.60000000e+01]
[3.61000000e+02 5.27000000e+02 4.79292987e-01 2.00000000e+00]
[5.55000000e+02 3.57000000e+02 4.79902859e-01 3.00000000e+00]
[7.72000000e+02 3.20000000e+01 4.80504407e-01 3.50000000e+01]
[4.5000000e+01 7.3600000e+02 4.8100853e-01 4.0000000e+00]
[167.         434.           0.48108159   2.        ]
[120.         163.           0.48119979   2.        ]
[7.50000000e+01 7.67000000e+02 4.85636097e-01 4.00000000e+00]
[7.01000000e+02 7.81000000e+02 4.86688755e-01 6.00000000e+00]
[ 55.         107.           0.48829369   2.        ]
[7.76000000e+02 7.74000000e+02 4.88549235e-01 1.90000000e+01]
[7.17000000e+02 7.61000000e+02 4.88669533e-01 2.60000000e+01]
[7.03000000e+02 4.63000000e+02 4.89865037e-01 3.00000000e+00]
[5.1000000e+01 6.1300000e+02 4.9204756e-01 3.0000000e+00]
[2.6000000e+02 7.4700000e+02 4.9273988e-01 3.0000000e+00]
[7.69000000e+02 7.60000000e+02 4.94142493e-01 9.00000000e+00]
[7.70000000e+02 7.77000000e+02 4.96819692e-01 4.10000000e+01]
[1.82000000e+02 7.52000000e+02 4.97354143e-01 3.70000000e+01]
[5.26000000e+02 6.08000000e+02 5.00678094e-01 3.00000000e+00]
[7.35000000e+02 1.50000000e+01 5.01694007e-01 4.00000000e+00]
[ 60.         337.           0.50203567   2.        ]
[2.24000000e+02 5.37000000e+02 5.03944403e-01 2.00000000e+00]
[7.14000000e+02 1.26000000e+02 5.03961448e-01 4.00000000e+00]
[7.54000000e+02 7.49000000e+02 5.06884025e-01 1.20000000e+01]
[2.22000000e+02 5.10000000e+02 5.08768502e-01 2.00000000e+00]
[1.46000000e+02 7.86000000e+02 5.09150333e-01 4.00000000e+00]
[4.80000000e+01 7.90000000e+02 5.13072783e-01 4.20000000e+01]
[8.2000000e+01 7.9100000e+02 5.1345272e-01 3.8000000e+01]
[7.62000000e+02 5.39000000e+02 5.14481875e-01 6.00000000e+00]
[5.96000000e+02 6.02000000e+02 5.17677511e-01 4.00000000e+00]
[7.64000000e+02 7.82000000e+02 5.18135321e-01 9.00000000e+00]
[5.94000000e+02 8.02000000e+02 5.18630245e-01 8.00000000e+00]
[7.97000000e+02 8.01000000e+02 5.18771944e-01 5.00000000e+01]
[ 53.         231.           0.51898847   2.        ]
[5.87000000e+02 1.75000000e+02 5.21312587e-01 3.00000000e+00]
[7.84000000e+02 5.06000000e+02 5.22056515e-01 2.00000000e+01]
[8.00000000e+02 7.73000000e+02 5.23034682e-01 4.40000000e+01]
[3.87000000e+02 8.10000000e+02 5.24022881e-01 4.50000000e+01]
[7.99000000e+02 7.51000000e+02 5.24783478e-01 6.00000000e+00]
[3.84000000e+02 8.12000000e+02 5.25995133e-01 7.00000000e+00]
[6.41000000e+02 6.54000000e+02 5.28543891e-01 4.00000000e+00]
[ 39.        432.          0.5293882   2.       ]
[2.60000000e+01 7.87000000e+02 5.29748671e-01 4.00000000e+00]
[2.80000000e+01 8.04000000e+02 5.30029386e-01 1.00000000e+01]
[8.0600000e+02 3.4700000e+02 5.3186356e-01 5.1000000e+01]
[203.         362.           0.53251765   2.        ]
[6.38000000e+02 8.17000000e+02 5.33221042e-01 1.20000000e+01]
[7.71000000e+02 6.32000000e+02 5.34485918e-01 7.00000000e+00]
[7.34000000e+02 3.85000000e+02 5.35659825e-01 3.00000000e+00]
[189.         535.           0.53773934   2.        ]
[4.79000000e+02 8.13000000e+02 5.37981242e-01 8.00000000e+00]
[1.12000000e+02 7.45000000e+02 5.42335742e-01 8.00000000e+00]
[7.93000000e+02 8.20000000e+02 5.42574248e-01 1.60000000e+01]
[7.15000000e+02 7.55000000e+02 5.44344913e-01 5.00000000e+00]
[6.34000000e+02 7.85000000e+02 5.44472592e-01 2.80000000e+01]
[1.02000000e+02 8.05000000e+02 5.45202762e-01 9.00000000e+00]
[7.88000000e+02 7.94000000e+02 5.45378469e-01 5.00000000e+00]
[449.         482.           0.54630725   2.        ]
[3.54000000e+02 8.25000000e+02 5.46408239e-01 9.00000000e+00]
[8.11000000e+02 6.82000000e+02 5.48476596e-01 4.70000000e+01]
[6.6300000e+02 3.6300000e+02 5.4901478e-01 3.0000000e+00]
[7.89000000e+02 1.62000000e+02 5.50595174e-01 1.00000000e+01]
[1.91000000e+02 8.03000000e+02 5.50929615e-01 5.00000000e+00]
[7.83000000e+02 7.59000000e+02 5.51926077e-01 1.60000000e+01]
[326.         420.           0.55219715   2.        ]
[6.900000e+01 8.290000e+02 5.522576e-01 1.000000e+01]
[6.24000000e+02 4.17000000e+02 5.52502315e-01 3.00000000e+00]
[2.66000000e+02 8.18000000e+02 5.53809767e-01 5.20000000e+01]
[6.67000000e+02 1.41000000e+02 5.54122671e-01 3.00000000e+00]
[3.49000000e+02 8.33000000e+02 5.54588298e-01 4.80000000e+01]
[8.09000000e+02 7.58000000e+02 5.55073373e-01 2.30000000e+01]
[7.78000000e+02 8.28000000e+02 5.56790829e-01 3.20000000e+01]
[7.43000000e+02 2.99000000e+02 5.56921961e-01 5.00000000e+00]
[1.84000000e+02 8.24000000e+02 5.56961821e-01 9.00000000e+00]
[5.2400000e+02 8.2100000e+02 5.6079288e-01 8.0000000e+00]
[4.55000000e+02 7.92000000e+02 5.61552335e-01 4.00000000e+00]
[8.44000000e+02 7.38000000e+02 5.63125173e-01 2.60000000e+01]
[4.51000000e+02 7.68000000e+02 5.63520485e-01 4.00000000e+00]
[6.88000000e+02 8.34000000e+02 5.63532325e-01 5.00000000e+00]
[6.1900000e+02 5.1400000e+02 5.6389895e-01 3.0000000e+00]
[343.         422.           0.56455219   2.        ]
[4.24000000e+02 8.45000000e+02 5.64865315e-01 3.30000000e+01]
[3.32000000e+02 8.51000000e+02 5.65161832e-01 5.00000000e+00]
[7.46000000e+02 4.72000000e+02 5.65463136e-01 3.00000000e+00]
[8.07000000e+02 4.01000000e+02 5.66160903e-01 3.00000000e+00]
[0.0000000e+00 8.3900000e+02 5.7003343e-01 1.1000000e+01]
[8.3600000e+02 4.0300000e+02 5.7101899e-01 6.0000000e+00]
[8.16000000e+02 3.52000000e+02 5.71635685e-01 5.00000000e+00]
[8.26000000e+02 8.14000000e+02 5.71661464e-01 2.00000000e+01]
[3.10000000e+01 8.60000000e+02 5.72405085e-01 7.00000000e+00]
[7.11000000e+02 1.98000000e+02 5.75264847e-01 3.00000000e+00]
[1.33000000e+02 7.65000000e+02 5.75604035e-01 4.00000000e+00]
[398.         399.           0.57621201   2.        ]
[2.64000000e+02 8.41000000e+02 5.76834712e-01 5.30000000e+01]
[8.50000000e+02 7.95000000e+02 5.77024736e-01 2.80000000e+01]
[8.40000000e+02 4.30000000e+02 5.77710761e-01 4.00000000e+00]
[6.75000000e+02 6.49000000e+02 5.78334793e-01 4.00000000e+00]
[8.30000000e+02 3.10000000e+02 5.78797097e-01 6.00000000e+00]
[1.59000000e+02 8.59000000e+02 5.80690945e-01 1.20000000e+01]
[254.        474.          0.5819289   2.       ]
[8.62000000e+02 8.71000000e+02 5.81973875e-01 2.60000000e+01]
[2.9600000e+02 8.3200000e+02 5.8713141e-01 1.0000000e+01]
[8.74000000e+02 1.16000000e+02 5.88356872e-01 2.70000000e+01]
[8.63000000e+02 4.64000000e+02 5.88676911e-01 8.00000000e+00]
[57.         97.          0.58908174  2.        ]
[4.78000000e+02 8.61000000e+02 5.89081878e-01 6.00000000e+00]
[3.89000000e+02 8.22000000e+02 5.92291635e-01 4.00000000e+00]
[4.70000000e+01 8.77000000e+02 5.92564352e-01 9.00000000e+00]
[7.33000000e+02 8.52000000e+02 5.92970599e-01 7.00000000e+00]
[3.44000000e+02 8.49000000e+02 5.93661962e-01 5.00000000e+00]
[8.68000000e+02 6.43000000e+02 5.94463547e-01 3.10000000e+01]
[1.97000000e+02 8.72000000e+02 5.94627638e-01 1.30000000e+01]
[6.62000000e+02 8.19000000e+02 5.95089036e-01 4.00000000e+00]
[2.53000000e+02 8.57000000e+02 5.95759027e-01 4.00000000e+00]
[306.         458.           0.59593792   2.        ]
[7.44000000e+02 6.40000000e+02 5.97357214e-01 6.00000000e+00]
[1.11000000e+02 8.43000000e+02 6.00732474e-01 4.90000000e+01]
[258.          77.           0.60112858   2.        ]
[7.96000000e+02 4.98000000e+02 6.01250509e-01 5.00000000e+00]
[8.84000000e+02 7.56000000e+02 6.01743557e-01 3.30000000e+01]
[4.96000000e+02 8.67000000e+02 6.02382791e-01 5.40000000e+01]
[2.38000000e+02 8.55000000e+02 6.02453932e-01 3.40000000e+01]
[8.2700000e+02 5.0700000e+02 6.0313507e-01 6.0000000e+00]
[8.08000000e+02 8.80000000e+02 6.04019243e-01 7.00000000e+00]
[8.93000000e+02 8.47000000e+02 6.04834841e-01 4.20000000e+01]
[7.31000000e+02 8.89000000e+02 6.05297223e-01 8.00000000e+00]
[3.60000000e+01 8.98000000e+02 6.07297152e-01 4.30000000e+01]
[2.42000000e+02 8.88000000e+02 6.08708881e-01 3.00000000e+00]
[4.85000000e+02 8.95000000e+02 6.08994915e-01 3.50000000e+01]
[8.2300000e+02 4.5700000e+02 6.0914244e-01 3.0000000e+00]
[5.29000000e+02 8.79000000e+02 6.09260278e-01 7.00000000e+00]
[2.43000000e+02 8.35000000e+02 6.11578329e-01 1.10000000e+01]
[9.6000000e+01 8.7600000e+02 6.1213147e-01 2.8000000e+01]
[9.01000000e+02 4.46000000e+02 6.13271645e-01 4.00000000e+00]
[5.81000000e+02 8.85000000e+02 6.17289446e-01 1.50000000e+01]
[8.48000000e+02 8.90000000e+02 6.17682016e-01 5.70000000e+01]
[5.01000000e+02 9.09000000e+02 6.22818601e-01 5.80000000e+01]
[8.64000000e+02 8.69000000e+02 6.22872087e-01 7.00000000e+00]
[8.86000000e+02 4.71000000e+02 6.23044775e-01 5.00000000e+00]
[8.70000000e+02 4.40000000e+02 6.26513274e-01 5.00000000e+00]
[7.18000000e+02 8.58000000e+02 6.27951926e-01 5.00000000e+00]
[7.79000000e+02 9.06000000e+02 6.32272482e-01 3.00000000e+01]
[2.94000000e+02 8.75000000e+02 6.33515348e-01 1.10000000e+01]
[8.53000000e+02 9.08000000e+02 6.34172082e-01 1.80000000e+01]
[8.38000000e+02 9.02000000e+02 6.34667812e-01 3.70000000e+01]
[8.1500000e+02 9.0400000e+02 6.3636588e-01 9.0000000e+00]
[105.         273.           0.63658219   2.        ]
[9.13000000e+02 4.16000000e+02 6.40264773e-01 6.00000000e+00]
[7.00000000e+00 8.81000000e+02 6.41093553e-01 1.00000000e+01]
[1.31000000e+02 9.15000000e+02 6.41443105e-01 3.10000000e+01]
[7.98000000e+02 9.18000000e+02 6.45336107e-01 3.90000000e+01]
[  2.         341.           0.65086005   2.        ]
[8.91000000e+02 8.46000000e+02 6.51536011e-01 7.00000000e+00]
[8.31000000e+02 9.19000000e+02 6.51701302e-01 1.10000000e+01]
[9.12000000e+02 4.31000000e+02 6.51889986e-01 6.00000000e+00]
[8.78000000e+02 2.26000000e+02 6.52003489e-01 3.00000000e+00]
[355.         441.           0.65288272   2.        ]
[9.23000000e+02 4.25000000e+02 6.56534305e-01 3.20000000e+01]
[6.46000000e+02 8.94000000e+02 6.56997713e-01 5.60000000e+01]
[4.94000000e+02 9.24000000e+02 6.57287051e-01 4.00000000e+01]
[190.         293.           0.65750638   2.        ]
[8.97000000e+02 8.99000000e+02 6.60856201e-01 1.50000000e+01]
[212.         456.           0.66092062   2.        ]
[6.00000000e+02 7.80000000e+02 6.61036663e-01 4.00000000e+00]
[8.50000000e+01 9.20000000e+02 6.62374012e-01 3.00000000e+00]
[3.51000000e+02 9.17000000e+02 6.62475955e-01 1.90000000e+01]
[1.61000000e+02 9.31000000e+02 6.70394494e-01 3.30000000e+01]
[9.1000000e+02 9.0500000e+02 6.7355708e-01 6.9000000e+01]
[7.37000000e+02 5.31000000e+02 6.76637527e-01 4.00000000e+00]
[8.56000000e+02 9.41000000e+02 6.76880921e-01 7.40000000e+01]
[211.         505.           0.67742805   2.        ]
[3.5300000e+02 9.3300000e+02 6.7805591e-01 4.1000000e+01]
[9.40000000e+02 8.54000000e+02 6.79985762e-01 3.50000000e+01]
[9.00000000e+02 3.73000000e+02 6.80040576e-01 4.40000000e+01]
[9.46000000e+02 2.82000000e+02 6.82097141e-01 3.60000000e+01]
[8.92000000e+02 3.76000000e+02 6.83120611e-01 6.00000000e+00]
[7.90000000e+01 9.16000000e+02 6.83854211e-01 1.20000000e+01]
[9.11000000e+02 3.90000000e+02 6.85201027e-01 8.00000000e+00]
[9.48000000e+02 9.43000000e+02 6.85269777e-01 1.10000000e+02]
[9.2200000e+02 9.3900000e+02 6.9155054e-01 2.9000000e+01]
[2.67000000e+02 9.27000000e+02 6.91968539e-01 1.20000000e+01]
[9.38000000e+02 9.50000000e+02 6.92621501e-01 1.50000000e+01]
[8.87000000e+02 9.26000000e+02 6.95098337e-01 1.10000000e+01]
[9.45000000e+02 9.29000000e+02 6.95885141e-01 4.40000000e+01]
[9.57000000e+02 8.65000000e+02 6.96406438e-01 4.80000000e+01]
[9.32000000e+02 9.47000000e+02 6.98404473e-01 1.00000000e+02]
[7.0800000e+02 9.5300000e+02 7.0057691e-01 3.1000000e+01]
[9.21000000e+02 8.96000000e+02 7.02207679e-01 1.20000000e+01]
[9.03000000e+02 5.25000000e+02 7.02377904e-01 4.00000000e+00]
[9.59000000e+02 8.66000000e+02 7.02514039e-01 1.02000000e+02]
[9.40000000e+01 9.51000000e+02 7.03207368e-01 9.00000000e+00]
[5.60000000e+01 9.58000000e+02 7.05365284e-01 4.90000000e+01]
[8.42000000e+02 9.35000000e+02 7.06563077e-01 1.80000000e+01]
[5.04000000e+02 9.52000000e+02 7.07020181e-01 1.11000000e+02]
[9.34000000e+02 2.23000000e+02 7.08302434e-01 3.00000000e+00]
[6.26000000e+02 9.60000000e+02 7.09351944e-01 3.30000000e+01]
[9.370000e+02 4.930000e+02 7.129101e-01 5.000000e+00]
[2.20000000e+01 9.28000000e+02 7.16347383e-01 7.00000000e+00]
[2.28000000e+02 9.63000000e+02 7.19572449e-01 1.03000000e+02]
[4.76000000e+02 9.49000000e+02 7.20419156e-01 7.00000000e+00]
[1.49000000e+02 9.71000000e+02 7.22049248e-01 8.00000000e+00]
[3.88000000e+02 9.69000000e+02 7.23151781e-01 3.40000000e+01]
[8.73000000e+02 9.55000000e+02 7.23662773e-01 1.70000000e+01]
[1.10000000e+02 9.75000000e+02 7.25241295e-01 3.50000000e+01]
[2.92000000e+02 9.73000000e+02 7.25329009e-01 8.00000000e+00]
[2.68000000e+02 9.56000000e+02 7.28104153e-01 1.20000000e+01]
[179.         364.           0.73164865   2.        ]
[7.63000000e+02 9.54000000e+02 7.39465797e-01 1.40000000e+01]
[9.81000000e+02 6.97000000e+02 7.41014243e-01 1.70000000e+01]
[9.76000000e+02 8.00000000e+00 7.43256547e-01 1.80000000e+01]
[8.37000000e+02 1.77000000e+02 7.43476355e-01 1.70000000e+01]
[466.         500.           0.74450601   2.        ]
[9.44000000e+02 9.72000000e+02 7.45252774e-01 1.05000000e+02]
[9.66000000e+02 9.70000000e+02 7.46548121e-01 2.30000000e+01]
[2.86000000e+02 9.67000000e+02 7.47204422e-01 1.12000000e+02]
[2.35000000e+02 9.65000000e+02 7.47497267e-01 5.00000000e+01]
[9.61000000e+02 3.04000000e+02 7.48391498e-01 1.30000000e+01]
[1.14000000e+02 9.30000000e+02 7.48642505e-01 3.00000000e+00]
[9.87000000e+02 3.75000000e+02 7.51683722e-01 2.40000000e+01]
[ 43.         713.           0.75630852   3.        ]
[1.81000000e+02 9.89000000e+02 7.62874825e-01 5.10000000e+01]
[4.11000000e+02 9.74000000e+02 7.66225186e-01 9.00000000e+00]
[4.07000000e+02 9.79000000e+02 7.66282131e-01 1.30000000e+01]
[2.15000000e+02 9.64000000e+02 7.66598485e-01 1.00000000e+01]
[9.86000000e+02 6.03000000e+02 7.67040366e-01 1.07000000e+02]
[9.68000000e+02 9.77000000e+02 7.67041675e-01 3.80000000e+01]
[9.62000000e+02 4.21000000e+02 7.68781613e-01 5.00000000e+00]
[8.40000000e+01 9.91000000e+02 7.70234565e-01 4.00000000e+00]
[9.14000000e+02 4.99000000e+02 7.71245298e-01 6.00000000e+00]
[9.82000000e+02 8.82000000e+02 7.72684817e-01 2.40000000e+01]
[9.90000000e+01 9.88000000e+02 7.73036943e-01 1.13000000e+02]
[3.68000000e+02 9.95000000e+02 7.74354858e-01 1.00000000e+01]
[5.20000000e+02 9.90000000e+02 7.80131318e-01 1.40000000e+01]
[1.00200000e+03 9.78000000e+02 7.89624633e-01 1.40000000e+01]
[1.66000000e+02 1.00100000e+03 7.93701864e-01 5.00000000e+00]
[5.36000000e+02 9.99000000e+02 7.94077675e-01 3.90000000e+01]
[9.93000000e+02 9.98000000e+02 7.96093536e-01 1.10000000e+02]
[5.82000000e+02 9.83000000e+02 8.00883343e-01 2.00000000e+01]
[3.12000000e+02 1.00600000e+03 8.09269524e-01 1.50000000e+01]
[9.94000000e+02 1.00300000e+03 8.13211721e-01 7.50000000e+01]
[3.92000000e+02 1.01000000e+03 8.13900889e-01 1.11000000e+02]
[217.         447.           0.81616465   2.        ]
[325.         475.           0.81619784   2.        ]
[1.00400000e+03 9.96000000e+02 8.17272462e-01 1.26000000e+02]
[257.         314.           0.82087826   2.        ]
[1.01300000e+03 1.00700000e+03 8.21065503e-01 8.90000000e+01]
[1.01700000e+03 7.75000000e+02 8.26942694e-01 1.28000000e+02]
[1.02000000e+03 1.71000000e+02 8.28996492e-01 1.29000000e+02]
[1.02100000e+03 1.01900000e+03 8.29006736e-01 2.18000000e+02]
[9.84000000e+02 2.01000000e+02 8.29429142e-01 1.80000000e+01]
[1.00500000e+03 1.02200000e+03 8.33873347e-01 2.28000000e+02]
[5.15000000e+02 9.97000000e+02 8.36783198e-01 1.10000000e+01]
[9.85000000e+02 1.02500000e+03 8.40682986e-01 1.30000000e+01]
[9.92000000e+02 1.00900000e+03 8.42213686e-01 6.30000000e+01]
[1.00800000e+03 1.01200000e+03 8.50931631e-01 2.00000000e+01]
[3.30000000e+02 1.02400000e+03 8.53539686e-01 2.29000000e+02]
[ 89.         419.           0.85802994   2.        ]
[1.00000000e+03 1.01100000e+03 8.63724162e-01 2.50000000e+01]
[2.81000000e+02 1.02600000e+03 8.65974933e-01 1.40000000e+01]
[101.         145.           0.87279599   2.        ]
[9.25000000e+02 6.04000000e+02 8.77776958e-01 4.00000000e+00]
[1.01600000e+03 1.01400000e+03 8.81716014e-01 1.13000000e+02]
[1.30000000e+01 1.02800000e+03 8.86416705e-01 2.10000000e+01]
[1.01800000e+03 4.70000000e+02 8.88845145e-01 3.00000000e+00]
[9.4200000e+02 1.0290000e+03 8.9261468e-01 2.3300000e+02]
[502.         623.           0.90510019   3.        ]
[574.         323.           0.90914276   3.        ]
[907.         379.           0.91251599   5.        ]
[2.88000000e+02 1.03900000e+03 9.12853896e-01 4.00000000e+00]
[3.11000000e+02 1.03800000e+03 9.16934151e-01 2.34000000e+02]
[1.20000000e+01 1.04300000e+03 9.20698242e-01 2.35000000e+02]
[8.83000000e+02 1.04400000e+03 9.22307876e-01 2.40000000e+02]
[1.03100000e+03 1.04500000e+03 9.22577242e-01 2.65000000e+02]
[1.8700000e+02 1.0320000e+03 9.2326904e-01 1.5000000e+01]
[1.0150000e+03 1.0460000e+03 9.3452712e-01 2.6700000e+02]
[3.42000000e+02 1.04000000e+03 9.49255327e-01 4.00000000e+00]
[1.0270000e+03 1.0350000e+03 9.4966019e-01 1.7600000e+02]
[1.03700000e+03 1.04800000e+03 9.55328799e-01 2.70000000e+02]
[1.02300000e+03 1.05100000e+03 9.57748154e-01 2.88000000e+02]
[1.03600000e+03 2.89000000e+02 9.61134328e-01 2.20000000e+01]
[1.04900000e+03 4.81000000e+02 9.73377803e-01 5.00000000e+00]
[1.69000000e+02 1.05300000e+03 9.73876434e-01 2.30000000e+01]
[377.         533.           0.98647094   2.        ]
[1.03000000e+03 4.97000000e+02 9.87332216e-01 3.00000000e+00]
[1.04700000e+03 1.04100000e+03 9.90481844e-01 2.00000000e+01]
[1.0520000e+03 1.0550000e+03 1.0038765e+00 3.1100000e+02]
[1.05900000e+03 1.05700000e+03 1.01308916e+00 3.14000000e+02]
[1.06000000e+03 9.36000000e+02 1.01436899e+00 3.16000000e+02]
[2.34000000e+02 1.06100000e+03 1.01654288e+00 3.17000000e+02]
[1.47000000e+02 1.05400000e+03 1.02516222e+00 6.00000000e+00]
[5.34000000e+02 1.05000000e+03 1.02673945e+00 1.77000000e+02]
[1.06200000e+03 1.05800000e+03 1.05540651e+00 3.37000000e+02]
[1.06500000e+03 3.19000000e+02 1.05838199e+00 3.38000000e+02]
[1.04200000e+03 1.06600000e+03 1.06265114e+00 3.42000000e+02]
[1064.          277.            1.08150832  178.        ]
[1068.         1067.            1.08166685  520.        ]
[1063.          316.            1.08451559    7.        ]
[1069.         1033.            1.10264792  522.        ]
[1071.         1056.            1.10320518  524.        ]
[1072.         1070.            1.10321078  531.        ]
[1073.         1034.            1.10362575  535.        ]
[ 108.         1074.            1.10601874  536.        ]
[  86.         1075.            1.16664395  537.        ]
[1076.          980.            1.22997261  539.        ]
[1077.          429.            1.38221142  540.        ]
