[  1. 216.   0.   2.]
[540. 113.   0.   3.]
[  6. 129.   0.   2.]
[ 50. 135.   0.   2.]
[543. 329.   0.   3.]
[64. 68.  0.  2.]
[545.  93.   0.   3.]
[546. 123.   0.   4.]
[547. 214.   0.   5.]
[548. 261.   0.   6.]
[ 72. 437.   0.   2.]
[74. 91.  0.  2.]
[551. 317.   0.   3.]
[ 95. 152.   0.   2.]
[553. 240.   0.   3.]
[554. 301.   0.   4.]
[555. 308.   0.   5.]
[556. 220.   0.   6.]
[307. 557.   0.   7.]
[136. 336.   0.   2.]
[178. 245.   0.   2.]
[270. 271.   0.   2.]
[561. 140.   0.   3.]
[5.58000000e+02 5.44000000e+02 2.77891309e-09 1.00000000e+01]
[1.03000000e+02 1.96000000e+02 1.49011612e-08 2.00000000e+00]
[6.10000000e+01 2.36000000e+02 2.10734243e-08 2.00000000e+00]
[7.80000000e+01 1.25000000e+02 2.10734243e-08 2.00000000e+00]
[5.66000000e+02 3.15000000e+02 2.10734243e-08 3.00000000e+00]
[9.00000000e+01 5.18000000e+02 2.10734243e-08 2.00000000e+00]
[3.00000000e+02 3.02000000e+02 2.58095683e-08 2.00000000e+00]
[3.59000000e+02 4.13000000e+02 2.98023224e-08 2.00000000e+00]
[5.69000000e+02 4.68000000e+02 3.57913921e-08 3.00000000e+00]
[2.95000000e+02 5.63000000e+02 4.08085106e-08 1.10000000e+01]
[5.52000000e+02 2.74000000e+02 6.98926413e-08 4.00000000e+00]
[8.10000000e+01 5.72000000e+02 1.00024945e-02 1.20000000e+01]
[5.62000000e+02 1.70000000e+02 1.96431492e-02 4.00000000e+00]
[5.75000000e+02 3.34000000e+02 3.34335023e-02 5.00000000e+00]
[5.76000000e+02 4.00000000e+02 4.69023642e-02 6.00000000e+00]
[3.09000000e+02 3.94000000e+02 6.09340216e-02 2.00000000e+00]
[6.30000000e+01 4.26000000e+02 6.82892709e-02 2.00000000e+00]
[4.92000000e+02 5.23000000e+02 7.17697189e-02 2.00000000e+00]
[3.46000000e+02 4.38000000e+02 7.36893813e-02 2.00000000e+00]
[21.         40.          0.07668819  2.        ]
[2.48000000e+02 5.16000000e+02 7.68726219e-02 2.00000000e+00]
[1.24000000e+02 3.05000000e+02 7.75295169e-02 2.00000000e+00]
[3.00000000e+01 2.09000000e+02 7.81536849e-02 2.00000000e+00]
[4.36000000e+02 5.22000000e+02 7.86214305e-02 2.00000000e+00]
[4.90000000e+01 2.46000000e+02 7.86906561e-02 2.00000000e+00]
[3.48000000e+02 3.67000000e+02 8.24867171e-02 2.00000000e+00]
[5.77000000e+02 2.29000000e+02 8.28389786e-02 7.00000000e+00]
[8.00000000e+01 4.09000000e+02 8.38816605e-02 2.00000000e+00]
[65.        76.         0.0844121  2.       ]
[2.90000000e+02 5.30000000e+02 8.46468815e-02 2.00000000e+00]
[5.20000000e+01 3.82000000e+02 8.49145287e-02 2.00000000e+00]
[3.66000000e+02 5.17000000e+02 8.57723241e-02 2.00000000e+00]
[3.97000000e+02 4.44000000e+02 8.67148723e-02 2.00000000e+00]
[3.39000000e+02 4.73000000e+02 8.72103252e-02 2.00000000e+00]
[2.13000000e+02 3.86000000e+02 8.85794796e-02 2.00000000e+00]
[5.89000000e+02 2.62000000e+02 9.10971021e-02 8.00000000e+00]
[3.03000000e+02 3.69000000e+02 9.50100737e-02 2.00000000e+00]
[2.18000000e+02 5.03000000e+02 9.56437237e-02 2.00000000e+00]
[2.70000000e+01 1.72000000e+02 9.57629452e-02 2.00000000e+00]
[2.51000000e+02 5.98000000e+02 9.68223711e-02 9.00000000e+00]
[1.44000000e+02 5.70000000e+02 9.81598065e-02 3.00000000e+00]
[1.65000000e+02 1.80000000e+02 1.00526231e-01 2.00000000e+00]
[2.9700000e+02 4.2700000e+02 1.0119787e-01 2.0000000e+00]
[3.96000000e+02 4.14000000e+02 1.02398712e-01 2.00000000e+00]
[1.85000000e+02 1.95000000e+02 1.03609484e-01 2.00000000e+00]
[1.43000000e+02 4.45000000e+02 1.04646094e-01 2.00000000e+00]
[1.7000000e+01 2.8300000e+02 1.0531416e-01 2.0000000e+00]
[5.73000000e+02 2.04000000e+02 1.06265271e-01 5.00000000e+00]
[2.47000000e+02 2.49000000e+02 1.08305504e-01 2.00000000e+00]
[4.10000000e+01 5.93000000e+02 1.08417915e-01 3.00000000e+00]
[6.04000000e+02 2.91000000e+02 1.08642805e-01 3.00000000e+00]
[6.20000000e+01 6.13000000e+02 1.08659767e-01 4.00000000e+00]
[1.60000000e+01 4.39000000e+02 1.12518109e-01 2.00000000e+00]
[4.00000000e+00 6.02000000e+02 1.12991632e-01 1.00000000e+01]
[1.55000000e+02 2.72000000e+02 1.17562608e-01 2.00000000e+00]
[4.15000000e+02 4.60000000e+02 1.19160629e-01 2.00000000e+00]
[4.18000000e+02 4.61000000e+02 1.19567279e-01 2.00000000e+00]
[2.90000000e+01 4.86000000e+02 1.19934212e-01 2.00000000e+00]
[4.02000000e+02 4.89000000e+02 1.20082622e-01 2.00000000e+00]
[5.74000000e+02 2.19000000e+02 1.22811587e-01 1.30000000e+01]
[6.10000000e+02 1.64000000e+02 1.23104335e-01 6.00000000e+00]
[6.22000000e+02 1.30000000e+02 1.29660198e-01 1.40000000e+01]
[3.20000000e+02 4.06000000e+02 1.32079952e-01 2.00000000e+00]
[6.14000000e+02 1.12000000e+02 1.37521242e-01 5.00000000e+00]
[4.05000000e+02 6.24000000e+02 1.37771339e-01 1.50000000e+01]
[1.40000000e+01 4.33000000e+02 1.37805148e-01 2.00000000e+00]
[3.56000000e+02 4.67000000e+02 1.46061689e-01 2.00000000e+00]
[3.80000000e+02 6.16000000e+02 1.52027859e-01 1.10000000e+01]
[ 54.         148.           0.15457617   2.        ]
[5.09000000e+02 6.21000000e+02 1.54951103e-01 3.00000000e+00]
[3.45000000e+02 5.42000000e+02 1.56193263e-01 3.00000000e+00]
[3.33000000e+02 6.26000000e+02 1.57303307e-01 6.00000000e+00]
[1.42000000e+02 6.03000000e+02 1.58532803e-01 4.00000000e+00]
[1.28000000e+02 6.34000000e+02 1.58855018e-01 7.00000000e+00]
[2.070000e+02 2.560000e+02 1.596461e-01 2.000000e+00]
[3.93000000e+02 5.11000000e+02 1.63940456e-01 2.00000000e+00]
[6.30000000e+02 5.59000000e+02 1.64112126e-01 1.30000000e+01]
[6.23000000e+02 1.21000000e+02 1.66568985e-01 7.00000000e+00]
[2.08000000e+02 6.36000000e+02 1.72600666e-01 8.00000000e+00]
[6.39000000e+02 2.98000000e+02 1.72616226e-01 1.40000000e+01]
[2.37000000e+02 4.90000000e+02 1.72939404e-01 2.00000000e+00]
[2.00000000e+01 6.37000000e+02 1.73852353e-01 3.00000000e+00]
[6.42000000e+02 1.04000000e+02 1.75533613e-01 1.50000000e+01]
[1.83000000e+02 3.47000000e+02 1.76835119e-01 2.00000000e+00]
[3.61000000e+02 5.27000000e+02 1.77114442e-01 2.00000000e+00]
[6.45000000e+02 1.90000000e+01 1.77786977e-01 1.60000000e+01]
[9.00000000e+00 5.67000000e+02 1.79811142e-01 4.00000000e+00]
[6.48000000e+02 2.05000000e+02 1.79940644e-01 1.70000000e+01]
[3.22000000e+02 6.44000000e+02 1.81657198e-01 4.00000000e+00]
[6.50000000e+02 2.64000000e+02 1.83582455e-01 1.80000000e+01]
[6.52000000e+02 2.75000000e+02 1.86279595e-01 1.90000000e+01]
[6.53000000e+02 3.00000000e+00 1.88280439e-01 2.00000000e+01]
[6.41000000e+02 1.15000000e+02 1.88734078e-01 9.00000000e+00]
[160.         173.           0.19072631   2.        ]
[6.54000000e+02 2.39000000e+02 1.91697589e-01 2.10000000e+01]
[6.55000000e+02 2.02000000e+02 1.93291837e-01 1.00000000e+01]
[6.57000000e+02 3.50000000e+01 1.94495267e-01 2.20000000e+01]
[7.00000000e+01 6.46000000e+02 1.95126812e-01 3.00000000e+00]
[3.81000000e+02 6.27000000e+02 1.95357172e-01 1.60000000e+01]
[2.21000000e+02 6.59000000e+02 1.96156459e-01 2.30000000e+01]
[6.33000000e+02 6.62000000e+02 1.96323156e-01 2.60000000e+01]
[6.49000000e+02 1.56000000e+02 1.96550628e-01 5.00000000e+00]
[1.53000000e+02 6.40000000e+02 1.97654296e-01 8.00000000e+00]
[5.92000000e+02 1.68000000e+02 2.00835613e-01 3.00000000e+00]
[5.25000000e+02 1.01000000e+02 2.01303678e-01 2.00000000e+00]
[1.76000000e+02 5.71000000e+02 2.02096832e-01 4.00000000e+00]
[6.58000000e+02 1.67000000e+02 2.06596892e-01 1.10000000e+01]
[6.69000000e+02 1.86000000e+02 2.14728357e-01 1.20000000e+01]
[6.67000000e+02 4.21000000e+02 2.16295187e-01 3.00000000e+00]
[9.20000000e+01 6.65000000e+02 2.16823749e-01 9.00000000e+00]
[2.38000000e+02 5.79000000e+02 2.17232346e-01 3.00000000e+00]
[5.15000000e+02 5.90000000e+02 2.18173895e-01 3.00000000e+00]
[1.50000000e+02 6.31000000e+02 2.18338928e-01 3.00000000e+00]
[2.22000000e+02 2.99000000e+02 2.18628732e-01 2.00000000e+00]
[1.97000000e+02 6.66000000e+02 2.20766817e-01 4.00000000e+00]
[5.60000000e+02 2.85000000e+02 2.20956839e-01 3.00000000e+00]
[6.71000000e+02 3.12000000e+02 2.22485268e-01 4.00000000e+00]
[3.18000000e+02 6.32000000e+02 2.22836656e-01 4.00000000e+00]
[154.          46.           0.22295426   2.        ]
[1.82000000e+02 6.60000000e+02 2.23419768e-01 4.00000000e+00]
[2.32000000e+02 5.80000000e+02 2.23829214e-01 3.00000000e+00]
[1.22000000e+02 4.17000000e+02 2.23919495e-01 2.00000000e+00]
[5.97000000e+02 4.71000000e+02 2.24903515e-01 3.00000000e+00]
[6.70000000e+02 2.33000000e+02 2.24996456e-01 1.30000000e+01]
[8.50000000e+01 6.56000000e+02 2.26647035e-01 3.00000000e+00]
[4.10000000e+02 6.83000000e+02 2.28555932e-01 4.00000000e+00]
[4.80000000e+02 6.61000000e+02 2.30749557e-01 1.70000000e+01]
[6.81000000e+02 6.89000000e+02 2.31660086e-01 1.90000000e+01]
[6.70000000e+01 6.75000000e+02 2.32795018e-01 4.00000000e+00]
[ 51.         100.           0.23282999   2.        ]
[4.42000000e+02 6.77000000e+02 2.34869655e-01 5.00000000e+00]
[7.5000000e+01 6.9200000e+02 2.3547233e-01 3.0000000e+00]
[3.6300000e+02 5.2100000e+02 2.3565011e-01 2.0000000e+00]
[ 97.         226.           0.23728512   2.        ]
[6.78000000e+02 3.58000000e+02 2.37426318e-01 4.00000000e+00]
[4.48000000e+02 6.90000000e+02 2.37694631e-01 2.00000000e+01]
[2.69000000e+02 6.72000000e+02 2.38483199e-01 1.00000000e+01]
[2.28000000e+02 3.57000000e+02 2.38677166e-01 2.00000000e+00]
[8.2000000e+01 6.8200000e+02 2.3915837e-01 5.0000000e+00]
[2.55000000e+02 6.94000000e+02 2.39496534e-01 4.00000000e+00]
[3.26000000e+02 5.29000000e+02 2.39519546e-01 2.00000000e+00]
[6.17000000e+02 6.15000000e+02 2.39956883e-01 4.00000000e+00]
[4.08000000e+02 5.88000000e+02 2.40327993e-01 3.00000000e+00]
[6.64000000e+02 1.99000000e+02 2.41205704e-01 6.00000000e+00]
[1.80000000e+01 2.94000000e+02 2.41594959e-01 2.00000000e+00]
[2.10000000e+02 3.83000000e+02 2.41606515e-01 2.00000000e+00]
[2.65000000e+02 6.87000000e+02 2.41690793e-01 4.00000000e+00]
[3.35000000e+02 6.93000000e+02 2.42384232e-01 6.00000000e+00]
[6.79000000e+02 6.96000000e+02 2.42505217e-01 6.00000000e+00]
[1.02000000e+02 7.02000000e+02 2.44549367e-01 5.00000000e+00]
[3.65000000e+02 4.43000000e+02 2.45332179e-01 2.00000000e+00]
[2.5900000e+02 2.2700000e+02 2.4548481e-01 2.0000000e+00]
[4.95000000e+02 6.91000000e+02 2.47580258e-01 5.00000000e+00]
[4.87000000e+02 7.04000000e+02 2.48336591e-01 5.00000000e+00]
[6.88000000e+02 5.94000000e+02 2.48465732e-01 6.00000000e+00]
[8.80000000e+01 7.17000000e+02 2.48669579e-01 7.00000000e+00]
[5.00000000e+00 7.09000000e+02 2.49077267e-01 5.00000000e+00]
[6.51000000e+02 7.19000000e+02 2.49406559e-01 9.00000000e+00]
[6.74000000e+02 5.83000000e+02 2.50034797e-01 5.00000000e+00]
[6.85000000e+02 4.81000000e+02 2.50945619e-01 4.00000000e+00]
[3.73000000e+02 9.40000000e+01 2.51311148e-01 2.00000000e+00]
[7.10000000e+01 4.62000000e+02 2.51338993e-01 2.00000000e+00]
[4.66000000e+02 6.47000000e+02 2.51851651e-01 3.00000000e+00]
[4.79000000e+02 7.23000000e+02 2.53483133e-01 3.00000000e+00]
[4.46000000e+02 7.11000000e+02 2.54333409e-01 7.00000000e+00]
[2.11000000e+02 7.01000000e+02 2.54382163e-01 6.00000000e+00]
[3.44000000e+02 4.84000000e+02 2.55122979e-01 2.00000000e+00]
[2.17000000e+02 7.27000000e+02 2.55301157e-01 8.00000000e+00]
[7.03000000e+02 3.37000000e+02 2.55320043e-01 3.00000000e+00]
[1.17000000e+02 6.99000000e+02 2.55572553e-01 1.10000000e+01]
[7.08000000e+02 3.74000000e+02 2.56212503e-01 3.00000000e+00]
[5.49000000e+02 6.63000000e+02 2.56217603e-01 3.20000000e+01]
[6.35000000e+02 7.21000000e+02 2.58475098e-01 9.00000000e+00]
[3.84000000e+02 7.22000000e+02 2.58787168e-01 5.00000000e+00]
[7.14000000e+02 3.40000000e+02 2.59336183e-01 3.00000000e+00]
[3.90000000e+02 7.00000000e+02 2.59421332e-01 3.00000000e+00]
[1.06000000e+02 7.18000000e+02 2.60977678e-01 8.00000000e+00]
[3.4300000e+02 7.2900000e+02 2.6123039e-01 3.0000000e+00]
[3.27000000e+02 7.28000000e+02 2.61690104e-01 7.00000000e+00]
[3.28000000e+02 6.98000000e+02 2.62233929e-01 2.10000000e+01]
[9.80000000e+01 7.16000000e+02 2.62240037e-01 6.00000000e+00]
[2.66000000e+02 7.42000000e+02 2.62463783e-01 2.20000000e+01]
[4.69000000e+02 7.44000000e+02 2.63059051e-01 2.30000000e+01]
[139.         253.           0.26386305   2.        ]
[1.09000000e+02 6.68000000e+02 2.63942028e-01 5.00000000e+00]
[2.80000000e+01 6.19000000e+02 2.64433607e-01 3.00000000e+00]
[7.31000000e+02 1.16000000e+02 2.64709244e-01 4.00000000e+00]
[6.80000000e+02 3.91000000e+02 2.64719848e-01 5.00000000e+00]
[7.2600000e+02 5.0100000e+02 2.6506742e-01 4.0000000e+00]
[5.70000000e+01 4.85000000e+02 2.66157037e-01 2.00000000e+00]
[7.37000000e+02 3.20000000e+01 2.67549437e-01 4.00000000e+00]
[5.60000000e+01 7.36000000e+02 2.67607529e-01 6.00000000e+00]
[9.60000000e+01 7.12000000e+02 2.69064609e-01 6.00000000e+00]
[6.73000000e+02 7.39000000e+02 2.70129917e-01 1.10000000e+01]
[2.44000000e+02 6.97000000e+02 2.71926977e-01 5.00000000e+00]
[5.37000000e+02 5.95000000e+02 2.73878282e-01 3.00000000e+00]
[3.76000000e+02 7.50000000e+02 2.75221327e-01 6.00000000e+00]
[3.24000000e+02 7.34000000e+02 2.75817071e-01 3.30000000e+01]
[6.60000000e+01 5.64000000e+02 2.76228465e-01 3.00000000e+00]
[4.49000000e+02 5.82000000e+02 2.76732071e-01 3.00000000e+00]
[3.80000000e+01 7.47000000e+02 2.76832962e-01 6.00000000e+00]
[7.52000000e+02 7.51000000e+02 2.77043564e-01 6.00000000e+00]
[3.89000000e+02 7.10000000e+02 2.77492198e-01 7.00000000e+00]
[6.18000000e+02 5.99000000e+02 2.78079006e-01 4.00000000e+00]
[4.40000000e+01 4.52000000e+02 2.79512644e-01 2.00000000e+00]
[7.06000000e+02 6.38000000e+02 2.79592181e-01 8.00000000e+00]
[5.80000000e+01 7.56000000e+02 2.79914582e-01 1.20000000e+01]
[3.30000000e+01 6.84000000e+02 2.80264386e-01 3.00000000e+00]
[4.57000000e+02 7.30000000e+02 2.80305856e-01 9.00000000e+00]
[8.30000000e+01 7.65000000e+02 2.80720708e-01 8.00000000e+00]
[252.         194.           0.28095781   2.        ]
[7.25000000e+02 4.94000000e+02 2.81053321e-01 4.00000000e+00]
[2.06000000e+02 7.20000000e+02 2.81343365e-01 1.00000000e+01]
[0.00000000e+00 3.31000000e+02 2.81441442e-01 2.00000000e+00]
[2.60000000e+01 7.55000000e+02 2.81859275e-01 7.00000000e+00]
[3.52000000e+02 7.74000000e+02 2.82463923e-01 5.00000000e+00]
[6.7600000e+02 7.7100000e+02 2.8257232e-01 1.1000000e+01]
[4.04000000e+02 7.64000000e+02 2.83007112e-01 7.00000000e+00]
[1.20000000e+01 7.38000000e+02 2.84350051e-01 4.00000000e+00]
[4.63000000e+02 7.41000000e+02 2.84508818e-01 8.00000000e+00]
[5.38000000e+02 3.49000000e+02 2.84846829e-01 2.00000000e+00]
[4.35000000e+02 7.68000000e+02 2.84928171e-01 9.00000000e+00]
[2.67000000e+02 7.78000000e+02 2.85034125e-01 6.00000000e+00]
[7.53000000e+02 3.87000000e+02 2.85955048e-01 5.00000000e+00]
[3.40000000e+01 7.86000000e+02 2.86188058e-01 6.00000000e+00]
[2.30000000e+01 7.43000000e+02 2.86378052e-01 7.00000000e+00]
[7.05000000e+02 7.57000000e+02 2.87449589e-01 8.00000000e+00]
[1.58000000e+02 7.35000000e+02 2.88463716e-01 1.00000000e+01]
[3.53000000e+02 7.77000000e+02 2.88664458e-01 8.00000000e+00]
[1.6100000e+02 7.8400000e+02 2.9174276e-01 1.0000000e+01]
[4.72000000e+02 5.08000000e+02 2.92350718e-01 2.00000000e+00]
[1.10000000e+02 7.76000000e+02 2.92493294e-01 3.00000000e+00]
[4.22000000e+02 6.29000000e+02 2.93258115e-01 3.00000000e+00]
[2.96000000e+02 7.89000000e+02 2.93340685e-01 9.00000000e+00]
[1.89000000e+02 7.46000000e+02 2.94117441e-01 3.00000000e+00]
[3.71000000e+02 7.69000000e+02 2.94235634e-01 1.30000000e+01]
[3.50000000e+02 7.88000000e+02 2.94503641e-01 8.00000000e+00]
[5.91000000e+02 7.72000000e+02 2.94671703e-01 1.00000000e+01]
[4.96000000e+02 7.95000000e+02 2.94823674e-01 4.00000000e+00]
[6.01000000e+02 5.78000000e+02 2.94886262e-01 4.00000000e+00]
[4.12000000e+02 7.49000000e+02 2.96072168e-01 5.00000000e+00]
[7.48000000e+02 5.86000000e+02 2.96164001e-01 5.00000000e+00]
[6.07000000e+02 8.01000000e+02 2.97024875e-01 6.00000000e+00]
[1.05000000e+02 6.09000000e+02 2.97553319e-01 3.00000000e+00]
[5.35000000e+02 7.80000000e+02 2.97590382e-01 8.00000000e+00]
[1.27000000e+02 7.82000000e+02 2.97936131e-01 9.00000000e+00]
[4.32000000e+02 8.02000000e+02 2.98700423e-01 5.00000000e+00]
[3.98000000e+02 1.87000000e+02 2.98704415e-01 2.00000000e+00]
[7.63000000e+02 4.54000000e+02 3.00204207e-01 7.00000000e+00]
[2.93000000e+02 7.91000000e+02 3.00864655e-01 9.00000000e+00]
[4.76000000e+02 7.90000000e+02 3.00936339e-01 1.10000000e+01]
[1.74000000e+02 7.32000000e+02 3.02723275e-01 1.20000000e+01]
[4.78000000e+02 8.13000000e+02 3.03179087e-01 1.20000000e+01]
[7.54000000e+02 4.99000000e+02 3.04063845e-01 7.00000000e+00]
[7.15000000e+02 7.75000000e+02 3.04653751e-01 1.50000000e+01]
[5.13000000e+02 7.59000000e+02 3.05736062e-01 7.00000000e+00]
[8.16000000e+02 7.62000000e+02 3.05927186e-01 1.00000000e+01]
[1.63000000e+02 5.85000000e+02 3.05960946e-01 3.00000000e+00]
[3.10000000e+01 7.98000000e+02 3.05988222e-01 1.40000000e+01]
[7.66000000e+02 6.86000000e+02 3.06821106e-01 1.70000000e+01]
[7.94000000e+02 5.26000000e+02 3.08155819e-01 4.00000000e+00]
[7.99000000e+02 8.08000000e+02 3.09491338e-01 1.70000000e+01]
[1.84000000e+02 8.12000000e+02 3.09731034e-01 1.00000000e+01]
[7.40000000e+02 8.15000000e+02 3.10097796e-01 1.50000000e+01]
[8.00000000e+02 5.24000000e+02 3.10808368e-01 1.10000000e+01]
[7.85000000e+02 3.62000000e+02 3.11522329e-01 7.00000000e+00]
[5.30000000e+01 4.56000000e+02 3.11629999e-01 2.00000000e+00]
[4.93000000e+02 8.03000000e+02 3.12121113e-01 6.00000000e+00]
[2.24000000e+02 8.21000000e+02 3.13065212e-01 1.50000000e+01]
[3.21000000e+02 8.27000000e+02 3.13237021e-01 1.20000000e+01]
[7.87000000e+02 8.24000000e+02 3.13354695e-01 2.30000000e+01]
[2.31000000e+02 8.18000000e+02 3.13457459e-01 8.00000000e+00]
[8.70000000e+01 8.14000000e+02 3.14095629e-01 1.30000000e+01]
[2.15000000e+02 8.26000000e+02 3.14974337e-01 1.60000000e+01]
[3.32000000e+02 7.45000000e+02 3.16440315e-01 2.40000000e+01]
[1.59000000e+02 8.32000000e+02 3.16534992e-01 1.30000000e+01]
[2.92000000e+02 8.10000000e+02 3.16656068e-01 3.00000000e+00]
[2.60000000e+02 7.92000000e+02 3.16804055e-01 1.10000000e+01]
[4.50000000e+02 8.22000000e+02 3.17481768e-01 1.80000000e+01]
[1.19000000e+02 8.33000000e+02 3.18425683e-01 2.40000000e+01]
[8.07000000e+02 7.79000000e+02 3.18835868e-01 1.90000000e+01]
[3.72000000e+02 7.24000000e+02 3.19186237e-01 3.00000000e+00]
[7.81000000e+02 4.24000000e+02 3.19254329e-01 5.00000000e+00]
[ 89.         257.           0.32056264   2.        ]
[6.28000000e+02 6.95000000e+02 3.20629664e-01 4.00000000e+00]
[1.11000000e+02 7.97000000e+02 3.20903319e-01 4.00000000e+00]
[3.92000000e+02 6.05000000e+02 3.23562839e-01 3.00000000e+00]
[7.96000000e+02 8.41000000e+02 3.23737573e-01 2.70000000e+01]
[2.03000000e+02 8.50000000e+02 3.23989822e-01 2.80000000e+01]
[7.58000000e+02 8.31000000e+02 3.24191823e-01 1.80000000e+01]
[5.28000000e+02 8.38000000e+02 3.24558281e-01 1.40000000e+01]
[2.00000000e+02 8.42000000e+02 3.24949078e-01 2.50000000e+01]
[8.06000000e+02 1.90000000e+02 3.24971805e-01 4.00000000e+00]
[2.50000000e+02 8.48000000e+02 3.26219212e-01 5.00000000e+00]
[5.20000000e+02 8.19000000e+02 3.27216145e-01 1.10000000e+01]
[ 43.         137.           0.32749049   2.        ]
[4.82000000e+02 8.28000000e+02 3.27653794e-01 8.00000000e+00]
[3.7800000e+02 8.4300000e+02 3.2775799e-01 2.0000000e+01]
[193.         279.           0.32856992   2.        ]
[8.23000000e+02 4.91000000e+02 3.29083989e-01 5.00000000e+00]
[8.05000000e+02 8.60000000e+02 3.29189581e-01 2.60000000e+01]
[5.96000000e+02 6.20000000e+02 3.29727082e-01 4.00000000e+00]
[7.90000000e+01 8.25000000e+02 3.30236411e-01 1.10000000e+01]
[2.58000000e+02 8.55000000e+02 3.30579544e-01 5.00000000e+00]
[8.35000000e+02 2.80000000e+02 3.32952237e-01 1.40000000e+01]
[4.65000000e+02 8.62000000e+02 3.38856475e-01 6.00000000e+00]
[1.41000000e+02 8.52000000e+02 3.39092656e-01 1.90000000e+01]
[8.20000000e+02 4.41000000e+02 3.39294665e-01 4.00000000e+00]
[3.70000000e+01 8.59000000e+02 3.39602847e-01 9.00000000e+00]
[1.51000000e+02 5.00000000e+02 3.41113121e-01 2.00000000e+00]
[8.11000000e+02 7.60000000e+02 3.42562533e-01 4.00000000e+01]
[3.42000000e+02 8.45000000e+02 3.42881078e-01 6.00000000e+00]
[2.86000000e+02 7.93000000e+02 3.43162512e-01 3.00000000e+00]
[1.00000000e+01 8.17000000e+02 3.43496765e-01 1.60000000e+01]
[1.32000000e+02 8.44000000e+02 3.44278118e-01 4.00000000e+00]
[2.42000000e+02 4.30000000e+02 3.44442255e-01 2.00000000e+00]
[6.11000000e+02 8.66000000e+02 3.44748848e-01 7.00000000e+00]
[4.80000000e+01 8.76000000e+02 3.45195461e-01 1.70000000e+01]
[4.51000000e+02 8.40000000e+02 3.45208224e-01 1.20000000e+01]
[8.65000000e+02 8.51000000e+02 3.45725019e-01 3.90000000e+01]
[8.36000000e+02 8.57000000e+02 3.46243776e-01 2.70000000e+01]
[5.68000000e+02 5.81000000e+02 3.47158391e-01 4.00000000e+00]
[1.46000000e+02 8.34000000e+02 3.47401667e-01 9.00000000e+00]
[2.88000000e+02 8.83000000e+02 3.48000519e-01 2.80000000e+01]
[4.01000000e+02 8.82000000e+02 3.48836489e-01 4.00000000e+01]
[2.20000000e+01 8.47000000e+02 3.49353667e-01 5.00000000e+00]
[7.83000000e+02 8.56000000e+02 3.49604894e-01 7.00000000e+00]
[2.41000000e+02 8.89000000e+02 3.50663601e-01 8.00000000e+00]
[5.90000000e+01 8.37000000e+02 3.50795687e-01 2.50000000e+01]
[8.53000000e+02 8.71000000e+02 3.51377846e-01 2.30000000e+01]
[8.39000000e+02 4.20000000e+02 3.52187438e-01 4.00000000e+00]
[8.70000000e+02 4.40000000e+02 3.53764275e-01 5.00000000e+00]
[4.0300000e+02 8.6800000e+02 3.5500052e-01 7.0000000e+00]
[8.09000000e+02 8.86000000e+02 3.55286665e-01 3.30000000e+01]
[8.46000000e+02 4.97000000e+02 3.55834994e-01 3.00000000e+00]
[8.58000000e+02 5.87000000e+02 3.56127088e-01 4.00000000e+00]
[5.0500000e+02 8.4900000e+02 3.5626243e-01 4.0000000e+00]
[5.34000000e+02 8.97000000e+02 3.56563025e-01 4.00000000e+00]
[1.50000000e+01 7.33000000e+02 3.57800982e-01 4.00000000e+00]
[2.73000000e+02 8.98000000e+02 3.58011651e-01 5.00000000e+00]
[2.3000000e+02 5.1200000e+02 3.5867836e-01 2.0000000e+00]
[2.50000000e+01 8.63000000e+02 3.58845602e-01 2.70000000e+01]
[3.38000000e+02 8.75000000e+02 3.58933487e-01 4.00000000e+00]
[8.30000000e+02 8.96000000e+02 3.59987352e-01 3.90000000e+01]
[7.07000000e+02 1.38000000e+02 3.60493596e-01 3.00000000e+00]
[8.9200000e+02 8.9300000e+02 3.6061395e-01 2.7000000e+01]
[4.64000000e+02 8.95000000e+02 3.63315867e-01 8.00000000e+00]
[8.79000000e+02 9.04000000e+02 3.63739925e-01 3.40000000e+01]
[3.23000000e+02 9.00000000e+02 3.64636341e-01 5.00000000e+00]
[5.32000000e+02 9.11000000e+02 3.64706014e-01 6.00000000e+00]
[2.76000000e+02 8.73000000e+02 3.65118098e-01 4.10000000e+01]
[8.77000000e+02 4.28000000e+02 3.65903651e-01 5.00000000e+00]
[3.75000000e+02 8.87000000e+02 3.66533793e-01 4.10000000e+01]
[1.88000000e+02 8.90000000e+02 3.67022079e-01 9.00000000e+00]
[4.75000000e+02 8.69000000e+02 3.67045306e-01 2.00000000e+01]
[6.43000000e+02 8.85000000e+02 3.67842736e-01 1.10000000e+01]
[9.08000000e+02 9.10000000e+02 3.69399737e-01 6.10000000e+01]
[9.17000000e+02 9.06000000e+02 3.72462084e-01 5.90000000e+01]
[8.81000000e+02 5.50000000e+01 3.72865412e-01 1.30000000e+01]
[8.00000000e+00 9.02000000e+02 3.73078313e-01 6.00000000e+00]
[2.54000000e+02 8.99000000e+02 3.73952985e-01 5.00000000e+00]
[3.6000000e+02 9.2000000e+02 3.7542592e-01 6.0000000e+01]
[8.61000000e+02 9.24000000e+02 3.75958472e-01 6.20000000e+01]
[1.45000000e+02 9.12000000e+02 3.76227711e-01 7.00000000e+00]
[2.81000000e+02 9.18000000e+02 3.76554816e-01 1.20000000e+01]
[1.49000000e+02 9.14000000e+02 3.76696886e-01 6.00000000e+00]
[8.04000000e+02 9.15000000e+02 3.77402196e-01 4.60000000e+01]
[3.70000000e+02 7.70000000e+02 3.77543436e-01 4.00000000e+00]
[8.84000000e+02 7.67000000e+02 3.77818656e-01 6.00000000e+00]
[1.33000000e+02 9.27000000e+02 3.80896773e-01 1.30000000e+01]
[9.21000000e+02 3.99000000e+02 3.81191566e-01 1.40000000e+01]
[8.94000000e+02 9.25000000e+02 3.81229329e-01 6.70000000e+01]
[8.80000000e+02 9.13000000e+02 3.81294445e-01 5.80000000e+01]
[3.25000000e+02 9.32000000e+02 3.82077049e-01 1.40000000e+01]
[4.59000000e+02 9.30000000e+02 3.82208131e-01 5.00000000e+00]
[9.0700000e+02 8.5400000e+02 3.8311661e-01 2.8000000e+01]
[3.85000000e+02 9.29000000e+02 3.83138969e-01 4.70000000e+01]
[2.84000000e+02 5.50000000e+02 3.83962802e-01 3.00000000e+00]
[6.25000000e+02 4.83000000e+02 3.84162456e-01 3.00000000e+00]
[4.25000000e+02 9.33000000e+02 3.84698837e-01 1.50000000e+01]
[6.00000000e+01 9.42000000e+02 3.85387404e-01 1.60000000e+01]
[9.90000000e+01 8.67000000e+02 3.89005848e-01 1.50000000e+01]
[9.19000000e+02 9.39000000e+02 3.91073693e-01 1.08000000e+02]
[3.95000000e+02 9.44000000e+02 3.91299714e-01 1.60000000e+01]
[4.50000000e+01 4.34000000e+02 3.91397485e-01 2.00000000e+00]
[9.22000000e+02 6.90000000e+01 3.92330153e-01 7.00000000e+00]
[3.3000000e+02 8.8800000e+02 3.9242861e-01 6.0000000e+00]
[9.4100000e+02 9.2300000e+02 3.9412497e-01 8.0000000e+00]
[5.39000000e+02 4.11000000e+02 3.96596596e-01 2.00000000e+00]
[2.87000000e+02 9.38000000e+02 3.97022453e-01 2.90000000e+01]
[7.00000000e+00 9.45000000e+02 3.97284187e-01 1.09000000e+02]
[3.68000000e+02 8.74000000e+02 3.99041206e-01 7.00000000e+00]
[4.98000000e+02 9.31000000e+02 3.99512882e-01 7.00000000e+00]
[1.8100000e+02 9.5400000e+02 3.9999647e-01 8.0000000e+00]
[9.09000000e+02 8.64000000e+02 4.01538608e-01 1.20000000e+01]
[1.57000000e+02 9.48000000e+02 4.01922566e-01 8.00000000e+00]
[5.41000000e+02 9.35000000e+02 4.02498906e-01 6.10000000e+01]
[4.53000000e+02 9.50000000e+02 4.02689171e-01 9.00000000e+00]
[4.16000000e+02 5.19000000e+02 4.02711394e-01 2.00000000e+00]
[9.36000000e+02 3.64000000e+02 4.02817372e-01 1.50000000e+01]
[9.01000000e+02 9.05000000e+02 4.03485135e-01 8.00000000e+00]
[3.60000000e+01 9.55000000e+02 4.03676572e-01 8.00000000e+00]
[9.43000000e+02 6.12000000e+02 4.04094651e-01 1.90000000e+01]
[9.28000000e+02 9.49000000e+02 4.04813474e-01 1.20000000e+01]
[9.65000000e+02 3.04000000e+02 4.06207695e-01 2.00000000e+01]
[4.31000000e+02 9.66000000e+02 4.06268126e-01 1.30000000e+01]
[8.40000000e+01 9.57000000e+02 4.07801275e-01 1.30000000e+01]
[5.10000000e+02 9.46000000e+02 4.07837444e-01 1.70000000e+01]
[8.290000e+02 8.910000e+02 4.094459e-01 2.700000e+01]
[2.00000000e+00 9.34000000e+02 4.10016199e-01 6.80000000e+01]
[8.72000000e+02 9.56000000e+02 4.14906414e-01 1.00000000e+01]
[3.51000000e+02 5.84000000e+02 4.15594455e-01 3.00000000e+00]
[9.69000000e+02 6.06000000e+02 4.18253753e-01 1.50000000e+01]
[7.3000000e+01 9.5200000e+02 4.1908138e-01 3.0000000e+01]
[9.37000000e+02 9.51000000e+02 4.19314157e-01 7.00000000e+00]
[9.60000000e+02 5.14000000e+02 4.19686869e-01 1.00000000e+01]
[9.77000000e+02 2.78000000e+02 4.21155523e-01 8.00000000e+00]
[5.31000000e+02 9.75000000e+02 4.24190354e-01 1.60000000e+01]
[4.55000000e+02 9.72000000e+02 4.25059116e-01 6.90000000e+01]
[9.58000000e+02 9.78000000e+02 4.28459141e-01 1.80000000e+01]
[9.71000000e+02 2.82000000e+02 4.28689869e-01 2.80000000e+01]
[4.74000000e+02 9.81000000e+02 4.29044368e-01 7.00000000e+01]
[9.26000000e+02 8.78000000e+02 4.30753591e-01 9.00000000e+00]
[2.34000000e+02 9.62000000e+02 4.30984165e-01 1.60000000e+01]
[9.83000000e+02 2.68000000e+02 4.31025275e-01 2.90000000e+01]
[1.98000000e+02 9.84000000e+02 4.31602323e-01 7.10000000e+01]
[6.00000000e+02 9.53000000e+02 4.32054811e-01 1.11000000e+02]
[9.87000000e+02 3.13000000e+02 4.32723714e-01 3.00000000e+01]
[1.10000000e+01 9.67000000e+02 4.34065075e-01 2.10000000e+01]
[9.79000000e+02 9.90000000e+02 4.35248473e-01 3.80000000e+01]
[2.23000000e+02 9.89000000e+02 4.35623722e-01 1.12000000e+02]
[6.08000000e+02 9.74000000e+02 4.36647668e-01 5.00000000e+00]
[4.07000000e+02 9.70000000e+02 4.37131336e-01 1.80000000e+01]
[3.88000000e+02 9.61000000e+02 4.37480853e-01 3.00000000e+00]
[1.07000000e+02 9.96000000e+02 4.38349459e-01 4.00000000e+00]
[9.63000000e+02 9.91000000e+02 4.41685854e-01 2.90000000e+01]
[3.79000000e+02 9.86000000e+02 4.45306126e-01 1.70000000e+01]
[9.59000000e+02 9.76000000e+02 4.46981113e-01 9.10000000e+01]
[1.75000000e+02 9.93000000e+02 4.50605579e-01 1.13000000e+02]
[9.73000000e+02 1.00100000e+03 4.50642397e-01 1.23000000e+02]
[4.70000000e+02 9.95000000e+02 4.52095668e-01 1.90000000e+01]
[9.82000000e+02 9.16000000e+02 4.53670856e-01 2.70000000e+01]
[1.20000000e+02 9.94000000e+02 4.55794406e-01 6.00000000e+00]
[1.26000000e+02 4.88000000e+02 4.62041749e-01 2.00000000e+00]
[3.06000000e+02 1.00200000e+03 4.64018073e-01 1.24000000e+02]
[9.68000000e+02 9.92000000e+02 4.65316034e-01 5.10000000e+01]
[1.00400000e+03 9.40000000e+02 4.65975522e-01 3.00000000e+01]
[1.34000000e+02 1.00900000e+03 4.70606515e-01 3.10000000e+01]
[9.85000000e+02 1.00700000e+03 4.70775388e-01 1.33000000e+02]
[4.70000000e+01 9.88000000e+02 4.72234849e-01 7.20000000e+01]
[3.90000000e+01 1.00300000e+03 4.74799961e-01 2.00000000e+01]
[5.36000000e+02 9.80000000e+02 4.76105712e-01 1.70000000e+01]
[9.03000000e+02 1.01100000e+03 4.79217185e-01 1.35000000e+02]
[1.00000000e+03 1.92000000e+02 4.79260211e-01 9.20000000e+01]
[1.14000000e+02 1.01200000e+03 4.80178176e-01 7.30000000e+01]
[9.64000000e+02 3.10000000e+02 4.84979785e-01 9.00000000e+00]
[1.77000000e+02 1.01300000e+03 4.85008977e-01 2.10000000e+01]
[5.06000000e+02 1.01400000e+03 4.89709903e-01 1.80000000e+01]
[5.65000000e+02 1.00800000e+03 4.90804507e-01 5.30000000e+01]
[1.01900000e+03 1.01800000e+03 4.92750247e-01 3.00000000e+01]
[1.01600000e+03 1.01000000e+03 4.94930975e-01 1.23000000e+02]
[2.63000000e+02 1.01700000e+03 4.95566146e-01 7.40000000e+01]
[1.00600000e+03 1.02200000e+03 4.99466274e-01 3.20000000e+01]
[9.98000000e+02 1.31000000e+02 4.99878712e-01 3.00000000e+01]
[1.0260000e+03 1.6200000e+02 5.0357607e-01 3.1000000e+01]
[9.97000000e+02 1.02400000e+03 5.05325538e-01 7.80000000e+01]
[1.0270000e+03 2.4300000e+02 5.0695755e-01 3.2000000e+01]
[1.02300000e+03 3.54000000e+02 5.07002454e-01 1.24000000e+02]
[1.03000000e+03 2.35000000e+02 5.07368611e-01 1.25000000e+02]
[1.02900000e+03 1.03100000e+03 5.08290249e-01 1.57000000e+02]
[1.01500000e+03 9.99000000e+02 5.10212822e-01 1.52000000e+02]
[1.0050000e+03 1.0280000e+03 5.1811514e-01 8.4000000e+01]
[7.6100000e+02 7.7300000e+02 5.2221977e-01 5.0000000e+00]
[1.66000000e+02 1.03400000e+03 5.26233329e-01 8.50000000e+01]
[1.03300000e+03 1.02500000e+03 5.26270364e-01 1.84000000e+02]
[3.5500000e+02 1.0360000e+03 5.3338811e-01 8.6000000e+01]
[9.47000000e+02 1.02000000e+03 5.36175009e-01 2.00000000e+01]
[1.03700000e+03 4.20000000e+01 5.37609983e-01 1.85000000e+02]
[1.04000000e+03 3.77000000e+02 5.38508532e-01 1.86000000e+02]
[1.04100000e+03 1.08000000e+02 5.39060949e-01 1.87000000e+02]
[1.04200000e+03 4.77000000e+02 5.39531787e-01 1.88000000e+02]
[1.03200000e+03 1.03500000e+03 5.46481612e-01 1.62000000e+02]
[1.04400000e+03 2.25000000e+02 5.47266261e-01 1.63000000e+02]
[4.23000000e+02 1.04300000e+03 5.47725103e-01 1.89000000e+02]
[1.04500000e+03 1.18000000e+02 5.47929389e-01 1.64000000e+02]
[507.         212.           0.55235493   2.        ]
[1.91000000e+02 1.03800000e+03 5.65707282e-01 8.70000000e+01]
[1.02100000e+03 1.04700000e+03 5.67364631e-01 2.17000000e+02]
[1.03900000e+03 1.04600000e+03 5.76086654e-01 2.09000000e+02]
[8.60000000e+01 1.05100000e+03 5.81673184e-01 2.10000000e+02]
[4.19000000e+02 1.05200000e+03 5.83195796e-01 2.11000000e+02]
[3.16000000e+02 1.04900000e+03 6.12164874e-01 8.80000000e+01]
[1.71000000e+02 1.05300000e+03 6.14396863e-01 2.12000000e+02]
[1.69000000e+02 1.05400000e+03 6.40561381e-01 8.90000000e+01]
[5.0400000e+02 1.0500000e+03 6.4066976e-01 2.1800000e+02]
[3.19000000e+02 1.05700000e+03 6.49185048e-01 2.19000000e+02]
[1.04800000e+03 1.05600000e+03 6.52079081e-01 9.10000000e+01]
[4.58000000e+02 1.05900000e+03 6.55418198e-01 9.20000000e+01]
[1.47000000e+02 1.05500000e+03 6.77798207e-01 2.13000000e+02]
[7.70000000e+01 1.05800000e+03 6.81926432e-01 2.20000000e+02]
[1.06000000e+03 3.41000000e+02 6.88784322e-01 9.30000000e+01]
[1.79000000e+02 1.06100000e+03 6.89624129e-01 2.14000000e+02]
[5.02000000e+02 1.06300000e+03 6.98300665e-01 9.40000000e+01]
[2.7700000e+02 1.0640000e+03 7.2762772e-01 2.1500000e+02]
[1.06200000e+03 1.06500000e+03 7.29564411e-01 3.14000000e+02]
[1.06700000e+03 7.13000000e+02 7.34940017e-01 3.16000000e+02]
[1.06800000e+03 4.47000000e+02 7.35116386e-01 3.17000000e+02]
[1.30000000e+01 1.06600000e+03 7.42076282e-01 2.16000000e+02]
[2.89000000e+02 1.07000000e+03 7.71079657e-01 2.17000000e+02]
[1.071000e+03 1.069000e+03 7.742193e-01 5.340000e+02]
[1.07200000e+03 3.14000000e+02 8.37444945e-01 5.35000000e+02]
[5.33000000e+02 1.07300000e+03 8.41137431e-01 5.36000000e+02]
[3.11000000e+02 1.07400000e+03 8.91542271e-01 5.37000000e+02]
[1.07500000e+03 4.29000000e+02 9.55414758e-01 5.38000000e+02]
[2.01000000e+02 1.07600000e+03 9.55847147e-01 5.39000000e+02]
[2.40000000e+01 1.07700000e+03 1.02805583e+00 5.40000000e+02]
