[  1. 216.   0.   2.]
[540. 113.   0.   3.]
[  6. 129.   0.   2.]
[ 50. 135.   0.   2.]
[543. 329.   0.   3.]
[64. 68.  0.  2.]
[545.  93.   0.   3.]
[546. 123.   0.   4.]
[547. 214.   0.   5.]
[548. 261.   0.   6.]
[ 72. 437.   0.   2.]
[74. 91.  0.  2.]
[551. 317.   0.   3.]
[ 95. 152.   0.   2.]
[553. 240.   0.   3.]
[554. 301.   0.   4.]
[555. 308.   0.   5.]
[556. 220.   0.   6.]
[307. 557.   0.   7.]
[136. 336.   0.   2.]
[178. 245.   0.   2.]
[270. 271.   0.   2.]
[561. 400.   0.   3.]
[5.58000000e+02 5.44000000e+02 2.77891309e-09 1.00000000e+01]
[1.03000000e+02 1.96000000e+02 1.49011612e-08 2.00000000e+00]
[6.10000000e+01 2.36000000e+02 2.10734243e-08 2.00000000e+00]
[7.80000000e+01 1.25000000e+02 2.10734243e-08 2.00000000e+00]
[5.66000000e+02 3.15000000e+02 2.10734243e-08 3.00000000e+00]
[9.00000000e+01 5.18000000e+02 2.10734243e-08 2.00000000e+00]
[1.40000000e+02 3.80000000e+02 2.10734243e-08 2.00000000e+00]
[3.00000000e+02 3.02000000e+02 2.58095683e-08 2.00000000e+00]
[3.59000000e+02 4.13000000e+02 2.98023224e-08 2.00000000e+00]
[5.70000000e+02 4.68000000e+02 3.57913921e-08 3.00000000e+00]
[8.10000000e+01 2.95000000e+02 4.08085106e-08 2.00000000e+00]
[5.52000000e+02 2.74000000e+02 6.98926413e-08 4.00000000e+00]
[5.73000000e+02 5.63000000e+02 2.10052023e-02 1.20000000e+01]
[3.09000000e+02 3.94000000e+02 6.09340216e-02 2.00000000e+00]
[6.30000000e+01 4.26000000e+02 6.82892709e-02 2.00000000e+00]
[4.92000000e+02 5.23000000e+02 7.17697189e-02 2.00000000e+00]
[3.46000000e+02 4.38000000e+02 7.36893813e-02 2.00000000e+00]
[21.         40.          0.07668819  2.        ]
[2.48000000e+02 5.16000000e+02 7.68726219e-02 2.00000000e+00]
[1.24000000e+02 3.05000000e+02 7.75295169e-02 2.00000000e+00]
[3.00000000e+01 2.09000000e+02 7.81536849e-02 2.00000000e+00]
[5.69000000e+02 5.62000000e+02 7.85725969e-02 5.00000000e+00]
[4.36000000e+02 5.22000000e+02 7.86214305e-02 2.00000000e+00]
[4.90000000e+01 2.46000000e+02 7.86906561e-02 2.00000000e+00]
[3.48000000e+02 3.67000000e+02 8.24867171e-02 2.00000000e+00]
[8.00000000e+01 4.09000000e+02 8.38816605e-02 2.00000000e+00]
[65.        76.         0.0844121  2.       ]
[2.90000000e+02 5.30000000e+02 8.46468815e-02 2.00000000e+00]
[41.         52.          0.08491453  2.        ]
[3.66000000e+02 5.17000000e+02 8.57723241e-02 2.00000000e+00]
[3.97000000e+02 4.44000000e+02 8.67148723e-02 2.00000000e+00]
[3.39000000e+02 4.73000000e+02 8.72103252e-02 2.00000000e+00]
[2.13000000e+02 3.86000000e+02 8.85794796e-02 2.00000000e+00]
[3.03000000e+02 3.69000000e+02 9.50100737e-02 2.00000000e+00]
[2.18000000e+02 5.03000000e+02 9.56437237e-02 2.00000000e+00]
[2.70000000e+01 1.72000000e+02 9.57629452e-02 2.00000000e+00]
[2.05000000e+02 2.51000000e+02 9.68223711e-02 2.00000000e+00]
[1.44000000e+02 5.71000000e+02 9.81598065e-02 3.00000000e+00]
[1.65000000e+02 1.80000000e+02 1.00526231e-01 2.00000000e+00]
[2.9700000e+02 4.2700000e+02 1.0119787e-01 2.0000000e+00]
[3.96000000e+02 4.14000000e+02 1.02398712e-01 2.00000000e+00]
[1.85000000e+02 1.95000000e+02 1.03609484e-01 2.00000000e+00]
[1.43000000e+02 4.45000000e+02 1.04646094e-01 2.00000000e+00]
[2.62000000e+02 5.84000000e+02 1.04795446e-01 6.00000000e+00]
[1.7000000e+01 2.8300000e+02 1.0531416e-01 2.0000000e+00]
[5.74000000e+02 2.04000000e+02 1.06265271e-01 5.00000000e+00]
[2.47000000e+02 2.49000000e+02 1.08305504e-01 2.00000000e+00]
[6.01000000e+02 2.91000000e+02 1.08642805e-01 3.00000000e+00]
[6.20000000e+01 1.12000000e+02 1.08659767e-01 2.00000000e+00]
[1.60000000e+01 4.39000000e+02 1.12518109e-01 2.00000000e+00]
[4.00000000e+00 2.21000000e+02 1.12991632e-01 2.00000000e+00]
[1.55000000e+02 2.72000000e+02 1.17562608e-01 2.00000000e+00]
[4.15000000e+02 4.60000000e+02 1.19160629e-01 2.00000000e+00]
[4.18000000e+02 4.61000000e+02 1.19567279e-01 2.00000000e+00]
[2.90000000e+01 4.86000000e+02 1.19934212e-01 2.00000000e+00]
[4.02000000e+02 4.89000000e+02 1.20082622e-01 2.00000000e+00]
[6.08000000e+02 1.64000000e+02 1.23104335e-01 6.00000000e+00]
[5.75000000e+02 1.30000000e+02 1.23205214e-01 1.30000000e+01]
[6.1000000e+02 2.0800000e+02 1.2597397e-01 4.0000000e+00]
[6.20000000e+02 2.19000000e+02 1.29179632e-01 1.40000000e+01]
[3.20000000e+02 4.06000000e+02 1.32079952e-01 2.00000000e+00]
[3.81000000e+02 4.05000000e+02 1.37771339e-01 2.00000000e+00]
[1.40000000e+01 4.33000000e+02 1.37805148e-01 2.00000000e+00]
[2.2900000e+02 6.0600000e+02 1.3788168e-01 7.0000000e+00]
[1.7000000e+02 6.2200000e+02 1.4496417e-01 1.5000000e+01]
[6.2600000e+02 3.3400000e+02 1.4595993e-01 8.0000000e+00]
[3.56000000e+02 4.67000000e+02 1.46061689e-01 2.00000000e+00]
[6.21000000e+02 2.33000000e+02 1.51592635e-01 5.00000000e+00]
[ 54.         148.           0.15457617   2.        ]
[3.18000000e+02 5.09000000e+02 1.54951103e-01 2.00000000e+00]
[2.76000000e+02 3.45000000e+02 1.56193263e-01 2.00000000e+00]
[3.33000000e+02 6.30000000e+02 1.57303307e-01 6.00000000e+00]
[1.42000000e+02 5.19000000e+02 1.58532803e-01 2.00000000e+00]
[2.070000e+02 2.560000e+02 1.596461e-01 2.000000e+00]
[5.91000000e+02 3.82000000e+02 1.62053077e-01 3.00000000e+00]
[6.11000000e+02 6.34000000e+02 1.62446827e-01 8.00000000e+00]
[6.3800000e+02 1.2800000e+02 1.6312414e-01 9.0000000e+00]
[3.93000000e+02 5.11000000e+02 1.63940456e-01 2.00000000e+00]
[1.90000000e+01 6.28000000e+02 1.65054936e-01 9.00000000e+00]
[6.19000000e+02 1.21000000e+02 1.66568985e-01 7.00000000e+00]
[2.37000000e+02 4.90000000e+02 1.72939404e-01 2.00000000e+00]
[5.59000000e+02 1.76000000e+02 1.73503045e-01 3.00000000e+00]
[2.00000000e+01 2.65000000e+02 1.73852353e-01 2.00000000e+00]
[1.83000000e+02 3.47000000e+02 1.76835119e-01 2.00000000e+00]
[3.61000000e+02 5.27000000e+02 1.77114442e-01 2.00000000e+00]
[  9.         156.           0.17981114   2.        ]
[6.39000000e+02 1.15000000e+02 1.81307701e-01 1.00000000e+01]
[2.06000000e+02 3.22000000e+02 1.81657198e-01 2.00000000e+00]
[6.41000000e+02 6.27000000e+02 1.87889687e-01 2.40000000e+01]
[2.98000000e+02 6.51000000e+02 1.90549236e-01 2.50000000e+01]
[1.60000000e+02 6.36000000e+02 1.90726305e-01 3.00000000e+00]
[7.00000000e+01 6.46000000e+02 1.95126812e-01 3.00000000e+00]
[117.        153.          0.1976543   2.       ]
[5.99000000e+02 5.72000000e+02 2.00000907e-01 5.00000000e+00]
[1.97000000e+02 5.90000000e+02 2.00835613e-01 3.00000000e+00]
[6.4500000e+02 6.5300000e+02 2.0086071e-01 5.0000000e+00]
[5.25000000e+02 6.18000000e+02 2.01303678e-01 3.00000000e+00]
[2.64000000e+02 2.75000000e+02 2.03293078e-01 2.00000000e+00]
[1.04000000e+02 6.52000000e+02 2.05745277e-01 2.60000000e+01]
[2.39000000e+02 3.28000000e+02 2.08485245e-01 2.00000000e+00]
[3.00000000e+00 6.61000000e+02 2.11602811e-01 2.70000000e+01]
[6.48000000e+02 5.67000000e+02 2.13990801e-01 5.00000000e+00]
[5.00000000e+00 6.58000000e+02 2.16084235e-01 6.00000000e+00]
[9.20000000e+01 6.55000000e+02 2.16823749e-01 3.00000000e+00]
[5.80000000e+01 2.38000000e+02 2.17232346e-01 2.00000000e+00]
[2.15000000e+02 5.15000000e+02 2.18173895e-01 2.00000000e+00]
[ 67.         150.           0.21833893   2.        ]
[2.17000000e+02 2.22000000e+02 2.18628732e-01 2.00000000e+00]
[5.88000000e+02 5.81000000e+02 2.19778892e-01 4.00000000e+00]
[6.42000000e+02 1.74000000e+02 2.19953633e-01 8.00000000e+00]
[5.60000000e+02 3.58000000e+02 2.20956839e-01 3.00000000e+00]
[154.          46.           0.22295426   2.        ]
[1.82000000e+02 6.54000000e+02 2.23419768e-01 4.00000000e+00]
[2.32000000e+02 5.78000000e+02 2.23829214e-01 3.00000000e+00]
[ 33.        122.          0.2239195   2.       ]
[1.01000000e+02 6.59000000e+02 2.24052088e-01 4.00000000e+00]
[5.95000000e+02 4.71000000e+02 2.24903515e-01 3.00000000e+00]
[6.13000000e+02 6.63000000e+02 2.27244637e-01 2.90000000e+01]
[4.21000000e+02 5.29000000e+02 2.27826448e-01 2.00000000e+00]
[8.80000000e+01 4.10000000e+02 2.28555932e-01 2.00000000e+00]
[6.74000000e+02 3.27000000e+02 2.31660086e-01 3.00000000e+00]
[6.57000000e+02 4.79000000e+02 2.32465727e-01 4.00000000e+00]
[6.4400000e+02 6.8000000e+02 2.3259157e-01 3.2000000e+01]
[ 51.         100.           0.23282999   2.        ]
[3.31000000e+02 4.42000000e+02 2.34869655e-01 2.00000000e+00]
[2.5500000e+02 6.8400000e+02 2.3547233e-01 5.0000000e+00]
[3.6300000e+02 5.2100000e+02 2.3565011e-01 2.0000000e+00]
[6.62000000e+02 4.80000000e+02 2.36512098e-01 3.00000000e+00]
[9.70000000e+01 4.85000000e+02 2.37285122e-01 2.00000000e+00]
[4.54000000e+02 6.85000000e+02 2.37694631e-01 3.30000000e+01]
[6.90000000e+02 4.48000000e+02 2.38436488e-01 4.00000000e+00]
[1.92000000e+02 2.69000000e+02 2.38483199e-01 2.00000000e+00]
[2.28000000e+02 3.57000000e+02 2.38677166e-01 2.00000000e+00]
[6.78000000e+02 6.81000000e+02 2.39703227e-01 6.00000000e+00]
[9.80000000e+01 6.14000000e+02 2.39956883e-01 3.00000000e+00]
[4.08000000e+02 4.50000000e+02 2.40327993e-01 2.00000000e+00]
[4.95000000e+02 6.65000000e+02 2.40403832e-01 7.00000000e+00]
[6.96000000e+02 4.46000000e+02 2.41483697e-01 7.00000000e+00]
[1.80000000e+01 2.94000000e+02 2.41594959e-01 2.00000000e+00]
[2.10000000e+02 3.83000000e+02 2.41606515e-01 2.00000000e+00]
[3.35000000e+02 3.38000000e+02 2.42384232e-01 2.00000000e+00]
[8.20000000e+01 6.75000000e+02 2.43004923e-01 5.00000000e+00]
[6.76000000e+02 5.92000000e+02 2.44061986e-01 5.00000000e+00]
[6.64000000e+02 1.99000000e+02 2.44199329e-01 6.00000000e+00]
[1.02000000e+02 6.88000000e+02 2.44549367e-01 6.00000000e+00]
[3.26000000e+02 3.76000000e+02 2.44712793e-01 2.00000000e+00]
[5.42000000e+02 6.33000000e+02 2.44921477e-01 4.00000000e+00]
[3.65000000e+02 4.43000000e+02 2.45332179e-01 2.00000000e+00]
[2.5900000e+02 3.5000000e+01 2.4548481e-01 2.0000000e+00]
[6.24000000e+02 5.89000000e+02 2.46342599e-01 4.00000000e+00]
[6.32000000e+02 3.91000000e+02 2.47684196e-01 3.00000000e+00]
[6.8600000e+02 7.0700000e+02 2.4781334e-01 8.0000000e+00]
[3.40000000e+02 6.99000000e+02 2.48283619e-01 8.00000000e+00]
[3.20000000e+01 4.87000000e+02 2.48336591e-01 2.00000000e+00]
[7.14000000e+02 7.50000000e+01 2.50033353e-01 9.00000000e+00]
[6.12000000e+02 6.97000000e+02 2.50839938e-01 5.00000000e+00]
[6.79000000e+02 4.81000000e+02 2.50945619e-01 4.00000000e+00]
[6.72000000e+02 8.70000000e+01 2.51272695e-01 9.00000000e+00]
[3.73000000e+02 9.40000000e+01 2.51311148e-01 2.00000000e+00]
[7.10000000e+01 4.62000000e+02 2.51338993e-01 2.00000000e+00]
[7.05000000e+02 3.71000000e+02 2.51750389e-01 6.00000000e+00]
[4.66000000e+02 4.94000000e+02 2.51851651e-01 2.00000000e+00]
[2.11000000e+02 7.04000000e+02 2.54382163e-01 6.00000000e+00]
[2.26000000e+02 7.17000000e+02 2.54937627e-01 1.00000000e+01]
[3.43000000e+02 3.44000000e+02 2.55122979e-01 2.00000000e+00]
[6.8300000e+02 7.2500000e+02 2.5586444e-01 9.0000000e+00]
[7.02000000e+02 3.74000000e+02 2.56212503e-01 3.00000000e+00]
[5.49000000e+02 3.24000000e+02 2.56217603e-01 7.00000000e+00]
[5.87000000e+02 5.26000000e+02 2.56481201e-01 3.00000000e+00]
[6.560000e+02 6.920000e+02 2.581734e-01 3.800000e+01]
[110.         168.           0.25828495   2.        ]
[6.43000000e+02 3.84000000e+02 2.58787168e-01 3.00000000e+00]
[1.20000000e+01 3.90000000e+02 2.59421332e-01 2.00000000e+00]
[8.50000000e+01 7.28000000e+02 2.61749414e-01 1.00000000e+01]
[2.66000000e+02 7.36000000e+02 2.62463783e-01 1.10000000e+01]
[3.32000000e+02 4.69000000e+02 2.63059051e-01 2.00000000e+00]
[5.70000000e+01 7.19000000e+02 2.63239232e-01 5.00000000e+00]
[6.49000000e+02 2.02000000e+02 2.63627185e-01 1.10000000e+01]
[139.         253.           0.26386305   2.        ]
[6.73000000e+02 7.18000000e+02 2.64589224e-01 8.00000000e+00]
[109.         235.           0.26695827   2.        ]
[2.27000000e+02 3.50000000e+02 2.67069085e-01 2.00000000e+00]
[1.06000000e+02 7.23000000e+02 2.67233267e-01 7.00000000e+00]
[2.80000000e+01 6.87000000e+02 2.68554724e-01 3.00000000e+00]
[7.11000000e+02 6.60000000e+02 2.68571415e-01 4.00000000e+00]
[6.71000000e+02 6.00000000e+02 2.70072728e-01 7.00000000e+00]
[2.60000000e+01 7.21000000e+02 2.70931885e-01 3.00000000e+00]
[6.3100000e+02 6.6900000e+02 2.7094242e-01 4.0000000e+00]
[7.00000000e+02 6.91000000e+02 2.71422696e-01 9.00000000e+00]
[6.82000000e+02 7.45000000e+02 2.71441151e-01 9.00000000e+00]
[4.57000000e+02 7.51000000e+02 2.71926977e-01 1.00000000e+01]
[7.27000000e+02 4.84000000e+02 2.73444856e-01 3.00000000e+00]
[7.48000000e+02 1.58000000e+02 2.73820186e-01 8.00000000e+00]
[2.24000000e+02 5.37000000e+02 2.73878282e-01 2.00000000e+00]
[2.99000000e+02 3.95000000e+02 2.74258611e-01 2.00000000e+00]
[6.95000000e+02 5.77000000e+02 2.75765007e-01 4.00000000e+00]
[6.60000000e+01 5.64000000e+02 2.76228465e-01 3.00000000e+00]
[4.49000000e+02 7.58000000e+02 2.76732071e-01 5.00000000e+00]
[5.01000000e+02 7.49000000e+02 2.77473281e-01 4.00000000e+00]
[2.96000000e+02 6.15000000e+02 2.78079006e-01 3.00000000e+00]
[6.66000000e+02 6.94000000e+02 2.78121003e-01 5.00000000e+00]
[1.1600000e+02 7.0800000e+02 2.7865996e-01 3.0000000e+00]
[4.40000000e+01 4.52000000e+02 2.79512644e-01 2.00000000e+00]
[3.80000000e+01 7.32000000e+02 2.80332939e-01 3.90000000e+01]
[7.06000000e+02 6.40000000e+02 2.80669197e-01 8.00000000e+00]
[252.         194.           0.28095781   2.        ]
[0.00000000e+00 4.91000000e+02 2.81441442e-01 2.00000000e+00]
[3.89000000e+02 7.12000000e+02 2.81921275e-01 5.00000000e+00]
[2.67000000e+02 6.07000000e+02 2.82463923e-01 3.00000000e+00]
[2.50000000e+01 4.04000000e+02 2.83007112e-01 2.00000000e+00]
[9.60000000e+01 7.31000000e+02 2.83696173e-01 4.00000000e+00]
[5.60000000e+01 6.68000000e+02 2.83977088e-01 3.00000000e+00]
[7.68000000e+02 4.63000000e+02 2.84508818e-01 3.00000000e+00]
[5.38000000e+02 3.49000000e+02 2.84846829e-01 2.00000000e+00]
[7.64000000e+02 3.37000000e+02 2.85355598e-01 4.00000000e+00]
[6.16000000e+02 5.85000000e+02 2.85440642e-01 4.00000000e+00]
[4.2200000e+02 7.6100000e+02 2.8562452e-01 5.0000000e+00]
[7.16000000e+02 7.15000000e+02 2.85801221e-01 1.00000000e+01]
[7.03000000e+02 7.70000000e+02 2.87094002e-01 7.00000000e+00]
[7.67000000e+02 4.35000000e+02 2.87239248e-01 9.00000000e+00]
[7.39000000e+02 7.53000000e+02 2.87484191e-01 1.50000000e+01]
[5.20000000e+02 7.26000000e+02 2.88664458e-01 1.10000000e+01]
[7.44000000e+02 7.47000000e+02 2.88839902e-01 6.00000000e+00]
[8.30000000e+01 7.81000000e+02 2.89434048e-01 8.00000000e+00]
[2.30000000e+01 7.80000000e+02 2.89619428e-01 1.10000000e+01]
[5.80000000e+02 7.83000000e+02 2.90469327e-01 1.70000000e+01]
[161.         260.           0.29174276   2.        ]
[7.42000000e+02 7.87000000e+02 2.92336208e-01 1.90000000e+01]
[4.72000000e+02 5.08000000e+02 2.92350718e-01 2.00000000e+00]
[7.24000000e+02 6.47000000e+02 2.92645159e-01 4.00000000e+00]
[7.60000000e+02 4.82000000e+02 2.92937675e-01 6.00000000e+00]
[6.50000000e+02 2.25000000e+02 2.93024042e-01 3.00000000e+00]
[132.         186.           0.29362038   2.        ]
[3.40000000e+01 7.85000000e+02 2.93681036e-01 7.00000000e+00]
[1.89000000e+02 7.76000000e+02 2.94117441e-01 3.00000000e+00]
[6.04000000e+02 7.46000000e+02 2.94823674e-01 5.00000000e+00]
[5.98000000e+02 5.76000000e+02 2.94886262e-01 4.00000000e+00]
[5.82000000e+02 4.12000000e+02 2.96072168e-01 3.00000000e+00]
[2.44000000e+02 6.98000000e+02 2.96950614e-01 3.00000000e+00]
[6.67000000e+02 2.63000000e+02 2.97064007e-01 3.00000000e+00]
[3.5300000e+02 7.8400000e+02 2.9708115e-01 1.2000000e+01]
[7.37000000e+02 6.93000000e+02 2.97210192e-01 1.50000000e+01]
[1.05000000e+02 8.01000000e+02 2.97553319e-01 4.00000000e+00]
[5.35000000e+02 6.29000000e+02 2.97590382e-01 3.00000000e+00]
[4.78000000e+02 7.55000000e+02 2.98700423e-01 9.00000000e+00]
[2.92000000e+02 3.98000000e+02 2.98704415e-01 2.00000000e+00]
[7.52000000e+02 7.56000000e+02 2.99059572e-01 1.10000000e+01]
[3.52000000e+02 7.92000000e+02 2.99405518e-01 5.00000000e+00]
[6.70000000e+02 7.88000000e+02 3.00098764e-01 1.90000000e+01]
[7.69000000e+02 7.33000000e+02 3.00324546e-01 4.00000000e+00]
[4.97000000e+02 7.54000000e+02 3.00936339e-01 4.00000000e+00]
[1.27000000e+02 7.90000000e+02 3.02263049e-01 2.00000000e+01]
[1.46000000e+02 7.77000000e+02 3.05736062e-01 5.00000000e+00]
[1.63000000e+02 4.40000000e+02 3.05960946e-01 2.00000000e+00]
[4.76000000e+02 8.13000000e+02 3.06222831e-01 5.00000000e+00]
[3.78000000e+02 8.06000000e+02 3.06398154e-01 4.00000000e+00]
[7.73000000e+02 2.93000000e+02 3.06706831e-01 5.00000000e+00]
[3.30000000e+02 7.96000000e+02 3.06777026e-01 8.00000000e+00]
[8.20000000e+02 3.87000000e+02 3.09678092e-01 9.00000000e+00]
[7.71000000e+02 8.10000000e+02 3.10302798e-01 8.00000000e+00]
[4.3200000e+02 8.0700000e+02 3.1079772e-01 1.0000000e+01]
[5.90000000e+01 7.20000000e+02 3.11150298e-01 1.00000000e+01]
[7.66000000e+02 7.43000000e+02 3.11389597e-01 4.10000000e+01]
[5.30000000e+01 4.56000000e+02 3.11629999e-01 2.00000000e+00]
[1.19000000e+02 8.04000000e+02 3.11867664e-01 1.60000000e+01]
[1.84000000e+02 7.78000000e+02 3.11976139e-01 5.00000000e+00]
[2.88000000e+02 4.93000000e+02 3.12121113e-01 2.00000000e+00]
[1.59000000e+02 8.22000000e+02 3.13237021e-01 9.00000000e+00]
[5.13000000e+02 8.15000000e+02 3.13313522e-01 6.00000000e+00]
[231.         234.           0.31345746   2.        ]
[7.79000000e+02 7.93000000e+02 3.13738054e-01 1.10000000e+01]
[7.40000000e+02 1.67000000e+02 3.14148266e-01 1.20000000e+01]
[6.77000000e+02 3.62000000e+02 3.15174273e-01 3.00000000e+00]
[7.13000000e+02 5.12000000e+02 3.15276955e-01 4.00000000e+00]
[5.93000000e+02 7.98000000e+02 3.15627047e-01 7.00000000e+00]
[2.03000000e+02 8.28000000e+02 3.16070965e-01 6.00000000e+00]
[7.3500000e+02 8.3300000e+02 3.1677275e-01 1.3000000e+01]
[7.62000000e+02 7.86000000e+02 3.18197309e-01 1.10000000e+01]
[1.11000000e+02 7.97000000e+02 3.19350897e-01 4.00000000e+00]
[7.74000000e+02 4.99000000e+02 3.19421626e-01 4.00000000e+00]
[ 89.         257.           0.32056264   2.        ]
[6.25000000e+02 2.20000000e+01 3.20629664e-01 3.00000000e+00]
[6.02000000e+02 8.37000000e+02 3.22401269e-01 9.00000000e+00]
[8.19000000e+02 7.99000000e+02 3.22548509e-01 9.00000000e+00]
[4.24000000e+02 8.39000000e+02 3.23326725e-01 1.40000000e+01]
[1.90000000e+02 8.46000000e+02 3.23448799e-01 1.00000000e+01]
[3.92000000e+02 5.05000000e+02 3.23562839e-01 2.00000000e+00]
[8.12000000e+02 1.37000000e+02 3.24362277e-01 5.00000000e+00]
[7.00000000e+00 5.28000000e+02 3.24558281e-01 2.00000000e+00]
[ 73.         200.           0.32494908   2.        ]
[7.30000000e+02 8.25000000e+02 3.25334277e-01 4.80000000e+01]
[8.14000000e+02 2.54000000e+02 3.25459413e-01 2.10000000e+01]
[250.         284.           0.32621921   2.        ]
[8.05000000e+02 8.38000000e+02 3.26674137e-01 1.00000000e+01]
[3.70000000e+01 8.40000000e+02 3.26835808e-01 1.20000000e+01]
[ 43.         273.           0.32749049   2.        ]
[1.93000000e+02 8.16000000e+02 3.28569923e-01 3.00000000e+00]
[5.50000000e+01 7.89000000e+02 3.29601128e-01 3.00000000e+00]
[5.94000000e+02 4.64000000e+02 3.29727082e-01 3.00000000e+00]
[7.90000000e+01 3.75000000e+02 3.30236411e-01 2.00000000e+00]
[3.90000000e+01 5.24000000e+02 3.30395794e-01 2.00000000e+00]
[7.50000000e+02 8.53000000e+02 3.30400578e-01 5.20000000e+01]
[6.09000000e+02 2.58000000e+02 3.30579544e-01 3.00000000e+00]
[3.21000000e+02 8.30000000e+02 3.31289406e-01 1.00000000e+01]
[3.12000000e+02 8.11000000e+02 3.32035289e-01 2.00000000e+01]
[1.73000000e+02 8.27000000e+02 3.32314482e-01 1.70000000e+01]
[8.0900000e+02 8.4800000e+02 3.3309977e-01 2.1000000e+01]
[7.72000000e+02 1.87000000e+02 3.34107839e-01 3.00000000e+00]
[7.09000000e+02 8.54000000e+02 3.35937872e-01 2.50000000e+01]
[3.10000000e+01 8.69000000e+02 3.36579006e-01 2.20000000e+01]
[8.67000000e+02 5.10000000e+02 3.37020183e-01 2.10000000e+01]
[4.03000000e+02 4.65000000e+02 3.38856475e-01 2.00000000e+00]
[1.41000000e+02 8.45000000e+02 3.39092656e-01 1.00000000e+01]
[7.95000000e+02 8.34000000e+02 3.39135431e-01 1.40000000e+01]
[1.51000000e+02 8.66000000e+02 3.41113121e-01 1.10000000e+01]
[8.36000000e+02 8.31000000e+02 3.41272755e-01 1.00000000e+01]
[5.00000000e+02 8.77000000e+02 3.41530944e-01 1.20000000e+01]
[3.42000000e+02 3.68000000e+02 3.42881078e-01 2.00000000e+00]
[2.86000000e+02 7.91000000e+02 3.43162512e-01 3.00000000e+00]
[145.         242.           0.34444225   2.        ]
[ 48.         138.           0.34519546   2.        ]
[4.51000000e+02 5.96000000e+02 3.45208224e-01 3.00000000e+00]
[8.59000000e+02 8.72000000e+02 3.45834932e-01 2.50000000e+01]
[8.03000000e+02 8.73000000e+02 3.45990061e-01 3.30000000e+01]
[4.20000000e+02 8.50000000e+02 3.46963693e-01 6.00000000e+00]
[3.60000000e+01 5.68000000e+02 3.47158391e-01 3.00000000e+00]
[4.96000000e+02 8.87000000e+02 3.47769471e-01 7.00000000e+00]
[1.00000000e+01 7.94000000e+02 3.48833725e-01 4.00000000e+00]
[1.81000000e+02 4.01000000e+02 3.48836489e-01 2.00000000e+00]
[7.4100000e+02 8.7100000e+02 3.4908836e-01 2.7000000e+01]
[8.23000000e+02 8.17000000e+02 3.50009726e-01 1.50000000e+01]
[8.86000000e+02 8.47000000e+02 3.50484991e-01 4.70000000e+01]
[188.        241.          0.3506636   2.       ]
[8.42000000e+02 3.25000000e+02 3.50680106e-01 5.00000000e+00]
[7.22000000e+02 3.72000000e+02 3.50950506e-01 3.00000000e+00]
[8.65000000e+02 8.89000000e+02 3.52877164e-01 1.00000000e+01]
[8.78000000e+02 7.34000000e+02 3.53396927e-01 1.30000000e+01]
[8.29000000e+02 5.79000000e+02 3.53579382e-01 4.00000000e+00]
[7.63000000e+02 2.80000000e+02 3.53585201e-01 6.00000000e+00]
[7.65000000e+02 8.75000000e+02 3.54196299e-01 1.20000000e+01]
[7.82000000e+02 4.25000000e+02 3.54581055e-01 1.00000000e+01]
[3.23000000e+02 5.34000000e+02 3.56563025e-01 2.00000000e+00]
[2.81000000e+02 8.99000000e+02 3.57018234e-01 1.40000000e+01]
[1.50000000e+01 7.29000000e+02 3.57800982e-01 4.00000000e+00]
[8.18000000e+02 8.98000000e+02 3.58487026e-01 1.40000000e+01]
[2.3000000e+02 5.3200000e+02 3.5867836e-01 2.0000000e+00]
[7.01000000e+02 3.54000000e+02 3.60493596e-01 3.00000000e+00]
[5.86000000e+02 8.58000000e+02 3.60682176e-01 4.00000000e+00]
[8.24000000e+02 3.13000000e+02 3.63720606e-01 1.10000000e+01]
[8.41000000e+02 8.92000000e+02 3.63927423e-01 3.10000000e+01]
[8.08000000e+02 9.07000000e+02 3.64972413e-01 1.60000000e+01]
[8.76000000e+02 8.57000000e+02 3.65989176e-01 2.60000000e+01]
[4.75000000e+02 8.85000000e+02 3.67045306e-01 2.60000000e+01]
[8.21000000e+02 8.68000000e+02 3.67714526e-01 2.60000000e+01]
[2.78000000e+02 9.13000000e+02 3.69756946e-01 1.70000000e+01]
[8.55000000e+02 4.83000000e+02 3.70026791e-01 3.00000000e+00]
[5.83000000e+02 8.61000000e+02 3.71033348e-01 5.00000000e+00]
[3.60000000e+02 9.15000000e+02 3.71624737e-01 2.70000000e+01]
[8.62000000e+02 8.56000000e+02 3.72255995e-01 1.20000000e+01]
[8.9400000e+02 8.9300000e+02 3.7283018e-01 6.2000000e+01]
[ 8.         69.          0.37307831  2.        ]
[8.96000000e+02 9.22000000e+02 3.73343442e-01 6.70000000e+01]
[9.10000000e+02 5.14000000e+02 3.73936061e-01 5.00000000e+00]
[6.23000000e+02 4.53000000e+02 3.75490766e-01 3.00000000e+00]
[9.14000000e+02 9.12000000e+02 3.75833923e-01 5.70000000e+01]
[1.49000000e+02 9.17000000e+02 3.76696886e-01 1.80000000e+01]
[8.35000000e+02 9.28000000e+02 3.77087531e-01 2.10000000e+01]
[3.70000000e+02 9.29000000e+02 3.77543436e-01 2.20000000e+01]
[3.85000000e+02 9.21000000e+02 3.78601294e-01 1.30000000e+01]
[8.84000000e+02 5.31000000e+02 3.78963266e-01 4.00000000e+00]
[9.03000000e+02 5.50000000e+02 3.79004996e-01 1.20000000e+01]
[4.74000000e+02 9.24000000e+02 3.79063771e-01 6.80000000e+01]
[133.         364.           0.38089677   2.        ]
[9.09000000e+02 2.87000000e+02 3.80922731e-01 4.00000000e+00]
[114.         279.           0.38190792   2.        ]
[8.74000000e+02 9.31000000e+02 3.82053637e-01 1.50000000e+01]
[5.65000000e+02 4.59000000e+02 3.82208131e-01 3.00000000e+00]
[8.70000000e+02 7.57000000e+02 3.83714559e-01 5.00000000e+00]
[8.44000000e+02 6.89000000e+02 3.84731576e-01 5.00000000e+00]
[9.18000000e+02 9.16000000e+02 3.85027181e-01 2.90000000e+01]
[8.83000000e+02 8.64000000e+02 3.85097589e-01 5.40000000e+01]
[ 60.        304.          0.3853874   2.       ]
[4.41000000e+02 9.20000000e+02 3.86540937e-01 2.80000000e+01]
[ 99.         268.           0.38900585   2.        ]
[8.5100000e+02 4.3000000e+02 3.8975973e-01 3.0000000e+00]
[6.17000000e+02 9.19000000e+02 3.90272987e-01 7.00000000e+00]
[8.26000000e+02 4.28000000e+02 3.91100375e-01 3.00000000e+00]
[4.50000000e+01 4.34000000e+02 3.91397485e-01 2.00000000e+00]
[6.35000000e+02 9.00000000e+02 3.91963213e-01 6.00000000e+00]
[9.11000000e+02 9.01000000e+02 3.93498188e-01 1.70000000e+01]
[9.26000000e+02 9.25000000e+02 3.93829143e-01 8.00000000e+00]
[9.51000000e+02 4.16000000e+02 3.96524794e-01 7.00000000e+00]
[8.49000000e+02 9.38000000e+02 3.97861749e-01 1.70000000e+01]
[3.99000000e+02 9.05000000e+02 3.98517699e-01 1.50000000e+01]
[9.40000000e+02 9.56000000e+02 3.99497563e-01 2.00000000e+01]
[1.77000000e+02 4.98000000e+02 3.99512882e-01 2.00000000e+00]
[134.         157.           0.40192257   2.        ]
[8.91000000e+02 9.27000000e+02 4.03368532e-01 5.90000000e+01]
[9.06000000e+02 1.18000000e+02 4.03485135e-01 5.00000000e+00]
[8.88000000e+02 4.55000000e+02 4.04219114e-01 4.00000000e+00]
[3.77000000e+02 4.31000000e+02 4.06268126e-01 2.00000000e+00]
[8.40000000e+01 9.45000000e+02 4.07801275e-01 2.90000000e+01]
[9.02000000e+02 9.34000000e+02 4.08685052e-01 8.00000000e+01]
[8.82000000e+02 9.04000000e+02 4.08788149e-01 4.00000000e+00]
[9.42000000e+02 9.43000000e+02 4.09479368e-01 8.30000000e+01]
[9.39000000e+02 4.17000000e+02 4.09827727e-01 4.00000000e+00]
[2.00000000e+00 9.64000000e+02 4.10016199e-01 3.00000000e+01]
[8.32000000e+02 3.79000000e+02 4.11447095e-01 3.00000000e+00]
[8.63000000e+02 3.51000000e+02 4.11993554e-01 3.00000000e+00]
[8.80000000e+02 8.79000000e+02 4.13744858e-01 1.40000000e+01]
[6.37000000e+02 9.44000000e+02 4.16465294e-01 5.00000000e+00]
[9.55000000e+02 9.32000000e+02 4.18165555e-01 2.10000000e+01]
[9.49000000e+02 9.30000000e+02 4.19048084e-01 2.50000000e+01]
[8.00000000e+02 6.05000000e+02 4.19333774e-01 5.00000000e+00]
[9.67000000e+02 8.81000000e+02 4.19350391e-01 8.60000000e+01]
[8.52000000e+02 5.39000000e+02 4.19415023e-01 3.00000000e+00]
[2.85000000e+02 9.74000000e+02 4.19575877e-01 2.20000000e+01]
[9.79000000e+02 9.53000000e+02 4.30431761e-01 3.00000000e+01]
[9.66000000e+02 9.70000000e+02 4.31488799e-01 7.00000000e+00]
[9.80000000e+02 9.23000000e+02 4.31714608e-01 3.20000000e+01]
[2.23000000e+02 9.60000000e+02 4.32744482e-01 6.00000000e+01]
[9.41000000e+02 9.52000000e+02 4.33096934e-01 2.20000000e+01]
[9.65000000e+02 9.54000000e+02 4.33127097e-01 8.70000000e+01]
[9.69000000e+02 4.70000000e+01 4.33656319e-01 3.10000000e+01]
[1.10000000e+01 5.04000000e+02 4.34065075e-01 2.00000000e+00]
[9.4600000e+02 4.7000000e+02 4.3680054e-01 3.0000000e+00]
[3.88000000e+02 9.86000000e+02 4.37480853e-01 3.20000000e+01]
[8.60000000e+02 9.33000000e+02 4.37591686e-01 1.50000000e+01]
[107.         316.           0.43834946   2.        ]
[9.62000000e+02 8.02000000e+02 4.40787781e-01 7.00000000e+00]
[9.68000000e+02 4.11000000e+02 4.41108432e-01 5.00000000e+00]
[9.57000000e+02 9.58000000e+02 4.41328915e-01 2.20000000e+01]
[9.71000000e+02 9.85000000e+02 4.43533635e-01 9.00000000e+01]
[9.83000000e+02 9.82000000e+02 4.51278664e-01 9.20000000e+01]
[4.07000000e+02 5.36000000e+02 4.51675837e-01 2.00000000e+00]
[8.4300000e+02 1.0800000e+02 4.5532357e-01 3.0000000e+00]
[1.20000000e+02 9.89000000e+02 4.55794406e-01 3.30000000e+01]
[9.90000000e+02 9.77000000e+02 4.58257739e-01 1.01000000e+02]
[9.47000000e+02 9.72000000e+02 4.58617859e-01 1.70000000e+01]
[9.75000000e+02 9.84000000e+02 4.59740792e-01 4.70000000e+01]
[8.95000000e+02 1.00000000e+03 4.60635568e-01 1.03000000e+02]
[1.26000000e+02 4.88000000e+02 4.62041749e-01 2.00000000e+00]
[9.81000000e+02 3.06000000e+02 4.70780161e-01 8.00000000e+00]
[2.82000000e+02 7.38000000e+02 4.70975005e-01 3.00000000e+00]
[9.94000000e+02 9.95000000e+02 4.71463183e-01 1.12000000e+02]
[9.98000000e+02 9.35000000e+02 4.74790129e-01 5.00000000e+00]
[1.00200000e+03 9.88000000e+02 4.75135457e-01 5.00000000e+01]
[6.03000000e+02 1.00700000e+03 4.77826551e-01 1.14000000e+02]
[1.00900000e+03 1.00600000e+03 4.77907391e-01 5.30000000e+01]
[4.20000000e+01 9.08000000e+02 4.79275857e-01 3.00000000e+00]
[1.98000000e+02 1.01000000e+03 4.79533035e-01 1.15000000e+02]
[8.9700000e+02 9.9600000e+02 4.8113155e-01 9.5000000e+01]
[9.48000000e+02 9.99000000e+02 4.83653407e-01 4.00000000e+01]
[9.36000000e+02 1.01100000e+03 4.84198201e-01 5.70000000e+01]
[1.75000000e+02 1.00100000e+03 4.86004588e-01 1.80000000e+01]
[9.8700000e+02 9.6100000e+02 4.8805752e-01 7.0000000e+00]
[5.06000000e+02 9.92000000e+02 4.89709903e-01 8.00000000e+00]
[1.00300000e+03 8.90000000e+02 4.90080581e-01 1.07000000e+02]
[1.02000000e+03 7.75000000e+02 4.91285238e-01 1.10000000e+02]
[9.59000000e+02 1.02100000e+03 4.91868795e-01 1.12000000e+02]
[9.37000000e+02 1.01500000e+03 4.94860615e-01 4.20000000e+01]
[1.01900000e+03 9.73000000e+02 4.95138334e-01 1.30000000e+01]
[9.97000000e+02 9.76000000e+02 4.95176923e-01 7.00000000e+00]
[1.01400000e+03 1.01600000e+03 4.95197732e-01 1.52000000e+02]
[1.00500000e+03 4.77000000e+02 4.98585535e-01 9.00000000e+00]
[3.10000000e+02 1.02400000e+03 5.01628669e-01 1.40000000e+01]
[5.97000000e+02 1.02600000e+03 5.04623234e-01 1.54000000e+02]
[1.00400000e+03 1.31000000e+02 5.05965956e-01 3.00000000e+00]
[9.93000000e+02 3.19000000e+02 5.11866815e-01 6.00000000e+00]
[1.02500000e+03 4.23000000e+02 5.17941255e-01 8.00000000e+00]
[1.02300000e+03 3.55000000e+02 5.23227637e-01 4.30000000e+01]
[9.50000000e+02 1.02800000e+03 5.24770201e-01 1.60000000e+01]
[1.0290000e+03 1.0220000e+03 5.2505874e-01 2.6600000e+02]
[1.03500000e+03 2.43000000e+02 5.26093112e-01 2.67000000e+02]
[1.69000000e+02 1.01300000e+03 5.26233329e-01 1.16000000e+02]
[1.0330000e+03 1.9100000e+02 5.3314596e-01 4.4000000e+01]
[1.00800000e+03 1.03700000e+03 5.36242652e-01 1.21000000e+02]
[1.01700000e+03 1.03600000e+03 5.40689257e-01 2.85000000e+02]
[1.03000000e+03 1.03400000e+03 5.43071999e-01 1.90000000e+01]
[1.0310000e+03 9.7800000e+02 5.4419758e-01 9.0000000e+00]
[1.62000000e+02 1.03200000e+03 5.44219468e-01 9.00000000e+00]
[9.63000000e+02 1.04000000e+03 5.50866648e-01 2.87000000e+02]
[179.         507.           0.55235493   2.        ]
[1.02700000e+03 1.04400000e+03 5.58032088e-01 2.96000000e+02]
[1.03900000e+03 1.03800000e+03 5.72162543e-01 1.65000000e+02]
[1.04700000e+03 1.04300000e+03 5.73364897e-01 1.74000000e+02]
[1.71000000e+02 1.04100000e+03 5.81673184e-01 2.00000000e+01]
[4.19000000e+02 1.04600000e+03 5.83195796e-01 2.97000000e+02]
[1.04200000e+03 7.70000000e+01 5.93492498e-01 1.00000000e+01]
[8.60000000e+01 1.04900000e+03 6.05457132e-01 2.10000000e+01]
[7.59000000e+02 1.01800000e+03 6.08823311e-01 1.00000000e+01]
[1.01200000e+03 1.05000000e+03 6.13232544e-01 3.00000000e+02]
[1.04800000e+03 1.04500000e+03 6.13403425e-01 1.76000000e+02]
[1.05500000e+03 9.91000000e+02 6.14593578e-01 1.78000000e+02]
[1.05300000e+03 7.10000000e+02 6.15767722e-01 1.20000000e+01]
[1.05600000e+03 1.66000000e+02 6.16140067e-01 1.79000000e+02]
[1.05400000e+03 5.02000000e+02 6.37579185e-01 3.01000000e+02]
[5.41000000e+02 1.05100000e+03 6.38502524e-01 1.30000000e+01]
[1.05800000e+03 1.05200000e+03 6.51991644e-01 2.00000000e+02]
[447.        458.          0.6554182   2.       ]
[1.06100000e+03 1.05900000e+03 6.64042921e-01 5.01000000e+02]
[147.         533.           0.67779821   2.        ]
[1.06300000e+03 2.89000000e+02 6.86822315e-01 5.02000000e+02]
[1.0650000e+03 1.0570000e+03 7.1102297e-01 5.1400000e+02]
[1.30000000e+01 1.06600000e+03 7.11049205e-01 5.15000000e+02]
[212.         341.           0.71882994   2.        ]
[277.         314.           0.72762772   2.        ]
[1.06700000e+03 1.06400000e+03 7.53904528e-01 5.17000000e+02]
[1.06000000e+03 1.06200000e+03 7.54046905e-01 1.50000000e+01]
[1.07000000e+03 1.07100000e+03 7.80880028e-01 5.32000000e+02]
[1.07200000e+03 1.06900000e+03 7.82142296e-01 5.34000000e+02]
[1.07300000e+03 1.06800000e+03 7.82538599e-01 5.36000000e+02]
[1.07400000e+03 3.11000000e+02 8.78929885e-01 5.37000000e+02]
[1.07500000e+03 4.29000000e+02 8.80636676e-01 5.38000000e+02]
[1.07600000e+03 2.01000000e+02 9.46220987e-01 5.39000000e+02]
[1.07700000e+03 2.40000000e+01 9.68221562e-01 5.40000000e+02]
