[ 4.         51.          2.28410458  2.        ]
[31.         69.          4.03940886  2.        ]
[ 5.         21.          4.14967227  2.        ]
[ 6.         42.          5.31532294  2.        ]
[ 3.         12.          5.41822446  2.        ]
[77.         55.          5.52428725  3.        ]
[ 7.         13.          5.64152335  2.        ]
[57.         72.          5.72077846  2.        ]
[14.         81.          5.92322001  4.        ]
[47.         78.          6.05170488  3.        ]
[80.         40.          6.11238678  3.        ]
[15.         32.          6.12178949  2.        ]
[82.         84.          6.19421543  6.        ]
[67.         59.          6.33361518  2.        ]
[28.         58.          6.34066302  2.        ]
[45.         88.          6.36895021  7.        ]
[62.         86.          6.39472166  4.        ]
[19.         89.          6.44999465  3.        ]
[49.         73.          6.49263651  2.        ]
[ 9.         92.          6.52515288  5.        ]
[29.         94.          6.63945928  3.        ]
[39.         83.          6.85248797  3.        ]
[22.         64.          6.87435429  2.        ]
[93.         79.          6.93898676  5.        ]
[36.         85.          6.94506042  4.        ]
[63.         91.          7.10370148  8.        ]
[48.         97.          7.27933757  4.        ]
[37.         52.          7.41262814  2.        ]
[44.         96.          7.46103791  4.        ]
[99.         43.          7.50028937  6.        ]
[105.          98.           7.58966958   8.        ]
[38.        50.         7.6233566  2.       ]
[106.          53.           7.63316828   9.        ]
[104.          56.           7.81693777   5.        ]
[102.         100.           7.86290843   8.        ]
[108.          61.           7.86799172  10.        ]
[ 46.         110.           7.88548022   9.        ]
[ 16.         111.           7.91207404  11.        ]
[ 95.         101.           8.05655943  13.        ]
[114.          87.           8.36169232  15.        ]
[112.          33.           8.49942085  10.        ]
[ 20.         115.           8.61083386  16.        ]
[109.          60.           8.61278119   6.        ]
[116.          41.           8.71849503  11.        ]
[25.         90.          8.75330132  3.        ]
[ 71.         118.           8.81523823   7.        ]
[ 23.        119.          8.8869373  12.       ]
[  8.         117.           8.98522677  17.        ]
[120.         113.           9.00707716  14.        ]
[54.        76.         9.2003219  3.       ]
[121.         107.           9.34397053   9.        ]
[  1.         124.           9.37933293  15.        ]
[ 74.         126.           9.44081495  10.        ]
[ 10.         127.           9.62609109  16.        ]
[125.         129.           9.78855957  19.        ]
[ 2.         11.          9.83198886  2.        ]
[30.         65.         10.12971717  2.        ]
[ 35.         130.          10.43024369  20.        ]
[ 24.         123.          10.47471858  18.        ]
[133.          68.          10.73394658  21.        ]
[  0.         134.          10.76456813  19.        ]
[ 17.         128.          10.76713057  11.        ]
[136.          75.          11.24060132  20.        ]
[ 34.        122.         11.5168534  13.       ]
[139.          66.          11.64455453  14.        ]
[138.         131.          12.29847784  22.        ]
[141.         103.          12.58519042  24.        ]
[142.         132.          12.93733221  26.        ]
[143.          27.          12.94643487  27.        ]
[ 18.         140.          13.24985105  15.        ]
[144.         135.          14.29188598  48.        ]
[146.          70.          14.46071399  49.        ]
[147.         137.          15.92003175  60.        ]
[148.         145.          18.30215087  75.        ]
[149.          26.          20.30555632  76.        ]
