[ 4.         51.          2.28410458  2.        ]
[31.         69.          4.03940886  2.        ]
[ 5.         21.          4.14967227  2.        ]
[ 6.         42.          5.31532294  2.        ]
[ 3.         12.          5.41822446  2.        ]
[14.         77.          5.52428725  3.        ]
[ 7.         13.          5.64152335  2.        ]
[57.         72.          5.72077846  2.        ]
[36.         47.          6.05170488  2.        ]
[80.         40.          6.11238678  3.        ]
[15.         32.          6.12178949  2.        ]
[82.         19.          6.19421543  3.        ]
[ 0.         67.          6.33361518  2.        ]
[28.         58.          6.34066302  2.        ]
[45.         63.          6.36895021  2.        ]
[37.         62.          6.39472166  2.        ]
[43.         59.          6.39865793  2.        ]
[49.         73.          6.49263651  2.        ]
[29.         44.          6.63945928  2.        ]
[81.         55.          6.81746376  4.        ]
[39.         48.          6.85248797  2.        ]
[22.         64.          6.87435429  2.        ]
[85.         91.          7.01541575  5.        ]
[79.         87.          7.04499646  5.        ]
[94.         56.          7.20344974  3.        ]
[88.          9.          7.21305891  3.        ]
[10.         83.          7.31298868  3.        ]
[84.         46.          7.54732155  3.        ]
[95.        60.         7.5752128  5.       ]
[38.        50.         7.6233566  2.       ]
[24.         90.          7.63229094  3.        ]
[16.         97.          7.80716311  3.        ]
[ 23.         103.           7.91086546   4.        ]
[100.          93.           7.94989659   5.        ]
[99.        61.         8.0364713  6.       ]
[102.          96.           8.14951721   5.        ]
[92.         53.          8.27142815  3.        ]
[98.         86.          8.34537949  7.        ]
[110.         107.           8.34725685   9.        ]
[104.          25.           8.57620925   6.        ]
[ 20.         105.           8.61083386   3.        ]
[33.         34.          8.61624663  2.        ]
[114.         112.           8.72621573  12.        ]
[71.         74.          8.81523823  2.        ]
[ 78.         108.           8.84045463   6.        ]
[ 8.         66.          8.98522677  2.        ]
[118.        115.          9.1508238  18.       ]
[101.         122.           9.18429509  21.        ]
[35.        54.         9.2003219  2.       ]
[113.          52.           9.35790348   8.        ]
[ 1.         30.          9.37933293  2.        ]
[11.         89.          9.38774092  3.        ]
[109.         119.           9.59843312   7.        ]
[  2.         127.           9.72519657   4.        ]
[111.          41.           9.86008879   6.        ]
[120.         121.           9.92257034   8.        ]
[116.         128.          10.00112323  10.        ]
[123.         125.          10.07934718  29.        ]
[124.          68.          10.09335067   3.        ]
[106.          75.          10.26489314   4.        ]
[ 76.         134.          10.56519858   5.        ]
[133.         135.          10.83297363  33.        ]
[131.         130.          10.83863569  14.        ]
[137.         132.          11.09472172  43.        ]
[126.         136.          11.24101595   7.        ]
[138.         117.          11.35944807  16.        ]
[140.          65.          12.10473926   8.        ]
[139.          27.          12.20794622  44.        ]
[143.         142.          12.70167304  52.        ]
[129.          70.          12.70719204   5.        ]
[144.         141.          13.12306329  68.        ]
[146.        145.         13.5037795  73.       ]
[147.          17.          15.85796013  74.        ]
[148.          18.          18.77465675  75.        ]
[149.          26.          19.01570287  76.        ]
