[ 4.         51.          2.28410458  2.        ]
[31.         69.          4.03940886  2.        ]
[ 5.         21.          4.14967227  2.        ]
[ 6.         42.          5.31532294  2.        ]
[ 3.         12.          5.41822446  2.        ]
[14.         77.          5.52428725  3.        ]
[ 7.         13.          5.64152335  2.        ]
[57.         72.          5.72077846  2.        ]
[47.         78.          6.05170488  3.        ]
[80.         40.          6.11238678  3.        ]
[15.         32.          6.12178949  2.        ]
[82.         81.          6.19421543  5.        ]
[ 0.         67.          6.33361518  2.        ]
[28.         58.          6.34066302  2.        ]
[45.         87.          6.36895021  6.        ]
[37.         62.          6.39472166  2.        ]
[43.         59.          6.39865793  2.        ]
[19.         53.          6.44999465  2.        ]
[49.         73.          6.49263651  2.        ]
[ 9.         63.          6.52515288  2.        ]
[29.         94.          6.63945928  3.        ]
[39.         48.          6.85248797  2.        ]
[22.         64.          6.87435429  2.        ]
[36.         84.          6.94506042  4.        ]
[85.         95.          6.97559396  5.        ]
[83.         97.          7.08129091  4.        ]
[44.         96.          7.46103791  4.        ]
[93.         92.          7.46878258  4.        ]
[ 55.         103.           7.51393588   5.        ]
[38.        50.         7.6233566  2.       ]
[101.          99.           7.71452349   8.        ]
[79.         90.          7.72881409  8.        ]
[16.         98.          7.80716311  3.        ]
[102.          56.           7.81693777   5.        ]
[100.          91.           7.91120137   7.        ]
[ 46.         106.           8.02185016   9.        ]
[104.         108.           8.17425242   8.        ]
[110.         107.           8.28782044  15.        ]
[ 86.        113.          8.5103238  17.       ]
[111.          33.           8.55607311  10.        ]
[ 20.         105.           8.61083386   3.        ]
[ 60.         112.           8.61278119   9.        ]
[ 25.         117.           8.75330132  10.        ]
[115.          41.           8.76999709  11.        ]
[ 71.         109.           8.81523823   6.        ]
[ 23.         119.           8.93414753  12.        ]
[  8.         121.           8.98522677  13.        ]
[ 88.         114.           9.07682083  19.        ]
[10.         89.          9.10768568  3.        ]
[54.        76.         9.2003219  3.       ]
[120.         118.           9.21216301  16.        ]
[  1.         125.           9.37933293   4.        ]
[17.         74.          9.44081495  2.        ]
[ 2.         11.          9.83198886  2.        ]
[127.          35.          10.10717665   5.        ]
[124.         123.          10.11679051  22.        ]
[30.         65.         10.12971717  2.        ]
[131.          61.          10.28826898  23.        ]
[122.         126.          10.35463348  29.        ]
[133.          52.          10.37334549  24.        ]
[ 75.         134.          10.47471858  30.        ]
[116.          24.          10.68396717   4.        ]
[130.          68.          10.69418148   6.        ]
[ 66.        136.         11.5168534  31.       ]
[138.         132.          11.64997755   8.        ]
[135.         140.          11.74078729  32.        ]
[18.         34.         11.80462603  2.        ]
[137.         141.          12.03281178  36.        ]
[143.          27.          12.66901038  37.        ]
[129.          70.          12.68676179   3.        ]
[144.         139.          14.13120531  68.        ]
[145.         146.          14.57021269  71.        ]
[147.         128.          17.78632162  73.        ]
[148.         142.          18.70445349  75.        ]
[149.         26.         20.2280257  76.       ]
