[ 4.         51.          2.28410458  2.        ]
[31.         69.          4.03940886  2.        ]
[ 5.         21.          4.14967227  2.        ]
[ 6.         42.          5.31532294  2.        ]
[ 3.         12.          5.41822446  2.        ]
[14.         77.          5.52428725  3.        ]
[ 7.         13.          5.64152335  2.        ]
[57.         72.          5.72077846  2.        ]
[47.         78.          6.05170488  3.        ]
[80.         40.          6.11238678  3.        ]
[15.         32.          6.12178949  2.        ]
[82.         81.          6.19421543  5.        ]
[67.         59.          6.33361518  2.        ]
[28.         58.          6.34066302  2.        ]
[45.         87.          6.36895021  6.        ]
[37.         62.          6.39472166  2.        ]
[19.         88.          6.44999465  3.        ]
[49.         73.          6.49263651  2.        ]
[ 9.         85.          6.52515288  4.        ]
[29.         93.          6.63945928  3.        ]
[94.        63.         6.6840661  5.       ]
[39.         83.          6.85248797  3.        ]
[22.         64.          6.87435429  2.        ]
[92.         79.          6.93898676  5.        ]
[36.         84.          6.94506042  4.        ]
[48.         97.          7.27933757  4.        ]
[44.         95.          7.46103791  4.        ]
[99.         43.          7.50028937  6.        ]
[ 55.         103.           7.51393588   7.        ]
[38.        50.         7.6233566  2.       ]
[ 98.         104.           7.80716311   9.        ]
[102.          56.           7.81693777   5.        ]
[101.         100.           7.86290843   8.        ]
[ 46.         108.           7.88548022   9.        ]
[91.         96.          7.93151207  7.        ]
[24.         90.          8.08074493  7.        ]
[106.         61.          8.1680792  10.       ]
[ 16.         112.           8.18488084  11.        ]
[ 86.         110.           8.30784482   9.        ]
[109.          33.           8.49942085  10.        ]
[ 20.         105.           8.61083386   3.        ]
[ 60.         111.           8.61278119   8.        ]
[115.          53.           8.71849503  11.        ]
[25.         89.          8.75330132  3.        ]
[ 23.         118.           8.77219918  12.        ]
[ 71.         107.           8.81523823   6.        ]
[  8.         120.           8.98522677  13.        ]
[119.         113.           9.00707716  14.        ]
[ 10.        123.          9.1709572  15.       ]
[54.        76.         9.2003219  3.       ]
[121.         117.           9.21216301  14.        ]
[114.         124.           9.26992386  24.        ]
[ 1.         30.          9.37933293  2.        ]
[17.         74.          9.44081495  2.        ]
[127.         116.           9.76677941  27.        ]
[125.         128.           9.78855957   5.        ]
[ 2.         11.          9.83198886  2.        ]
[130.         126.           9.92069425  41.        ]
[ 35.       131.        10.251654   6.      ]
[122.          66.          10.32233097  14.        ]
[134.          68.          10.42074637   7.        ]
[133.          52.          10.51885043  42.        ]
[  0.         137.          10.54175851  43.        ]
[135.          41.          10.86881917  15.        ]
[18.         34.         11.80462603  2.        ]
[139.          75.          12.05720086  16.        ]
[138.         141.          12.37518292  59.        ]
[ 65.         142.          12.61098872  60.        ]
[132.          70.          12.68676179   3.        ]
[143.        136.         13.3809672  67.       ]
[145.         144.          13.52569552  70.        ]
[ 27.        146.         13.5633516  71.       ]
[129.         147.          16.80295931  73.        ]
[148.         26.         20.6158259  74.       ]
[149.         140.          22.28461063  76.        ]
