[ 4.         51.          2.28410458  2.        ]
[31.         69.          4.03940886  2.        ]
[ 5.         21.          4.14967227  2.        ]
[ 6.         42.          5.31532294  2.        ]
[ 3.         12.          5.41822446  2.        ]
[14.         77.          5.52428725  3.        ]
[ 7.         13.          5.64152335  2.        ]
[57.         72.          5.72077846  2.        ]
[36.         47.          6.05170488  2.        ]
[80.         40.          6.11238678  3.        ]
[15.         32.          6.12178949  2.        ]
[82.         81.          6.19421543  5.        ]
[ 0.         67.          6.33361518  2.        ]
[28.         58.          6.34066302  2.        ]
[45.         87.          6.36895021  6.        ]
[37.         62.          6.39472166  2.        ]
[43.         59.          6.39865793  2.        ]
[19.         53.          6.44999465  2.        ]
[49.         73.          6.49263651  2.        ]
[ 9.         63.          6.52515288  2.        ]
[29.         94.          6.63945928  3.        ]
[48.         84.          6.85248797  3.        ]
[22.         64.          6.87435429  2.        ]
[85.         95.          6.97559396  5.        ]
[83.         97.          7.08129091  5.        ]
[44.         96.          7.46103791  4.        ]
[93.         92.          7.46878258  4.        ]
[ 39.         100.           7.49426046   6.        ]
[ 55.         102.           7.51393588   5.        ]
[38.        50.         7.6233566  2.       ]
[79.         90.          7.72881409  8.        ]
[16.         98.          7.80716311  3.        ]
[101.          56.           7.81693777   5.        ]
[99.         91.          7.91120137  7.        ]
[103.          46.           7.99649441   7.        ]
[ 25.         104.           8.17425242   6.        ]
[109.         106.           8.28782044  15.        ]
[ 10.         110.           8.39591921   8.        ]
[ 86.        112.          8.5103238  17.       ]
[107.          61.           8.59934457   4.        ]
[ 20.         105.           8.61083386   3.        ]
[ 60.         111.           8.61278119   7.        ]
[33.         34.          8.61624663  2.        ]
[ 71.         108.           8.81523823   6.        ]
[ 8.         78.          8.98522677  3.        ]
[ 88.         114.           9.07682083  19.        ]
[ 54.        115.          9.2003219   5.       ]
[119.         117.           9.21216301  13.        ]
[120.          23.           9.26683956   4.        ]
[ 1.         30.          9.37933293  2.        ]
[ 89.         121.           9.38774092  21.        ]
[17.         74.          9.44081495  2.        ]
[ 2.         11.          9.83198886  2.        ]
[113.        41.         9.861491   9.      ]
[122.         129.          10.24199583  14.        ]
[124.         66.         10.2724819   5.       ]
[ 35.         130.          10.43024369  15.        ]
[116.         123.          10.46145843  16.        ]
[24.         75.         10.47471858  2.        ]
[ 76.         132.          10.60791406  17.        ]
[135.         126.          10.89190761  38.        ]
[65.         68.         11.00204018  2.        ]
[125.         136.          11.32137147  40.        ]
[133.         131.          11.73558401  21.        ]
[139.         134.          11.85752584  23.        ]
[ 18.        118.         11.9178847   3.       ]
[138.         140.          12.07513568  63.        ]
[142.         137.          12.50475068  65.        ]
[143.         128.          12.55820524  67.        ]
[144.         27.         12.6079613  68.       ]
[145.          52.          12.93258464  69.        ]
[146.          70.          14.95813624  70.        ]
[147.         127.          16.15786778  72.        ]
[148.         141.          18.31892254  75.        ]
[149.          26.          19.99973791  76.        ]
