[ 4.         51.          2.28410458  2.        ]
[31.         69.          4.03940886  2.        ]
[ 5.         21.          4.14967227  2.        ]
[ 6.         42.          5.31532294  2.        ]
[ 3.         12.          5.41822446  2.        ]
[14.         77.          5.52428725  3.        ]
[ 7.         13.          5.64152335  2.        ]
[57.         72.          5.72077846  2.        ]
[36.         47.          6.05170488  2.        ]
[80.         40.          6.11238678  3.        ]
[15.         32.          6.12178949  2.        ]
[82.         19.          6.19421543  3.        ]
[ 0.         67.          6.33361518  2.        ]
[28.         58.          6.34066302  2.        ]
[45.         63.          6.36895021  2.        ]
[37.         62.          6.39472166  2.        ]
[43.         59.          6.39865793  2.        ]
[49.         73.          6.49263651  2.        ]
[29.         44.          6.63945928  2.        ]
[81.         55.          6.81746376  4.        ]
[39.         48.          6.85248797  2.        ]
[22.         64.          6.87435429  2.        ]
[85.          9.          7.01541575  4.        ]
[87.        95.         7.0579975  7.       ]
[79.         83.          7.08129091  4.        ]
[94.         56.          7.20344974  3.        ]
[84.         46.          7.54732155  3.        ]
[38.        50.         7.6233566  2.       ]
[24.         90.          7.63229094  3.        ]
[98.         91.          7.79436685  6.        ]
[99.         53.          7.80492568  8.        ]
[16.         97.          7.80716311  3.        ]
[ 23.         102.           7.91086546   4.        ]
[101.          93.           7.94989659   5.        ]
[100.          10.           7.95714699   5.        ]
[106.          25.           8.31074029   9.        ]
[105.          86.           8.31081178   8.        ]
[107.          92.           8.37395196   5.        ]
[96.         41.          8.41493441  3.        ]
[111.          60.           8.57404084  10.        ]
[ 20.         103.           8.61083386   3.        ]
[33.         34.          8.61624663  2.        ]
[110.         61.          8.7792693   6.       ]
[71.         74.          8.81523823  2.        ]
[ 78.         108.           8.84045463   6.        ]
[ 88.         115.           8.88122644  12.        ]
[118.         113.           8.91531254  11.        ]
[ 8.         66.          8.98522677  2.        ]
[35.        54.         9.2003219  2.       ]
[ 1.         30.          9.37933293  2.        ]
[11.         89.          9.38774092  3.        ]
[112.          52.           9.39107533   9.        ]
[121.         122.           9.54060949  23.        ]
[109.         119.           9.59843312   7.        ]
[  2.         126.           9.72519657   4.        ]
[120.         123.           9.92257034   8.        ]
[117.        114.          9.9398429   5.       ]
[116.         129.          10.00112323  10.        ]
[124.          68.          10.09335067   3.        ]
[104.          75.          10.26489314   4.        ]
[128.         127.          10.27340056  32.        ]
[ 76.         134.          10.56519858   5.        ]
[136.         135.          10.92411243  36.        ]
[131.         132.          10.93904882  13.        ]
[138.         133.          11.07024193  46.        ]
[125.         137.          11.24101595   7.        ]
[141.          65.          12.10473926   8.        ]
[140.          27.          12.16191497  47.        ]
[143.         142.          12.57262486  55.        ]
[130.          70.          12.70719204   5.        ]
[144.         145.          13.16501631  60.        ]
[146.         139.          13.51667434  73.        ]
[147.          17.          15.90803014  74.        ]
[148.          18.          18.71774672  75.        ]
[149.          26.          19.02478854  76.        ]
