[ 4.         51.          2.28410458  2.        ]
[31.         69.          4.03940886  2.        ]
[ 5.         21.          4.14967227  2.        ]
[6.         7.         5.31532294 2.        ]
[ 3.         12.          5.41822446  2.        ]
[77.         55.          5.52428725  3.        ]
[72.         79.          5.72077846  3.        ]
[14.         81.          5.92322001  4.        ]
[47.         78.          6.05170488  3.        ]
[80.         40.          6.11238678  3.        ]
[32.         63.          6.12178949  2.        ]
[67.         59.          6.33361518  2.        ]
[28.         58.          6.34066302  2.        ]
[82.         13.          6.38675696  4.        ]
[62.         85.          6.39472166  4.        ]
[19.         89.          6.44999465  5.        ]
[49.         73.          6.49263651  2.        ]
[29.         92.          6.63945928  3.        ]
[57.         91.          6.68777141  6.        ]
[43.         87.          6.85199536  3.        ]
[39.         48.          6.85248797  2.        ]
[64.         95.          6.87435429  4.        ]
[86.         90.          6.93192194  6.        ]
[42.         94.          6.93624734  7.        ]
[36.         84.          6.94506042  4.        ]
[98.         37.          7.01158402  7.        ]
[  9.         101.           7.29339302   8.        ]
[ 45.         102.           7.33894203   9.        ]
[22.         97.          7.43496365  5.        ]
[44.         93.          7.46103791  4.        ]
[ 60.         105.           7.55641711   5.        ]
[38.        50.         7.6233566  2.       ]
[16.         99.          7.85931824  8.        ]
[ 46.         100.           7.92315238   5.        ]
[106.          83.           8.19121599   9.        ]
[108.         104.           8.19886303  13.        ]
[109.          96.           8.24403296   7.        ]
[111.          61.           8.43116537  14.        ]
[112.          33.           8.47894227   8.        ]
[ 20.         103.           8.61083386  10.        ]
[ 10.         113.           8.72638334  15.        ]
[ 53.        114.          8.7383237   9.       ]
[ 56.         110.           8.75308255  10.        ]
[25.         88.          8.75330132  3.        ]
[ 71.         118.           8.81523823  11.        ]
[115.         107.           8.95622354  12.        ]
[  8.         121.           8.98522677  13.        ]
[119.         116.           9.00707716  18.        ]
[117.         123.           9.07401785  27.        ]
[54.        76.         9.2003219  3.       ]
[ 15.         120.           9.21944686  12.        ]
[  1.         125.           9.37933293   4.        ]
[17.         74.          9.44081495  2.        ]
[ 2.         11.          9.83198886  2.        ]
[124.         122.           9.91950022  40.        ]
[127.          35.          10.10717665   5.        ]
[ 30.         131.          10.12971717   6.        ]
[130.         126.          10.17013106  52.        ]
[ 24.         133.          10.47471858  53.        ]
[23.         41.         10.73980238  2.        ]
[ 65.         132.          11.00204018   7.        ]
[136.         129.          11.14299221   9.        ]
[134.         75.         11.2572852  54.       ]
[138.         135.          11.26472411  56.        ]
[  0.         139.          11.36178071  57.        ]
[ 66.        140.         11.5168534  58.       ]
[18.         34.         11.80462603  2.        ]
[137.          68.          12.20794494  10.        ]
[ 52.         141.          13.30041044  59.        ]
[143.         144.          13.44169587  69.        ]
[145.         128.          13.99173807  71.        ]
[ 27.        146.         14.0702524  72.       ]
[147.          70.          14.80055614  73.        ]
[142.         148.          19.83798148  75.        ]
[149.          26.          22.78866779  76.        ]
