[51.         59.          2.28410458  2.        ]
[31.         69.          4.03940886  2.        ]
[ 5.         21.          4.14967227  2.        ]
[76.         43.          4.68581371  3.        ]
[6.         7.         5.31532294 2.        ]
[ 3.         12.          5.41822446  2.        ]
[77.         55.          5.52428725  3.        ]
[72.         80.          5.72077846  3.        ]
[79.         56.          5.85742068  4.        ]
[14.         82.          5.92322001  4.        ]
[47.         78.          6.05170488  3.        ]
[81.         40.          6.11238678  3.        ]
[32.         63.          6.12178949  2.        ]
[67.         64.          6.33361518  2.        ]
[28.         58.          6.34066302  2.        ]
[83.         13.          6.38675696  4.        ]
[62.         87.          6.39472166  4.        ]
[19.         91.          6.44999465  5.        ]
[49.         73.          6.49263651  2.        ]
[29.         94.          6.63945928  3.        ]
[57.         93.          6.68777141  6.        ]
[84.         89.          6.78479826  6.        ]
[39.         48.          6.85248797  2.        ]
[88.         92.          6.93192194  6.        ]
[42.         96.          6.93624734  7.        ]
[36.         86.          6.94506042  4.        ]
[99.         37.          7.01158402  7.        ]
[  9.         102.           7.29339302   8.        ]
[ 45.         103.           7.33894203   9.        ]
[44.         95.          7.46103791  4.        ]
[ 60.         105.           7.55641711   5.        ]
[38.        50.         7.6233566  2.       ]
[22.         97.          7.64535238  7.        ]
[ 46.         101.           7.92315238   5.        ]
[100.          10.           8.02282395   8.        ]
[109.          98.           8.24403296   7.        ]
[110.          90.           8.27494937  10.        ]
[ 16.         112.           8.34761901  11.        ]
[85.         25.          8.39910433  5.        ]
[113.         108.           8.44110442  18.        ]
[111.          33.           8.47894227   8.        ]
[ 20.         104.           8.61083386  10.        ]
[ 53.         116.           8.64588141   9.        ]
[115.         114.           8.76652301  23.        ]
[ 71.         106.           8.81523823   6.        ]
[117.         107.           8.95622354  12.        ]
[  8.         121.           8.98522677  13.        ]
[119.         118.           9.06924095  32.        ]
[35.        54.         9.2003219  2.       ]
[ 15.         123.           9.21944686  33.        ]
[  1.         124.           9.37933293   3.        ]
[ 74.         120.           9.44081495   7.        ]
[ 2.         11.          9.83198886  2.        ]
[125.          61.           9.86639612  34.        ]
[ 30.         126.          10.12971717   4.        ]
[129.          52.          10.15794365  35.        ]
[  0.         131.          10.19533127  36.        ]
[122.         132.          10.24095687  49.        ]
[ 75.         133.          10.47471858  50.        ]
[134.         128.          10.71227296  52.        ]
[ 23.         135.          10.73980238  53.        ]
[127.         136.          10.82116098  60.        ]
[ 65.         130.          11.00204018   5.        ]
[ 68.         138.          11.10936441   6.        ]
[34.        66.        11.5168534  2.       ]
[ 41.         139.          11.75476361   7.        ]
[141.         140.          11.87016484   9.        ]
[137.          27.          12.27198957  61.        ]
[ 24.         143.          12.28690257  62.        ]
[142.        144.         12.9401392  71.       ]
[145.          70.          14.51866719  72.        ]
[  4.         146.          14.55233538  73.        ]
[147.          17.          16.58551059  74.        ]
[148.          18.          19.33609458  75.        ]
[149.          26.          20.28020345  76.        ]
