[ 4.         51.          2.28410458  2.        ]
[31.         69.          4.03940886  2.        ]
[ 5.         21.          4.14967227  2.        ]
[ 6.         42.          5.31532294  2.        ]
[ 3.         12.          5.41822446  2.        ]
[14.         77.          5.52428725  3.        ]
[ 7.         13.          5.64152335  2.        ]
[57.         72.          5.72077846  2.        ]
[36.         47.          6.05170488  2.        ]
[80.         40.          6.11238678  3.        ]
[15.         32.          6.12178949  2.        ]
[82.         19.          6.19421543  3.        ]
[ 0.         67.          6.33361518  2.        ]
[28.         58.          6.34066302  2.        ]
[63.         85.          6.36895021  4.        ]
[37.         62.          6.39472166  2.        ]
[43.         59.          6.39865793  2.        ]
[49.         73.          6.49263651  2.        ]
[29.         44.          6.63945928  2.        ]
[ 9.         90.          6.73526554  5.        ]
[81.         55.          6.81746376  4.        ]
[48.         84.          6.85248797  3.        ]
[22.         64.          6.87435429  2.        ]
[87.        96.         7.0579975  7.       ]
[79.         83.          7.08129091  4.        ]
[94.         56.          7.20344974  3.        ]
[24.         45.          7.33894203  2.        ]
[33.         97.          7.55684128  4.        ]
[38.        50.         7.6233566  2.       ]
[99.         53.          7.80492568  8.        ]
[16.         98.          7.80716311  3.        ]
[91.         52.          7.93151207  3.        ]
[101.          93.           7.94989659   5.        ]
[100.         105.           7.95714699  12.        ]
[ 46.         103.           8.03306648   5.        ]
[ 39.         110.           8.06049388   6.        ]
[95.         86.          8.13245811  7.        ]
[106.          92.           8.37395196   5.        ]
[ 88.         112.           8.44742287   9.        ]
[ 20.         104.           8.61083386   3.        ]
[108.          60.           8.72446464   6.        ]
[109.         114.           8.74197628  21.        ]
[25.         89.          8.75330132  3.        ]
[71.         74.          8.81523823  2.        ]
[113.         117.           8.90084234  26.        ]
[ 8.         66.          8.98522677  2.        ]
[118.         120.           9.00707716  29.        ]
[111.         121.           9.02908392   8.        ]
[35.        54.         9.2003219  2.       ]
[78.         23.          9.27919395  3.        ]
[76.        10.         9.3363089  3.       ]
[  1.         122.           9.37933293  30.        ]
[123.          41.           9.59463404   9.        ]
[127.          61.           9.82687929  31.        ]
[ 2.         11.          9.83198886  2.        ]
[116.         107.           9.83934126   9.        ]
[124.          68.          10.09335067   3.        ]
[125.         128.          10.10530231  12.        ]
[30.         65.         10.12971717  2.        ]
[102.          75.          10.15730157   3.        ]
[115.         131.          10.19864748  12.        ]
[136.        119.         10.7028532  14.       ]
[132.         129.          10.80026454  34.        ]
[126.         138.          10.82670651  37.        ]
[18.         34.         11.80462603  2.        ]
[ 17.         137.          11.89527889  15.        ]
[133.         135.          12.57354161  15.        ]
[139.         134.          12.64183119  39.        ]
[130.          70.          12.68676179   3.        ]
[143.          27.          13.19015644  40.        ]
[145.         141.          14.36712214  55.        ]
[144.         142.          14.42650933  18.        ]
[147.         146.          14.96512876  73.        ]
[148.         140.          18.17037401  75.        ]
[149.          26.          20.31455616  76.        ]
