[ 4.         51.          2.28410458  2.        ]
[31.         69.          4.03940886  2.        ]
[ 5.         21.          4.14967227  2.        ]
[ 6.         42.          5.31532294  2.        ]
[ 3.         12.          5.41822446  2.        ]
[14.         77.          5.52428725  3.        ]
[ 7.         13.          5.64152335  2.        ]
[57.         72.          5.72077846  2.        ]
[36.         47.          6.05170488  2.        ]
[80.         40.          6.11238678  3.        ]
[15.         32.          6.12178949  2.        ]
[82.         19.          6.19421543  3.        ]
[ 0.         67.          6.33361518  2.        ]
[28.         58.          6.34066302  2.        ]
[45.         63.          6.36895021  2.        ]
[37.         62.          6.39472166  2.        ]
[43.         59.          6.39865793  2.        ]
[49.         73.          6.49263651  2.        ]
[29.         44.          6.63945928  2.        ]
[81.         55.          6.81746376  4.        ]
[39.         48.          6.85248797  2.        ]
[22.         64.          6.87435429  2.        ]
[85.         91.          7.01541575  5.        ]
[79.         87.          7.04499646  5.        ]
[94.         56.          7.20344974  3.        ]
[ 9.         99.          7.21305891  6.        ]
[10.         83.          7.31298868  3.        ]
[84.         46.          7.54732155  3.        ]
[95.        60.         7.5752128  5.       ]
[38.        50.         7.6233566  2.       ]
[24.         90.          7.63229094  3.        ]
[16.         97.          7.80716311  3.        ]
[ 23.         103.           7.91086546   4.        ]
[100.          93.           7.94989659   5.        ]
[ 88.         101.           8.02222088   8.        ]
[102.          96.           8.14951721   5.        ]
[ 92.         107.           8.27142815   5.        ]
[98.         86.          8.34537949  7.        ]
[104.          25.           8.57620925   6.        ]
[ 20.         105.           8.61083386   3.        ]
[33.         34.          8.61624663  2.        ]
[ 53.        114.          8.7383237   7.       ]
[71.         74.          8.81523823  2.        ]
[ 78.         108.           8.84045463   6.        ]
[  1.        112.          8.9607158   6.       ]
[ 8.         66.          8.98522677  2.        ]
[35.        54.         9.2003219  2.       ]
[110.        113.          9.3286915  15.       ]
[11.         89.          9.38774092  3.        ]
[120.          61.           9.40367548   7.        ]
[109.         118.           9.59843312   7.        ]
[  2.         124.           9.72519657   4.        ]
[111.          41.           9.86008879   6.        ]
[119.         121.           9.92257034   8.        ]
[125.         117.           9.92541362  14.        ]
[115.         126.          10.00112323  10.        ]
[122.          68.          10.09335067   3.        ]
[130.         123.          10.11876406  29.        ]
[30.         65.         10.12971717  2.        ]
[106.          75.          10.26489314   4.        ]
[ 76.         132.          10.56519858   5.        ]
[129.         128.          10.83863569  14.        ]
[131.          52.          11.19436852  11.        ]
[133.         134.          11.21525652  31.        ]
[137.         116.          11.35944807  16.        ]
[139.         138.          11.67870654  42.        ]
[141.          27.          11.87229844  43.        ]
[142.         135.          12.23762269  47.        ]
[127.          70.          12.70719204   5.        ]
[143.         136.          12.75113457  52.        ]
[145.         140.          13.11626584  68.        ]
[146.         144.          13.49502633  73.        ]
[147.          17.          16.11915307  74.        ]
[148.          18.          18.74875463  75.        ]
[149.          26.          19.30237079  76.        ]
