[ 4.         51.          2.28410458  2.        ]
[31.         69.          4.03940886  2.        ]
[ 5.         21.          4.14967227  2.        ]
[ 6.         42.          5.31532294  2.        ]
[ 3.         12.          5.41822446  2.        ]
[14.         77.          5.52428725  3.        ]
[ 7.         13.          5.64152335  2.        ]
[57.         72.          5.72077846  2.        ]
[36.         47.          6.05170488  2.        ]
[80.         40.          6.11238678  3.        ]
[15.         32.          6.12178949  2.        ]
[82.         19.          6.19421543  3.        ]
[ 0.         67.          6.33361518  2.        ]
[28.         58.          6.34066302  2.        ]
[63.         85.          6.36895021  4.        ]
[37.         62.          6.39472166  2.        ]
[43.         59.          6.39865793  2.        ]
[49.         73.          6.49263651  2.        ]
[29.         93.          6.63945928  3.        ]
[ 9.         90.          6.73526554  5.        ]
[81.         87.          6.81746376  6.        ]
[48.         84.          6.85248797  3.        ]
[22.         64.          6.87435429  2.        ]
[96.         55.          6.95369605  7.        ]
[79.         83.          7.08129091  4.        ]
[24.         45.          7.33894203  2.        ]
[44.         94.          7.46103791  4.        ]
[33.         97.          7.55684128  4.        ]
[38.        50.         7.6233566  2.       ]
[16.         98.          7.80716311  3.        ]
[102.          56.           7.81693777   5.        ]
[99.         60.          7.83526653  8.        ]
[91.         52.          7.93151207  3.        ]
[100.          95.           7.95714699   9.        ]
[ 46.         103.           8.03306648   5.        ]
[ 39.         110.           8.06049388   6.        ]
[ 53.         107.           8.27142815   9.        ]
[ 92.         112.           8.37395196  11.        ]
[ 86.        109.          8.5103238  11.       ]
[105.         113.           8.59934457  14.        ]
[ 20.         104.           8.61083386   3.        ]
[25.         89.          8.75330132  3.        ]
[ 71.         106.           8.81523823   6.        ]
[ 88.         115.           8.96989178  16.        ]
[ 8.         66.          8.98522677  2.        ]
[117.         119.           9.00707716  19.        ]
[111.         120.           9.02908392   8.        ]
[114.         108.           9.16253421  14.        ]
[35.        54.         9.2003219  2.       ]
[118.          74.           9.21216301   7.        ]
[78.         23.          9.27919395  3.        ]
[76.        10.         9.3363089  3.       ]
[  1.         121.           9.37933293  20.        ]
[122.          41.           9.59463404   9.        ]
[ 2.         11.          9.83198886  2.        ]
[128.         127.          10.01651307  23.        ]
[123.         116.          10.07404972  17.        ]
[124.          68.          10.09335067   3.        ]
[126.         129.          10.10530231  12.        ]
[30.         65.         10.12971717  2.        ]
[101.         132.          10.15730157  19.        ]
[131.          61.          10.21195941  24.        ]
[137.         135.          11.24130166  26.        ]
[136.          75.          11.62319823  20.        ]
[138.         139.          11.64243881  46.        ]
[18.         34.         11.80462603  2.        ]
[ 17.         125.          11.94793806   8.        ]
[140.         27.         12.0249039  47.       ]
[143.         130.          12.42831486  49.        ]
[144.         134.          13.27667885  61.        ]
[145.         133.          13.70865901  64.        ]
[146.          70.          14.41085972  65.        ]
[147.         142.          15.33599616  73.        ]
[148.         141.          18.53623978  75.        ]
[149.          26.          19.70540332  76.        ]
