[33. 50.  0.  2.]
[540.  95.   0.   3.]
[541. 252.   0.   4.]
[542. 307.   0.   5.]
[543. 308.   0.   6.]
[544. 329.   0.   7.]
[545. 398.   0.   8.]
[546. 428.   0.   9.]
[61. 66.  0.  2.]
[548. 132.   0.   3.]
[549. 155.   0.   4.]
[550. 159.   0.   5.]
[551. 167.   0.   6.]
[552. 236.   0.   7.]
[553. 285.   0.   8.]
[554. 327.   0.   9.]
[555. 362.   0.  10.]
[556. 363.   0.  11.]
[557. 454.   0.  12.]
[558. 539.   0.  13.]
[ 69. 538.   0.   2.]
[74. 91.  0.  2.]
[561. 317.   0.   3.]
[ 78. 125.   0.   2.]
[ 81. 152.   0.   2.]
[ 86. 162.   0.   2.]
[565. 171.   0.   3.]
[566. 289.   0.   4.]
[567. 393.   0.   5.]
[568. 423.   0.   6.]
[569. 429.   0.   7.]
[570. 488.   0.   8.]
[ 90. 518.   0.   2.]
[135. 301.   0.   2.]
[573. 328.   0.   3.]
[140. 380.   0.   2.]
[200. 320.   0.   2.]
[210. 383.   0.   2.]
[218. 503.   0.   2.]
[309. 394.   0.   2.]
[378. 521.   0.   2.]
[  4. 262.   1.   2.]
[ 9. 13.  1.  2.]
[ 11. 571.   1.   9.]
[ 15. 483.   1.   2.]
[ 23. 292.   1.   2.]
[ 27. 484.   1.   2.]
[ 30. 432.   1.   2.]
[547. 559.   1.  22.]
[ 37. 370.   1.   2.]
[ 52. 230.   1.   2.]
[ 53. 401.   1.   2.]
[ 59. 332.   1.   2.]
[560. 564.   1.   4.]
[ 70. 575.   1.   3.]
[562. 204.   1.   4.]
[563. 336.   1.   3.]
[ 89. 311.   1.   2.]
[ 99. 174.   1.   2.]
[103. 196.   1.   2.]
[109. 302.   1.   2.]
[111. 361.   1.   2.]
[126. 161.   1.   2.]
[156. 344.   1.   2.]
[164. 186.   1.   2.]
[190. 263.   1.   2.]
[577. 374.   1.   3.]
[220. 295.   1.   2.]
[277. 532.   1.   2.]
[335. 338.   1.   2.]
[580. 527.   1.   3.]
[582.         176.           1.13807119   3.        ]
[593.         178.           1.13807119   5.        ]
[588.         574.           1.15385075  25.        ]
[594.         183.           1.16568542   4.        ]
[613.         182.           1.18174677  26.        ]
[612.         272.           1.18409492   6.        ]
[615.         211.           1.19035665  27.        ]
[617.         240.           1.19835154  28.        ]
[618.         528.           1.20579506  29.        ]
[611.         314.           1.20710678   4.        ]
[583.          42.           1.21928953  10.        ]
[621.        310.          1.2370099  11.       ]
[622.         365.           1.25177687  12.        ]
[623.       437.         1.264272  13.      ]
[624.         473.           1.27498211  14.        ]
[585.         405.           1.27614237   3.        ]
[586.          47.           1.27614237   3.        ]
[589.         243.           1.27614237   3.        ]
[590.         506.           1.27614237   3.        ]
[600.         221.           1.27614237   3.        ]
[604.         199.           1.27614237   3.        ]
[607.         239.           1.27614237   3.        ]
[625.         504.           1.28426421  15.        ]
[627.         355.           1.31066017   4.        ]
[596.         136.           1.31066017   4.        ]
[632.         480.           1.31066017   4.        ]
[634.         498.           1.33137085   5.        ]
[616.         603.           1.33821259   8.        ]
[619.          73.           1.36705414  30.        ]
[639.         149.           1.36857541  31.        ]
[640.         181.           1.37000161  32.        ]
[641.         576.           1.37134136  34.        ]
[642.         241.           1.37372315  35.        ]
[643.         267.           1.37484789  36.        ]
[644.         319.           1.37591182  37.        ]
[645.         368.           1.37691976  38.        ]
[646.         377.           1.37787601  39.        ]
[647.         411.           1.37878445  40.        ]
[648.         459.           1.37964858  41.        ]
[649.         535.           1.38047155  42.        ]
[584.        587.          1.3927966   4.       ]
[  1.         113.           1.41421356   2.        ]
[652.         216.           1.41421356   3.        ]
[  6.         129.           1.41421356   2.        ]
[ 14.         442.           1.41421356   2.        ]
[ 55.         133.           1.41421356   2.        ]
[ 68.         261.           1.41421356   2.        ]
[ 87.         117.           1.41421356   2.        ]
[134.         578.           1.41421356   3.        ]
[142.         519.           1.41421356   2.        ]
[147.         198.           1.41421356   2.        ]
[168.         280.           1.41421356   2.        ]
[170.         270.           1.41421356   2.        ]
[172.         339.           1.41421356   2.        ]
[664.         412.           1.41421356   3.        ]
[193.         279.           1.41421356   2.        ]
[219.         235.           1.41421356   2.        ]
[255.         358.           1.41421356   2.        ]
[313.         381.           1.41421356   2.        ]
[337.         403.           1.41421356   2.        ]
[343.         419.           1.41421356   2.        ]
[671.         476.           1.41421356   3.        ]
[359.         413.           1.41421356   2.        ]
[372.         499.           1.41421356   2.        ]
[396.         417.           1.41421356   2.        ]
[406.         430.           1.41421356   2.        ]
[443.         508.           1.41421356   2.        ]
[650.         595.           1.44711813  46.        ]
[610.         677.           1.49367287   5.        ]
[599.         245.           1.52015931   3.        ]
[605.         674.           1.52015931   4.        ]
[633.         597.           1.52317486  17.        ]
[678.         638.           1.53846521  54.        ]
[682.         629.           1.58228825  20.        ]
[620.         661.           1.60491591   6.        ]
[663.         468.           1.60947571   3.        ]
[667.         439.           1.60947571   3.        ]
[655.         601.           1.62610506   4.        ]
[591.         452.           1.62610506   3.        ]
[626.         683.           1.62912259  57.        ]
[679.         448.           1.63833777   6.        ]
[628.        244.          1.6525915   4.       ]
[ 38.        630.          1.6525915   4.       ]
[637.         108.           1.67907793   6.        ]
[684.         651.           1.68299996  24.        ]
[665.         248.           1.70710678   4.        ]
[692.        254.          1.7220732   5.       ]
[ 3.         20.          1.73205081  2.        ]
[ 7.         79.          1.73205081  2.        ]
[ 17.         283.           1.73205081   2.        ]
[ 26.         409.           1.73205081   2.        ]
[ 49.         246.           1.73205081   2.        ]
[ 60.         260.           1.73205081   2.        ]
[ 63.         116.           1.73205081   2.        ]
[ 71.         462.           1.73205081   2.        ]
[ 88.         331.           1.73205081   2.        ]
[102.         175.           1.73205081   2.        ]
[104.         271.           1.73205081   2.        ]
[146.         326.           1.73205081   2.        ]
[151.         296.           1.73205081   2.        ]
[157.         350.           1.73205081   2.        ]
[180.         233.           1.73205081   2.        ]
[237.         341.           1.73205081   2.        ]
[247.         249.           1.73205081   2.        ]
[306.         458.           1.73205081   2.        ]
[318.         509.           1.73205081   2.        ]
[346.         438.           1.73205081   2.        ]
[348.         367.           1.73205081   2.        ]
[353.         466.           1.73205081   2.        ]
[418.         461.           1.73205081   2.        ]
[425.         511.           1.73205081   2.        ]
[451.         472.           1.73205081   2.        ]
[658.         153.           1.73205081   3.        ]
[122.         676.           1.73205081   3.        ]
[144.         673.           1.73205081   3.        ]
[680.         602.           1.74606523   5.        ]
[695.          39.           1.75095277  25.        ]
[727.         234.           1.76053151  26.        ]
[728.         268.           1.76940071  27.        ]
[729.        672.          1.7776364  30.       ]
[635.         315.           1.78564065   5.        ]
[694.         516.           1.78913676   7.        ]
[730.         364.           1.79785127  31.        ]
[687.         636.           1.79857611   7.        ]
[733.         497.           1.80416842  32.        ]
[660.         201.           1.80473785   3.        ]
[735.         533.           1.81010271  33.        ]
[737.         534.           1.81568792  34.        ]
[703.         399.           1.82136721   3.        ]
[238.         608.           1.82136721   3.        ]
[719.         467.           1.82136721   3.        ]
[690.        689.          1.8274083  60.       ]
[742.         668.           1.84332186  62.        ]
[209.         691.           1.84506589   7.        ]
[743.        187.          1.8520953  63.       ]
[745.         282.           1.85440631  64.        ]
[746.         481.           1.85664621  65.        ]
[747.         494.           1.85881824  66.        ]
[662.         681.           1.86325439   6.        ]
[739.        670.          1.8660254   5.       ]
[614.         340.           1.87138439   5.        ]
[688.         395.           1.87536835   5.        ]
[734.         274.           1.89018421   8.        ]
[748.         697.           1.89141398  71.        ]
[752.         482.           1.89614029   6.        ]
[738.         715.           1.90739459  36.        ]
[701.        141.          1.9106836   3.       ]
[713.        410.          1.9106836   3.       ]
[754.         606.           1.91212809  74.        ]
[744.         231.           1.92849195   8.        ]
[756.         759.           1.94570141 110.        ]
[598.         726.           1.96260193   7.        ]
[717.         526.           1.97119712   3.        ]
[685.          72.           1.97863224   7.        ]
[21. 40.  2.  2.]
[ 29. 486.   2.   2.]
[ 41. 382.   2.   2.]
[45. 46.  2.  2.]
[ 62. 202.   2.   2.]
[65. 76.  2.  2.]
[ 98. 514.   2.   2.]
[127. 223.   2.   2.]
[659. 154.   2.   4.]
[143. 445.   2.   2.]
[160. 487.   2.   2.]
[192. 203.   2.   2.]
[666. 224.   2.   3.]
[197. 449.   2.   2.]
[205. 250.   2.   2.]
[213. 386.   2.   2.]
[229. 400.   2.   2.]
[276. 345.   2.   2.]
[290. 530.   2.   2.]
[297. 427.   2.   2.]
[303. 369.   2.   2.]
[366. 517.   2.   2.]
[402. 489.   2.   2.]
[408. 450.   2.   2.]
[416. 507.   2.   2.]
[422. 496.   2.   2.]
[492. 523.   2.   2.]
[698.         693.           2.02037973   6.        ]
[764.         441.           2.03748942   8.        ]
[699.         749.           2.03857683   8.        ]
[723.         227.           2.05901699   4.        ]
[711.         753.           2.06802054  10.        ]
[656.         100.           2.06806225   3.        ]
[390.         675.           2.06806225   3.        ]
[708.         686.           2.06960142   5.        ]
[704.         257.           2.07868933   3.        ]
[716.         502.           2.07868933   3.        ]
[696.         464.           2.08989795   5.        ]
[732.         758.           2.09386285  10.        ]
[724.         435.           2.09442719   4.        ]
[794.         755.           2.10523853  14.        ]
[761.         741.           2.11199277 113.        ]
[806.         325.           2.12611109 114.        ]
[807.         757.           2.13028675 117.        ]
[760.        465.          2.1487376   9.       ]
[750.         286.           2.15175799   6.        ]
[581.         184.           2.15737865   3.        ]
[592.         469.           2.15737865   3.        ]
[ 96.         709.           2.15737865   3.        ]
[797.         474.           2.16341913   4.        ]
[793.         631.           2.16519775  11.        ]
[740.         376.           2.17311652   4.        ]
[736.         789.           2.18728739   5.        ]
[ 80.        809.          2.2072973  10.       ]
[808.         169.           2.21060205 118.        ]
[ 83.         720.           2.21525044   3.        ]
[ 22.         762.           2.23334203   8.        ]
[805.         819.           2.23351678 132.        ]
[48.         92.          2.23606798  2.        ]
[ 58.         440.           2.23606798   2.        ]
[771.         495.           2.23606798   3.        ]
[115.         291.           2.23606798   2.        ]
[120.         493.           2.23606798   2.        ]
[130.         505.           2.23606798   2.        ]
[321.         436.           2.23606798   2.        ]
[342.         479.           2.23606798   2.        ]
[351.         379.           2.23606798   2.        ]
[356.         790.           2.23606798   3.        ]
[397.         444.           2.23606798   2.        ]
[415.         460.           2.23606798   2.        ]
[804.         299.           2.24246289   5.        ]
[803.         773.           2.25869266  14.        ]
[792.         251.           2.26272263   7.        ]
[751.         775.           2.27364986   7.        ]
[814.         191.           2.27422309   5.        ]
[779.         334.           2.27614237   3.        ]
[813.         179.           2.29298045   4.        ]
[ 51.         706.           2.30720857   3.        ]
[820.        173.          2.3150492   4.       ]
[763.        490.          2.3191954   4.       ]
[795.         776.           2.33336262   6.        ]
[837.         269.           2.34090724   8.        ]
[822.         796.           2.34093865 142.        ]
[800.         831.           2.34993743   5.        ]
[817.         371.           2.35312036   6.        ]
[815.         455.           2.35800864  12.        ]
[832.         433.           2.36412104   4.        ]
[839.         391.           2.37171475   6.        ]
[ 24.         768.           2.37262909   3.        ]
[772.         194.           2.37262909   3.        ]
[802.         478.           2.37457479   6.        ]
[710.         525.           2.37834915   3.        ]
[836.        827.          2.3855754  16.       ]
[842.        838.          2.3896426  10.       ]
[847.         349.           2.39727834 143.        ]
[859.         801.           2.40764575 146.        ]
[850.          36.           2.42720945  13.        ]
[860.         830.           2.42878863 148.        ]
[829.         513.           2.43352103   3.        ]
[811.         264.           2.43751321   4.        ]
[845.         121.           2.44228818   7.        ]
[ 31.         426.           2.44948974   2.        ]
[57.         75.          2.44948974  2.        ]
[ 82.         347.           2.44948974   2.        ]
[572.         537.           2.44948974   3.        ]
[114.         388.           2.44948974   2.        ]
[124.         305.           2.44948974   2.        ]
[137.         778.           2.44948974   3.        ]
[163.         232.           2.44948974   2.        ]
[185.         195.           2.44948974   2.        ]
[385.         475.           2.44948974   2.        ]
[861.         316.           2.45586786  14.        ]
[862.         872.           2.46839112 151.        ]
[818.         447.           2.47795715  11.        ]
[767.         854.           2.48076397   5.        ]
[810.         721.           2.48531656   8.        ]
[835.         431.           2.48844376   6.        ]
[877.         825.           2.48985652 154.        ]
[855.         786.           2.50272279   8.        ]
[780.        424.          2.5091902   3.       ]
[781.        300.          2.5091902   3.       ]
[882.         788.           2.51991794 156.        ]
[843.         884.           2.52905328   7.        ]
[841.         131.           2.53061119   5.        ]
[878.         669.           2.53493357  13.        ]
[799.         840.           2.53862925   8.        ]
[858.         848.           2.54091977  15.        ]
[886.         867.           2.54445742 158.        ]
[881.         222.           2.55496744   7.        ]
[892.         293.           2.56276637 159.        ]
[864.          35.           2.56724668   5.        ]
[888.         330.           2.58024718   6.        ]
[826.         128.           2.58033079   3.        ]
[609.         491.           2.58033079   3.        ]
[891.         515.           2.58462601  16.        ]
[766.         869.           2.58974223   5.        ]
[849.         420.           2.59352835   7.        ]
[894.         816.           2.59357009 163.        ]
[889.        851.          2.6013153  17.       ]
[902.         242.           2.60543678 164.        ]
[904.         798.           2.61448008 167.        ]
[857.         824.           2.62974035  18.        ]
[852.         407.           2.63589125   7.        ]
[821.         856.           2.63648258  11.        ]
[ 28.         471.           2.64575131   2.        ]
[ 54.         148.           2.64575131   2.        ]
[206.         322.           2.64575131   2.        ]
[258.         456.           2.64575131   2.        ]
[579.         531.           2.64575131   3.        ]
[905.         887.           2.64961068 174.        ]
[906.         873.           2.65326102  20.        ]
[914.        896.          2.6532724 180.       ]
[895.         828.           2.65797612   7.        ]
[876.         901.           2.67896641  21.        ]
[770.         470.           2.68708572   3.        ]
[916.         865.           2.68734519 187.        ]
[ 16.         903.           2.69392781  18.        ]
[883.         722.           2.70883234  10.        ]
[920.          97.           2.72639121 188.        ]
[702.         907.           2.73371306   9.        ]
[769.         208.           2.76383421   3.        ]
[925.         712.           2.77052225   5.        ]
[923.         118.           2.77641084 189.        ]
[927.         844.           2.77969275 193.        ]
[893.         453.           2.78246144   8.        ]
[928.        915.          2.7910255 213.       ]
[900.          44.           2.80763668   6.        ]
[823.         899.           2.81240157  18.        ]
[908.         463.           2.82107947  12.        ]
[922.         791.           2.82605439  12.        ]
[ 12.         404.           2.82842712   2.        ]
[19.         25.          2.82842712  2.        ]
[ 32.         524.           2.82842712   2.        ]
[ 64.         657.           2.82842712   3.        ]
[938.          93.           2.82842712   4.        ]
[939.         123.           2.82842712   5.        ]
[940.         214.           2.82842712   6.        ]
[ 77.         485.           2.82842712   2.        ]
[207.         256.           2.82842712   2.        ]
[215.         373.           2.82842712   2.        ]
[918.         106.           2.83140034  22.        ]
[930.         217.           2.83281182 214.        ]
[933.         266.           2.83513217  13.        ]
[846.         177.           2.85134874   9.        ]
[777.         784.           2.85416535   5.        ]
[936.         879.           2.86746741   7.        ]
[946.        912.          2.8704759 216.       ]
[951.         457.           2.87433266 217.        ]
[952.         718.           2.87607083 219.        ]
[654.         67.          2.8819171   3.       ]
[953.         226.           2.88370284 220.        ]
[932.         387.           2.90926595  19.        ]
[863.         389.           2.91421356   4.        ]
[926.         165.           2.91527258   6.        ]
[924.          85.           2.92040079  10.        ]
[921.         934.           2.93435732  30.        ]
[868.         265.           2.93971064   3.        ]
[909.          43.           2.94280904   3.        ]
[945.         731.           2.95097817  27.        ]
[955.         700.           2.96165997 222.        ]
[948.         119.           2.96708339  10.        ]
[942.        929.          2.9740851  10.       ]
[964.          84.           2.98677223 223.        ]
[890.         885.           2.99514111  11.        ]
[967.         880.           3.00214299 231.        ]
[956.        919.          3.0314414  22.       ]
[853.         288.           3.05013344   4.        ]
[970.         959.           3.05332839  32.        ]
[969.         944.           3.05747124 233.        ]
[963.         352.           3.06250503  28.        ]
[917.         957.           3.07343626  11.        ]
[705.         875.           3.09745163   4.        ]
[973.         960.           3.10278795 263.        ]
[962.         937.           3.10321779   5.        ]
[935.         947.           3.15491323  15.        ]
[977.         949.           3.15780201 268.        ]
[112.         897.           3.16029503   4.        ]
[110.         273.           3.16227766   2.        ]
[500.         510.           3.16227766   2.        ]
[ 34.         968.           3.17471191  12.        ]
[954.         782.           3.18115814   5.        ]
[980.         392.           3.18920892 269.        ]
[986.         228.           3.19082844 270.        ]
[958.         333.           3.19603365   7.        ]
[975.         375.           3.20292042  12.        ]
[910.        324.          3.2137267   3.       ]
[  2.         974.           3.22075757  29.        ]
[989.         987.           3.22201697 282.        ]
[971.         783.           3.22344505   6.        ]
[979.         278.           3.22893364  16.        ]
[  0.         972.           3.26312664  33.        ]
[994.         983.           3.29050348  18.        ]
[312.         898.           3.29938467   4.        ]
[139.         253.           3.31662479   2.        ]
[978.         107.           3.32058967   6.        ]
[931.         866.           3.34131011   8.        ]
[992.         950.           3.36463616 289.        ]
[707.         189.           3.36578373   3.        ]
[993.        714.          3.3769964   8.       ]
[998.         188.           3.41494267   3.        ]
[988.         981.           3.43450205  11.        ]
[  5.         275.           3.46410162   2.        ]
[101.         520.           3.46410162   2.        ]
[1001.          785.            3.46425375  291.        ]
[991.           8.           3.46466788  30.        ]
[ 965.         1008.            3.50824253  301.        ]
[1003.        421.          3.514441    9.      ]
[999.          56.           3.52609263   7.        ]
[943.         284.           3.54853081   3.        ]
[976.         725.           3.58271676   7.        ]
[ 18.         287.           3.60555128   2.        ]
[212.         477.           3.60555128   2.        ]
[281.         360.           3.60555128   2.        ]
[414.         501.           3.60555128   2.        ]
[1000.          870.            3.61396407   10.        ]
[1006.          984.            3.62080808   14.        ]
[138.        913.          3.6395778   4.       ]
[871.        158.          3.6491388   3.       ]
[874.         997.           3.69510995   6.        ]
[1019.          298.            3.70350439   11.        ]
[1014.          966.            3.73196546   17.        ]
[996.         834.           3.73219543  20.        ]
[1009.          434.            3.74847748   31.        ]
[1010.           94.            3.77118144  302.        ]
[1022.          522.            3.80179788    4.        ]
[1026.          529.            3.82028039   21.        ]
[1012.         1021.            3.82859345   11.        ]
[ 995.         1017.            3.84665577   35.        ]
[1032.         1028.            3.88825575  337.        ]
[ 833.         1018.            3.89981709    4.        ]
[1031.          536.            3.92390571   12.        ]
[1004.         1013.            3.94498945    6.        ]
[1033.          961.            3.96671336  340.        ]
[1007.        1034.           3.9848558    6.       ]
[ 812.         1016.            4.00913726    5.        ]
[1027.         1024.            4.04002835   42.        ]
[653.         985.           4.04902153   8.        ]
[1037.         1038.            4.11870313  346.        ]
[ 10.         225.           4.12310563   2.        ]
[1011.          323.            4.17374941   10.        ]
[ 990.         1036.            4.17506367    9.        ]
[1002.          384.            4.22189672    4.        ]
[1042.         1044.            4.22454814  356.        ]
[1040.          774.            4.25419703   44.        ]
[1047.          357.            4.29783107  357.        ]
[1049.         1035.            4.35571583  369.        ]
[1030.          166.            4.38289758   22.        ]
[1048.          304.            4.44782222   45.        ]
[1051.         1023.            4.45776902   28.        ]
[1050.          982.            4.46395295  371.        ]
[1054.          446.            4.48170692  372.        ]
[941.         150.           4.51693711   7.        ]
[1029.          787.            4.56774121    6.        ]
[1055.         1041.            4.57992573  380.        ]
[1058.         1057.            4.60089603  386.        ]
[1052.         1020.            4.67244733   59.        ]
[1043.          911.            4.71850738    4.        ]
[1059.          145.            4.72802419  387.        ]
[1045.         1056.            4.74360967   16.        ]
[1062.          105.            4.76056371  388.        ]
[1064.         1060.            4.81997129  447.        ]
[1065.          765.            4.89266421  449.        ]
[259.         294.           4.89897949   2.        ]
[1066.         1005.            5.11762798  460.        ]
[1015.          354.            5.15453135    3.        ]
[1068.          512.            5.24840087  461.        ]
[1061.         1063.            5.41388727   20.        ]
[1053.        1067.           5.5662853   30.       ]
[1070.         1072.            5.78219516  491.        ]
[1073.         1071.            5.85405959  511.        ]
[1074.         1025.            5.98425175  528.        ]
[1075.         1069.            6.48059781  531.        ]
[1076.         1046.            7.42377916  535.        ]
[1077.         1039.            7.76850225  540.        ]
