[50. 95.  0.  2.]
[540. 252.   0.   3.]
[541. 308.   0.   4.]
[542. 329.   0.   5.]
[ 33. 543.   0.   6.]
[544. 398.   0.   7.]
[545. 307.   0.   8.]
[546. 428.   0.   9.]
[61. 66.  0.  2.]
[548. 132.   0.   3.]
[549. 155.   0.   4.]
[550. 159.   0.   5.]
[551. 167.   0.   6.]
[552. 236.   0.   7.]
[553. 285.   0.   8.]
[554. 327.   0.   9.]
[555. 362.   0.  10.]
[556. 363.   0.  11.]
[557. 454.   0.  12.]
[558. 539.   0.  13.]
[ 69. 538.   0.   2.]
[ 91. 559.   0.  14.]
[ 74. 317.   0.   2.]
[ 78. 125.   0.   2.]
[ 81. 152.   0.   2.]
[ 86. 162.   0.   2.]
[565. 171.   0.   3.]
[566. 289.   0.   4.]
[567. 393.   0.   5.]
[568. 423.   0.   6.]
[569. 429.   0.   7.]
[570. 488.   0.   8.]
[ 90. 518.   0.   2.]
[301. 547.   0.  10.]
[135. 328.   0.   2.]
[140. 380.   0.   2.]
[200. 320.   0.   2.]
[210. 383.   0.   2.]
[218. 503.   0.   2.]
[309. 394.   0.   2.]
[378. 521.   0.   2.]
[5.74000000e+02 5.73000000e+02 4.73684211e-01 1.20000000e+01]
[5.62000000e+02 5.61000000e+02 4.81481481e-01 1.60000000e+01]
[  4. 262.   1.   2.]
[  9. 176.   1.   2.]
[571. 156.   1.   9.]
[ 15. 483.   1.   2.]
[292. 582.   1.  17.]
[ 27. 484.   1.   2.]
[ 30. 432.   1.   2.]
[370. 587.   1.  18.]
[230. 581.   1.  13.]
[ 53. 401.   1.   2.]
[ 59. 332.   1.   2.]
[564. 591.   1.  15.]
[560. 594.   1.  17.]
[ 70. 575.   1.   3.]
[563. 336.   1.   3.]
[ 89. 311.   1.   2.]
[ 99. 174.   1.   2.]
[103. 196.   1.   2.]
[109. 302.   1.   2.]
[111. 361.   1.   2.]
[126. 161.   1.   2.]
[186. 584.   1.   3.]
[190. 263.   1.   2.]
[577. 374.   1.   3.]
[220. 295.   1.   2.]
[277. 532.   1.   2.]
[335. 338.   1.   2.]
[580. 527.   1.   3.]
[585.         310.           1.04142136  10.        ]
[ 11.         611.           1.07531156  11.        ]
[596.         183.           1.16568542   4.        ]
[604.         199.           1.20806372   4.        ]
[612.          42.           1.25283165  12.        ]
[615.         589.           1.26524565  14.        ]
[588.         355.           1.27614237   3.        ]
[601.         221.           1.27614237   3.        ]
[605.         473.           1.27614237   3.        ]
[607.         239.           1.27614237   3.        ]
[616.         365.           1.29710986  15.        ]
[621.         590.           1.30442884  33.        ]
[617.         498.           1.31066017   4.        ]
[597.         136.           1.31066017   4.        ]
[620.         480.           1.31066017   4.        ]
[595.         178.           1.31562281  18.        ]
[626.        204.          1.3208118  19.       ]
[627.         272.           1.32548189  20.        ]
[623.          47.           1.33137085   5.        ]
[164.         614.           1.37426147   5.        ]
[  1.         216.           1.41421356   2.        ]
[631.         113.           1.41421356   3.        ]
[  6.         129.           1.41421356   2.        ]
[ 13.         314.           1.41421356   2.        ]
[ 14.         442.           1.41421356   2.        ]
[ 23.         405.           1.41421356   2.        ]
[ 37.         240.           1.41421356   2.        ]
[637.         243.           1.41421356   3.        ]
[ 52.         506.           1.41421356   2.        ]
[ 55.         133.           1.41421356   2.        ]
[ 68.         261.           1.41421356   2.        ]
[ 73.         149.           1.41421356   2.        ]
[642.         181.           1.41421356   3.        ]
[643.         576.           1.41421356   5.        ]
[644.         241.           1.41421356   6.        ]
[ 87.         117.           1.41421356   2.        ]
[134.         578.           1.41421356   3.        ]
[142.         519.           1.41421356   2.        ]
[147.         198.           1.41421356   2.        ]
[168.         280.           1.41421356   2.        ]
[170.         270.           1.41421356   2.        ]
[172.         339.           1.41421356   2.        ]
[652.         412.           1.41421356   3.        ]
[182.         211.           1.41421356   2.        ]
[654.         528.           1.41421356   3.        ]
[193.         279.           1.41421356   2.        ]
[219.         235.           1.41421356   2.        ]
[255.         358.           1.41421356   2.        ]
[267.         319.           1.41421356   2.        ]
[645.         659.           1.41421356   8.        ]
[306.         535.           1.41421356   2.        ]
[313.         381.           1.41421356   2.        ]
[337.         403.           1.41421356   2.        ]
[343.         419.           1.41421356   2.        ]
[664.         476.           1.41421356   3.        ]
[359.         413.           1.41421356   2.        ]
[368.         377.           1.41421356   2.        ]
[660.         667.           1.41421356  10.        ]
[372.         499.           1.41421356   2.        ]
[396.         417.           1.41421356   2.        ]
[406.         430.           1.41421356   2.        ]
[411.         459.           1.41421356   2.        ]
[437.         504.           1.41421356   2.        ]
[443.         508.           1.41421356   2.        ]
[668.         672.           1.41421356  12.        ]
[622.         673.           1.44941842  35.        ]
[619.         669.           1.49367287   5.        ]
[610.         674.           1.49367287   5.        ]
[600.         245.           1.52015931   3.        ]
[676.        675.          1.5676321  47.       ]
[636.         511.           1.60947571   3.        ]
[651.         468.           1.60947571   3.        ]
[657.         439.           1.60947571   3.        ]
[628.         655.           1.62069383  23.        ]
[635.         602.           1.62610506   4.        ]
[592.         452.           1.62610506   3.        ]
[678.         448.           1.63833777   6.        ]
[ 38.        618.          1.6525915   4.       ]
[680.         684.           1.66838466  70.        ]
[629.         108.           1.67907793   6.        ]
[653.         248.           1.70710678   4.        ]
[ 3.         20.          1.73205081  2.        ]
[ 7.         79.          1.73205081  2.        ]
[ 17.         283.           1.73205081   2.        ]
[ 26.         409.           1.73205081   2.        ]
[638.         244.           1.73205081   4.        ]
[ 49.         246.           1.73205081   2.        ]
[ 60.         260.           1.73205081   2.        ]
[ 63.         116.           1.73205081   2.        ]
[ 71.         462.           1.73205081   2.        ]
[ 88.         331.           1.73205081   2.        ]
[102.         175.           1.73205081   2.        ]
[104.         271.           1.73205081   2.        ]
[146.         326.           1.73205081   2.        ]
[151.         296.           1.73205081   2.        ]
[157.         350.           1.73205081   2.        ]
[180.         233.           1.73205081   2.        ]
[237.         341.           1.73205081   2.        ]
[247.         249.           1.73205081   2.        ]
[318.         509.           1.73205081   2.        ]
[344.         502.           1.73205081   2.        ]
[346.         438.           1.73205081   2.        ]
[348.         367.           1.73205081   2.        ]
[353.         466.           1.73205081   2.        ]
[418.         461.           1.73205081   2.        ]
[451.         472.           1.73205081   2.        ]
[634.         649.           1.73205081   4.        ]
[639.         325.           1.73205081   3.        ]
[646.         153.           1.73205081   3.        ]
[122.         671.           1.73205081   3.        ]
[144.         666.           1.73205081   3.        ]
[661.         458.           1.73205081   3.        ]
[679.         603.           1.74606523   5.        ]
[689.         598.           1.78052196  72.        ]
[696.         254.           1.78564065   5.        ]
[624.         315.           1.78564065   5.        ]
[690.         516.           1.78913676   7.        ]
[724.         686.           1.78968509  75.        ]
[683.         625.           1.79857611   7.        ]
[648.         201.           1.80473785   3.        ]
[728.         677.           1.82056054  80.        ]
[698.         399.           1.82136721   3.        ]
[238.         608.           1.82136721   3.        ]
[714.         467.           1.82136721   3.        ]
[209.         687.           1.84506589   7.        ]
[731.         606.           1.85010421  83.        ]
[732.        663.          1.8660254   5.       ]
[736.         658.           1.86717252  85.        ]
[613.         340.           1.87138439   5.        ]
[685.         395.           1.87536835   5.        ]
[738.         187.           1.88194093  86.        ]
[741.         282.           1.88329793  87.        ]
[742.         481.           1.88462409  88.        ]
[743.         494.           1.88592045  89.        ]
[729.         274.           1.89018421   8.        ]
[740.         482.           1.89614029   6.        ]
[744.         725.           1.89935852  94.        ]
[586.         96.          1.9106836   3.       ]
[695.        141.          1.9106836   3.       ]
[708.        410.          1.9106836   3.       ]
[735.         231.           1.92849195   8.        ]
[747.         681.           1.93102412  97.        ]
[752.         722.           1.93952737 100.        ]
[599.         723.           1.96260193   7.        ]
[753.         665.           1.96425936 103.        ]
[755.         39.          1.9699497 104.       ]
[756.         234.           1.97023589 105.        ]
[757.         268.           1.97051668 106.        ]
[758.         364.           1.97079223 107.        ]
[759.         497.           1.97106267 108.        ]
[650.         712.           1.97119712   4.        ]
[760.         533.           1.97132815 109.        ]
[762.         534.           1.97158881 110.        ]
[763.        711.          1.9797081 112.       ]
[764.        718.          1.9853282 115.       ]
[21. 40.  2.  2.]
[ 29. 486.   2.   2.]
[ 41. 382.   2.   2.]
[45. 46.  2.  2.]
[ 62. 202.   2.   2.]
[65. 76.  2.  2.]
[ 98. 514.   2.   2.]
[127. 223.   2.   2.]
[647. 154.   2.   4.]
[143. 445.   2.   2.]
[160. 487.   2.   2.]
[192. 203.   2.   2.]
[656. 224.   2.   3.]
[197. 449.   2.   2.]
[205. 250.   2.   2.]
[213. 386.   2.   2.]
[229. 400.   2.   2.]
[276. 345.   2.   2.]
[290. 530.   2.   2.]
[297. 427.   2.   2.]
[303. 369.   2.   2.]
[366. 517.   2.   2.]
[402. 489.   2.   2.]
[408. 450.   2.   2.]
[416. 507.   2.   2.]
[422. 496.   2.   2.]
[492. 523.   2.   2.]
[692.         688.           2.02037973   6.        ]
[719.         227.           2.05901699   4.        ]
[765.         734.           2.06134903 118.        ]
[706.         745.           2.06802054  10.        ]
[640.         100.           2.06806225   3.        ]
[390.         670.           2.06806225   3.        ]
[703.         682.           2.06960142   5.        ]
[693.          75.           2.07868933   3.        ]
[717.          72.           2.07868933   5.        ]
[699.         257.           2.07868933   3.        ]
[691.         464.           2.08989795   5.        ]
[727.         750.           2.09386285  10.        ]
[720.         435.           2.09442719   4.        ]
[748.         704.           2.09570489   5.        ]
[746.         772.           2.10526036   8.        ]
[795.         495.           2.13165672 119.        ]
[801.        441.          2.1404894   6.       ]
[751.        465.          2.1487376   9.       ]
[737.         286.           2.15175799   6.        ]
[583.         184.           2.15737865   3.        ]
[593.         469.           2.15737865   3.        ]
[808.         749.           2.16053998 122.        ]
[797.         474.           2.16341913   4.        ]
[733.         376.           2.17311652   4.        ]
[730.         790.           2.18728739   5.        ]
[761.         526.           2.19017226   5.        ]
[814.         807.           2.20189667 130.        ]
[ 80.        810.          2.2072973  10.       ]
[ 83.         715.           2.21525044   3.        ]
[710.         513.           2.21525044   3.        ]
[819.         342.           2.22584597 131.        ]
[ 22.         754.           2.23334203   8.        ]
[806.         179.           2.23456475   6.        ]
[48.         92.          2.23606798  2.        ]
[ 58.         440.           2.23606798   2.        ]
[115.         291.           2.23606798   2.        ]
[120.         493.           2.23606798   2.        ]
[130.         505.           2.23606798   2.        ]
[321.         436.           2.23606798   2.        ]
[351.         379.           2.23606798   2.        ]
[356.         791.           2.23606798   3.        ]
[397.         444.           2.23606798   2.        ]
[415.         460.           2.23606798   2.        ]
[805.         299.           2.24246289   5.        ]
[823.        796.          2.2456305 141.       ]
[809.        630.          2.2570152  11.       ]
[804.         774.           2.25869266  14.        ]
[793.         251.           2.26272263   7.        ]
[739.         776.           2.27364986   7.        ]
[815.         191.           2.27422309   5.        ]
[780.         334.           2.27614237   3.        ]
[837.         169.           2.28966469 142.        ]
[ 51.         701.           2.30720857   3.        ]
[821.        173.          2.3150492   4.       ]
[ 57.         818.           2.32126902   6.        ]
[794.         777.           2.33336262   6.        ]
[844.         825.           2.33571847 148.        ]
[840.         269.           2.34090724   8.        ]
[802.         832.           2.34993743   5.        ]
[817.         371.           2.35312036   6.        ]
[833.         433.           2.36412104   4.        ]
[849.        816.          2.3700353 152.       ]
[842.         391.           2.37171475   6.        ]
[ 24.         769.           2.37262909   3.        ]
[773.         194.           2.37262909   3.        ]
[803.         478.           2.37457479   6.        ]
[705.         525.           2.37834915   3.        ]
[839.        829.          2.3855754  16.       ]
[800.       847.         2.386023   9.      ]
[845.        841.          2.3896426  10.       ]
[854.         293.           2.43013898 153.        ]
[863.         479.           2.43571664 154.        ]
[812.         264.           2.43751321   4.        ]
[838.         455.           2.44032597  12.        ]
[848.         121.           2.44228818   7.        ]
[864.         137.           2.44432559 155.        ]
[868.         779.           2.44703914 157.        ]
[ 31.         426.           2.44948974   2.        ]
[ 36.         106.           2.44948974   2.        ]
[ 82.         347.           2.44948974   2.        ]
[572.         537.           2.44948974   3.        ]
[114.         388.           2.44948974   2.        ]
[124.         305.           2.44948974   2.        ]
[163.         232.           2.44948974   2.        ]
[185.         195.           2.44948974   2.        ]
[349.         456.           2.44948974   2.        ]
[385.         475.           2.44948974   2.        ]
[820.         447.           2.47795715  11.        ]
[869.         789.           2.48014468 159.        ]
[768.         857.           2.48076397   5.        ]
[836.         431.           2.48844376   6.        ]
[881.         242.           2.49749072 160.        ]
[858.         787.           2.50272279   8.        ]
[861.         884.           2.50398304 169.        ]
[866.         316.           2.50732153  13.        ]
[781.        424.          2.5091902   3.       ]
[782.        300.          2.5091902   3.       ]
[846.         888.           2.52905328   7.        ]
[880.         662.           2.53493357  13.        ]
[799.         843.           2.53862925   8.        ]
[862.         851.           2.54091977  15.        ]
[883.         222.           2.55496744   7.        ]
[886.         878.           2.56019681 171.        ]
[865.          35.           2.56724668   5.        ]
[828.         128.           2.58033079   3.        ]
[609.         491.           2.58033079   3.        ]
[893.         515.           2.58462601  16.        ]
[767.         873.           2.58974223   5.        ]
[852.         420.           2.59352835   7.        ]
[891.        853.          2.6013153  17.       ]
[860.         827.           2.62974035  18.        ]
[811.        425.          2.6308293   7.       ]
[855.         407.           2.63589125   7.        ]
[824.         859.           2.63648258  11.        ]
[ 28.         471.           2.64575131   2.        ]
[ 54.         148.           2.64575131   2.        ]
[206.         322.           2.64575131   2.        ]
[579.         531.           2.64575131   3.        ]
[887.         871.           2.65191486  15.        ]
[822.         490.           2.65203185   4.        ]
[903.         876.           2.65326102  20.        ]
[896.         830.           2.65797612   7.        ]
[798.         414.           2.65993197   4.        ]
[895.         890.           2.68137822 178.        ]
[771.         470.           2.68708572   3.        ]
[ 16.         902.           2.69392781  18.        ]
[916.         867.           2.70452966 185.        ]
[885.         716.           2.70883234  10.        ]
[697.         905.           2.73371306   9.        ]
[911.         901.           2.75832877  22.        ]
[919.         912.           2.76110504 189.        ]
[770.         208.           2.76383421   3.        ]
[924.         707.           2.77052225   5.        ]
[899.         330.           2.77889851  17.        ]
[894.         453.           2.78246144   8.        ]
[904.         118.           2.79192349   8.        ]
[900.          44.           2.80763668   6.        ]
[923.         913.           2.81868296 209.        ]
[906.         463.           2.82107947  12.        ]
[920.         792.           2.82605439  12.        ]
[915.         457.           2.82745764   5.        ]
[ 12.         404.           2.82842712   2.        ]
[19.         25.          2.82842712  2.        ]
[ 32.         524.           2.82842712   2.        ]
[ 64.         641.           2.82842712   3.        ]
[937.          93.           2.82842712   4.        ]
[938.         123.           2.82842712   5.        ]
[939.         214.           2.82842712   6.        ]
[ 77.         485.           2.82842712   2.        ]
[ 84.         258.           2.82842712   2.        ]
[ 97.         226.           2.82842712   2.        ]
[131.         177.           2.82842712   2.        ]
[207.         256.           2.82842712   2.        ]
[215.         373.           2.82842712   2.        ]
[826.         926.           2.83141818  19.        ]
[931.         266.           2.83513217  13.        ]
[831.        522.          2.8535411   3.       ]
[778.         785.           2.85416535   5.        ]
[935.         882.           2.86746741   7.        ]
[850.         119.           2.88101961   9.        ]
[633.         67.          2.8819171   3.       ]
[930.         943.           2.89414328 211.        ]
[954.         217.           2.90892888 212.        ]
[925.         165.           2.91527258   6.        ]
[921.          85.           2.92040079  10.        ]
[947.         387.           2.92208548  20.        ]
[955.         713.           2.92693994 214.        ]
[918.         932.           2.93435732  30.        ]
[872.         265.           2.93971064   3.        ]
[907.          43.           2.94280904   3.        ]
[959.         944.           2.95612259 216.        ]
[941.        927.          2.9740851  10.       ]
[963.         942.           2.98154899 218.        ]
[965.         933.           2.98829818 223.        ]
[922.         726.           2.99504203  27.        ]
[892.         889.           2.99514111  11.        ]
[228. 389.   3.   2.]
[966.         694.           3.03451628 225.        ]
[957.         917.           3.03461529  13.        ]
[856.         288.           3.05013344   4.        ]
[958.       971.         3.058608  33.      ]
[970.         936.           3.06835916 227.        ]
[974.         946.           3.08405265 229.        ]
[700.         879.           3.09745163   4.        ]
[967.         352.           3.10476386  28.        ]
[952.         914.           3.10482165  16.        ]
[975.         928.           3.11995198 237.        ]
[979.         960.           3.14492679 267.        ]
[934.         948.           3.15491323  15.        ]
[112.         897.           3.16029503   4.        ]
[110.         273.           3.16227766   2.        ]
[500.         510.           3.16227766   2.        ]
[ 34.         968.           3.17471191  12.        ]
[953.         783.           3.18115814   5.        ]
[956.         333.           3.19603365   7.        ]
[908.        324.          3.2137267   3.       ]
[972.         784.           3.22344505   6.        ]
[980.         950.           3.22685566 272.        ]
[981.         278.           3.22893364  16.        ]
[990.         392.           3.23332566 273.        ]
[992.         969.           3.23619804 275.        ]
[  2.        977.          3.2380561  29.       ]
[993.         375.           3.25123587 276.        ]
[  0.        973.          3.2576881  34.       ]
[158.         949.           3.25881525   4.        ]
[991.         984.           3.29050348  18.        ]
[312.         898.           3.29938467   4.        ]
[995.         910.           3.31490582 279.        ]
[139.         253.           3.31662479   2.        ]
[1000.          94.           3.3255192  280.       ]
[929.         870.           3.34131011   8.        ]
[702.         189.           3.36578373   3.        ]
[989.        709.          3.3769964   8.       ]
[962.         107.           3.38391447   4.        ]
[1002.         951.           3.3880485  287.       ]
[1001.          188.            3.41494267    3.        ]
[1007.          834.            3.41963026  289.        ]
[987.         982.           3.43450205  11.        ]
[  5.         275.           3.46410162   2.        ]
[101.         520.           3.46410162   2.        ]
[994.           8.           3.47193755  30.        ]
[1009.          786.            3.48338436  291.        ]
[1014.         1012.            3.50303491  293.        ]
[1005.        421.          3.514441    9.      ]
[1015.          501.            3.52687789  294.        ]
[945.         284.           3.54853081   3.        ]
[1006.           56.            3.55603056    5.        ]
[ 996.         1017.            3.56044326  328.        ]
[976.         721.           3.58271676   7.        ]
[ 18.         287.           3.60555128   2.        ]
[212.         477.           3.60555128   2.        ]
[281.         360.           3.60555128   2.        ]
[1003.          874.            3.61396407   10.        ]
[1011.          985.            3.62080808   14.        ]
[877.         999.           3.69510995   6.        ]
[1025.          298.            3.70350439   11.        ]
[1019.          138.            3.72236803    6.        ]
[1021.          964.            3.73196546   17.        ]
[998.         835.           3.73219543  20.        ]
[1013.          434.            3.76392215   31.        ]
[875.         997.           3.76510428   6.        ]
[1020.          978.            3.78660198  344.        ]
[1031.          529.            3.82028039   21.        ]
[1034.         1024.            3.82497202  346.        ]
[1036.          961.            3.88127513  349.        ]
[1008.         1018.            3.94498945    6.        ]
[1029.          536.            3.96920861    7.        ]
[1037.         1016.            3.99112401  358.        ]
[ 813.         1023.            4.00913726    5.        ]
[1040.        1028.           4.0313389  369.       ]
[632.         986.           4.04902153   8.        ]
[ 10.         225.           4.12310563   2.        ]
[ 988.         1038.            4.17506367    9.        ]
[1042.         357.           4.1757926  370.       ]
[1046.          323.            4.19525085  371.        ]
[1004.          384.            4.22189672    4.        ]
[1047.          304.            4.24026102  372.        ]
[1049.          446.            4.30210073  373.        ]
[1032.          775.            4.30245971   33.        ]
[1050.         1033.            4.30558482  379.        ]
[1052.         1039.            4.30880573  386.        ]
[1053.          983.            4.34400727  388.        ]
[1035.          166.            4.38289758   22.        ]
[1055.         1027.            4.45776902   28.        ]
[1054.         1043.            4.47880911  396.        ]
[940.         150.           4.51693711   7.        ]
[1057.          788.            4.54018666  398.        ]
[1051.         1026.            4.58575916   47.        ]
[1059.          145.            4.63532963  399.        ]
[1061.          766.            4.69288414  401.        ]
[1044.          909.            4.71850738    4.        ]
[1045.         1058.            4.74360967   16.        ]
[1062.          105.            4.77085002  402.        ]
[1065.       1060.          4.830586  449.      ]
[259.         294.           4.89897949   2.        ]
[1066.         1010.            5.05332186  460.        ]
[1022.          354.            5.15453135    3.        ]
[1068.          512.            5.17834903  461.        ]
[1063.         1064.            5.41388727   20.        ]
[1056.        1067.           5.5662853   30.       ]
[1070.        1072.           5.7265845  491.       ]
[1073.         1030.            5.83565342  508.        ]
[1074.         1071.            5.94756234  528.        ]
[1075.         1069.            6.75789718  531.        ]
[1076.         1048.            7.33548566  535.        ]
[1077.         1041.            7.69391309  540.        ]
