[50. 95.  0.  2.]
[540. 252.   0.   3.]
[541. 308.   0.   4.]
[542. 329.   0.   5.]
[ 33. 543.   0.   6.]
[544. 398.   0.   7.]
[545. 307.   0.   8.]
[546. 428.   0.   9.]
[61. 66.  0.  2.]
[548. 132.   0.   3.]
[549. 155.   0.   4.]
[550. 159.   0.   5.]
[551. 167.   0.   6.]
[552. 236.   0.   7.]
[553. 285.   0.   8.]
[554. 327.   0.   9.]
[555. 362.   0.  10.]
[556. 363.   0.  11.]
[557. 454.   0.  12.]
[558. 539.   0.  13.]
[ 69. 538.   0.   2.]
[ 91. 559.   0.  14.]
[ 74. 317.   0.   2.]
[ 78. 125.   0.   2.]
[ 81. 152.   0.   2.]
[ 86. 162.   0.   2.]
[565. 171.   0.   3.]
[566. 289.   0.   4.]
[567. 393.   0.   5.]
[568. 423.   0.   6.]
[569. 429.   0.   7.]
[570. 488.   0.   8.]
[ 90. 518.   0.   2.]
[301. 547.   0.  10.]
[135. 328.   0.   2.]
[140. 380.   0.   2.]
[200. 320.   0.   2.]
[210. 383.   0.   2.]
[218. 503.   0.   2.]
[309. 394.   0.   2.]
[378. 521.   0.   2.]
[5.74000000e+02 5.73000000e+02 4.73684211e-01 1.20000000e+01]
[5.62000000e+02 5.61000000e+02 4.81481481e-01 1.60000000e+01]
[  4. 262.   1.   2.]
[  9. 176.   1.   2.]
[571. 156.   1.   9.]
[ 15. 483.   1.   2.]
[292. 582.   1.  17.]
[ 27. 484.   1.   2.]
[ 30. 432.   1.   2.]
[370. 587.   1.  18.]
[230. 581.   1.  13.]
[ 53. 401.   1.   2.]
[ 59. 332.   1.   2.]
[564. 591.   1.  15.]
[560. 594.   1.  17.]
[ 70. 575.   1.   3.]
[563. 336.   1.   3.]
[ 89. 311.   1.   2.]
[ 99. 174.   1.   2.]
[103. 196.   1.   2.]
[109. 302.   1.   2.]
[111. 361.   1.   2.]
[126. 161.   1.   2.]
[186. 584.   1.   3.]
[190. 263.   1.   2.]
[577. 374.   1.   3.]
[220. 295.   1.   2.]
[277. 532.   1.   2.]
[335. 338.   1.   2.]
[580. 527.   1.   3.]
[585.         310.           1.04142136  10.        ]
[ 11.         611.           1.07531156  11.        ]
[596.         183.           1.16568542   4.        ]
[604.         199.           1.20806372   4.        ]
[612.          42.           1.25283165  12.        ]
[615.         589.           1.26524565  14.        ]
[588.         355.           1.27614237   3.        ]
[601.         221.           1.27614237   3.        ]
[605.         473.           1.27614237   3.        ]
[607.         239.           1.27614237   3.        ]
[616.         365.           1.29710986  15.        ]
[621.         590.           1.30442884  33.        ]
[617.         498.           1.31066017   4.        ]
[597.         136.           1.31066017   4.        ]
[620.         480.           1.31066017   4.        ]
[595.         178.           1.31562281  18.        ]
[626.        204.          1.3208118  19.       ]
[627.         272.           1.32548189  20.        ]
[623.          47.           1.33137085   5.        ]
[164.         614.           1.37426147   5.        ]
[  1.         216.           1.41421356   2.        ]
[631.         113.           1.41421356   3.        ]
[  6.         129.           1.41421356   2.        ]
[ 13.         314.           1.41421356   2.        ]
[ 14.         442.           1.41421356   2.        ]
[ 23.         511.           1.41421356   2.        ]
[ 37.         240.           1.41421356   2.        ]
[637.         243.           1.41421356   3.        ]
[ 52.         506.           1.41421356   2.        ]
[ 55.         133.           1.41421356   2.        ]
[ 68.         261.           1.41421356   2.        ]
[149.         576.           1.41421356   3.        ]
[642.         181.           1.41421356   4.        ]
[643.         267.           1.41421356   5.        ]
[644.         377.           1.41421356   6.        ]
[ 73.         241.           1.41421356   2.        ]
[646.         645.           1.41421356   8.        ]
[ 87.         117.           1.41421356   2.        ]
[134.         578.           1.41421356   3.        ]
[142.         519.           1.41421356   2.        ]
[147.         198.           1.41421356   2.        ]
[168.         280.           1.41421356   2.        ]
[170.         270.           1.41421356   2.        ]
[172.         339.           1.41421356   2.        ]
[654.         412.           1.41421356   3.        ]
[182.         628.           1.41421356  21.        ]
[193.         279.           1.41421356   2.        ]
[211.         528.           1.41421356   2.        ]
[219.         625.           1.41421356   5.        ]
[235.         659.           1.41421356   6.        ]
[255.         358.           1.41421356   2.        ]
[306.         535.           1.41421356   2.        ]
[313.         381.           1.41421356   2.        ]
[368.         411.           1.41421356   2.        ]
[647.         319.           1.41421356   9.        ]
[337.         403.           1.41421356   2.        ]
[343.         602.           1.41421356   3.        ]
[359.         413.           1.41421356   2.        ]
[664.         459.           1.41421356   3.        ]
[372.         499.           1.41421356   2.        ]
[396.         417.           1.41421356   2.        ]
[406.         430.           1.41421356   2.        ]
[419.         476.           1.41421356   2.        ]
[437.         504.           1.41421356   2.        ]
[443.         508.           1.41421356   2.        ]
[665.         669.           1.41421356  12.        ]
[622.         674.           1.44941842  35.        ]
[619.         670.           1.49367287   5.        ]
[610.         675.           1.49367287   5.        ]
[667.         673.           1.49897016   5.        ]
[600.         245.           1.52015931   3.        ]
[656.        658.          1.5217392  23.       ]
[677.        676.          1.5676321  47.       ]
[636.         405.           1.60947571   3.        ]
[653.         468.           1.60947571   3.        ]
[592.         452.           1.62610506   3.        ]
[679.         448.           1.63833777   6.        ]
[ 38.        618.          1.6525915   4.       ]
[108.         683.           1.67907793  48.        ]
[629.         516.           1.67907793   6.        ]
[655.         248.           1.70710678   4.        ]
[ 3.         20.          1.73205081  2.        ]
[  7.         678.           1.73205081   6.        ]
[ 16.         439.           1.73205081   2.        ]
[ 17.         283.           1.73205081   2.        ]
[409.         689.           1.73205081  49.        ]
[638.         682.           1.73205081  26.        ]
[ 49.         246.           1.73205081   2.        ]
[260.         666.           1.73205081   3.        ]
[ 60.         399.           1.73205081   2.        ]
[116.          88.           1.73205081   2.        ]
[ 71.         462.           1.73205081   2.        ]
[102.         175.           1.73205081   2.        ]
[104.         271.           1.73205081   2.        ]
[146.         326.           1.73205081   2.        ]
[151.         296.           1.73205081   2.        ]
[157.         350.           1.73205081   2.        ]
[180.         233.           1.73205081   2.        ]
[237.         690.           1.73205081   7.        ]
[247.         249.           1.73205081   2.        ]
[318.         639.           1.73205081   3.        ]
[341.         410.           1.73205081   2.        ]
[344.         502.           1.73205081   2.        ]
[346.         652.           1.73205081   3.        ]
[348.         367.           1.73205081   2.        ]
[353.         693.           1.73205081   7.        ]
[418.         461.           1.73205081   2.        ]
[438.         490.           1.73205081   2.        ]
[451.         472.           1.73205081   2.        ]
[496.         509.           1.73205081   2.        ]
[651.         709.           1.73205081   9.        ]
[635.          79.           1.73205081   3.        ]
[648.         153.           1.73205081   3.        ]
[122.         672.           1.73205081   3.        ]
[144.         668.           1.73205081   3.        ]
[662.         458.           1.73205081   3.        ]
[681.         603.           1.74606523   5.        ]
[660.         274.           1.77535573   7.        ]
[624.         315.           1.78564065   5.        ]
[650.         201.           1.80473785   3.        ]
[716.        466.          1.8095446   8.       ]
[ 63.         701.           1.82136721   3.        ]
[238.         608.           1.82136721   3.        ]
[700.         699.           1.82136721   5.        ]
[687.         720.           1.84506589   8.        ]
[598.         696.           1.86173513  51.        ]
[613.         340.           1.87138439   5.        ]
[711.         325.           1.89282032   4.        ]
[680.         736.           1.89317287  56.        ]
[586.        705.          1.9106836   4.       ]
[721.         712.           1.91554812  11.        ]
[697.         686.           1.94502748  29.        ]
[735.         422.           1.94612007   9.        ]
[714.         526.           1.95909442   4.        ]
[599.         727.           1.96260193   7.        ]
[742.         661.           1.96964882  31.        ]
[707.         728.           1.97640665   9.        ]
[746.         606.           1.97649072  34.        ]
[748.         282.           1.98318204  35.        ]
[749.        187.          1.9836492  36.       ]
[750.         254.           1.98409112  37.        ]
[634.         630.           1.98474574   7.        ]
[751.         481.           1.99072209  38.        ]
[753.         494.           1.99095998  39.        ]
[ 39.         739.           1.99115393  57.        ]
[740.          96.           1.99291529   5.        ]
[756.          26.           1.99409607   6.        ]
[755.         234.           1.99561611  58.        ]
[758.         268.           1.99569041  59.        ]
[759.         364.           1.99576224  60.        ]
[760.         497.           1.99583171  61.        ]
[761.         726.           1.99589894  64.        ]
[762.         713.           1.99872512  66.        ]
[21. 40.  2.  2.]
[486. 730.   2.   4.]
[ 41. 382.   2.   2.]
[ 46. 757.   2.   7.]
[ 62. 202.   2.   2.]
[ 65. 737.   2.   6.]
[ 98. 514.   2.   2.]
[127. 223.   2.   2.]
[649. 154.   2.   4.]
[143. 445.   2.   2.]
[487. 244.   2.   2.]
[192. 203.   2.   2.]
[657. 741.   2.  13.]
[197. 449.   2.   2.]
[205. 250.   2.   2.]
[209. 213.   2.   2.]
[226. 467.   2.   2.]
[229. 400.   2.   2.]
[276. 345.   2.   2.]
[290. 530.   2.   2.]
[297. 427.   2.   2.]
[303. 369.   2.   2.]
[366. 517.   2.   2.]
[395. 482.   2.   2.]
[402. 489.   2.   2.]
[408. 450.   2.   2.]
[416. 507.   2.   2.]
[474. 534.   2.   2.]
[492. 523.   2.   2.]
[763.         533.           2.00107701  67.        ]
[231.         743.           2.00149926  10.        ]
[692.         688.           2.02037973   6.        ]
[722.          57.           2.05901699   4.        ]
[723.         227.           2.05901699   4.        ]
[640.         100.           2.06806225   3.        ]
[390.         671.           2.06806225   3.        ]
[704.         685.           2.06960142   5.        ]
[754.         731.           2.07754075  47.        ]
[160.         774.           2.07868933   3.        ]
[779.         794.           2.08019133  12.        ]
[691.         464.           2.08989795   5.        ]
[724.         435.           2.09442719   4.        ]
[684.         801.           2.10873002  50.        ]
[796.         787.           2.13711154   6.        ]
[734.         286.           2.13770632   6.        ]
[793.         738.           2.14779255  71.        ]
[583.         184.           2.15737865   3.        ]
[593.         469.           2.15737865   3.        ]
[732.         351.           2.17311652   4.        ]
[733.         376.           2.17311652   4.        ]
[752.          72.           2.18759173   8.        ]
[806.         809.           2.19731661 121.        ]
[ 83.         717.           2.21525044   3.        ]
[803.         465.           2.21641062  13.        ]
[814.        441.          2.2166915   9.       ]
[ 22.         745.           2.23334203   8.        ]
[24.         45.          2.23606798  2.        ]
[48.         92.          2.23606798  2.        ]
[ 51.         386.           2.23606798   2.        ]
[ 58.         440.           2.23606798   2.        ]
[770.         495.           2.23606798   3.        ]
[115.         291.           2.23606798   2.        ]
[120.         493.           2.23606798   2.        ]
[130.         505.           2.23606798   2.        ]
[169.         342.           2.23606798   2.        ]
[321.         436.           2.23606798   2.        ]
[397.         444.           2.23606798   2.        ]
[415.         460.           2.23606798   2.        ]
[805.         299.           2.24246289   5.        ]
[767.        775.          2.2512225   9.       ]
[795.         251.           2.26272263   7.        ]
[812.         257.           2.26787699   5.        ]
[798.         388.           2.27381026   4.        ]
[778.         334.           2.27614237   3.        ]
[744.         718.           2.27911897   6.        ]
[747.         802.           2.28073861  12.        ]
[807.         839.           2.30300785  18.        ]
[816.        173.          2.3150492   4.       ]
[ 80.         817.           2.32152247  14.        ]
[834.         269.           2.34090724   8.        ]
[815.         828.           2.36042487 123.        ]
[790.         765.           2.36067287   6.        ]
[797.       121.         2.360689   5.      ]
[844.         141.           2.36422958 124.        ]
[840.         824.           2.36833672  21.        ]
[771.         194.           2.37262909   3.        ]
[215.         791.           2.37262909   3.        ]
[804.         478.           2.37457479   6.        ]
[822.         424.           2.37834915   3.        ]
[706.         525.           2.37834915   3.        ]
[848.         137.           2.38738876  22.        ]
[854.        777.          2.3900888  24.       ]
[833.         179.           2.39050539  10.        ]
[836.         191.           2.39269492   5.        ]
[857.         391.           2.40216072   6.        ]
[818.         455.           2.41472818  10.        ]
[855.         847.           2.41528881 148.        ]
[829.         513.           2.43352103   3.        ]
[810.         264.           2.43751321   4.        ]
[835.         379.           2.43913403   6.        ]
[ 31.         426.           2.44948974   2.        ]
[ 36.         106.           2.44948974   2.        ]
[ 75.         524.           2.44948974   2.        ]
[ 82.         347.           2.44948974   2.        ]
[572.         537.           2.44948974   3.        ]
[124.         305.           2.44948974   2.        ]
[163.         232.           2.44948974   2.        ]
[185.         195.           2.44948974   2.        ]
[349.         456.           2.44948974   2.        ]
[356.         433.           2.44948974   2.        ]
[385.         475.           2.44948974   2.        ]
[799.         479.           2.47336993   4.        ]
[766.         849.           2.48076397   5.        ]
[832.         431.           2.48844376   6.        ]
[859.         316.           2.48958111  11.        ]
[769.        76.         2.498803   7.      ]
[851.         786.           2.50272279   8.        ]
[781.        300.          2.5091902   3.       ]
[663.        447.          2.5091902   3.       ]
[826.         772.           2.51491027   6.        ]
[852.         841.           2.53150656   7.        ]
[856.         838.           2.53181494  16.        ]
[800.         837.           2.53862925   8.        ]
[863.         515.           2.53870673   7.        ]
[877.         222.           2.55496744   7.        ]
[862.          35.           2.56724668   5.        ]
[813.         371.           2.56759675   5.        ]
[842.         882.           2.56963298  17.        ]
[825.         128.           2.58033079   3.        ]
[609.         491.           2.58033079   3.        ]
[776.         890.           2.59060049  18.        ]
[860.         293.           2.59274006 149.        ]
[895.         875.           2.59711179 153.        ]
[884.        331.          2.6023889   8.       ]
[885.        131.          2.6131269  17.       ]
[850.         407.           2.61777167   4.        ]
[896.         789.           2.63247579 155.        ]
[819.         853.           2.63648258  11.        ]
[900.         470.           2.63967928 156.        ]
[ 28.         471.           2.64575131   2.        ]
[ 54.         148.           2.64575131   2.        ]
[206.         322.           2.64575131   2.        ]
[242.         457.           2.64575131   2.        ]
[579.         531.           2.64575131   3.        ]
[902.          97.           2.65072608 157.        ]
[878.         865.           2.65744166  13.        ]
[889.         827.           2.65797612   7.        ]
[898.         330.           2.66950232  18.        ]
[908.         780.           2.67769706 159.        ]
[845.         420.           2.68017239   7.        ]
[866.         872.           2.68511228   4.        ]
[879.         387.           2.68549125   8.        ]
[891.         873.           2.69055719  19.        ]
[808.         425.           2.70044796   7.        ]
[912.         897.           2.70718107 167.        ]
[880.         719.           2.70883234  10.        ]
[911.         846.           2.71864179  23.        ]
[894.         224.           2.72947507  19.        ]
[887.         915.           2.72995732  15.        ]
[858.          85.           2.73531471   7.        ]
[918.        906.          2.7436884 169.       ]
[924.         920.           2.74756178 192.        ]
[768.         208.           2.76383421   3.        ]
[870.         373.           2.76383421   3.        ]
[926.         708.           2.77052225   5.        ]
[698.         923.           2.77478404   9.        ]
[823.         921.           2.77520808  21.        ]
[917.         118.           2.77530989   8.        ]
[888.         453.           2.78246144   8.        ]
[916.         919.           2.81685981  29.        ]
[901.         463.           2.82107947  12.        ]
[927.        899.          2.8228524   7.       ]
[ 12.         404.           2.82842712   2.        ]
[19.         25.          2.82842712  2.        ]
[ 29.         868.           2.82842712   4.        ]
[ 64.         641.           2.82842712   3.        ]
[939.          93.           2.82842712   4.        ]
[940.         123.           2.82842712   5.        ]
[941.         214.           2.82842712   6.        ]
[ 77.         485.           2.82842712   2.        ]
[ 84.         258.           2.82842712   2.        ]
[207.         256.           2.82842712   2.        ]
[934.         266.           2.83513217  13.        ]
[925.         217.           2.83972754 193.        ]
[843.         177.           2.85134874   9.        ]
[937.         876.           2.86746741   7.        ]
[947.        715.          2.8753563 195.       ]
[633.         67.          2.8819171   3.       ]
[950.         695.           2.88984445 197.        ]
[930.         913.           2.89773617  28.        ]
[929.         922.           2.90433461  24.        ]
[  2.         909.           2.91189425  14.        ]
[861.         389.           2.91421356   4.        ]
[928.         165.           2.91527258   6.        ]
[ 32.         914.           2.92079862   5.        ]
[867.         265.           2.93971064   3.        ]
[694.         933.           2.94059184  31.        ]
[903.          43.           2.94280904   3.        ]
[938.          44.           2.96204478   5.        ]
[948.         119.           2.96708339  10.        ]
[952.         935.           2.96741069 204.        ]
[943.        932.          2.9740851  10.       ]
[886.         881.           2.99514111  11.        ]
[964.         931.           3.01177371 212.        ]
[953.        883.          3.0347816  34.       ]
[967.        960.          3.0513871 243.       ]
[910.         956.           3.07343626  11.        ]
[969.         944.           3.08409708 245.        ]
[784.         792.           3.09718073   4.        ]
[702.         874.           3.09745163   4.        ]
[820.         288.           3.10818511   3.        ]
[971.         228.           3.12557693 246.        ]
[954.         281.           3.13693155  25.        ]
[963.         821.           3.15242855  12.        ]
[936.         946.           3.15491323  15.        ]
[112.         892.           3.16029503   4.        ]
[110.         273.           3.16227766   2.        ]
[500.         510.           3.16227766   2.        ]
[ 34.         966.           3.17471191  12.        ]
[975.         392.           3.17499913 247.        ]
[961.         958.           3.18049361   8.        ]
[951.         782.           3.18115814   5.        ]
[970.         983.           3.19262474 258.        ]
[957.         333.           3.19603365   7.        ]
[986.         375.           3.20903482 259.        ]
[904.        324.          3.2137267   3.       ]
[978.         278.           3.22893364  16.        ]
[968.         907.           3.22933085  37.        ]
[991.         972.           3.25827833  41.        ]
[864.         976.           3.26801603  27.        ]
[974.         783.           3.28648784   5.        ]
[990.         981.           3.29050348  18.        ]
[312.         893.           3.29938467   4.        ]
[984.         107.           3.31295193   9.        ]
[139.         253.           3.31662479   2.        ]
[955.         729.           3.32198608  19.        ]
[988.         949.           3.36003246 266.        ]
[992.         352.           3.36389535  42.        ]
[703.         189.           3.36578373   3.        ]
[998.         188.           3.41494267   3.        ]
[962.         993.           3.42859211  32.        ]
[994.         710.           3.43123493   7.        ]
[987.         979.           3.43450205  11.        ]
[1000.          785.            3.45246617  268.        ]
[  5.         275.           3.46410162   2.        ]
[101.         520.           3.46410162   2.        ]
[999.           8.           3.46678098  20.        ]
[ 977.         1007.            3.47421098  280.        ]
[1001.           94.            3.53201848   43.        ]
[945.         284.           3.54853081   3.        ]
[1005.          421.            3.56105738    8.        ]
[997.          56.           3.56370096  10.        ]
[973.         725.           3.58271676   7.        ]
[ 18.         287.           3.60555128   2.        ]
[212.         477.           3.60555128   2.        ]
[414.         501.           3.60555128   2.        ]
[1008.          982.            3.62080808   14.        ]
[869.        158.          3.6491388   3.       ]
[1010.         1012.            3.67220863   63.        ]
[1015.          138.            3.67741369   11.        ]
[871.         996.           3.69510995   6.        ]
[1016.          965.            3.73196546   17.        ]
[995.         831.           3.73219543  20.        ]
[1022.          434.            3.73576903   64.        ]
[114.         298.           3.74165739   2.        ]
[1021.          522.            3.80179788    4.        ]
[1026.          529.            3.82028039   21.        ]
[360.         830.           3.82920803   3.        ]
[1023.          536.            3.83607677   12.        ]
[   0.         1004.            3.89461599   33.        ]
[ 323.         1031.            3.90685445    4.        ]
[1011.         1009.            3.92087663  282.        ]
[1003.         1013.            3.94498945    6.        ]
[1035.          959.            3.94967633  285.        ]
[ 632.         1019.            3.95766112    5.        ]
[ 811.         1018.            4.00913726    5.        ]
[1033.        1037.           4.1080949  318.       ]
[ 10.         225.           4.12310563   2.        ]
[1028.          773.            4.13639727    4.        ]
[1038.          985.            4.15932634   10.        ]
[1027.        304.          4.166211   65.      ]
[ 989.         1036.            4.17506367    9.        ]
[1002.          384.            4.22189672    4.        ]
[1034.          357.            4.32191998    5.        ]
[1040.         1014.            4.35238234  326.        ]
[1030.          166.            4.38289758   22.        ]
[1048.         1047.            4.38339958  331.        ]
[1044.         1042.            4.45507187   69.        ]
[1049.         1024.            4.45776902   28.        ]
[1050.         1032.            4.46704265  343.        ]
[1051.         1029.            4.47922098   73.        ]
[788.         446.           4.50801678   3.        ]
[1053.          980.            4.51450247  345.        ]
[942.         150.           4.51693711   7.        ]
[1056.         1054.            4.52808577  418.        ]
[1058.         1043.            4.57464118  428.        ]
[1059.         1055.            4.67507632  431.        ]
[1020.         1045.            4.70643895   23.        ]
[1041.          905.            4.71850738    4.        ]
[1060.          764.            4.83114454  433.        ]
[1063.          145.            4.85208427  434.        ]
[1064.         1061.            4.89880645  457.        ]
[259.         294.           4.89897949   2.        ]
[1065.          105.            4.98105034  458.        ]
[1057.          354.            5.04695237    8.        ]
[1067.         1006.            5.15416272  469.        ]
[1069.          512.            5.34154745  470.        ]
[1052.        1066.           5.5662853   30.       ]
[1017.         1068.            5.61172121   10.        ]
[1070.         1025.            5.81522156  487.        ]
[1073.         1071.            5.89338241  517.        ]
[1074.         1062.            6.04115375  521.        ]
[1075.         1072.            6.57125778  531.        ]
[1076.         1046.            7.49115911  535.        ]
[1077.         1039.            7.58812408  540.        ]
