[50. 95.  0.  2.]
[540. 252.   0.   3.]
[541. 308.   0.   4.]
[542. 329.   0.   5.]
[ 33. 543.   0.   6.]
[544. 398.   0.   7.]
[545. 307.   0.   8.]
[546. 428.   0.   9.]
[61. 66.  0.  2.]
[548. 132.   0.   3.]
[549. 155.   0.   4.]
[550. 159.   0.   5.]
[551. 167.   0.   6.]
[552. 236.   0.   7.]
[553. 285.   0.   8.]
[554. 327.   0.   9.]
[555. 362.   0.  10.]
[556. 363.   0.  11.]
[557. 454.   0.  12.]
[558. 539.   0.  13.]
[ 69. 538.   0.   2.]
[ 91. 559.   0.  14.]
[ 74. 317.   0.   2.]
[ 78. 125.   0.   2.]
[ 81. 152.   0.   2.]
[ 86. 162.   0.   2.]
[565. 171.   0.   3.]
[566. 289.   0.   4.]
[567. 393.   0.   5.]
[568. 423.   0.   6.]
[569. 429.   0.   7.]
[570. 488.   0.   8.]
[ 90. 518.   0.   2.]
[301. 547.   0.  10.]
[135. 328.   0.   2.]
[140. 380.   0.   2.]
[200. 320.   0.   2.]
[210. 383.   0.   2.]
[218. 503.   0.   2.]
[309. 394.   0.   2.]
[378. 521.   0.   2.]
[5.74000000e+02 5.73000000e+02 4.73684211e-01 1.20000000e+01]
[5.62000000e+02 5.61000000e+02 4.81481481e-01 1.60000000e+01]
[  4. 262.   1.   2.]
[  9. 176.   1.   2.]
[571. 156.   1.   9.]
[ 15. 483.   1.   2.]
[292. 582.   1.  17.]
[ 27. 484.   1.   2.]
[ 30. 585.   1.  10.]
[370. 587.   1.  18.]
[230. 581.   1.  13.]
[ 53. 401.   1.   2.]
[ 59. 332.   1.   2.]
[564. 591.   1.  15.]
[560. 590.   1.  20.]
[ 70. 575.   1.   3.]
[563. 336.   1.   3.]
[ 89. 311.   1.   2.]
[ 99. 174.   1.   2.]
[103. 196.   1.   2.]
[109. 302.   1.   2.]
[111. 361.   1.   2.]
[126. 161.   1.   2.]
[186. 584.   1.   3.]
[190. 263.   1.   2.]
[577. 374.   1.   3.]
[295. 594.   1.  16.]
[277. 532.   1.   2.]
[335. 338.   1.   2.]
[580. 527.   1.   3.]
[596.         183.           1.16568542   4.        ]
[604.         199.           1.20806372   4.        ]
[589.         310.           1.21126187  11.        ]
[ 11.         613.           1.25234326  12.        ]
[595.        204.          1.2754816  21.       ]
[588.         355.           1.27614237   3.        ]
[601.         221.           1.27614237   3.        ]
[473.         614.           1.27614237  13.        ]
[616.         498.           1.31066017   4.        ]
[597.         136.           1.31066017   4.        ]
[619.          47.           1.33137085   5.        ]
[615.         178.           1.34222256  22.        ]
[622.         272.           1.34535261  23.        ]
[220.         607.           1.34683863  17.        ]
[164.         612.           1.37426147   5.        ]
[ 42.         618.           1.37705377  14.        ]
[624.         239.           1.38154693  18.        ]
[626.         365.           1.39632181  15.        ]
[628.         598.           1.39744005  17.        ]
[  1.         216.           1.41421356   2.        ]
[630.         113.           1.41421356   3.        ]
[  6.         129.           1.41421356   2.        ]
[ 13.         314.           1.41421356   2.        ]
[ 14.         442.           1.41421356   2.        ]
[ 23.         623.           1.41421356  24.        ]
[ 37.         240.           1.41421356   2.        ]
[636.         243.           1.41421356   3.        ]
[ 52.         506.           1.41421356   2.        ]
[ 55.         133.           1.41421356   2.        ]
[ 68.         261.           1.41421356   2.        ]
[149.         576.           1.41421356   3.        ]
[641.         181.           1.41421356   4.        ]
[642.         267.           1.41421356   5.        ]
[643.         377.           1.41421356   6.        ]
[ 73.         241.           1.41421356   2.        ]
[645.         644.           1.41421356   8.        ]
[ 87.         117.           1.41421356   2.        ]
[134.         578.           1.41421356   3.        ]
[142.         519.           1.41421356   2.        ]
[147.         198.           1.41421356   2.        ]
[168.         280.           1.41421356   2.        ]
[170.         270.           1.41421356   2.        ]
[172.         339.           1.41421356   2.        ]
[653.         412.           1.41421356   3.        ]
[182.         627.           1.41421356  19.        ]
[193.         279.           1.41421356   2.        ]
[211.         528.           1.41421356   2.        ]
[219.         235.           1.41421356   2.        ]
[255.         358.           1.41421356   2.        ]
[306.         535.           1.41421356   2.        ]
[313.         381.           1.41421356   2.        ]
[368.         411.           1.41421356   2.        ]
[646.         319.           1.41421356   9.        ]
[337.         403.           1.41421356   2.        ]
[341.         480.           1.41421356   2.        ]
[343.         602.           1.41421356   3.        ]
[359.         413.           1.41421356   2.        ]
[662.         635.           1.41421356  26.        ]
[372.         499.           1.41421356   2.        ]
[396.         417.           1.41421356   2.        ]
[406.         430.           1.41421356   2.        ]
[419.         476.           1.41421356   2.        ]
[504.         629.           1.41421356  18.        ]
[443.         508.           1.41421356   2.        ]
[663.         459.           1.41421356  10.        ]
[437.         673.           1.41775757  19.        ]
[610.         674.           1.49367287   5.        ]
[655.         657.           1.49566481  21.        ]
[666.         672.           1.49897016   5.        ]
[675.         668.           1.49931588  36.        ]
[600.         245.           1.52015931   3.        ]
[605.         669.           1.52015931   4.        ]
[652.         468.           1.60947571   3.        ]
[658.         439.           1.60947571   3.        ]
[586.         432.           1.62610506   3.        ]
[592.         680.           1.62610506  38.        ]
[677.         448.           1.63833777   6.        ]
[ 38.        617.          1.6525915   4.       ]
[108.         676.           1.67907793  20.        ]
[621.         689.           1.67907793  25.        ]
[654.         248.           1.70710678   4.        ]
[ 3.         20.          1.73205081  2.        ]
[  7.         682.           1.73205081   5.        ]
[ 17.         283.           1.73205081   2.        ]
[ 26.         685.           1.73205081   4.        ]
[637.         686.           1.73205081  41.        ]
[ 49.         246.           1.73205081   2.        ]
[260.         664.           1.73205081   3.        ]
[399.         698.           1.73205081   4.        ]
[ 60.         699.           1.73205081   5.        ]
[116.          88.           1.73205081   2.        ]
[ 71.         462.           1.73205081   2.        ]
[102.         175.           1.73205081   2.        ]
[104.         271.           1.73205081   2.        ]
[141.         409.           1.73205081   2.        ]
[146.         326.           1.73205081   2.        ]
[151.         296.           1.73205081   2.        ]
[157.         350.           1.73205081   2.        ]
[180.         233.           1.73205081   2.        ]
[237.         650.           1.73205081   3.        ]
[247.         249.           1.73205081   2.        ]
[318.         638.           1.73205081   3.        ]
[344.         502.           1.73205081   2.        ]
[346.         651.           1.73205081   3.        ]
[348.         367.           1.73205081   2.        ]
[353.         696.           1.73205081  42.        ]
[418.         461.           1.73205081   2.        ]
[425.         511.           1.73205081   2.        ]
[438.         490.           1.73205081   2.        ]
[451.         472.           1.73205081   2.        ]
[496.         509.           1.73205081   2.        ]
[634.          79.           1.73205081   3.        ]
[647.         153.           1.73205081   3.        ]
[122.         671.           1.73205081   3.        ]
[144.         667.           1.73205081   3.        ]
[710.         665.           1.73205081   5.        ]
[660.         458.           1.73205081   3.        ]
[681.         603.           1.74606523   5.        ]
[620.         315.           1.78564065   5.        ]
[678.         408.           1.79489494  22.        ]
[649.         201.           1.80473785   3.        ]
[ 63.         701.           1.82136721   3.        ]
[238.         608.           1.82136721   3.        ]
[687.         721.           1.84506589   8.        ]
[684.        274.          1.8580551   4.       ]
[611.         340.           1.87138439   5.        ]
[712.         690.           1.89282032  28.        ]
[679.         716.           1.89317287  47.        ]
[693.         722.           1.90737559   8.        ]
[726.         410.           1.92344309   6.        ]
[695.          96.           1.94258232   5.        ]
[734.         422.           1.94612007   9.        ]
[739.         738.           1.94873234  55.        ]
[714.         526.           1.95909442   4.        ]
[599.         728.           1.96260193   7.        ]
[633.         740.           1.98474574   8.        ]
[730.         735.           1.99841168  26.        ]
[21. 40.  2.  2.]
[486. 731.   2.   4.]
[ 39. 234.   2.   2.]
[750. 268.   2.   3.]
[751. 364.   2.   4.]
[752. 452.   2.   5.]
[753. 497.   2.   6.]
[754. 727.   2.   9.]
[ 41. 382.   2.   2.]
[ 46. 741.   2.   6.]
[ 62. 202.   2.   2.]
[ 65. 736.   2.   6.]
[ 98. 514.   2.   2.]
[120. 516.   2.   2.]
[127. 223.   2.   2.]
[648. 154.   2.   4.]
[143. 445.   2.   2.]
[160. 747.   2.  27.]
[173. 487.   2.   2.]
[659. 282.   2.   3.]
[187. 767.   2.   4.]
[768. 405.   2.   5.]
[769. 606.   2.   8.]
[192. 770.   2.   9.]
[656. 737.   2.  30.]
[197. 449.   2.   2.]
[205. 688.   2.   5.]
[213. 742.   2.  10.]
[209. 775.   2.  11.]
[467. 743.   2.  56.]
[229. 400.   2.   2.]
[244. 395.   2.   2.]
[779. 482.   2.   3.]
[276. 345.   2.   2.]
[290. 530.   2.   2.]
[297. 427.   2.   2.]
[303. 369.   2.   2.]
[366. 517.   2.   2.]
[402. 489.   2.   2.]
[416. 507.   2.   2.]
[534. 755.   2.  10.]
[481. 494.   2.   2.]
[492. 523.   2.   2.]
[466.         777.           2.00152031  57.        ]
[533.         788.           2.00698885  11.        ]
[723.         227.           2.05901699   4.        ]
[639.         100.           2.06806225   3.        ]
[390.         780.           2.06806225   4.        ]
[704.         683.           2.06960142   5.        ]
[692.         251.           2.07868933   3.        ]
[713.         792.           2.07868933  13.        ]
[691.         464.           2.08989795   5.        ]
[724.         431.           2.09442719   4.        ]
[757.         706.           2.09443325   8.        ]
[700.        286.          2.1049191   6.       ]
[708.         765.           2.11241332  29.        ]
[776.         231.           2.11299225  12.        ]
[771.         789.           2.13255154  11.        ]
[746.        441.          2.1486546   9.       ]
[670.         414.           2.14982991   3.        ]
[583.         184.           2.15737865   3.        ]
[593.         469.           2.15737865   3.        ]
[794.         474.           2.16341913   4.        ]
[351.         759.           2.17311652   7.        ]
[733.         376.           2.17311652   4.        ]
[732.         257.           2.17340841   4.        ]
[798.        805.          2.1987039  24.       ]
[717.         386.           2.21525044   3.        ]
[804.         719.           2.21705867  14.        ]
[ 83.         803.           2.22045482  30.        ]
[774.         334.           2.22781059   6.        ]
[745.         707.           2.23334203   9.        ]
[24.         45.          2.23606798  2.        ]
[48.         92.          2.23606798  2.        ]
[ 58.         440.           2.23606798   2.        ]
[495.         791.           2.23606798  58.        ]
[115.         291.           2.23606798   2.        ]
[761.         493.           2.23606798   3.        ]
[505.         793.           2.23606798   5.        ]
[342.         814.           2.23606798  25.        ]
[224.         772.           2.23606798  31.        ]
[436.         522.           2.23606798   2.        ]
[479.         827.           2.23606798  26.        ]
[321.         513.           2.23606798   2.        ]
[397.         444.           2.23606798   2.        ]
[415.         460.           2.23606798   2.        ]
[465.         816.           2.23606798  15.        ]
[806.          72.           2.23678654  10.        ]
[800.         453.           2.24122718   5.        ]
[797.         269.           2.27381026   4.        ]
[810.         191.           2.27422309   5.        ]
[ 22.         819.           2.29643089  10.        ]
[817.         766.           2.33275665  32.        ]
[836.        435.          2.3401236   6.       ]
[801.         744.           2.34148323  12.        ]
[835.         625.           2.34939945  15.        ]
[760.         823.           2.35802327  60.        ]
[795.         844.           2.35802327  64.        ]
[808.         818.           2.35920313   9.        ]
[787.         749.           2.36067287   6.        ]
[812.         254.           2.36127541   5.        ]
[838.         391.           2.37171475   6.        ]
[762.         756.           2.37262909   4.        ]
[799.         785.           2.37457479   7.        ]
[705.         848.           2.37834915   7.        ]
[842.         179.           2.38370502  13.        ]
[841.        299.          2.3837847   7.       ]
[813.         811.           2.39181126  11.        ]
[840.         815.           2.39476829  35.        ]
[834.         661.           2.41535011  17.        ]
[843.          36.           2.43758452  16.        ]
[845.         856.           2.44165043  99.        ]
[ 80.         857.           2.44553586  18.        ]
[852.         325.           2.44642609   8.        ]
[ 31.         426.           2.44948974   2.        ]
[57.         75.          2.44948974  2.        ]
[ 51.         855.           2.44948974  12.        ]
[ 82.         347.           2.44948974   2.        ]
[572.         537.           2.44948974   3.        ]
[114.         388.           2.44948974   2.        ]
[124.         305.           2.44948974   2.        ]
[763.         858.           2.44948974  20.        ]
[773.         859.           2.44948974 101.        ]
[163.         849.           2.44948974   7.        ]
[185.         195.           2.44948974   2.        ]
[349.         456.           2.44948974   2.        ]
[356.         433.           2.44948974   2.        ]
[385.         475.           2.44948974   2.        ]
[861.         169.           2.46025402   9.        ]
[137.         870.           2.46116988 102.        ]
[850.         194.           2.47744796   5.        ]
[864.         515.           2.50420064  13.        ]
[778.        300.          2.5091902   3.       ]
[130.         826.           2.51458963   6.        ]
[851.         478.           2.52251786   8.        ]
[802.         718.           2.53246949   8.        ]
[846.         203.           2.54203308  10.        ]
[879.         379.           2.55975585  14.        ]
[824.         128.           2.58033079   3.        ]
[609.         491.           2.58033079   3.        ]
[860.         874.           2.58047515  20.        ]
[853.         876.           2.58995344  22.        ]
[888.         720.           2.60074469  22.        ]
[885.        331.          2.6073763  15.       ]
[847.         866.           2.61727435   9.        ]
[890.         882.           2.62925005  30.        ]
[854.         222.           2.63088122   8.        ]
[877.         424.           2.63556652 103.        ]
[869.         825.           2.64330025  23.        ]
[895.         830.           2.64385914 129.        ]
[455.         896.           2.64575131  24.        ]
[447.         893.           2.64575131  31.        ]
[ 28.         471.           2.64575131   2.        ]
[264.         884.           2.64575131  11.        ]
[ 54.         148.           2.64575131   2.        ]
[863.         873.           2.64575131   4.        ]
[206.         322.           2.64575131   2.        ]
[215.         871.           2.64575131   8.        ]
[242.         457.           2.64575131   2.        ]
[293.         897.           2.64575131 130.        ]
[579.         531.           2.64575131   3.        ]
[371.         420.           2.64575131   2.        ]
[889.         903.           2.66182259  26.        ]
[905.         407.           2.68953076   9.        ]
[899.         878.           2.70137549  36.        ]
[330.         907.           2.70251421 131.        ]
[ 35.         901.           2.70680474  12.        ]
[912.         450.           2.70905343  37.        ]
[910.         131.           2.72350673  27.        ]
[831.         828.           2.72569253  33.        ]
[883.         118.           2.74478787   9.        ]
[ 16.        915.          2.7465574  38.       ]
[822.         807.           2.75154203   5.        ]
[839.         266.           2.76016009  11.        ]
[862.          76.           2.76383421   3.        ]
[758.         709.           2.76383421   4.        ]
[923.         208.           2.76506787   5.        ]
[921.         463.           2.78648789  12.        ]
[916.         913.           2.78659473 158.        ]
[911.         373.           2.79347046  10.        ]
[796.         880.           2.79526332   8.        ]
[918.         121.           2.81254443  10.        ]
[ 12.         404.           2.82842712   2.        ]
[19.         25.          2.82842712  2.        ]
[ 32.         524.           2.82842712   2.        ]
[ 34.         250.           2.82842712   2.        ]
[ 64.         640.           2.82842712   3.        ]
[934.          93.           2.82842712   4.        ]
[935.         123.           2.82842712   5.        ]
[936.         214.           2.82842712   6.        ]
[ 77.         485.           2.82842712   2.        ]
[ 84.         258.           2.82842712   2.        ]
[ 97.         926.           2.82842712 159.        ]
[207.         256.           2.82842712   2.        ]
[909.         892.           2.83368604  11.        ]
[837.         119.           2.84470696   5.        ]
[891.         940.           2.84956593 174.        ]
[106.         898.           2.87514571  25.        ]
[632.        919.          2.8819171  40.       ]
[924.         165.           2.91553274   6.        ]
[944.         470.           2.92240479 175.        ]
[265.         914.           2.93971064  13.        ]
[900.          43.           2.94280904   3.        ]
[881.         917.           2.96344988  39.        ]
[938.        894.          2.9740851  10.       ]
[821.         387.           2.99115968   3.        ]
[697.          85.           2.99115968   3.        ]
[ 44. 945.   3.  26.]
[226. 948.   3. 176.]
[389. 951.   3.  40.]
[ 29.         922.           3.03393918   4.        ]
[906.        956.          3.0456733 178.       ]
[927.         232.           3.05412239  11.        ]
[375.         957.           3.07158196  41.        ]
[783.         790.           3.09718073   4.        ]
[702.         875.           3.09745163   4.        ]
[950.         932.           3.10321779   5.        ]
[820.         782.           3.10818511   4.        ]
[955.         942.           3.11517192  37.        ]
[943.        177.          3.1176402   6.       ]
[316.         966.           3.15221845  38.        ]
[959.        694.          3.1541358 180.       ]
[715.         969.           3.15470054 182.        ]
[217.         970.           3.15802775 183.        ]
[933.         928.           3.16022264  10.        ]
[112.         886.           3.16029503   4.        ]
[930.         925.           3.16227766  14.        ]
[110.         273.           3.16227766   2.        ]
[288.         392.           3.16227766   2.        ]
[500.         510.           3.16227766   2.        ]
[949.         961.           3.18082491  54.        ]
[946.         781.           3.18246284  42.        ]
[947.     333.       3.1832   7.    ]
[920.         971.           3.18669681 188.        ]
[960.         981.           3.19519806 199.        ]
[902.        324.          3.2137267   3.       ]
[953.         954.           3.21466022   6.        ]
[631.         929.           3.22519261  13.        ]
[968.         729.           3.24218721  43.        ]
[974.         278.           3.24538613  15.        ]
[986.         352.           3.25907409  44.        ]
[312.         887.           3.29938467   4.        ]
[525.         987.           3.30940108  16.        ]
[253.         978.           3.31662479  55.        ]
[977.        990.          3.3198807  18.       ]
[964.         107.           3.32058967   6.        ]
[965.         711.           3.36493449   6.        ]
[703.         189.           3.36578373   3.        ]
[982.       962.         3.365945 203.      ]
[996.         908.           3.36714784 206.        ]
[939.         997.           3.36935192 208.        ]
[  0.         984.           3.39740622   7.        ]
[158.         829.           3.39917956   3.        ]
[980.         973.           3.43023942  11.        ]
[988.         867.           3.43922245  46.        ]
[   2.         1002.            3.46410162   47.        ]
[  5.         972.           3.46410162  11.        ]
[101.         520.           3.46410162   2.        ]
[139.         188.           3.46410162   2.        ]
[967.         275.           3.46935402   7.        ]
[985.         784.           3.47387633  15.        ]
[999.         228.           3.50032528   8.        ]
[833.         992.           3.50051143  20.        ]
[993.          56.           3.52609263   7.        ]
[ 976.         1009.            3.54653952   10.        ]
[941.         284.           3.54853081   3.        ]
[994.         421.           3.55087821   7.        ]
[963.         952.           3.58271676  14.        ]
[ 18.         287.           3.60555128   2.        ]
[212.         477.           3.60555128   2.        ]
[281.         360.           3.60555128   2.        ]
[998.         832.           3.61008936 210.        ]
[1003.            8.            3.61181063   48.        ]
[1019.           94.            3.61372961  211.        ]
[1021.         1008.            3.67112079  226.        ]
[1022.         1005.            3.67918658  228.        ]
[ 931.         1023.            3.68041116  230.        ]
[1011.          138.            3.69480086    8.        ]
[872.         989.           3.69510995   6.        ]
[ 868.         1000.            3.71225712    5.        ]
[1007.         1004.            3.77332479   18.        ]
[979.          67.           3.78575619  43.        ]
[1015.          725.            3.78602871   17.        ]
[1024.          991.            3.78751646  285.        ]
[1031.          501.            3.79550934  286.        ]
[1020.          434.            3.85195015   49.        ]
[1012.         1032.            3.86809345  296.        ]
[ 958.         1018.            3.88187837    6.        ]
[1025.          536.            3.90310362    9.        ]
[1006.         1013.            3.90646092    5.        ]
[298. 512.   4.   2.]
[ 809.         1017.            4.00913726    5.        ]
[1010.         1026.            4.01525486   26.        ]
[ 865.         1034.            4.01979216  298.        ]
[1040.          529.            4.09101468   27.        ]
[ 983.         1037.            4.10279274    8.        ]
[1035.         1041.            4.11009891  304.        ]
[ 10.         225.           4.12310563   2.        ]
[995.         384.           4.22189672   4.        ]
[1029.         1044.            4.24200979  347.        ]
[1014.          323.            4.26193325    8.        ]
[1033.          764.            4.28935391   51.        ]
[1028.         1043.            4.37497881   26.        ]
[1048.          304.            4.37573266    9.        ]
[1036.         1027.            4.45318351   14.        ]
[ 357.         1047.            4.47213595  348.        ]
[786.         446.           4.50801678   3.        ]
[937.         150.           4.51693711   7.        ]
[1053.         1052.            4.64028037  362.        ]
[1051.         1056.            4.64966592  371.        ]
[ 975.         1042.            4.70821739   29.        ]
[1045.          904.            4.71850738    4.        ]
[1058.          259.            4.79943172   30.        ]
[1057.         1054.            4.86099947  374.        ]
[1016.         294.           4.9663265    3.       ]
[1061.         1049.            4.97865435  425.        ]
[1050.          105.            5.02286518   27.        ]
[1063.         145.           5.0456028  426.       ]
[1055.          354.            5.04695237    8.        ]
[1060.          166.            5.09871771   31.        ]
[1038.        1065.           5.1154935  428.       ]
[ 748.         1068.            5.16592521  430.        ]
[1064.         1062.            5.17301452   30.        ]
[1070.         1066.            5.34556417   38.        ]
[1059.         1001.            5.40840812   15.        ]
[1069.        1067.           5.7530956  461.       ]
[1071.         1072.            5.89269694   53.        ]
[1073.         1030.            6.08792138  478.        ]
[1074.         1075.            6.15038069  531.        ]
[1076.         1046.            7.78431663  535.        ]
[1077.         1039.            7.95585506  540.        ]
