[50. 95.  0.  2.]
[540. 252.   0.   3.]
[541. 308.   0.   4.]
[542. 329.   0.   5.]
[ 33. 543.   0.   6.]
[544. 398.   0.   7.]
[545. 307.   0.   8.]
[546. 428.   0.   9.]
[61. 66.  0.  2.]
[548. 132.   0.   3.]
[549. 155.   0.   4.]
[550. 159.   0.   5.]
[551. 167.   0.   6.]
[552. 236.   0.   7.]
[553. 285.   0.   8.]
[554. 327.   0.   9.]
[555. 362.   0.  10.]
[556. 363.   0.  11.]
[557. 454.   0.  12.]
[558. 539.   0.  13.]
[ 69. 538.   0.   2.]
[ 91. 559.   0.  14.]
[ 74. 317.   0.   2.]
[ 78. 125.   0.   2.]
[ 81. 152.   0.   2.]
[ 86. 162.   0.   2.]
[565. 171.   0.   3.]
[566. 289.   0.   4.]
[567. 393.   0.   5.]
[568. 423.   0.   6.]
[569. 429.   0.   7.]
[570. 488.   0.   8.]
[ 90. 518.   0.   2.]
[301. 547.   0.  10.]
[135. 328.   0.   2.]
[140. 380.   0.   2.]
[200. 320.   0.   2.]
[210. 383.   0.   2.]
[218. 503.   0.   2.]
[309. 394.   0.   2.]
[378. 521.   0.   2.]
[5.74000000e+02 5.73000000e+02 4.73684211e-01 1.20000000e+01]
[5.62000000e+02 5.61000000e+02 4.81481481e-01 1.60000000e+01]
[  4. 262.   1.   2.]
[  9. 176.   1.   2.]
[571. 156.   1.   9.]
[ 15. 483.   1.   2.]
[292. 582.   1.  17.]
[ 27. 484.   1.   2.]
[ 30. 585.   1.  10.]
[370. 587.   1.  18.]
[230. 581.   1.  13.]
[ 53. 401.   1.   2.]
[ 59. 332.   1.   2.]
[564. 591.   1.  15.]
[560. 590.   1.  20.]
[ 70. 575.   1.   3.]
[563. 336.   1.   3.]
[ 89. 311.   1.   2.]
[ 99. 174.   1.   2.]
[103. 196.   1.   2.]
[109. 302.   1.   2.]
[111. 361.   1.   2.]
[126. 161.   1.   2.]
[186. 584.   1.   3.]
[190. 263.   1.   2.]
[577. 374.   1.   3.]
[295. 594.   1.  16.]
[277. 532.   1.   2.]
[335. 338.   1.   2.]
[580. 527.   1.   3.]
[596.         183.           1.16568542   4.        ]
[604.         199.           1.20806372   4.        ]
[589.         310.           1.21126187  11.        ]
[ 11.         613.           1.25234326  12.        ]
[595.        204.          1.2754816  21.       ]
[588.         355.           1.27614237   3.        ]
[601.         221.           1.27614237   3.        ]
[473.         614.           1.27614237  13.        ]
[616.         498.           1.31066017   4.        ]
[597.         136.           1.31066017   4.        ]
[619.         618.           1.33137085  17.        ]
[615.         178.           1.34222256  22.        ]
[622.          73.           1.34535261  23.        ]
[220.         607.           1.34683863  17.        ]
[623.         272.           1.36146503  24.        ]
[164.         612.           1.37426147   5.        ]
[624.         239.           1.38154693  18.        ]
[  1.         216.           1.41421356   2.        ]
[628.         113.           1.41421356   3.        ]
[  6.         129.           1.41421356   2.        ]
[ 13.         314.           1.41421356   2.        ]
[ 14.         442.           1.41421356   2.        ]
[ 42.         365.           1.41421356   2.        ]
[405.         625.           1.41421356  25.        ]
[ 23.         511.           1.41421356   2.        ]
[ 37.         240.           1.41421356   2.        ]
[636.         243.           1.41421356   3.        ]
[633.         504.           1.41421356   3.        ]
[638.         437.           1.41421356   4.        ]
[ 47.         621.           1.41421356  18.        ]
[ 52.         506.           1.41421356   2.        ]
[ 55.         133.           1.41421356   2.        ]
[ 68.         261.           1.41421356   2.        ]
[ 87.         117.           1.41421356   2.        ]
[134.         578.           1.41421356   3.        ]
[142.         519.           1.41421356   2.        ]
[147.         198.           1.41421356   2.        ]
[181.         576.           1.41421356   3.        ]
[149.         648.           1.41421356   4.        ]
[168.         280.           1.41421356   2.        ]
[170.         270.           1.41421356   2.        ]
[172.         339.           1.41421356   2.        ]
[652.         412.           1.41421356   3.        ]
[182.         627.           1.41421356  19.        ]
[193.         279.           1.41421356   2.        ]
[528.         654.           1.41421356  20.        ]
[219.         235.           1.41421356   2.        ]
[267.         377.           1.41421356   2.        ]
[649.         658.           1.41421356   6.        ]
[659.         241.           1.41421356   7.        ]
[660.         319.           1.41421356   8.        ]
[661.         368.           1.41421356   9.        ]
[255.         358.           1.41421356   2.        ]
[535.         634.           1.41421356  26.        ]
[381.         610.           1.41421356   4.        ]
[337.         403.           1.41421356   2.        ]
[341.         480.           1.41421356   2.        ]
[343.         602.           1.41421356   3.        ]
[359.         413.           1.41421356   2.        ]
[372.         499.           1.41421356   2.        ]
[396.         417.           1.41421356   2.        ]
[406.         430.           1.41421356   2.        ]
[459.         664.           1.41421356  27.        ]
[476.         639.           1.41421356   5.        ]
[443.         508.           1.41421356   2.        ]
[662.         673.           1.41421356  36.        ]
[676.         411.           1.43241103  37.        ]
[211.         656.           1.45389494  21.        ]
[668.         674.           1.49897016   8.        ]
[600.         245.           1.52015931   3.        ]
[605.         670.           1.52015931   4.        ]
[679.         419.           1.52070262   9.        ]
[651.         468.           1.60947571   3.        ]
[657.         439.           1.60947571   3.        ]
[586.         432.           1.62610506   3.        ]
[592.         677.           1.62610506  39.        ]
[ 38.        617.          1.6525915   4.       ]
[313.         665.           1.69055789   5.        ]
[653.         248.           1.70710678   4.        ]
[640.         647.           1.70855317  20.        ]
[690.         108.           1.71068932  21.        ]
[  3.         687.           1.73205081   5.        ]
[  7.         681.           1.73205081   5.        ]
[ 17.         283.           1.73205081   2.        ]
[409.         682.           1.73205081  10.        ]
[637.         686.           1.73205081  42.        ]
[ 49.         246.           1.73205081   2.        ]
[260.         666.           1.73205081   3.        ]
[399.         698.           1.73205081   4.        ]
[ 60.         699.           1.73205081   5.        ]
[116.          88.           1.73205081   2.        ]
[ 71.         462.           1.73205081   2.        ]
[102.         175.           1.73205081   2.        ]
[104.         271.           1.73205081   2.        ]
[146.         326.           1.73205081   2.        ]
[151.         296.           1.73205081   2.        ]
[157.         350.           1.73205081   2.        ]
[180.         233.           1.73205081   2.        ]
[237.         691.           1.73205081  22.        ]
[247.         249.           1.73205081   2.        ]
[306.         458.           1.73205081   2.        ]
[318.         641.           1.73205081   3.        ]
[344.         502.           1.73205081   2.        ]
[346.         650.           1.73205081   3.        ]
[348.         367.           1.73205081   2.        ]
[353.         696.           1.73205081  43.        ]
[418.         461.           1.73205081   2.        ]
[438.         490.           1.73205081   2.        ]
[448.         675.           1.73205081   3.        ]
[451.         472.           1.73205081   2.        ]
[496.         509.           1.73205081   2.        ]
[632.          79.           1.73205081   3.        ]
[644.         153.           1.73205081   3.        ]
[122.         672.           1.73205081   3.        ]
[144.         669.           1.73205081   3.        ]
[667.         410.           1.73205081   3.        ]
[680.         603.           1.74606523   5.        ]
[678.         408.           1.74840799  22.        ]
[620.         315.           1.78564065   5.        ]
[646.         201.           1.80473785   3.        ]
[709.         516.           1.81683419  23.        ]
[ 63.         701.           1.82136721   3.        ]
[238.         608.           1.82136721   3.        ]
[684.        274.          1.8580551   4.       ]
[ 26.        695.          1.8660254  11.       ]
[685.         96.          1.8660254   4.       ]
[611.         340.           1.87138439   5.        ]
[712.         728.           1.89282032  25.        ]
[693.         716.           1.90737559  48.        ]
[ 39.        598.          1.9106836   3.       ]
[739.        663.          1.9254729  50.       ]
[741.         466.           1.93741886  51.        ]
[738.         325.           1.95262574  26.        ]
[719.         688.           1.95577178   8.        ]
[714.         526.           1.95909442   4.        ]
[599.         727.           1.96260193   7.        ]
[740.         234.           1.96427344   4.        ]
[747.         268.           1.97141875   5.        ]
[731.      726.        1.97282  26.     ]
[748.         364.           1.97618229   6.        ]
[750.         452.           1.97958482   7.        ]
[751.         497.           1.98213672   8.        ]
[752.         711.           1.98412153  10.        ]
[631.         626.           1.98474574   7.        ]
[735.         753.           1.98501111  21.        ]
[21. 40.  2.  2.]
[486. 730.   2.   4.]
[ 41. 382.   2.   2.]
[ 46. 736.   2.   5.]
[ 62. 202.   2.   2.]
[ 65. 737.   2.   6.]
[ 98. 514.   2.   2.]
[127. 223.   2.   2.]
[645. 154.   2.   4.]
[143. 445.   2.   2.]
[160. 743.   2.  27.]
[173. 487.   2.   2.]
[187. 481.   2.   2.]
[768. 606.   2.   5.]
[192. 723.   2.   4.]
[655. 749.   2.  28.]
[197. 449.   2.   2.]
[250. 764.   2.   5.]
[205. 334.   2.   2.]
[209. 718.   2.   3.]
[213. 775.   2.   4.]
[467. 742.   2.  52.]
[229. 400.   2.   2.]
[244. 722.   2.   4.]
[276. 345.   2.   2.]
[494. 769.   2.   6.]
[290. 530.   2.   2.]
[297. 427.   2.   2.]
[303. 369.   2.   2.]
[366. 517.   2.   2.]
[482. 779.   2.   5.]
[402. 489.   2.   2.]
[416. 507.   2.   2.]
[534. 755.   2.  22.]
[492. 523.   2.   2.]
[282.         781.           2.01005971   7.        ]
[395.         786.           2.01124133   6.        ]
[692.          20.           2.03993246   6.        ]
[789.         713.           2.04041612  24.        ]
[533.         794.           2.04336021  25.        ]
[734.         791.           2.05355572  11.        ]
[635.         795.           2.06806225  27.        ]
[642.         100.           2.06806225   3.        ]
[390.         792.           2.06806225   7.        ]
[704.         683.           2.06960142   5.        ]
[759.         705.           2.06980546   7.        ]
[689.         464.           2.08989795   5.        ]
[724.         431.           2.09442719   4.        ]
[700.        286.          2.1049191   6.       ]
[707.         766.           2.11721497  29.        ]
[744.         721.           2.14540915  10.        ]
[671.         414.           2.14982991   3.        ]
[583.         184.           2.15737865   3.        ]
[593.         469.           2.15737865   3.        ]
[770.         801.           2.16018898  11.        ]
[798.         474.           2.16341913   4.        ]
[351.         761.           2.17311652   7.        ]
[376.         797.           2.17311652  28.        ]
[732.         257.           2.17340841   4.        ]
[754.         316.           2.18759173   8.        ]
[231.         806.           2.20266198  11.        ]
[717.         386.           2.21525044   3.        ]
[817.         767.           2.22045482   5.        ]
[ 83.         818.           2.22491572   6.        ]
[796.         777.           2.22631398  63.        ]
[746.         706.           2.23334203   9.        ]
[24.         45.          2.23606798  2.        ]
[48.         92.          2.23606798  2.        ]
[ 58.         440.           2.23606798   2.        ]
[495.         820.           2.23606798  64.        ]
[115.         291.           2.23606798   2.        ]
[120.         493.           2.23606798   2.        ]
[505.         810.           2.23606798  12.        ]
[342.         825.           2.23606798  65.        ]
[224.         771.           2.23606798  29.        ]
[436.         522.           2.23606798   2.        ]
[479.         829.           2.23606798  66.        ]
[321.         513.           2.23606798   2.        ]
[422.         816.           2.23606798  12.        ]
[397.         444.           2.23606798   2.        ]
[415.         460.           2.23606798   2.        ]
[465.         834.           2.23606798  13.        ]
[441.         815.           2.23606798   9.        ]
[227.         828.           2.23635248  13.        ]
[793.        808.          2.2389707   9.       ]
[803.         453.           2.24122718   5.        ]
[811.         814.           2.27422309   8.        ]
[805.         799.           2.27438227  36.        ]
[ 22.         821.           2.29643089  10.        ]
[776.         837.           2.29807449  17.        ]
[813.         733.           2.32468753  31.        ]
[254.        832.          2.3306778  67.       ]
[838.         455.           2.33903675  10.        ]
[841.        435.          2.3401236   6.       ]
[788.         757.           2.36067287   6.        ]
[ 57.         745.           2.36668526   5.        ]
[763.         758.           2.37262909   4.        ]
[802.         785.           2.37457479   7.        ]
[ 72.       848.         2.377068  11.      ]
[849.         77.          2.3837847   7.       ]
[840.         774.           2.40778141  11.        ]
[812.         842.           2.40868309  15.        ]
[846.         847.           2.40876199  98.        ]
[851.          75.           2.41268775   6.        ]
[845.         433.           2.42160566  18.        ]
[843.         762.           2.43854749  38.        ]
[861.        858.          2.4390946 136.       ]
[857.         379.           2.44017182  16.        ]
[ 31.         426.           2.44948974   2.        ]
[ 36.         106.           2.44948974   2.        ]
[ 51.         863.           2.44948974  17.        ]
[ 80.         860.           2.44948974  19.        ]
[ 82.         347.           2.44948974   2.        ]
[572.         537.           2.44948974   3.        ]
[114.         388.           2.44948974   2.        ]
[124.         305.           2.44948974   2.        ]
[772.         862.           2.44948974 138.        ]
[141.         169.           2.44948974   2.        ]
[163.         827.           2.44948974   3.        ]
[185.         195.           2.44948974   2.        ]
[191.         391.           2.44948974   2.        ]
[299.         855.           2.44948974   8.        ]
[269.         856.           2.44948974  12.        ]
[349.         456.           2.44948974   2.        ]
[385.         475.           2.44948974   2.        ]
[852.         194.           2.47744796   5.        ]
[251.        878.          2.4808825  13.       ]
[137.         872.           2.49027071 139.        ]
[424.         883.           2.50233934 140.        ]
[778.        300.          2.5091902   3.       ]
[853.         478.           2.52251786   8.        ]
[866.         884.           2.52598122 157.        ]
[819.         887.           2.56626374 163.        ]
[867.         447.           2.57504725  20.        ]
[889.         450.           2.57841411  21.        ]
[826.         128.           2.58033079   3.        ]
[130.         833.           2.58033079   3.        ]
[609.         491.           2.58033079   3.        ]
[222.         877.           2.60157602   9.        ]
[371.         854.           2.61727435  12.        ]
[859.         839.           2.61747927  19.        ]
[ 28.         471.           2.64575131   2.        ]
[ 35.         264.           2.64575131   2.        ]
[ 43.         876.           2.64575131   3.        ]
[ 54.         148.           2.64575131   2.        ]
[179.         896.           2.64575131  20.        ]
[131.         901.           2.64575131  21.        ]
[293.         888.           2.64575131 164.        ]
[203.         902.           2.64575131  22.        ]
[206.         322.           2.64575131   2.        ]
[215.         407.           2.64575131   2.        ]
[242.         457.           2.64575131   2.        ]
[579.         531.           2.64575131   3.        ]
[330.         903.           2.64575131 165.        ]
[850.         420.           2.68017239   7.        ]
[804.         121.           2.68345928   7.        ]
[911.         873.           2.70158026   9.        ]
[824.         910.           2.70195224   9.        ]
[886.        890.          2.7064644  29.       ]
[909.        515.          2.7328421 166.       ]
[869.         331.           2.73431348   4.        ]
[914.         720.           2.74596206  31.        ]
[912.        118.          2.7558384  10.       ]
[881.          19.           2.75785265   6.        ]
[844.         266.           2.76016009  11.        ]
[864.          76.           2.76383421   3.        ]
[865.          44.           2.76383421   3.        ]
[760.         708.           2.76383421   4.        ]
[879.         908.           2.76383421   5.        ]
[923.         208.           2.76506787   5.        ]
[ 25.         919.           2.76793472   7.        ]
[920.         463.           2.78648789  12.        ]
[800.         885.           2.79526332   8.        ]
[177.         904.           2.79877282  23.        ]
[ 12.         404.           2.82842712   2.        ]
[ 16.         917.           2.82842712  32.        ]
[ 32.         524.           2.82842712   2.        ]
[ 64.         643.           2.82842712   3.        ]
[933.          93.           2.82842712   4.        ]
[934.         123.           2.82842712   5.        ]
[935.         214.           2.82842712   6.        ]
[ 84.         258.           2.82842712   2.        ]
[ 97.         915.           2.82842712 167.        ]
[207.         256.           2.82842712   2.        ]
[226.         356.           2.82842712   2.        ]
[918.         425.           2.84867138  11.        ]
[938.         470.           2.87317849 168.        ]
[892.         831.           2.87417989   5.        ]
[874.         913.           2.87419445  12.        ]
[630.        931.          2.8819171  34.       ]
[898.         823.           2.88561808   4.        ]
[906.         373.           2.88561808   3.        ]
[925.         165.           2.91553274   6.        ]
[389.        942.          2.9351195 169.       ]
[868.         265.           2.93971064   3.        ]
[895.         944.           2.97396766  24.        ]
[916.         830.           2.98385195  33.        ]
[697.         949.           2.99115968 171.        ]
[899.         932.           3.00290028   5.        ]
[ 29.         921.           3.03393918   4.        ]
[922.         952.           3.04056942  36.        ]
[773.         928.           3.04357525  13.        ]
[954.        947.          3.0445597   8.       ]
[907.        929.          3.0456733  25.       ]
[882.         946.           3.08076826  17.        ]
[783.         790.           3.09718073   4.        ]
[702.         880.           3.09745163   4.        ]
[940.        959.          3.1055416  27.       ]
[822.         782.           3.10818511   4.        ]
[958.         107.           3.11105522   9.        ]
[217.         963.           3.12892561  28.        ]
[ 34.         957.           3.13736344  14.        ]
[694.         953.           3.15052237 173.        ]
[966.         924.           3.15181302  33.        ]
[894.         485.           3.15365329  10.        ]
[228.         968.           3.15470054 174.        ]
[926.         937.           3.15506654   9.        ]
[112.         891.           3.16029503   4.        ]
[930.         927.           3.16227766  14.        ]
[110.         273.           3.16227766   2.        ]
[119.         960.           3.16227766  18.        ]
[288.         392.           3.16227766   2.        ]
[500.         510.           3.16227766   2.        ]
[715.       971.         3.171893 176.      ]
[948.     333.       3.1832   7.    ]
[945.         780.           3.20335476  36.        ]
[324.        976.          3.2137267  19.       ]
[951.         956.           3.21675231  60.        ]
[961.         972.           3.21863699  13.        ]
[352.         983.           3.22177079  61.        ]
[974.         978.           3.24538613  16.        ]
[375.         969.           3.26459986  34.        ]
[986.         278.           3.26968785  17.        ]
[232.         984.           3.27131114  14.        ]
[893.         875.           3.29938467   5.        ]
[836.         525.           3.30940108   3.        ]
[101.         807.           3.30970021   4.        ]
[941.         979.           3.31044696 187.        ]
[ 85.         387.           3.31662479   2.        ]
[139.         253.           3.31662479   2.        ]
[965.         989.           3.32004864  23.        ]
[964.         710.           3.36493449   6.        ]
[703.         189.           3.36578373   3.        ]
[993.         987.           3.41167714 221.        ]
[729.         985.           3.41264482  66.        ]
[995.         188.           3.41494267   3.        ]
[996.         158.           3.42701933  24.        ]
[980.         973.           3.43023942  11.        ]
[   2.         1000.            3.46410162   67.        ]
[  5.         275.           3.46410162   2.        ]
[312.         990.           3.48544262   6.        ]
[999.         992.           3.49644124 225.        ]
[1007.         943.           3.5029949  230.       ]
[1008.         784.           3.5030212  232.       ]
[ 281.        1002.           3.5112515   25.       ]
[897.          56.           3.52479794   3.        ]
[ 977.         1009.            3.54653952  234.        ]
[939.         284.           3.54853081   3.        ]
[997.         421.           3.55087821   7.        ]
[ 994.         1010.            3.55840139   27.        ]
[962.         725.           3.58271676   7.        ]
[ 18.         287.           3.60555128   2.        ]
[ 477.         1004.            3.60555128   68.        ]
[809.         212.           3.66880104   4.        ]
[988.         991.           3.69684968  20.        ]
[   8.         1018.            3.70963318   69.        ]
[1005.          967.            3.72705874   16.        ]
[870.         298.           3.74165739   3.        ]
[1015.         1012.            3.76234457  261.        ]
[900.         982.           3.76450097  21.        ]
[   0.      1024.         3.76686  262.     ]
[1011.          138.            3.78077641    4.        ]
[981.          67.           3.79070076  37.        ]
[360.         835.           3.82920803   3.        ]
[1020.          529.            3.83779473   21.        ]
[ 629.         1028.            3.87298335   40.        ]
[ 94.         520.           3.87298335   2.        ]
[ 501.         1031.            3.87298335   41.        ]
[ 323.         1029.            3.90685445    4.        ]
[ 955.         1026.            3.92641016  266.        ]
[1001.         1013.            3.94498945    6.        ]
[304. 434.   4.   2.]
[1023.          765.            4.02418057    5.        ]
[1035.          950.            4.05998825  269.        ]
[ 536.         1033.            4.06022909   42.        ]
[ 10.         225.           4.12310563   2.        ]
[1030.         1006.            4.12349027   27.        ]
[ 970.         1039.            4.17168481  279.        ]
[1025.         1036.            4.21419115   27.        ]
[998.         384.           4.22189672   4.        ]
[1032.         1043.            4.23735285  281.        ]
[1034.          357.            4.32191998    5.        ]
[1037.         1046.            4.36004938  283.        ]
[1040.         1048.            4.38537169  325.        ]
[1014.         1049.            4.41926979  332.        ]
[1047.         1050.            4.45862242  337.        ]
[1042.          166.            4.49379402   28.        ]
[787.         446.           4.50801678   3.        ]
[ 936.         1044.            4.51693711   33.        ]
[1038.         871.           4.5375273    7.       ]
[1054.          150.            4.54124199   34.        ]
[1041.          905.            4.71850738    4.        ]
[ 975.         1052.            4.74525818   30.        ]
[1051.         1053.            4.78594565  340.        ]
[1021.         1022.            4.86302277   85.        ]
[ 259.         1058.            4.89897949   31.        ]
[1055.         1059.            4.91574647  347.        ]
[1017.         294.           4.9663265    3.       ]
[1062.         1060.            5.07363902  432.        ]
[105.         145.           5.09901951   2.        ]
[1064.         1003.            5.18675474  443.        ]
[1066.         1027.            5.20016537  447.        ]
[ 756.        1067.           5.2042352  449.       ]
[1056.          354.            5.33764334   35.        ]
[1068.         1065.            5.50956309  451.        ]
[1063.         1069.            5.65219584   38.        ]
[1070.          512.            5.73129659  452.        ]
[1072.         1016.            6.35269846  459.        ]
[1073.         1061.            6.46675054  490.        ]
[1057.         1071.            6.51001098   42.        ]
[1075.         1074.            6.77904417  532.        ]
[1076.         1045.            8.07583086  536.        ]
[1077.         1019.            8.29844722  540.        ]
