[50. 95.  0.  2.]
[540. 252.   0.   3.]
[541. 308.   0.   4.]
[542. 329.   0.   5.]
[ 33. 543.   0.   6.]
[544. 398.   0.   7.]
[545. 307.   0.   8.]
[546. 428.   0.   9.]
[61. 66.  0.  2.]
[548. 132.   0.   3.]
[549. 155.   0.   4.]
[550. 159.   0.   5.]
[551. 167.   0.   6.]
[552. 236.   0.   7.]
[553. 285.   0.   8.]
[554. 327.   0.   9.]
[555. 362.   0.  10.]
[556. 363.   0.  11.]
[557. 454.   0.  12.]
[558. 539.   0.  13.]
[ 69. 538.   0.   2.]
[ 91. 559.   0.  14.]
[ 74. 317.   0.   2.]
[ 78. 125.   0.   2.]
[ 81. 152.   0.   2.]
[ 86. 162.   0.   2.]
[565. 171.   0.   3.]
[566. 289.   0.   4.]
[567. 393.   0.   5.]
[568. 423.   0.   6.]
[569. 429.   0.   7.]
[570. 488.   0.   8.]
[ 90. 518.   0.   2.]
[301. 547.   0.  10.]
[135. 328.   0.   2.]
[140. 380.   0.   2.]
[200. 320.   0.   2.]
[210. 383.   0.   2.]
[218. 503.   0.   2.]
[309. 394.   0.   2.]
[378. 521.   0.   2.]
[5.74000000e+02 5.73000000e+02 4.73684211e-01 1.20000000e+01]
[5.62000000e+02 5.61000000e+02 4.81481481e-01 1.60000000e+01]
[  4. 262.   1.   2.]
[  9. 176.   1.   2.]
[571. 156.   1.   9.]
[ 15. 483.   1.   2.]
[292. 582.   1.  17.]
[ 27. 484.   1.   2.]
[ 30. 585.   1.  10.]
[370. 587.   1.  18.]
[230. 581.   1.  13.]
[ 53. 401.   1.   2.]
[ 59. 332.   1.   2.]
[564. 591.   1.  15.]
[560. 590.   1.  20.]
[ 70. 575.   1.   3.]
[563. 336.   1.   3.]
[311. 589.   1.  11.]
[ 99. 174.   1.   2.]
[103. 196.   1.   2.]
[109. 302.   1.   2.]
[111. 361.   1.   2.]
[126. 161.   1.   2.]
[186. 584.   1.   3.]
[190. 263.   1.   2.]
[577. 374.   1.   3.]
[295. 594.   1.  16.]
[277. 532.   1.   2.]
[335. 338.   1.   2.]
[580. 527.   1.   3.]
[596.         183.           1.16568542   4.        ]
[604.         199.           1.20806372   4.        ]
[595.        204.          1.2754816  21.       ]
[588.         355.           1.27614237   3.        ]
[601.         221.           1.27614237   3.        ]
[473.         598.           1.27614237  12.        ]
[614.         498.           1.31066017   4.        ]
[597.         136.           1.31066017   4.        ]
[617.         616.           1.33137085  16.        ]
[613.         178.           1.34222256  22.        ]
[620.          73.           1.34535261  23.        ]
[220.         607.           1.34683863  17.        ]
[621.         272.           1.36146503  24.        ]
[164.         612.           1.37426147   5.        ]
[622.         239.           1.38154693  18.        ]
[  1.         216.           1.41421356   2.        ]
[626.         113.           1.41421356   3.        ]
[  6.         129.           1.41421356   2.        ]
[11.         42.          1.41421356  2.        ]
[629.         365.           1.41421356   3.        ]
[630.         504.           1.41421356   4.        ]
[631.         619.           1.41421356  20.        ]
[ 13.         314.           1.41421356   2.        ]
[442.         602.           1.41421356   3.        ]
[ 23.         623.           1.41421356  25.        ]
[ 37.         240.           1.41421356   2.        ]
[636.         243.           1.41421356   3.        ]
[147.         198.           1.41421356   2.        ]
[ 47.         638.           1.41421356   3.        ]
[ 52.         506.           1.41421356   2.        ]
[ 55.         133.           1.41421356   2.        ]
[ 68.         261.           1.41421356   2.        ]
[ 87.         117.           1.41421356   2.        ]
[134.         578.           1.41421356   3.        ]
[519.         639.           1.41421356   4.        ]
[181.         576.           1.41421356   3.        ]
[149.         646.           1.41421356   4.        ]
[168.         280.           1.41421356   2.        ]
[170.         270.           1.41421356   2.        ]
[172.         339.           1.41421356   2.        ]
[650.         412.           1.41421356   3.        ]
[182.         625.           1.41421356  19.        ]
[193.         279.           1.41421356   2.        ]
[528.         652.           1.41421356  20.        ]
[219.         235.           1.41421356   2.        ]
[267.         377.           1.41421356   2.        ]
[647.         656.           1.41421356   6.        ]
[657.         241.           1.41421356   7.        ]
[658.         319.           1.41421356   8.        ]
[659.         368.           1.41421356   9.        ]
[255.         358.           1.41421356   2.        ]
[535.         635.           1.41421356  26.        ]
[437.         632.           1.41421356  21.        ]
[381.         610.           1.41421356   4.        ]
[337.         403.           1.41421356   2.        ]
[341.         480.           1.41421356   2.        ]
[343.         419.           1.41421356   2.        ]
[667.         476.           1.41421356   3.        ]
[359.         413.           1.41421356   2.        ]
[499.         605.           1.41421356   3.        ]
[396.         417.           1.41421356   2.        ]
[406.         430.           1.41421356   2.        ]
[459.         662.           1.41421356  27.        ]
[443.         508.           1.41421356   2.        ]
[660.         673.           1.41421356  36.        ]
[675.         592.           1.43241103  38.        ]
[676.         411.           1.44209573  39.        ]
[211.         654.           1.45389494  21.        ]
[372.         670.           1.45659186   4.        ]
[310.         663.           1.47640908  22.        ]
[ 14.         679.           1.49897016   5.        ]
[600.         599.           1.52015931   4.        ]
[649.         468.           1.60947571   3.        ]
[655.         108.           1.60947571   3.        ]
[682.         603.           1.62056194   6.        ]
[432.         637.           1.62610506   4.        ]
[681.         634.           1.64775701   8.        ]
[ 38.        615.          1.6525915   4.       ]
[685.         245.           1.67076326   7.        ]
[664.         674.           1.69055789   6.        ]
[651.         248.           1.70710678   4.        ]
[677.         661.           1.72306209  41.        ]
[  3.         688.           1.73205081   5.        ]
[ 79.         687.           1.73205081   9.        ]
[353.         692.           1.73205081  42.        ]
[439.         686.           1.73205081   5.        ]
[ 17.         283.           1.73205081   2.        ]
[409.         680.           1.73205081  23.        ]
[ 49.         246.           1.73205081   2.        ]
[260.         665.           1.73205081   3.        ]
[399.         700.           1.73205081   4.        ]
[ 60.         701.           1.73205081   5.        ]
[116.         668.           1.73205081   4.        ]
[ 71.         462.           1.73205081   2.        ]
[ 88.         611.           1.73205081   5.        ]
[102.         175.           1.73205081   2.        ]
[271.         683.           1.73205081   4.        ]
[326.         586.           1.73205081   3.        ]
[296.         689.           1.73205081   8.        ]
[350.         684.           1.73205081   4.        ]
[180.         233.           1.73205081   2.        ]
[237.         645.           1.73205081   5.        ]
[247.         249.           1.73205081   2.        ]
[306.         698.           1.73205081  24.        ]
[318.         640.           1.73205081   3.        ]
[344.         714.           1.73205081  25.        ]
[346.         648.           1.73205081   3.        ]
[348.         367.           1.73205081   2.        ]
[418.         461.           1.73205081   2.        ]
[425.         511.           1.73205081   2.        ]
[438.         490.           1.73205081   2.        ]
[448.         690.           1.73205081   7.        ]
[451.         472.           1.73205081   2.        ]
[496.         722.           1.73205081   8.        ]
[643.         153.           1.73205081   3.        ]
[672.         431.           1.73205081   3.        ]
[144.         669.           1.73205081   3.        ]
[666.         712.           1.73205081   7.        ]
[678.         695.           1.74840799  63.        ]
[315.         728.           1.78564065   8.        ]
[608.         696.           1.82136721   7.        ]
[  7.         694.           1.82779531  10.        ]
[703.         705.           1.84005449   9.        ]
[710.         729.           1.87217917  67.        ]
[715.         325.           1.89282032   4.        ]
[104.         707.           1.89504579   5.        ]
[146.         708.           1.90218195   4.        ]
[724.         509.           1.90267092   9.        ]
[122.         726.           1.91141054   4.        ]
[716.        502.          1.9490768  26.       ]
[717.         721.           1.95909442   5.        ]
[151.        709.          1.9635925   9.       ]
[ 89.         740.           1.98052938  27.        ]
[733.         641.           1.98472483  11.        ]
[633.         730.           1.98474574  10.        ]
[743.         364.           1.99090903  28.        ]
[746.         452.           1.99122252  29.        ]
[747.        497.          1.9915151  30.       ]
[748.        533.          1.9917888  31.       ]
[749.        534.          1.9920454  32.       ]
[ 39.         750.           1.99228645  33.        ]
[751.         735.           1.99620256  37.        ]
[21. 40.  2.  2.]
[ 96. 737.   2.   5.]
[ 26. 754.   2.   6.]
[486. 572.   2.   3.]
[ 41. 752.   2.  38.]
[ 46. 755.   2.   7.]
[ 62. 202.   2.   2.]
[ 63. 744.   2.  12.]
[65. 76.  2.  2.]
[514. 482.   2.   2.]
[120. 516.   2.   2.]
[127. 738.   2.  10.]
[644. 154.   2.   4.]
[201. 745.   2.  11.]
[142. 766.   2.  12.]
[143. 445.   2.   2.]
[157. 734.   2.  68.]
[160. 769.   2.  69.]
[487. 770.   2.  70.]
[187. 405.   2.   2.]
[772. 481.   2.   3.]
[773. 606.   2.   6.]
[192. 758.   2.   8.]
[653. 731.   2.   9.]
[197. 449.   2.   2.]
[250. 765.   2.   5.]
[334. 736.   2.   6.]
[213. 386.   2.   2.]
[231.  80.   2.   2.]
[223. 274.   2.   2.]
[226. 467.   2.   2.]
[229. 624.   2.   6.]
[234. 268.   2.   2.]
[244. 762.   2.   3.]
[276. 345.   2.   2.]
[494. 774.   2.   7.]
[290. 530.   2.   2.]
[297. 427.   2.   2.]
[303. 369.   2.   2.]
[517. 776.   2.  10.]
[402. 489.   2.   2.]
[408. 732.   2.  11.]
[416. 507.   2.   2.]
[492. 523.   2.   2.]
[282.         788.           2.00907954   8.        ]
[693.         269.           2.03993246   6.        ]
[227.         775.           2.05901699   9.        ]
[395.         771.           2.06295146  71.        ]
[390.         800.           2.06806225  72.        ]
[209.         781.           2.07868933   3.        ]
[366.         792.           2.08989795  11.        ]
[691.         464.           2.08989795   5.        ]
[702.        720.          2.1049191   7.       ]
[741.         526.           2.11789894   6.        ]
[798.         184.           2.12647801   7.        ]
[671.         414.           2.14982991   3.        ]
[593.         469.           2.15737865   3.        ]
[739.         453.           2.16463904   5.        ]
[786.         801.           2.17311652  75.        ]
[725.        799.          2.1741249  12.       ]
[205.         807.           2.19977322   8.        ]
[760.         426.           2.21029743  13.        ]
[719.         794.           2.21525044  13.        ]
[ 20.         251.           2.23606798   2.        ]
[24.         45.          2.23606798  2.        ]
[48.         92.          2.23606798  2.        ]
[440.         808.           2.23606798   4.        ]
[ 83.         815.           2.23606798  14.        ]
[ 98.         811.           2.23606798  76.        ]
[100.         699.           2.23606798   3.        ]
[115.         759.           2.23606798   3.        ]
[763.         493.           2.23606798   3.        ]
[505.         812.           2.23606798  13.        ]
[785.         797.           2.23606798  10.        ]
[342.         826.           2.23606798  11.        ]
[191.         474.           2.23606798   2.        ]
[435.         810.           2.23606798   6.        ]
[376.         444.           2.23606798   2.        ]
[300.         784.           2.23606798   7.        ]
[436.         522.           2.23606798   2.        ]
[479.         827.           2.23606798  12.        ]
[321.         832.           2.23606798   3.        ]
[466.         783.           2.23606798   3.        ]
[351.         814.           2.23606798  14.        ]
[422.         764.           2.23606798  11.        ]
[415.         460.           2.23606798   2.        ]
[441.         767.           2.23606798  13.        ]
[805.         286.           2.26304743   8.        ]
[465.         837.           2.26452421  12.        ]
[583.         813.           2.30720857  10.        ]
[831.         400.           2.32751855   8.        ]
[756.         795.           2.33137085   5.        ]
[820.         173.           2.33334547  15.        ]
[836.         340.           2.33651912  15.        ]
[821.         777.           2.35166934  78.        ]
[846.         379.           2.35584613  16.        ]
[847.         495.           2.35902139  79.        ]
[802.         841.           2.37147223  15.        ]
[757.         782.           2.37292674  40.        ]
[804.         803.           2.37457479  16.        ]
[849.         780.           2.40077598  81.        ]
[853.         254.           2.40803716  82.        ]
[854.          57.           2.41090118  83.        ]
[855.         845.           2.41369702  98.        ]
[830.         458.           2.43352103   3.        ]
[313.         850.           2.44948974  16.        ]
[ 36.         839.           2.44948974  14.        ]
[ 51.         856.           2.44948974  99.        ]
[ 75.         806.           2.44948974   7.        ]
[ 82.         347.           2.44948974   2.        ]
[410.         859.           2.44948974  15.        ]
[388.         824.           2.44948974   4.        ]
[124.         305.           2.44948974   2.        ]
[291.         823.           2.44948974   4.        ]
[513.         833.           2.44948974  13.        ]
[141.         851.           2.44948974  41.        ]
[163.         864.           2.44948974   5.        ]
[195.         609.           2.44948974   3.        ]
[299.         829.           2.44948974   7.        ]
[238.         857.           2.44948974   4.        ]
[349.         835.           2.44948974   4.        ]
[433.         858.           2.44948974  17.        ]
[385.         475.           2.44948974   2.        ]
[ 58.         819.           2.48352585   5.        ]
[ 22.         742.           2.49175792  10.        ]
[868.        169.          2.4974263  42.       ]
[828.         822.           2.51491027   5.        ]
[848.         860.           2.51956415 115.        ]
[879.         391.           2.52360816   6.        ]
[106.         863.           2.54624658  16.        ]
[130.         867.           2.55729901  14.        ]
[842.         779.           2.55844233  16.        ]
[194.        878.          2.5758022  43.       ]
[ 29.        844.          2.5800793   6.       ]
[356.         874.           2.59184714  18.        ]
[222.         871.           2.61944614   8.        ]
[880.         761.           2.62988444 117.        ]
[873.         861.           2.63051588  11.        ]
[887.         447.           2.63088981  19.        ]
[890.         825.           2.63645555  24.        ]
[889.        515.          2.6367825 118.       ]
[455.         882.           2.64575131  17.        ]
[ 28.         471.           2.64575131   2.        ]
[264.         884.           2.64575131  17.        ]
[537.         886.           2.64575131   7.        ]
[ 54.         148.           2.64575131   2.        ]
[ 72.         894.           2.64575131  18.        ]
[137.         893.           2.64575131 119.        ]
[179.         872.           2.64575131   5.        ]
[131.         901.           2.64575131   6.        ]
[203.         896.           2.64575131  18.        ]
[206.         322.           2.64575131   2.        ]
[215.         881.           2.64575131   7.        ]
[242.         457.           2.64575131   2.        ]
[258.         885.           2.64575131  44.        ]
[293.         900.           2.64575131 120.        ]
[531.         876.           2.64575131   6.        ]
[330.         908.           2.64575131 121.        ]
[371.         420.           2.64575131   2.        ]
[407.        910.          2.6993945 122.       ]
[852.         796.           2.70466088  18.        ]
[128.         866.           2.73623389   5.        ]
[118.         883.           2.74272809  15.        ]
[456.         907.           2.75072673  45.        ]
[913.         723.           2.75437984  20.        ]
[ 44.         899.           2.76186846  19.        ]
[711.         208.           2.76753519   3.        ]
[917.         891.           2.77150977  39.        ]
[121.         892.           2.80926305  25.        ]
[ 35.         903.           2.80948149  19.        ]
[424.         912.           2.81792676 123.        ]
[331.         818.           2.82842712   3.        ]
[ 12.         877.           2.82842712  11.        ]
[ 16.         920.           2.82842712  40.        ]
[ 25.         916.           2.82842712  46.        ]
[ 31.         478.           2.82842712   2.        ]
[524.         905.           2.82842712   8.        ]
[ 64.         642.           2.82842712   3.        ]
[930.          93.           2.82842712   4.        ]
[931.         123.           2.82842712   5.        ]
[932.         214.           2.82842712   6.        ]
[ 77.         485.           2.82842712   2.        ]
[ 97.         923.           2.82842712 124.        ]
[207.         256.           2.82842712   2.        ]
[165.         919.           2.86237244   4.        ]
[935.         697.           2.87870212 126.        ]
[938.         906.           2.88045927 128.        ]
[628.        926.          2.8819171  42.       ]
[939.         718.           2.88313056 130.        ]
[941.         921.           2.88724525 155.        ]
[185.        838.          2.8930544   3.       ]
[902.         942.           2.90212705 161.        ]
[869.         909.           2.91267318  11.        ]
[915.         834.           2.92882182  18.        ]
[870.         491.           2.92949891   4.        ]
[929.        373.          2.9356244   9.       ]
[265.         922.           2.93971064  20.        ]
[895.          43.           2.94280904   3.        ]
[946.         389.           2.94398833  19.        ]
[948.         945.           2.97372444  20.        ]
[ 32. 952.   3.  21.]
[257. 953.   3.  22.]
[266. 925.   3.  12.]
[450. 927.   3.  47.]
[924.         949.           3.02107049  23.        ]
[217.         778.           3.04357525   6.        ]
[918.         897.           3.04984587  26.        ]
[816.         177.           3.05409255   3.        ]
[944.         470.           3.05490421 162.        ]
[955.         463.           3.08135597  13.        ]
[704.         875.           3.09745163   4.        ]
[288.         961.           3.10818511 163.        ]
[951.         956.           3.13149399  66.        ]
[ 19.         382.           3.16227766   2.        ]
[232.         965.           3.16227766  67.        ]
[273.          85.           3.16227766   2.        ]
[324.         898.           3.16227766   3.        ]
[404.         962.           3.16227766  14.        ]
[500.         525.           3.16227766   2.        ]
[352.         959.           3.17223813  27.        ]
[964.         392.           3.17776238 164.        ]
[817.         973.           3.19914018 166.        ]
[940.         787.           3.20042136  44.        ]
[840.         967.           3.20355817  75.        ]
[957.         387.           3.20948113  24.        ]
[316.        972.          3.2137267  28.       ]
[971.        970.          3.2137267  16.       ]
[914.         937.           3.21661969   9.        ]
[960.         977.           3.22598376  27.        ]
[958.         976.           3.25069074  81.        ]
[843.         978.           3.25096595  36.        ]
[954.         281.           3.25858667  23.        ]
[888.         982.           3.26993866  89.        ]
[984.          56.           3.27304353  24.        ]
[986.          84.           3.29178809  25.        ]
[112.         980.           3.29287589  10.        ]
[987.         158.           3.29841553  26.        ]
[989.         950.           3.30979093  29.        ]
[713.         974.           3.31003553 168.        ]
[618.         983.           3.31057953  40.        ]
[119.         981.           3.31662479  28.        ]
[139.         253.           3.31662479   2.        ]
[107.         990.           3.31674001  30.        ]
[979.         312.           3.34402657  17.        ]
[790.         579.           3.35540424   4.        ]
[706.         384.           3.36578373   3.        ]
[996.         510.           3.37341306  18.        ]
[991.         789.           3.38273861 170.        ]
[994.         188.           3.41494267   3.        ]
[943.         947.           3.44511174   7.        ]
[278.         999.           3.45569979  19.        ]
[228.         997.           3.46410162   5.        ]
[  2.         992.           3.46410162  41.        ]
[  5.         936.           3.46410162   3.        ]
[101.         520.           3.46410162   2.        ]
[1000.         375.           3.5023179  171.       ]
[224.        985.          3.5112515  90.       ]
[ 934.         1009.            3.51998486   92.        ]
[ 911.         1005.            3.54441653   43.        ]
[   8.         1011.            3.57873211   44.        ]
[1008.          421.            3.58153011  172.        ]
[963.         727.           3.58271676   7.        ]
[968.         995.           3.59889709  32.        ]
[ 791.         1004.            3.60555128    7.        ]
[287.         993.           3.60555128  29.        ]
[189.         998.           3.60555128   4.        ]
[ 477.         1012.            3.60555128   45.        ]
[928.        865.          3.6491388   4.       ]
[809.         212.           3.66880104   4.        ]
[ 275.         1017.            3.74165739   30.        ]
[114.         768.           3.74165739   3.        ]
[ 284.         1001.            3.74165739    4.        ]
[ 501.         1016.            3.74165739    8.        ]
[ 975.         1025.            3.77981814   52.        ]
[1026.         627.           3.7967814   55.       ]
[1027.          966.            3.80072288   57.        ]
[ 397.         1028.            3.81855208   58.        ]
[  34.         1022.            3.85184411   31.        ]
[933.         969.           3.87008422   9.        ]
[   0.         1013.            3.87298335  173.        ]
[ 360.         1029.            3.87298335   59.        ]
[  94.         1032.            3.87298335  174.        ]
[1024.         1006.            3.96303748    7.        ]
[1003.          529.            3.99202783   20.        ]
[ 298. 1015.    4.   33.]
[ 434. 1034.    4.  175.]
[ 333.         1037.            4.02548513   34.        ]
[1033.         1020.            4.07845225   63.        ]
[1040.         1007.            4.10529691   65.        ]
[1041.          862.            4.11624732   67.        ]
[  67.         1035.            4.12310563    8.        ]
[ 10.         225.           4.12310563   2.        ]
[ 536.         1038.            4.12310563  176.        ]
[1042.          357.            4.12544183   68.        ]
[ 323.         1045.            4.13046639  177.        ]
[1014.         1010.            4.24707443   99.        ]
[1002.         1036.            4.32978306   27.        ]
[1047.        1046.           4.3940916  245.       ]
[ 138.         1050.            4.44274009  246.        ]
[1031.          150.            4.45223828   10.        ]
[1039.          988.            4.46877291   44.        ]
[110.         259.           4.47213595   2.        ]
[ 793.         1051.            4.50801678  248.        ]
[1055.          446.            4.55793488  249.        ]
[1043.         1053.            4.62808725   52.        ]
[ 18.         354.           4.69041576   2.        ]
[1044.          904.            4.71850738    4.        ]
[1054.        1049.           4.7843902   29.       ]
[ 304.         1056.            4.87679843  250.        ]
[1019.         1061.            4.87845477  295.        ]
[1023.         1062.            5.06721255  298.        ]
[ 145.         1057.            5.09901951   53.        ]
[ 105.         1064.            5.21038888   54.        ]
[1060.          166.            5.24840101   30.        ]
[1052.         1030.            5.29815873   41.        ]
[1063.         1065.            5.31874614  352.        ]
[ 753.         1068.            5.34070077  354.        ]
[1067.         1069.            5.41404789  395.        ]
[ 294.         1070.            5.61855153  396.        ]
[1071.         1048.            6.05842472  495.        ]
[1066.         1072.            6.20421656  525.        ]
[1073.          512.            6.26513977  526.        ]
[1059.         1074.            6.78853458  530.        ]
[1075.         1058.            7.31058432  532.        ]
[1076.         1018.            7.60832736  536.        ]
[1077.         1021.            8.71893974  540.        ]
