[50. 95.  0.  2.]
[540. 252.   0.   3.]
[541. 308.   0.   4.]
[542. 329.   0.   5.]
[ 33. 543.   0.   6.]
[544. 398.   0.   7.]
[545. 307.   0.   8.]
[546. 428.   0.   9.]
[61. 66.  0.  2.]
[548. 132.   0.   3.]
[549. 155.   0.   4.]
[550. 159.   0.   5.]
[551. 167.   0.   6.]
[552. 236.   0.   7.]
[553. 285.   0.   8.]
[554. 327.   0.   9.]
[555. 362.   0.  10.]
[556. 363.   0.  11.]
[557. 454.   0.  12.]
[558. 539.   0.  13.]
[ 69. 538.   0.   2.]
[ 91. 559.   0.  14.]
[317. 561.   0.  15.]
[ 78. 125.   0.   2.]
[ 81. 152.   0.   2.]
[ 86. 162.   0.   2.]
[565. 171.   0.   3.]
[566. 289.   0.   4.]
[567. 393.   0.   5.]
[568. 423.   0.   6.]
[569. 429.   0.   7.]
[570. 488.   0.   8.]
[ 90. 518.   0.   2.]
[301. 547.   0.  10.]
[328. 573.   0.  11.]
[140. 380.   0.   2.]
[200. 320.   0.   2.]
[210. 383.   0.   2.]
[218. 503.   0.   2.]
[309. 394.   0.   2.]
[378. 521.   0.   2.]
[1.3500000e+02 5.7400000e+02 2.2556391e-01 1.2000000e+01]
[7.40000000e+01 5.62000000e+02 2.32439336e-01 1.60000000e+01]
[  4. 262.   1.   2.]
[  9. 176.   1.   2.]
[571. 156.   1.   9.]
[ 15. 483.   1.   2.]
[292. 582.   1.  17.]
[ 27. 484.   1.   2.]
[ 30. 585.   1.  10.]
[370. 587.   1.  18.]
[230. 581.   1.  13.]
[401. 590.   1.  19.]
[ 59. 332.   1.   2.]
[564. 591.   1.  15.]
[560. 592.   1.  21.]
[ 70. 575.   1.   3.]
[563. 336.   1.   3.]
[311. 589.   1.  11.]
[ 99. 174.   1.   2.]
[196. 126.   1.   2.]
[109. 302.   1.   2.]
[361. 595.   1.  22.]
[186. 584.   1.   3.]
[190. 263.   1.   2.]
[577. 602.   1.  24.]
[295. 594.   1.  16.]
[277. 532.   1.   2.]
[335. 338.   1.   2.]
[580. 527.   1.   3.]
[596.         183.           1.16568542   4.        ]
[603.         199.           1.20806372   4.        ]
[103.         600.           1.24401694   3.        ]
[588.         355.           1.27614237   3.        ]
[601.          38.           1.27614237   3.        ]
[473.         598.           1.27614237  12.        ]
[613.         498.           1.31066017   4.        ]
[597.         136.           1.31066017   4.        ]
[616.         615.           1.33137085  16.        ]
[220.         606.           1.35052074  17.        ]
[164.         611.           1.37426147   5.        ]
[619.         239.           1.38333219  18.        ]
[614.           3.           1.39011948   4.        ]
[  1.         216.           1.41421356   2.        ]
[623.         113.           1.41421356   3.        ]
[  6.         129.           1.41421356   2.        ]
[11.         42.          1.41421356  2.        ]
[626.         365.           1.41421356   3.        ]
[627.         504.           1.41421356   4.        ]
[628.         618.           1.41421356  20.        ]
[314.          47.           1.41421356   2.        ]
[ 14.         442.           1.41421356   2.        ]
[ 23.         511.           1.41421356   2.        ]
[ 37.         240.           1.41421356   2.        ]
[633.         243.           1.41421356   3.        ]
[ 52.         506.           1.41421356   2.        ]
[133.         100.           1.41421356   2.        ]
[ 68.         261.           1.41421356   2.        ]
[149.         576.           1.41421356   3.        ]
[638.         181.           1.41421356   4.        ]
[639.         267.           1.41421356   5.        ]
[640.         377.           1.41421356   6.        ]
[ 73.         241.           1.41421356   2.        ]
[642.         641.           1.41421356   8.        ]
[ 87.         117.           1.41421356   2.        ]
[644.         204.           1.41421356   3.        ]
[134.         578.           1.41421356   3.        ]
[142.         519.           1.41421356   2.        ]
[198.         630.           1.41421356   3.        ]
[168.         280.           1.41421356   2.        ]
[170.         270.           1.41421356   2.        ]
[172.         339.           1.41421356   2.        ]
[651.         412.           1.41421356   3.        ]
[178.         255.           1.41421356   2.        ]
[653.         358.           1.41421356   3.        ]
[211.         621.           1.41421356  19.        ]
[182.         655.           1.41421356  20.        ]
[279.         607.           1.41421356   3.        ]
[219.         235.           1.41421356   2.        ]
[272.         656.           1.41421356  21.        ]
[306.         535.           1.41421356   2.        ]
[437.         629.           1.41421356  21.        ]
[381.         609.           1.41421356   4.        ]
[368.         411.           1.41421356   2.        ]
[643.         319.           1.41421356   9.        ]
[337.         403.           1.41421356   2.        ]
[341.         147.           1.41421356   2.        ]
[343.         419.           1.41421356   2.        ]
[667.         111.           1.41421356   3.        ]
[359.         413.           1.41421356   2.        ]
[663.         605.           1.41421356  26.        ]
[499.         604.           1.41421356   3.        ]
[417.         664.           1.41421356  10.        ]
[406.         430.           1.41421356   2.        ]
[508.         209.           1.41421356   2.        ]
[372.         671.           1.45659186   4.        ]
[310.         661.           1.47640908  22.        ]
[670.         459.           1.49352683  27.        ]
[668.         677.           1.49367287  30.        ]
[622.         221.           1.51209559   5.        ]
[666.         648.           1.52015931   5.        ]
[674.         662.           1.52015931   6.        ]
[612.         599.           1.54134846   5.        ]
[405.         678.           1.60947571  31.        ]
[650.         271.           1.60947571   3.        ]
[658.         108.           1.60947571   3.        ]
[657.         680.           1.61280158   8.        ]
[682.         245.           1.62135382   6.        ]
[443.         681.           1.62529665   7.        ]
[432.         634.           1.62610506   4.        ]
[636.         631.           1.68816503   4.        ]
[652.         366.           1.70710678   4.        ]
[ 79.         690.           1.73205081   5.        ]
[353.         683.           1.73205081  32.        ]
[439.         689.           1.73205081   5.        ]
[ 17.         283.           1.73205081   2.        ]
[409.         676.           1.73205081  23.        ]
[ 49.         246.           1.73205081   2.        ]
[ 53.         693.           1.73205081  33.        ]
[260.         665.           1.73205081   3.        ]
[399.         699.           1.73205081   4.        ]
[700.         632.           1.73205081   6.        ]
[116.          88.           1.73205081   2.        ]
[ 71.         462.           1.73205081   2.        ]
[645.         153.           1.73205081   4.        ]
[ 89.         528.           1.73205081   2.        ]
[102.         175.           1.73205081   2.        ]
[326.         586.           1.73205081   3.        ]
[296.         687.           1.73205081   7.        ]
[157.         672.           1.73205081  11.        ]
[180.         233.           1.73205081   2.        ]
[480.         686.           1.73205081   9.        ]
[237.         711.           1.73205081  10.        ]
[247.         249.           1.73205081   2.        ]
[318.         675.           1.73205081   5.        ]
[344.         696.           1.73205081  24.        ]
[346.         707.           1.73205081   4.        ]
[348.         367.           1.73205081   2.        ]
[418.         461.           1.73205081   2.        ]
[438.         716.           1.73205081   5.        ]
[448.         688.           1.73205081   8.        ]
[472.         691.           1.73205081   5.        ]
[494.         698.           1.73205081  34.        ]
[496.         720.           1.73205081   9.        ]
[635.         715.           1.73205081  26.        ]
[673.         431.           1.73205081   3.        ]
[144.         669.           1.73205081   3.        ]
[660.         724.           1.73205081  28.        ]
[684.         104.           1.76612378   4.        ]
[315.         712.           1.78564065  11.        ]
[701.         286.           1.79903811   7.        ]
[685.         709.           1.79903811  14.        ]
[647.         201.           1.80473785   3.        ]
[659.         654.           1.81273229  24.        ]
[ 63.         702.           1.82136721   3.        ]
[730.         313.           1.82415834   8.        ]
[731.         274.           1.82570543  15.        ]
[736.         350.           1.83659884  16.        ]
[733.         722.           1.85851147  58.        ]
[ 60.         735.           1.86992608   9.        ]
[610.         340.           1.87138439   5.        ]
[723.         509.           1.87436897  10.        ]
[728.         334.           1.90279697   5.        ]
[705.        727.          1.9106836  30.       ]
[122.         725.           1.91141054   4.        ]
[151.         708.           1.96950889   8.        ]
[ 13.         729.           1.98474574  12.        ]
[704.         192.           1.98724751   5.        ]
[714.         743.           1.99319494  35.        ]
[742.         205.           1.99391243   6.        ]
[749.         300.           1.99478208   7.        ]
[  7. 692.   2.   6.]
[21. 40.  2.  2.]
[ 26. 141.   2.   2.]
[486. 732.   2.   4.]
[ 39. 234.   2.   2.]
[755. 268.   2.   3.]
[756. 364.   2.   4.]
[757. 452.   2.   5.]
[758. 476.   2.   6.]
[759. 497.   2.   7.]
[760. 748.   2.  42.]
[ 41. 127.   2.   2.]
[ 46. 649.   2.   3.]
[ 55. 734.   2.   4.]
[ 62. 202.   2.   2.]
[ 65. 740.   2.   6.]
[514. 738.   2.  59.]
[118. 374.   2.   2.]
[120. 516.   2.   2.]
[646. 737.   2.  19.]
[143. 445.   2.   2.]
[487. 244.   2.   2.]
[187. 761.   2.  43.]
[193. 694.   2.   6.]
[197. 449.   2.   2.]
[213. 386.   2.   2.]
[226. 467.   2.   2.]
[229. 750.   2.   8.]
[345. 770.   2.  20.]
[282. 767.   2.  60.]
[530. 763.   2.   4.]
[297. 774.   2.   7.]
[303. 369.   2.   2.]
[395. 772.   2.   3.]
[396. 414.   2.   2.]
[402. 489.   2.   2.]
[408. 718.   2.   3.]
[416. 754.   2.   5.]
[534. 773.   2.  44.]
[492. 523.   2.   2.]
[784.         482.           2.06295146   4.        ]
[679.         583.           2.06960142   7.        ]
[533.         789.           2.07453207  45.        ]
[747.         227.           2.07868933   6.        ]
[792.         184.           2.08910747   8.        ]
[490.         741.           2.11092868  11.        ]
[780.         481.           2.11437312  61.        ]
[745.         161.           2.11510252   9.        ]
[721.        464.          2.1332124   6.       ]
[753.         793.           2.14982991  47.        ]
[751.         466.           2.15478393   7.        ]
[223.         797.           2.15737865  62.        ]
[593.         469.           2.15737865   3.        ]
[744.         453.           2.16463904   5.        ]
[746.         620.           2.17001092  17.        ]
[791.         137.           2.18570681   5.        ]
[800.          96.           2.20830664  48.        ]
[351.         766.           2.20908878   7.        ]
[762.         802.           2.21525044  64.        ]
[248.        796.          2.2232397  12.       ]
[794.         121.           2.22504317   7.        ]
[806.         775.           2.22967063   7.        ]
[251.         795.           2.23606798   9.        ]
[ 45.         781.           2.23606798   5.        ]
[ 48.         808.           2.23606798   8.        ]
[ 58.         440.           2.23606798   2.        ]
[ 80.         231.           2.23606798   2.        ]
[160.         812.           2.23606798   8.        ]
[ 83.         818.           2.23606798   9.        ]
[495.         811.           2.23606798   8.        ]
[115.         765.           2.23606798   3.        ]
[769.         493.           2.23606798   3.        ]
[505.         820.           2.23606798   9.        ]
[173.         823.           2.23606798  10.        ]
[169.         807.           2.23606798  49.        ]
[474.         801.           2.23606798   8.        ]
[435.         804.           2.23606798   6.        ]
[376.         825.           2.23606798  50.        ]
[436.         522.           2.23606798   2.        ]
[479.         342.           2.23606798   2.        ]
[513.         787.           2.23606798   4.        ]
[422.         776.           2.23606798   3.        ]
[444.         828.           2.23606798  51.        ]
[460.         798.           2.23606798  10.        ]
[465.         832.           2.23606798   4.        ]
[441.         805.           2.23606798  18.        ]
[799.        810.          2.2570392  18.       ]
[719.         526.           2.26186279   6.        ]
[826.         502.           2.28365856   9.        ]
[788.         572.           2.31818107   7.        ]
[764.         163.           2.33116917   5.        ]
[836.         455.           2.34916617  19.        ]
[813.         269.           2.37511045  10.        ]
[839.         57.          2.3764377  10.       ]
[517.         782.           2.37834915   8.        ]
[822.        154.          2.3861827   4.       ]
[ 72.         842.           2.38712315  20.        ]
[778.         400.           2.39847965   9.        ]
[843.         250.           2.39971417  11.        ]
[844.         254.           2.40092075  11.        ]
[835.         817.           2.40167653   6.        ]
[831.         768.           2.42039215   6.        ]
[837.         851.           2.43055875  24.        ]
[ 51.         819.           2.44113197  10.        ]
[841.         331.           2.44264098   6.        ]
[ 31.         426.           2.44948974   2.        ]
[ 36.         847.           2.44948974  21.        ]
[ 75.         850.           2.44948974  12.        ]
[ 82.         347.           2.44948974   2.        ]
[389.         854.           2.44948974  11.        ]
[ 98.         860.           2.44948974  12.        ]
[410.         857.           2.44948974  22.        ]
[388.         855.           2.44948974   7.        ]
[124.         305.           2.44948974   2.        ]
[291.         821.           2.44948974   4.        ]
[146.         824.           2.44948974  11.        ]
[195.         608.           2.44948974   3.        ]
[191.         858.           2.44948974  13.        ]
[325.         852.           2.44948974   7.        ]
[299.         827.           2.44948974   7.        ]
[238.         833.           2.44948974  52.        ]
[458.         869.           2.44948974   8.        ]
[349.         868.           2.44948974  14.        ]
[433.         853.           2.44948974  25.        ]
[385.         475.           2.44948974   2.        ]
[507.         840.           2.44948974   8.        ]
[849.         468.           2.48841312  12.        ]
[390.         861.           2.49071198  13.        ]
[814.         866.           2.54099189  16.        ]
[321.         829.           2.54480454   3.        ]
[356.         874.           2.55228475  26.        ]
[877.          35.           2.56346608  13.        ]
[106.         862.           2.56603318  23.        ]
[872.         809.           2.56625142  72.        ]
[882.         264.           2.60623834  14.        ]
[873.         456.           2.61448139  15.        ]
[870.          77.           2.61944614   8.        ]
[845.         871.           2.64091386  60.        ]
[194.         884.           2.64575131  73.        ]
[447.         881.           2.64575131  27.        ]
[ 28.         471.           2.64575131   2.        ]
[391.         863.           2.64575131   8.        ]
[537.         883.           2.64575131  24.        ]
[ 54.         148.           2.64575131   2.        ]
[179.         838.           2.64575131   7.        ]
[203.         885.           2.64575131  15.        ]
[206.         322.           2.64575131   2.        ]
[407.         886.           2.64575131  16.        ]
[457.         878.           2.64575131  14.        ]
[330.         895.           2.64575131   8.        ]
[379.         815.           2.64575131   9.        ]
[531.         889.           2.64575131  74.        ]
[371.         888.           2.64575131  61.        ]
[739.         425.           2.65663391  10.        ]
[901.         515.           2.68354045  10.        ]
[876.         903.           2.69014381  69.        ]
[899.        830.          2.6902358  16.       ]
[415.         834.           2.69689915  11.        ]
[ 97.         777.           2.70211466   3.        ]
[887.         485.           2.72901338   9.        ]
[128.         865.           2.73623389   5.        ]
[890.         451.           2.74848208  28.        ]
[ 16.        912.          2.7627509  29.       ]
[856.         478.           2.76383421   3.        ]
[710.         208.           2.76753519   3.        ]
[907.         909.           2.76822762  19.        ]
[293.         905.           2.77516506  11.        ]
[424.         917.           2.77900678  12.        ]
[880.         224.           2.78391466   4.        ]
[910.         470.           2.78777452  10.        ]
[916.         918.           2.79339206  31.        ]
[900.        879.          2.7938741  24.       ]
[913.         450.           2.79728168  30.        ]
[222.         906.           2.80706775  70.        ]
[816.         902.           2.80861244  76.        ]
[896.         131.           2.82155225  16.        ]
[177.         926.           2.82195666  17.        ]
[ 12.         404.           2.82842712   2.        ]
[ 25.         228.           2.82842712   2.        ]
[ 22.         928.           2.82842712   3.        ]
[524.         898.           2.82842712  17.        ]
[ 64.         637.           2.82842712   3.        ]
[932.          93.           2.82842712   4.        ]
[933.         123.           2.82842712   5.        ]
[934.         214.           2.82842712   6.        ]
[258.         923.           2.82842712  31.        ]
[207.         256.           2.82842712   2.        ]
[373.         925.           2.82842712  77.        ]
[ 44.         893.           2.84010728  25.        ]
[892.          85.           2.85611718   9.        ]
[165.         915.           2.86237244   4.        ]
[625.        779.          2.8819171  22.       ]
[921.         695.           2.88557565  33.        ]
[940.         697.           2.88673323  11.        ]
[185.        908.          2.8930544  12.       ]
[943.         717.           2.90095422  35.        ]
[914.          29.           2.90203185   4.        ]
[944.          32.           2.90279884  12.        ]
[242.         946.           2.90583019  36.        ]
[948.         107.           2.91027585  13.        ]
[867.         945.           2.92949891  15.        ]
[950.          43.           2.93930077  14.        ]
[859.         265.           2.93971064   3.        ]
[288.         922.           2.96468198  25.        ]
[130.        953.          2.9754632   4.       ]
[952.         232.           2.98371747  15.        ]
[947.          76.           2.98495044   5.        ]
[ 20. 927.   3.  18.]
[257. 956.   3.  16.]
[463. 930.   3.   4.]
[938.         931.           3.00803949  94.        ]
[961.         846.           3.02071116  98.        ]
[962.          84.           3.03552115  99.        ]
[963.         579.           3.03833219 101.        ]
[964.         949.           3.04934615 137.        ]
[875.         920.           3.09745163  12.        ]
[954.          24.           3.10188516  26.        ]
[960.         278.           3.10380879   5.        ]
[790.        965.          3.1055416 139.       ]
[904.        936.          3.1055824  41.       ]
[967.         392.           3.13514867  27.        ]
[942.          67.           3.14661515  23.        ]
[382.         929.           3.16227766   3.        ]
[217.         924.           3.16227766  71.        ]
[273.         959.           3.16227766  17.        ]
[119.         958.           3.16227766  19.        ]
[510.         968.           3.16227766   6.        ]
[352.         974.           3.16504098  72.        ]
[973.         970.           3.16801161  44.        ]
[972.         978.           3.18730226  95.        ]
[324.        976.          3.2137267  20.       ]
[911.         941.           3.21661969   9.        ]
[316.         939.           3.25351188  26.        ]
[112.         982.           3.29287589  10.        ]
[375.         971.           3.31003553  28.        ]
[387.         975.           3.31662479  18.        ]
[525.         951.           3.31662479  16.        ]
[139.         253.           3.31662479   2.        ]
[966.         919.           3.31825526  16.        ]
[848.         983.           3.34310772  35.        ]
[977.        987.          3.3464814  22.       ]
[706.         384.           3.36578373   3.        ]
[969.         427.           3.40409976 140.        ]
[993.       979.         3.408326 184.      ]
[785.         994.           3.41293362 186.        ]
[988.         937.           3.41494267   4.        ]
[985.         955.           3.44226902  32.        ]
[617.         990.           3.45620468  39.        ]
[713.        997.          3.4577934  34.       ]
[  2.         998.           3.46410162  40.        ]
[  34.         1000.            3.46410162   41.        ]
[  5.         981.           3.46410162  21.        ]
[ 420.         1001.            3.46410162   42.        ]
[101.         995.           3.46410162 187.        ]
[215.         986.           3.46410162  19.        ]
[991.         266.           3.47290412  23.        ]
[ 500.         1006.            3.48957408   24.        ]
[1005.          957.            3.51004971   24.        ]
[1008.            0.            3.51328916   25.        ]
[891.          56.           3.52479794   3.        ]
[1009.           92.            3.52712356   26.        ]
[1011.         1004.            3.53506925  213.        ]
[ 726.        1003.           3.5689912   45.       ]
[999.         421.           3.59824074  35.        ]
[276.         980.           3.60555128  96.        ]
[ 624.         1015.            3.60555128   99.        ]
[ 18.         275.           3.60555128   2.        ]
[189.         992.           3.60555128   4.        ]
[ 477.         1013.            3.60555128   46.        ]
[ 281.         1012.            3.60555128  214.        ]
[1014.           94.            3.60587248   36.        ]
[1021.          783.            3.61985175   38.        ]
[1022.          501.            3.64290317   39.        ]
[ 158.        1020.           3.6491388  215.       ]
[1023.         520.           3.6518306   40.       ]
[803.         212.           3.66880104   4.        ]
[1025.           19.            3.67183804   41.        ]
[703.         989.           3.68523601  18.        ]
[1027.          323.            3.68542858   42.        ]
[1017.         287.           3.6946953    3.       ]
[1029.        397.          3.698387   43.      ]
[ 290.         1016.            3.70524184  100.        ]
[996.         284.           3.70646541   5.        ]
[114.         771.           3.74165739   3.        ]
[1033.         1002.            3.76240074   26.        ]
[1010.         1024.            3.78077641  218.        ]
[434.         304.           3.87298335   2.        ]
[ 312.         1007.            3.87298335   25.        ]
[1036.         1031.            3.92814425  261.        ]
[1038.          491.            3.96563442   26.        ]
[ 298. 1034.    4.    4.]
[1040.          166.            4.00020276   27.        ]
[1042.          529.            4.01301334   28.        ]
[984.         333.           4.02548513  11.        ]
[1039.          864.            4.02675346  263.        ]
[1045.          536.            4.03281161  264.        ]
[1046.          446.            4.03315235  265.        ]
[1047.          138.            4.03480266  266.        ]
[ 894.         1035.            4.10640399   28.        ]
[ 10.         897.           4.12310563   3.        ]
[360.         752.           4.12310563   3.        ]
[   8.         1032.            4.24530553  101.        ]
[1037.         1052.            4.24865556  103.        ]
[1049.          935.            4.28170517   34.        ]
[ 188.         1053.            4.35889894  104.        ]
[1050.         1055.            4.44692457  107.        ]
[ 357.         1018.            4.47213595    5.        ]
[ 259.         1043.            4.47213595   29.        ]
[1054.          150.            4.54499982   35.        ]
[ 110.        1048.           4.5915965  267.       ]
[1056.          225.            4.69327006  108.        ]
[1041.         1060.            4.69816215  271.        ]
[1051.         1057.            4.74420364    8.        ]
[1063.        1062.           4.7657593  279.       ]
[ 786.         1064.            4.93194384  281.        ]
[ 105.         1065.            5.09901951  282.        ]
[1066.         145.           5.1910826  283.       ]
[1030.         1059.            5.20376482   38.        ]
[1068.         294.           5.4259167   39.       ]
[1061.         1067.            5.62003773  391.        ]
[1019.         1070.            5.62883343  437.        ]
[1069.          354.            5.64535646   40.        ]
[1044.         1071.            6.02732952  448.        ]
[1073.         1072.            6.44523528  488.        ]
[1074.          512.            6.49038399  489.        ]
[1028.         1075.            6.66360011  507.        ]
[1076.         1058.            7.49318382  536.        ]
[1026.         1077.            8.29615769  540.        ]
