[56. 57.  0.  2.]
[ 5.         21.          0.08964326  2.        ]
[14.         31.          0.27803245  2.        ]
[77.        7.        0.431463  3.      ]
[29.         44.          0.45470535  2.        ]
[28.         62.          0.48476339  2.        ]
[79.         45.          0.48524258  4.        ]
[66.         82.          0.53711502  5.        ]
[52.         64.          0.54370088  2.        ]
[76.         65.          0.55157818  3.        ]
[11.         13.          0.56235542  2.        ]
[78.       85.        0.564446  5.      ]
[15.         81.          0.56935238  3.        ]
[ 2.         70.          0.57478651  2.        ]
[35.         58.          0.58892666  2.        ]
[69.         83.          0.58901127  6.        ]
[ 3.         88.          0.60914245  4.        ]
[61.         72.          0.63081051  2.        ]
[92.         37.          0.63291486  5.        ]
[23.          8.          0.63710328  2.        ]
[94.        67.         0.6449282  6.       ]
[87.         89.          0.65243141  7.        ]
[55.         59.          0.65284339  2.        ]
[12.         86.          0.65609616  3.        ]
[16.         40.          0.65718297  2.        ]
[96.         42.          0.65833324  7.        ]
[33.         39.          0.65864518  2.        ]
[34.        98.         0.6616566  3.       ]
[80.         43.          0.67021528  3.        ]
[91.         95.          0.67513431  8.        ]
[ 10.         104.           0.68160382   4.        ]
[97.         25.          0.68231922  8.        ]
[107.          24.           0.68359682   9.        ]
[ 68.         105.           0.68562183   9.        ]
[18.         54.          0.68931716  2.        ]
[ 32.         108.           0.69758849  10.        ]
[ 20.         101.           0.69995159   8.        ]
[84.         73.          0.70409224  3.        ]
[ 9.         99.          0.71455041  4.        ]
[ 48.         106.           0.71818217   5.        ]
[103.          53.           0.71854895   4.        ]
[ 60.         111.           0.72104699  11.        ]
[ 47.         112.           0.72131396   9.        ]
[ 93.         117.           0.73052788  13.        ]
[ 19.         115.           0.73384925   6.        ]
[109.         116.           0.75066128  13.        ]
[121.         120.           0.76930695  19.        ]
[ 74.         119.           0.77427331  14.        ]
[ 41.         122.           0.78200019  20.        ]
[118.         123.           0.78888891  23.        ]
[36.         38.          0.79094145  2.        ]
[ 63.        125.          0.8029614  24.       ]
[  1.         124.           0.80738733  21.        ]
[110.          71.           0.80763397   3.        ]
[ 17.        127.          0.8123223  25.       ]
[ 50.         114.           0.81335227   5.        ]
[ 75.         130.           0.82606136  26.        ]
[129.         131.           0.82742772   8.        ]
[128.         133.           0.83522155  29.        ]
[ 22.         134.           0.83599425  30.        ]
[113.         132.           0.84880639  29.        ]
[136.         102.           0.86389019  31.        ]
[ 49.         137.           0.86808791  32.        ]
[135.         100.           0.87411625  32.        ]
[139.          27.           0.87659233  33.        ]
[140.          90.           0.87869593  35.        ]
[141.          51.           0.88227824  36.        ]
[142.         126.           0.88331999  38.        ]
[  6.         143.           0.88471235  39.        ]
[144.          46.           0.91477581  40.        ]
[138.         145.           0.91598497  72.        ]
[  0.        146.          0.9161551  73.       ]
[147.           4.           0.94095246  74.        ]
[148.          26.           0.97856876  75.        ]
[149.          30.           1.00526713  76.        ]
