[56. 57.  0.  2.]
[ 5.         21.          0.08964326  2.        ]
[14.         31.          0.27803245  2.        ]
[77.       45.        0.431463  3.      ]
[29.         44.          0.45470535  2.        ]
[28.         62.          0.48476339  2.        ]
[79.         69.          0.50129425  4.        ]
[34.         66.          0.53711502  2.        ]
[52.         64.          0.54370088  2.        ]
[76.         65.          0.55157818  3.        ]
[11.         13.          0.56235542  2.        ]
[78.       24.        0.564446  3.      ]
[15.         81.          0.56935238  3.        ]
[ 2.         70.          0.57478651  2.        ]
[35.         58.          0.58892666  2.        ]
[85.         68.          0.59098258  4.        ]
[ 7.         32.          0.59429847  2.        ]
[ 3.         12.          0.60914245  2.        ]
[88.         37.          0.61519408  4.        ]
[87.         25.          0.62323662  4.        ]
[61.         72.          0.63081051  2.        ]
[23.         40.          0.63710328  2.        ]
[ 8.         47.          0.64119388  2.        ]
[94.         67.          0.64240735  5.        ]
[55.         59.          0.65284339  2.        ]
[33.         39.          0.65864518  2.        ]
[80.        91.         0.6615571  6.       ]
[83.         53.          0.66498224  3.        ]
[99.         42.          0.66735194  6.        ]
[93.          9.          0.67214453  3.        ]
[97.         36.          0.67371465  3.        ]
[102.          60.           0.67504108   7.        ]
[98.         74.          0.68017378  3.        ]
[ 82.         103.           0.68104418   7.        ]
[ 0.         10.          0.68160382  2.        ]
[18.         54.          0.68931716  2.        ]
[107.          43.           0.69723923   8.        ]
[108.          20.           0.70119631   4.        ]
[109.          50.           0.70374948   8.        ]
[84.         73.          0.70409224  3.        ]
[92.         41.          0.70940516  3.        ]
[89.         95.          0.71314346  6.        ]
[48.         71.          0.71818217  2.        ]
[19.         38.          0.73384925  2.        ]
[ 26.        100.          0.7345145   3.       ]
[116.         112.           0.74182405  11.        ]
[114.         121.           0.75222169  19.        ]
[105.        104.          0.7650919   9.       ]
[ 86.         101.           0.77177448   4.        ]
[111.        118.          0.7901774   4.       ]
[96.         63.          0.80141326  3.        ]
[ 1.         90.          0.80738733  3.        ]
[17.        49.         0.8123223  2.       ]
[113.         126.           0.81281625   7.        ]
[ 16.         106.           0.81617224   4.        ]
[110.         117.           0.82905458   8.        ]
[122.        130.          0.8307673  23.       ]
[128.         115.           0.83119846   5.        ]
[ 6.         22.          0.83599425  2.        ]
[127.         124.           0.83714914   7.        ]
[123.         75.          0.8514209  10.       ]
[132.         129.           0.85459862  30.        ]
[136.         137.           0.85839548  40.        ]
[131.         125.           0.85987645  12.        ]
[139.         138.           0.87321466  52.        ]
[140.         119.           0.87589194  54.        ]
[141.         135.           0.88792163  61.        ]
[134.          46.           0.88948533   3.        ]
[142.        143.          0.9116271  64.       ]
[144.          51.           0.91717265  65.        ]
[145.         133.           0.92252811  70.        ]
[146.         120.           0.92638471  73.        ]
[147.          4.          0.9464633  74.       ]
[148.         27.          0.9623259  75.       ]
[149.          30.           1.00835768  76.        ]
