[56. 57.  0.  2.]
[ 5.         21.          0.08964326  2.        ]
[14.         31.          0.27803245  2.        ]
[77.       45.        0.431463  3.      ]
[29.         44.          0.45470535  2.        ]
[28.         62.          0.48476339  2.        ]
[79.          7.          0.50129425  4.        ]
[66.         82.          0.53711502  5.        ]
[52.         64.          0.54370088  2.        ]
[76.         65.          0.55157818  3.        ]
[11.         13.          0.56235542  2.        ]
[78.       24.        0.564446  3.      ]
[15.         81.          0.56935238  3.        ]
[ 2.         70.          0.57478651  2.        ]
[69.         83.          0.58585566  6.        ]
[35.         58.          0.58892666  2.        ]
[85.         68.          0.59098258  4.        ]
[ 3.         88.          0.60914245  4.        ]
[87.         25.          0.62323662  4.        ]
[61.         72.          0.63081051  2.        ]
[93.         37.          0.63291486  5.        ]
[23.          8.          0.63710328  2.        ]
[96.        67.         0.6449282  6.       ]
[55.         59.          0.65284339  2.        ]
[ 9.         12.          0.65609616  2.        ]
[16.         40.          0.65718297  2.        ]
[98.         42.          0.65833324  7.        ]
[33.         39.          0.65864518  2.        ]
[92.        90.         0.6615571 10.       ]
[34.        53.         0.6616566  2.       ]
[ 80.         104.           0.67021528  12.        ]
[10.         94.          0.68160382  5.        ]
[106.         60.          0.6884047  13.       ]
[18.         54.          0.68931716  2.        ]
[108.          97.           0.69750865  15.        ]
[22.         32.          0.69758849  2.        ]
[ 20.         102.           0.69995159   8.        ]
[84.         73.          0.70409224  3.        ]
[110.          43.           0.70894893  16.        ]
[ 71.         114.           0.71818217  17.        ]
[ 47.         115.           0.72859018  18.        ]
[95.         74.          0.73052788  3.        ]
[ 19.         116.           0.73384925  19.        ]
[ 99.        105.          0.7345145   4.       ]
[107.         48.          0.7345167   6.       ]
[89.          4.          0.73548819  3.        ]
[ 86.         100.           0.77177448   4.        ]
[ 26.         119.           0.77839065   5.        ]
[101.          41.           0.78200019   3.        ]
[36.         38.          0.79094145  2.        ]
[120.         118.           0.79893383  25.        ]
[ 63.        126.          0.8029614  26.       ]
[  1.         122.           0.80682015   5.        ]
[ 50.         124.           0.80864351   4.        ]
[ 17.        127.          0.8123223  27.       ]
[128.         117.           0.82208728   8.        ]
[  0.         130.           0.82259153  28.        ]
[103.          75.           0.82606136   3.        ]
[109.         129.           0.82861796   6.        ]
[131.         112.           0.83876636  16.        ]
[ 49.         113.           0.84880639   4.        ]
[135.          91.           0.85409772  18.        ]
[111.         137.           0.85914783  20.        ]
[134.         132.           0.86035849  34.        ]
[139.         138.           0.88893615  54.        ]
[140.         121.           0.88991764  57.        ]
[141.         125.           0.89205818  59.        ]
[142.          51.           0.89268471  60.        ]
[143.         123.           0.89314599  65.        ]
[144.         136.           0.89363913  69.        ]
[ 46.         145.           0.89745523  70.        ]
[  6.         146.           0.89761579  71.        ]
[147.         133.           0.94456565  74.        ]
[148.          27.           0.95589394  75.        ]
[149.          30.           1.00102616  76.        ]
