[56. 57.  0.  2.]
[ 5.         21.          0.08964326  2.        ]
[14.         31.          0.27803245  2.        ]
[77.        7.        0.431463  3.      ]
[29.         44.          0.45470535  2.        ]
[28.         62.          0.48476339  2.        ]
[79.         45.          0.48524258  4.        ]
[66.         82.          0.53711502  5.        ]
[52.         64.          0.54370088  2.        ]
[76.         65.          0.55157818  3.        ]
[11.         13.          0.56235542  2.        ]
[78.       24.        0.564446  3.      ]
[15.         81.          0.56935238  3.        ]
[ 2.         70.          0.57478651  2.        ]
[69.         83.          0.58585566  6.        ]
[35.         58.          0.58892666  2.        ]
[85.         68.          0.59098258  4.        ]
[ 3.         88.          0.60914245  4.        ]
[87.         25.          0.62323662  4.        ]
[61.         72.          0.63081051  2.        ]
[93.         37.          0.63291486  5.        ]
[23.          8.          0.63710328  2.        ]
[96.        67.         0.6449282  6.       ]
[55.         59.          0.65284339  2.        ]
[12.         86.          0.65609616  3.        ]
[16.         40.          0.65718297  2.        ]
[98.         42.          0.65833324  7.        ]
[33.         39.          0.65864518  2.        ]
[92.        90.         0.6615571 10.       ]
[34.        53.         0.6616566  2.       ]
[ 80.         104.           0.67021528  12.        ]
[10.         94.          0.68160382  5.        ]
[106.         60.          0.6884047  13.       ]
[18.         54.          0.68931716  2.        ]
[108.          97.           0.69750865  15.        ]
[22.         32.          0.69758849  2.        ]
[ 20.         102.           0.69995159   8.        ]
[84.         73.          0.70409224  3.        ]
[110.          43.           0.70894893  16.        ]
[  9.         100.           0.71455041   4.        ]
[ 71.         114.           0.71818217  17.        ]
[ 47.         116.           0.72859018  18.        ]
[95.         74.          0.73052788  3.        ]
[ 19.         117.           0.73384925  19.        ]
[ 99.        119.          0.7345145  21.       ]
[107.         89.          0.7345167   7.       ]
[105.         50.          0.7409996   3.       ]
[121.         111.           0.77667652   9.        ]
[109.          48.           0.78144911   3.        ]
[101.          41.           0.78200019   3.        ]
[36.         38.          0.79094145  2.        ]
[123.         120.           0.79726643  30.        ]
[ 63.        127.          0.8029614  31.       ]
[ 1.         91.          0.80738733  3.        ]
[ 49.        113.          0.8123223   4.       ]
[ 17.         130.           0.81663895   5.        ]
[115.        128.          0.8179853  35.       ]
[103.          75.           0.82606136   3.        ]
[122.         132.           0.82907494  38.        ]
[112.         118.           0.84892355  11.        ]
[125.         134.           0.85026753  41.        ]
[124.         136.           0.86474352  44.        ]
[137.         135.           0.88540223  55.        ]
[129.         138.           0.88954674  58.        ]
[  0.         139.           0.89115944  59.        ]
[  6.         140.           0.89745523  60.        ]
[141.         126.           0.91544391  62.        ]
[142.         131.           0.91833255  67.        ]
[143.         133.           0.91883787  70.        ]
[144.          51.           0.92210529  71.        ]
[ 46.         145.           0.93125696  72.        ]
[  4.         146.           0.93430489  73.        ]
[147.          27.           0.97353687  74.        ]
[148.          30.           0.98318102  75.        ]
[149.          26.           1.00399787  76.        ]
