[56. 57.  0.  2.]
[ 5.         21.          0.08964326  2.        ]
[14.         31.          0.27803245  2.        ]
[77.        7.        0.431463  3.      ]
[29.         44.          0.45470535  2.        ]
[28.         62.          0.48476339  2.        ]
[79.         45.          0.48524258  4.        ]
[66.         82.          0.53711502  5.        ]
[52.         64.          0.54370088  2.        ]
[76.         65.          0.55157818  3.        ]
[11.         13.          0.56235542  2.        ]
[78.       85.        0.564446  5.      ]
[15.         81.          0.56935238  3.        ]
[ 2.         70.          0.57478651  2.        ]
[35.         58.          0.58892666  2.        ]
[69.         83.          0.58901127  6.        ]
[ 3.         88.          0.60914245  4.        ]
[61.         72.          0.63081051  2.        ]
[92.         37.          0.63291486  5.        ]
[23.          8.          0.63710328  2.        ]
[94.        67.         0.6449282  6.       ]
[87.         89.          0.65243141  7.        ]
[55.         59.          0.65284339  2.        ]
[12.         86.          0.65609616  3.        ]
[40.         95.          0.65718297  3.        ]
[96.         42.          0.65833324  7.        ]
[39.         93.          0.65864518  3.        ]
[34.        98.         0.6616566  3.       ]
[80.         43.          0.67021528  3.        ]
[68.         91.          0.67513431  7.        ]
[ 10.         104.           0.68160382   4.        ]
[97.         25.          0.68231922  8.        ]
[107.          32.           0.68359682   9.        ]
[54.         53.          0.68931716  2.        ]
[108.          60.           0.69511014  10.        ]
[ 20.         101.           0.69995159   8.        ]
[ 73.         105.           0.70409224   8.        ]
[110.         106.           0.70752537  14.        ]
[ 9.         99.          0.71455041  4.        ]
[113.          24.           0.71534143  15.        ]
[ 71.         109.           0.71818217   3.        ]
[ 41.         115.           0.72198589  16.        ]
[ 47.         111.           0.72859018   9.        ]
[ 19.         103.           0.73384925   4.        ]
[100.         119.           0.73525485   7.        ]
[ 48.        116.          0.7440868   4.       ]
[121.          50.           0.75728911   5.        ]
[102.         118.           0.75931552  12.        ]
[122.         120.           0.76115536  12.        ]
[117.         112.           0.78772661  24.        ]
[ 18.         124.           0.79033483  13.        ]
[ 38.         114.           0.79094145   5.        ]
[ 63.        123.          0.8029614  13.       ]
[ 16.         125.           0.80615173  25.        ]
[  1.         129.           0.80738733  26.        ]
[49.        84.         0.8123223  3.       ]
[ 74.        128.          0.8140183  14.       ]
[ 17.         130.           0.82593384  27.        ]
[ 22.         132.           0.83599425  15.        ]
[  6.         134.           0.84911102  16.        ]
[127.         126.           0.84917027  18.        ]
[  0.         133.           0.86080878  28.        ]
[136.         135.           0.86237421  34.        ]
[138.         137.           0.87258194  62.        ]
[139.          90.           0.87848494  64.        ]
[140.         131.           0.87963672  67.        ]
[ 36.         141.           0.88235156  68.        ]
[ 75.         142.           0.88516731  69.        ]
[ 33.         143.           0.91068214  70.        ]
[ 46.         144.           0.93125696  71.        ]
[145.          27.           0.95217721  72.        ]
[  4.         146.           0.95263701  73.        ]
[26.         51.          0.95606402  2.        ]
[147.          30.           0.98766449  74.        ]
[149.         148.           1.00711286  76.        ]
