[56. 57.  0.  2.]
[ 5.         21.          0.08964326  2.        ]
[14.         31.          0.27803245  2.        ]
[77.       45.        0.431463  3.      ]
[29.         44.          0.45470535  2.        ]
[28.         62.          0.48476339  2.        ]
[79.         69.          0.50129425  4.        ]
[34.         66.          0.53711502  2.        ]
[52.         64.          0.54370088  2.        ]
[76.         65.          0.55157818  3.        ]
[11.         13.          0.56235542  2.        ]
[78.       24.        0.564446  3.      ]
[15.         81.          0.56935238  3.        ]
[ 2.         70.          0.57478651  2.        ]
[35.         58.          0.58892666  2.        ]
[85.         68.          0.59098258  4.        ]
[ 7.         32.          0.59429847  2.        ]
[ 3.         12.          0.60914245  2.        ]
[88.         37.          0.61519408  4.        ]
[87.         25.          0.62323662  4.        ]
[61.         72.          0.63081051  2.        ]
[23.         40.          0.63710328  2.        ]
[ 8.         47.          0.64119388  2.        ]
[94.         67.          0.64240735  5.        ]
[55.         59.          0.65284339  2.        ]
[33.         39.          0.65864518  2.        ]
[80.        91.         0.6615571  6.       ]
[83.         53.          0.66498224  3.        ]
[99.         42.          0.66735194  6.        ]
[93.          9.          0.67214453  3.        ]
[97.         36.          0.67371465  3.        ]
[102.          60.           0.67504108   7.        ]
[98.         74.          0.68017378  3.        ]
[ 82.         107.           0.68104418  11.        ]
[ 0.         10.          0.68160382  2.        ]
[18.         54.          0.68931716  2.        ]
[109.          92.           0.69507339  13.        ]
[108.          20.           0.70119631   4.        ]
[84.         73.          0.70409224  3.        ]
[89.         95.          0.71314346  6.        ]
[48.         71.          0.71818217  2.        ]
[16.         41.          0.72198589  2.        ]
[103.          50.           0.72585876   4.        ]
[112.          43.           0.73251876  14.        ]
[19.         38.          0.73384925  2.        ]
[ 26.        100.          0.7345145   3.       ]
[119.         118.           0.75276248  18.        ]
[105.        104.          0.7650919   9.       ]
[ 86.         101.           0.77177448   4.        ]
[111.        116.          0.7901774   4.       ]
[ 63.         122.           0.80141326  19.        ]
[113.          96.           0.80159776   6.        ]
[ 1.         90.          0.80738733  3.        ]
[17.        49.         0.8123223  2.       ]
[110.         115.           0.82905458   8.        ]
[129.         114.           0.83119846   5.        ]
[117.         106.           0.83268492   5.        ]
[ 6.         22.          0.83599425  2.        ]
[128.         124.           0.83714914   7.        ]
[127.         126.           0.83793665  25.        ]
[123.         135.           0.84858118  34.        ]
[130.         125.           0.85987645  12.        ]
[132.         120.           0.86130611   7.        ]
[136.         138.           0.86893998  41.        ]
[137.         139.           0.88078341  53.        ]
[133.          46.           0.88948533   3.        ]
[140.         134.           0.89141786  60.        ]
[142.         75.          0.9032794  61.       ]
[143.         141.           0.91252528  64.        ]
[144.          51.           0.91677696  65.        ]
[145.         131.           0.92192161  70.        ]
[146.        121.          0.9263662  73.       ]
[147.           4.           0.94808471  74.        ]
[148.          27.           0.96350958  75.        ]
[149.          30.           1.00830042  76.        ]
