[56. 57.  0.  2.]
[ 5.         21.          0.08964326  2.        ]
[31.         25.          0.27803245  2.        ]
[14.         78.          0.39478849  3.        ]
[77.        7.        0.431463  3.      ]
[29.         80.          0.45470535  4.        ]
[28.         62.          0.48476339  2.        ]
[34.         66.          0.53711502  2.        ]
[52.         64.          0.54370088  2.        ]
[76.         65.          0.55157818  3.        ]
[44.         81.          0.55798868  5.        ]
[11.         13.          0.56235542  2.        ]
[15.         82.          0.56935238  3.        ]
[ 2.         79.          0.57478651  4.        ]
[85.         69.          0.58585566  4.        ]
[35.         58.          0.58892666  2.        ]
[90.         68.          0.59058832  5.        ]
[ 3.         88.          0.60914245  4.        ]
[61.         72.          0.63081051  2.        ]
[93.         37.          0.63291486  5.        ]
[23.          8.          0.63710328  2.        ]
[45.         86.          0.63786146  6.        ]
[70.         92.          0.64147504  6.        ]
[95.        67.         0.6449282  6.       ]
[55.         83.          0.65284339  3.        ]
[12.         87.          0.65609616  3.        ]
[40.         96.          0.65718297  3.        ]
[99.         42.          0.65833324  7.        ]
[39.         94.          0.65864518  3.        ]
[ 0.         10.          0.68160382  2.        ]
[54.         97.          0.68931716  7.        ]
[98.        89.         0.6905201 10.       ]
[100.          59.           0.69667959   4.        ]
[ 32.         107.           0.69758849  11.        ]
[ 20.         103.           0.69995159   8.        ]
[84.         73.          0.70409224  3.        ]
[  9.         101.           0.71455041   4.        ]
[48.         71.          0.71818217  2.        ]
[ 41.         109.           0.72198589  12.        ]
[ 47.         110.           0.72859018   9.        ]
[38.         36.          0.73384925  2.        ]
[ 16.       114.         0.737478  13.      ]
[ 19.         116.           0.73883076   3.        ]
[106.         105.           0.75445805   9.        ]
[ 53.         119.           0.75638465  10.        ]
[104.         115.           0.75931552  12.        ]
[ 24.        118.          0.7600745   4.       ]
[ 18.         120.           0.76282657  11.        ]
[108.         123.           0.76948327  15.        ]
[ 60.         117.           0.77339309  14.        ]
[ 43.         125.           0.77367087  15.        ]
[126.         102.           0.78971795  18.        ]
[ 63.        121.          0.8029614  13.       ]
[122.         127.           0.80509373  22.        ]
[129.         128.           0.80610025  35.        ]
[  1.         130.           0.80738733  36.        ]
[ 17.        131.          0.8123223  37.       ]
[ 50.         124.           0.81350884  16.        ]
[ 22.         112.           0.83599425   5.        ]
[132.         111.           0.84365114  40.        ]
[133.         134.           0.84422403  21.        ]
[135.         136.           0.84722637  61.        ]
[113.         137.           0.85969783  63.        ]
[ 91.         138.           0.87985108  65.        ]
[ 75.         139.           0.88516731  66.        ]
[ 49.         140.           0.89029962  67.        ]
[46.         74.          0.89745523  2.        ]
[  6.         142.           0.92082289   3.        ]
[141.         143.           0.93120525  70.        ]
[ 33.         144.           0.93363276  71.        ]
[ 26.         145.           0.95606402  72.        ]
[ 4.         30.          0.97316862  2.        ]
[146.          51.           0.98686064  73.        ]
[147.          27.           0.99483836   3.        ]
[149.         148.           1.00201435  76.        ]
