[56. 57.  0.  2.]
[ 5.         21.          0.08964326  2.        ]
[14.         31.          0.27803245  2.        ]
[77.       45.        0.431463  3.      ]
[29.         44.          0.45470535  2.        ]
[28.         62.          0.48476339  2.        ]
[79.         69.          0.50129425  4.        ]
[34.         66.          0.53711502  2.        ]
[52.         64.          0.54370088  2.        ]
[76.         65.          0.55157818  3.        ]
[11.         13.          0.56235542  2.        ]
[78.       24.        0.564446  3.      ]
[15.         81.          0.56935238  3.        ]
[ 2.         70.          0.57478651  2.        ]
[35.         58.          0.58892666  2.        ]
[85.         68.          0.59098258  4.        ]
[ 7.         32.          0.59429847  2.        ]
[ 3.         12.          0.60914245  2.        ]
[88.         37.          0.61519408  4.        ]
[87.         25.          0.62323662  4.        ]
[61.         72.          0.63081051  2.        ]
[23.          8.          0.63710328  2.        ]
[94.         67.          0.64240735  5.        ]
[55.         59.          0.65284339  2.        ]
[16.         40.          0.65718297  2.        ]
[33.         39.          0.65864518  2.        ]
[80.        91.         0.6615571  6.       ]
[83.         53.          0.66498224  3.        ]
[98.         42.          0.66735194  6.        ]
[93.          9.          0.67214453  3.        ]
[102.          60.           0.67504108   7.        ]
[ 82.         106.           0.68104418  11.        ]
[ 0.         10.          0.68160382  2.        ]
[18.         54.          0.68931716  2.        ]
[107.          92.           0.69507339  13.        ]
[20.         47.          0.69995159  2.        ]
[84.         73.          0.70409224  3.        ]
[89.         95.          0.71314346  6.        ]
[48.         71.          0.71818217  2.        ]
[97.         36.          0.72234981  3.        ]
[103.          50.           0.72585876   4.        ]
[96.         74.          0.73052788  3.        ]
[110.          43.           0.73251876  14.        ]
[19.         38.          0.73384925  2.        ]
[26.        99.         0.7345145  3.       ]
[118.         116.           0.75276248  18.        ]
[105.        104.          0.7650919   9.       ]
[ 86.         101.           0.77177448   4.        ]
[121.         115.           0.78115077  21.        ]
[100.          41.           0.78200019   3.        ]
[109.        114.          0.7901774   4.       ]
[122.         124.           0.80265357  30.        ]
[46.        63.         0.8029614  2.       ]
[111.         117.           0.80567464   5.        ]
[ 1.         90.          0.80738733  3.        ]
[17.        49.         0.8123223  2.       ]
[108.         113.           0.82905458   8.        ]
[131.         112.           0.83119846   5.        ]
[ 6.         22.          0.83599425  2.        ]
[130.         123.           0.83714914   7.        ]
[127.         129.           0.84241529  35.        ]
[136.         125.           0.85504841  38.        ]
[132.         137.           0.85987645  46.        ]
[126.         138.           0.87192678  50.        ]
[139.         119.           0.87465626  52.        ]
[134.         140.           0.88333366  54.        ]
[135.         141.           0.90991205  61.        ]
[133.          75.           0.91822079   6.        ]
[142.         120.           0.92067223  64.        ]
[144.         51.          0.9297182  65.       ]
[145.         143.           0.93753993  71.        ]
[ 27.         128.           0.94411652   3.        ]
[146.         147.           0.95425096  74.        ]
[148.           4.           0.95923825  75.        ]
[149.          30.           1.00430355  76.        ]
