[56. 57.  0.  2.]
[ 5.         21.          0.08964326  2.        ]
[14.         31.          0.27803245  2.        ]
[77.       45.        0.431463  3.      ]
[29.         44.          0.45470535  2.        ]
[28.         62.          0.48476339  2.        ]
[79.          7.          0.50129425  4.        ]
[66.         82.          0.53711502  5.        ]
[52.         64.          0.54370088  2.        ]
[76.         65.          0.55157818  3.        ]
[11.         13.          0.56235542  2.        ]
[78.       24.        0.564446  3.      ]
[15.         81.          0.56935238  3.        ]
[ 2.         70.          0.57478651  2.        ]
[69.         83.          0.58585566  6.        ]
[35.         58.          0.58892666  2.        ]
[85.         68.          0.59098258  4.        ]
[ 3.         12.          0.60914245  2.        ]
[88.         37.          0.61519408  4.        ]
[87.         25.          0.62323662  4.        ]
[61.         72.          0.63081051  2.        ]
[23.          8.          0.63710328  2.        ]
[94.         67.          0.64240735  5.        ]
[55.         59.          0.65284339  2.        ]
[16.         40.          0.65718297  2.        ]
[33.         39.          0.65864518  2.        ]
[92.        90.         0.6615571 10.       ]
[34.        53.         0.6616566  2.       ]
[98.         42.          0.66735194  6.        ]
[ 80.         102.           0.67021528  12.        ]
[93.          9.          0.67214453  3.        ]
[ 0.         10.          0.68160382  2.        ]
[105.         60.          0.6884047  13.       ]
[18.         54.          0.68931716  2.        ]
[108.          43.           0.69750865  14.        ]
[22.         32.          0.69758849  2.        ]
[20.         47.          0.69995159  2.        ]
[84.         73.          0.70409224  3.        ]
[89.         95.          0.71314346  6.        ]
[48.         71.          0.71818217  2.        ]
[97.         36.          0.72234981  3.        ]
[96.         74.          0.73052788  3.        ]
[19.         38.          0.73384925  2.        ]
[26.        99.         0.7345145  3.       ]
[103.         50.          0.7409996   3.       ]
[104.        110.          0.7650919  20.       ]
[106.         121.           0.76989617  23.        ]
[ 86.         101.           0.77177448   4.        ]
[100.          41.           0.78200019   3.        ]
[109.        115.          0.7901774   4.       ]
[46.        63.         0.8029614  2.       ]
[112.         122.           0.80567464  25.        ]
[  1.         114.           0.80682015   7.        ]
[17.        49.         0.8123223  2.       ]
[120.         125.           0.82907494   7.        ]
[124.         130.           0.82929378  10.        ]
[127.         117.           0.83101177  28.        ]
[129.         113.           0.83119846   5.        ]
[116.         119.           0.83322722   6.        ]
[128.         111.           0.83667825   9.        ]
[123.          91.           0.85077572   6.        ]
[118.         132.           0.86386299  30.        ]
[135.         137.           0.86706203  39.        ]
[138.         131.           0.87258307  49.        ]
[107.         139.           0.87653966  51.        ]
[140.         134.           0.89054564  57.        ]
[136.         141.           0.89822713  63.        ]
[  6.         126.           0.89922998   3.        ]
[142.          75.           0.90526169  64.        ]
[144.         133.           0.92369062  69.        ]
[143.         145.           0.93789976  72.        ]
[146.         51.          0.9385207  73.       ]
[  4.         147.           0.95136192  74.        ]
[148.         27.          0.9730685  75.       ]
[149.          30.           0.98951108  76.        ]
