[  1. 216.   0.   2.]
[540. 113.   0.   3.]
[  6. 129.   0.   2.]
[ 24. 423.   0.   2.]
[64. 68.  0.  2.]
[544.  93.   0.   3.]
[545. 123.   0.   4.]
[546. 214.   0.   5.]
[547. 261.   0.   6.]
[ 72. 437.   0.   2.]
[ 78. 125.   0.   2.]
[550. 315.   0.   3.]
[ 95. 152.   0.   2.]
[552. 240.   0.   3.]
[553. 301.   0.   4.]
[554. 308.   0.   5.]
[555. 220.   0.   6.]
[307. 556.   0.   7.]
[136. 336.   0.   2.]
[178. 245.   0.   2.]
[205. 251.   0.   2.]
[270. 271.   0.   2.]
[561. 140.   0.   3.]
[359. 413.   0.   2.]
[5.57000000e+02 2.95000000e+02 3.33179975e-09 8.00000000e+00]
[8.10000000e+01 5.64000000e+02 8.57629935e-09 9.00000000e+00]
[5.6200000e+02 1.7000000e+02 1.9887608e-08 4.0000000e+00]
[5.00000000e+01 1.35000000e+02 2.10734243e-08 2.00000000e+00]
[5.67000000e+02 3.29000000e+02 2.10734243e-08 3.00000000e+00]
[9.00000000e+01 5.18000000e+02 2.10734243e-08 2.00000000e+00]
[1.03000000e+02 1.96000000e+02 2.10734243e-08 2.00000000e+00]
[6.10000000e+01 2.36000000e+02 2.58095683e-08 2.00000000e+00]
[3.00000000e+02 3.02000000e+02 2.58095683e-08 2.00000000e+00]
[7.40000000e+01 9.10000000e+01 2.98023224e-08 2.00000000e+00]
[5.73000000e+02 3.17000000e+02 2.98023224e-08 3.00000000e+00]
[5.72000000e+02 4.68000000e+02 3.57913921e-08 3.00000000e+00]
[3.80000000e+02 4.00000000e+02 7.95504321e-08 2.00000000e+00]
[5.7400000e+02 2.7400000e+02 8.5600654e-08 4.0000000e+00]
[5.66000000e+02 5.76000000e+02 1.94368869e-02 6.00000000e+00]
[5.68000000e+02 5.65000000e+02 9.09310098e-02 1.20000000e+01]
[4.36000000e+02 5.22000000e+02 9.44913275e-02 2.00000000e+00]
[4.0000000e+00 2.6200000e+02 1.0123878e-01 2.0000000e+00]
[1.24000000e+02 3.05000000e+02 1.01434478e-01 2.00000000e+00]
[2.18000000e+02 5.03000000e+02 1.03739493e-01 2.00000000e+00]
[21.         40.          0.10729738  2.        ]
[3.03000000e+02 3.69000000e+02 1.08592174e-01 2.00000000e+00]
[4.92000000e+02 5.23000000e+02 1.11173699e-01 2.00000000e+00]
[5.79000000e+02 1.30000000e+02 1.11377742e-01 1.30000000e+01]
[1.70000000e+01 2.83000000e+02 1.11574654e-01 2.00000000e+00]
[1.65000000e+02 2.08000000e+02 1.12730895e-01 2.00000000e+00]
[3.48000000e+02 3.67000000e+02 1.13166108e-01 2.00000000e+00]
[4.90000000e+01 2.46000000e+02 1.17898885e-01 2.00000000e+00]
[65.         76.          0.11806438  2.        ]
[6.30000000e+01 4.26000000e+02 1.20585876e-01 2.00000000e+00]
[2.47000000e+02 2.49000000e+02 1.20809237e-01 2.00000000e+00]
[1.55000000e+02 2.72000000e+02 1.24712852e-01 2.00000000e+00]
[3.09000000e+02 3.94000000e+02 1.24956369e-01 2.00000000e+00]
[3.96000000e+02 4.14000000e+02 1.25181915e-01 2.00000000e+00]
[3.39000000e+02 4.73000000e+02 1.25662516e-01 2.00000000e+00]
[5.77000000e+02 2.04000000e+02 1.25922583e-01 5.00000000e+00]
[5.78000000e+02 3.34000000e+02 1.26471159e-01 7.00000000e+00]
[41.         52.          0.12663298  2.        ]
[3.00000000e+01 2.09000000e+02 1.27010975e-01 2.00000000e+00]
[3.46000000e+02 4.38000000e+02 1.28446535e-01 2.00000000e+00]
[5.8900000e+02 2.9100000e+02 1.3140904e-01 3.0000000e+00]
[5.81000000e+02 2.21000000e+02 1.36310846e-01 3.00000000e+00]
[ 62.         112.           0.13782569   2.        ]
[2.13000000e+02 3.86000000e+02 1.38148785e-01 2.00000000e+00]
[2.90000000e+02 5.30000000e+02 1.40875527e-01 2.00000000e+00]
[5.99000000e+02 1.64000000e+02 1.41364975e-01 6.00000000e+00]
[6.04000000e+02 1.80000000e+02 1.45617183e-01 4.00000000e+00]
[4.18000000e+02 4.61000000e+02 1.46741382e-01 2.00000000e+00]
[2.29000000e+02 6.00000000e+02 1.46911742e-01 8.00000000e+00]
[3.6600000e+02 5.1700000e+02 1.5205281e-01 2.0000000e+00]
[1.85000000e+02 1.95000000e+02 1.52240951e-01 2.00000000e+00]
[1.40000000e+01 4.33000000e+02 1.54450646e-01 2.00000000e+00]
[5.87000000e+02 2.19000000e+02 1.55199557e-01 1.40000000e+01]
[3.56000000e+02 4.67000000e+02 1.55558139e-01 2.00000000e+00]
[1.60000000e+01 4.39000000e+02 1.55672607e-01 2.00000000e+00]
[2.07000000e+02 2.56000000e+02 1.57179222e-01 2.00000000e+00]
[2.9700000e+02 4.2700000e+02 1.5722257e-01 2.0000000e+00]
[6.16000000e+02 1.54000000e+02 1.59134023e-01 1.50000000e+01]
[3.81000000e+02 4.05000000e+02 1.59989036e-01 2.00000000e+00]
[3.97000000e+02 4.44000000e+02 1.60988044e-01 2.00000000e+00]
[1.4300000e+02 4.4500000e+02 1.6132986e-01 2.0000000e+00]
[ 54.         150.           0.16245685   2.        ]
[4.02000000e+02 4.89000000e+02 1.63179724e-01 2.00000000e+00]
[2.76000000e+02 3.45000000e+02 1.64550693e-01 2.00000000e+00]
[8.00000000e+01 4.09000000e+02 1.64697451e-01 2.00000000e+00]
[6.09000000e+02 1.21000000e+02 1.64732133e-01 7.00000000e+00]
[4.15000000e+02 4.60000000e+02 1.65853944e-01 2.00000000e+00]
[1.90000000e+01 6.12000000e+02 1.66007697e-01 9.00000000e+00]
[1.09000000e+02 5.75000000e+02 1.68116491e-01 4.00000000e+00]
[1.44000000e+02 5.63000000e+02 1.68128335e-01 3.00000000e+00]
[3.20000000e+02 4.06000000e+02 1.68766344e-01 2.00000000e+00]
[1.42000000e+02 5.19000000e+02 1.70996411e-01 2.00000000e+00]
[6.25000000e+02 1.48000000e+02 1.72203474e-01 3.00000000e+00]
[2.48000000e+02 5.16000000e+02 1.73673849e-01 2.00000000e+00]
[1.83000000e+02 3.47000000e+02 1.76011937e-01 2.00000000e+00]
[6.05000000e+02 6.31000000e+02 1.81240902e-01 1.20000000e+01]
[2.90000000e+01 4.86000000e+02 1.82520664e-01 2.00000000e+00]
[6.10000000e+02 2.33000000e+02 1.83112494e-01 5.00000000e+00]
[5.00000000e+00 2.75000000e+02 1.83164198e-01 2.00000000e+00]
[5.58000000e+02 1.76000000e+02 1.86275014e-01 3.00000000e+00]
[ 27.         172.           0.18742212   2.        ]
[6.21000000e+02 1.60000000e+02 1.87568914e-01 1.60000000e+01]
[6.45000000e+02 3.50000000e+01 1.90807909e-01 1.70000000e+01]
[3.27000000e+02 5.38000000e+02 1.91127035e-01 2.00000000e+00]
[2.06000000e+02 3.22000000e+02 1.92766971e-01 2.00000000e+00]
[1.28000000e+02 6.41000000e+02 1.93397273e-01 6.00000000e+00]
[6.46000000e+02 4.48000000e+02 1.94005529e-01 1.80000000e+01]
[3.33000000e+02 6.49000000e+02 1.95114783e-01 7.00000000e+00]
[2.00000000e+01 6.39000000e+02 1.97119221e-01 1.30000000e+01]
[  9.         156.           0.20436513   2.        ]
[6.50000000e+02 2.39000000e+02 2.04394421e-01 1.90000000e+01]
[6.54000000e+02 3.28000000e+02 2.06120523e-01 2.00000000e+01]
[6.5500000e+02 7.0000000e+01 2.0698138e-01 2.1000000e+01]
[6.01000000e+02 3.82000000e+02 2.07463021e-01 3.00000000e+00]
[3.18000000e+02 5.09000000e+02 2.07611804e-01 2.00000000e+00]
[2.9800000e+02 6.5200000e+02 2.0885322e-01 1.4000000e+01]
[6.56000000e+02 1.82000000e+02 2.09200604e-01 2.20000000e+01]
[6.60000000e+02 6.22000000e+02 2.12003361e-01 2.40000000e+01]
[6.06000000e+02 6.51000000e+02 2.13528473e-01 9.00000000e+00]
[  3.         104.           0.21462296   2.        ]
[6.6100000e+02 4.5400000e+02 2.1880583e-01 2.5000000e+01]
[6.64000000e+02 4.80000000e+02 2.19267927e-01 2.60000000e+01]
[6.62000000e+02 1.15000000e+02 2.22252197e-01 1.00000000e+01]
[3.93000000e+02 5.11000000e+02 2.22931541e-01 2.00000000e+00]
[ 33.        122.          0.2239195   2.       ]
[3.6100000e+02 5.2700000e+02 2.2450116e-01 2.0000000e+00]
[6.29000000e+02 8.70000000e+01 2.24841461e-01 8.00000000e+00]
[5.60000000e+02 6.59000000e+02 2.24852384e-01 1.60000000e+01]
[2.37000000e+02 4.90000000e+02 2.30694445e-01 2.00000000e+00]
[2.10000000e+02 3.83000000e+02 2.31573919e-01 2.00000000e+00]
[5.42000000e+02 6.27000000e+02 2.31956409e-01 4.00000000e+00]
[6.70000000e+02 1.53000000e+02 2.32883807e-01 9.00000000e+00]
[ 92.         192.           0.23469212   2.        ]
[6.53000000e+02 5.51000000e+02 2.35857366e-01 5.00000000e+00]
[6.32000000e+02 6.71000000e+02 2.40242528e-01 2.00000000e+01]
[6.76000000e+02 2.69000000e+02 2.44310487e-01 3.00000000e+00]
[2.65000000e+02 6.42000000e+02 2.45279242e-01 3.00000000e+00]
[2.64000000e+02 6.65000000e+02 2.50317902e-01 2.70000000e+01]
[6.78000000e+02 6.43000000e+02 2.50548868e-01 2.30000000e+01]
[7.10000000e+01 4.62000000e+02 2.51338993e-01 2.00000000e+00]
[5.48000000e+02 3.24000000e+02 2.56217603e-01 7.00000000e+00]
[2.28000000e+02 3.57000000e+02 2.56396483e-01 2.00000000e+00]
[ 82.         211.           0.25651574   2.        ]
[6.8200000e+02 3.4000000e+02 2.5886522e-01 2.4000000e+01]
[3.63000000e+02 5.21000000e+02 2.58961339e-01 2.00000000e+00]
[8.50000000e+01 6.81000000e+02 2.60961862e-01 2.80000000e+01]
[ 58.         238.           0.26223597   2.        ]
[6.19000000e+02 6.80000000e+02 2.62431166e-01 5.00000000e+00]
[6.75000000e+02 1.74000000e+02 2.64632623e-01 1.00000000e+01]
[6.70000000e+01 6.91000000e+02 2.64858506e-01 6.00000000e+00]
[5.59000000e+02 3.58000000e+02 2.67494386e-01 3.00000000e+00]
[6.73000000e+02 3.74000000e+02 2.69812377e-01 3.00000000e+00]
[4.60000000e+01 5.92000000e+02 2.72231731e-01 3.00000000e+00]
[2.66000000e+02 6.89000000e+02 2.73590088e-01 2.90000000e+01]
[5.2900000e+02 6.0800000e+02 2.7388589e-01 3.0000000e+00]
[ 10.         225.           0.27504037   2.        ]
[6.77000000e+02 1.99000000e+02 2.75359999e-01 6.00000000e+00]
[217.         222.           0.27700947   2.        ]
[3.32000000e+02 4.69000000e+02 2.77165635e-01 2.00000000e+00]
[1.2000000e+01 4.5700000e+02 2.7750399e-01 2.0000000e+00]
[3.80000000e+01 6.87000000e+02 2.79788105e-01 2.50000000e+01]
[139.         241.           0.27986723   2.        ]
[3.84000000e+02 4.79000000e+02 2.80139453e-01 2.00000000e+00]
[2.30000000e+02 6.58000000e+02 2.83084026e-01 3.00000000e+00]
[9.80000000e+01 6.94000000e+02 2.83481076e-01 4.00000000e+00]
[5.7000000e+01 4.7100000e+02 2.8352352e-01 2.0000000e+00]
[4.22000000e+02 6.98000000e+02 2.83981138e-01 4.00000000e+00]
[1.80000000e+01 7.04000000e+02 2.85531181e-01 2.60000000e+01]
[6.93000000e+02 6.74000000e+02 2.85749291e-01 1.00000000e+01]
[5.25000000e+02 4.21000000e+02 2.86181444e-01 2.00000000e+00]
[2.99000000e+02 3.95000000e+02 2.86218198e-01 2.00000000e+00]
[2.55000000e+02 7.08000000e+02 2.87273827e-01 5.00000000e+00]
[1.01000000e+02 3.12000000e+02 2.87388291e-01 2.00000000e+00]
[4.46000000e+02 7.13000000e+02 2.87750747e-01 3.00000000e+00]
[1.3200000e+02 3.7200000e+02 2.8823745e-01 2.0000000e+00]
[3.3500000e+02 6.9600000e+02 2.9013737e-01 4.0000000e+00]
[6.86000000e+02 6.97000000e+02 2.91949482e-01 3.10000000e+01]
[6.11000000e+02 5.80000000e+02 2.94390069e-01 4.00000000e+00]
[ 73.         200.           0.29448037   2.        ]
[3.21000000e+02 3.89000000e+02 2.95596664e-01 2.00000000e+00]
[6.48000000e+02 7.12000000e+02 2.95952163e-01 1.20000000e+01]
[4.08000000e+02 4.50000000e+02 2.97043997e-01 2.00000000e+00]
[6.60000000e+01 5.70000000e+02 2.98085568e-01 3.00000000e+00]
[5.95000000e+02 6.18000000e+02 2.98296392e-01 4.00000000e+00]
[1.87000000e+02 5.00000000e+02 2.98471635e-01 2.00000000e+00]
[7.10000000e+02 4.49000000e+02 2.99811167e-01 5.00000000e+00]
[1.27000000e+02 6.63000000e+02 3.00283814e-01 3.00000000e+00]
[2.59000000e+02 3.87000000e+02 3.00295983e-01 2.00000000e+00]
[4.63000000e+02 7.20000000e+02 3.02160662e-01 3.20000000e+01]
[1.19000000e+02 6.36000000e+02 3.03336883e-01 4.00000000e+00]
[4.87000000e+02 7.27000000e+02 3.04622628e-01 5.00000000e+00]
[2.50000000e+02 4.42000000e+02 3.05071324e-01 2.00000000e+00]
[6.90000000e+02 2.63000000e+02 3.05457791e-01 3.00000000e+00]
[7.00000000e+02 4.35000000e+02 3.06244285e-01 7.00000000e+00]
[6.68000000e+02 3.62000000e+02 3.06645444e-01 3.00000000e+00]
[4.94000000e+02 7.06000000e+02 3.07506133e-01 3.00000000e+00]
[6.13000000e+02 5.86000000e+02 3.08518015e-01 4.00000000e+00]
[4.76000000e+02 5.15000000e+02 3.08691267e-01 2.00000000e+00]
[6.8500000e+02 7.2900000e+02 3.0884575e-01 7.0000000e+00]
[6.47000000e+02 3.49000000e+02 3.09133798e-01 3.00000000e+00]
[3.65000000e+02 4.43000000e+02 3.09139825e-01 2.00000000e+00]
[2.44000000e+02 7.15000000e+02 3.09160339e-01 6.00000000e+00]
[2.27000000e+02 7.33000000e+02 3.10227923e-01 5.00000000e+00]
[2.32000000e+02 7.40000000e+02 3.10863798e-01 5.00000000e+00]
[3.90000000e+02 5.01000000e+02 3.13549884e-01 2.00000000e+00]
[5.13000000e+02 7.07000000e+02 3.14470709e-01 4.00000000e+00]
[6.92000000e+02 1.17000000e+02 3.14573755e-01 1.10000000e+01]
[7.34000000e+02 4.95000000e+02 3.15547555e-01 6.00000000e+00]
[9.70000000e+01 5.88000000e+02 3.15641735e-01 3.00000000e+00]
[8.80000000e+01 5.69000000e+02 3.15851529e-01 3.00000000e+00]
[6.17000000e+02 5.35000000e+02 3.16124745e-01 3.00000000e+00]
[2.92000000e+02 7.23000000e+02 3.16710467e-01 3.00000000e+00]
[6.15000000e+02 2.20000000e+01 3.16739913e-01 3.00000000e+00]
[9.40000000e+01 7.42000000e+02 3.16913593e-01 8.00000000e+00]
[2.30000000e+01 3.50000000e+02 3.17000429e-01 2.00000000e+00]
[3.23000000e+02 6.26000000e+02 3.17611175e-01 3.00000000e+00]
[7.09000000e+02 6.07000000e+02 3.19227911e-01 4.00000000e+00]
[194.         252.           0.32030546   2.        ]
[7.38000000e+02 2.67000000e+02 3.22073596e-01 4.00000000e+00]
[2.50000000e+01 4.04000000e+02 3.23117646e-01 2.00000000e+00]
[7.30000000e+02 7.32000000e+02 3.23519056e-01 3.50000000e+01]
[4.66000000e+02 7.39000000e+02 3.25275548e-01 4.00000000e+00]
[1.73000000e+02 7.24000000e+02 3.25827359e-01 1.30000000e+01]
[6.66000000e+02 2.02000000e+02 3.26125929e-01 1.10000000e+01]
[7.1900000e+02 6.3800000e+02 3.2655975e-01 6.0000000e+00]
[ 32.         188.           0.32698092   2.        ]
[4.85000000e+02 7.52000000e+02 3.27500991e-01 4.00000000e+00]
[3.13000000e+02 3.78000000e+02 3.27618624e-01 2.00000000e+00]
[5.900000e+02 7.250000e+02 3.281643e-01 4.000000e+00]
[6.1400000e+02 4.9600000e+02 3.2883422e-01 3.0000000e+00]
[5.120000e+02 7.490000e+02 3.295004e-01 5.000000e+00]
[3.73000000e+02 7.57000000e+02 3.31039314e-01 9.00000000e+00]
[4.7200000e+02 5.0800000e+02 3.3244084e-01 2.0000000e+00]
[3.91000000e+02 7.74000000e+02 3.33736764e-01 6.00000000e+00]
[1.51000000e+02 7.62000000e+02 3.34005009e-01 5.00000000e+00]
[7.18000000e+02 7.45000000e+02 3.34778598e-01 8.00000000e+00]
[7.55000000e+02 3.98000000e+02 3.36951393e-01 4.00000000e+00]
[5.49000000e+02 6.67000000e+02 3.36962316e-01 4.00000000e+00]
[7.68000000e+02 7.73000000e+02 3.37168408e-01 9.00000000e+00]
[193.         279.           0.33775523   2.        ]
[7.4300000e+02 7.5100000e+02 3.3839193e-01 9.0000000e+00]
[7.36000000e+02 1.06000000e+02 3.39279395e-01 4.00000000e+00]
[2.96000000e+02 5.85000000e+02 3.39782156e-01 3.00000000e+00]
[7.47000000e+02 3.71000000e+02 3.41307937e-01 6.00000000e+00]
[9.60000000e+01 7.72000000e+02 3.41883725e-01 5.00000000e+00]
[5.10000000e+01 7.21000000e+02 3.43863084e-01 5.00000000e+00]
[7.31000000e+02 3.30000000e+02 3.44118757e-01 3.00000000e+00]
[7.65000000e+02 7.60000000e+02 3.44515706e-01 8.00000000e+00]
[1.9700000e+02 7.1600000e+02 3.4527571e-01 3.0000000e+00]
[6.84000000e+02 7.11000000e+02 3.45446953e-01 3.30000000e+01]
[5.24000000e+02 7.82000000e+02 3.45529035e-01 1.00000000e+01]
[7.50000000e+01 7.70000000e+02 3.45904238e-01 5.00000000e+00]
[4.24000000e+02 7.77000000e+02 3.46211562e-01 7.00000000e+00]
[3.40000000e+01 7.93000000e+02 3.46661792e-01 3.40000000e+01]
[2.60000000e+01 7.88000000e+02 3.48343412e-01 6.00000000e+00]
[1.61000000e+02 7.37000000e+02 3.48347141e-01 8.00000000e+00]
[7.46000000e+02 7.97000000e+02 3.49086265e-01 3.90000000e+01]
[7.53000000e+02 4.10000000e+02 3.49975635e-01 4.00000000e+00]
[7.59000000e+02 7.17000000e+02 3.50547393e-01 6.00000000e+00]
[2.26000000e+02 7.95000000e+02 3.51462858e-01 6.00000000e+00]
[7.67000000e+02 1.67000000e+02 3.51707893e-01 1.20000000e+01]
[1.86000000e+02 7.79000000e+02 3.52205302e-01 9.00000000e+00]
[2.80000000e+01 7.89000000e+02 3.53328567e-01 6.00000000e+00]
[7.8400000e+02 7.6900000e+02 3.5515876e-01 1.1000000e+01]
[7.64000000e+02 7.61000000e+02 3.55446666e-01 3.70000000e+01]
[7.03000000e+02 7.92000000e+02 3.55578732e-01 5.00000000e+00]
[137.         168.           0.35681982   2.        ]
[1.49000000e+02 8.05000000e+02 3.57203082e-01 1.00000000e+01]
[7.50000000e+02 6.79000000e+02 3.57932045e-01 1.40000000e+01]
[2.15000000e+02 8.03000000e+02 3.58087836e-01 7.00000000e+00]
[0.00000000e+00 4.91000000e+02 3.59467064e-01 2.00000000e+00]
[1.11000000e+02 7.05000000e+02 3.59757889e-01 3.00000000e+00]
[1.58000000e+02 7.87000000e+02 3.60707298e-01 7.00000000e+00]
[7.58000000e+02 8.08000000e+02 3.60733138e-01 3.90000000e+01]
[3.42000000e+02 3.68000000e+02 3.62338802e-01 2.00000000e+00]
[8.0900000e+02 7.4800000e+02 3.6267524e-01 7.0000000e+00]
[3.76000000e+02 7.96000000e+02 3.62878147e-01 8.00000000e+00]
[2.78000000e+02 7.78000000e+02 3.63554674e-01 6.00000000e+00]
[287.         294.           0.36439404   2.        ]
[8.12000000e+02 7.56000000e+02 3.64548753e-01 1.70000000e+01]
[8.07000000e+02 8.17000000e+02 3.65329483e-01 5.00000000e+01]
[3.43000000e+02 7.41000000e+02 3.65545165e-01 3.00000000e+00]
[5.93000000e+02 3.26000000e+02 3.66214909e-01 3.00000000e+00]
[3.70000000e+01 7.22000000e+02 3.66388635e-01 3.00000000e+00]
[3.31000000e+02 8.06000000e+02 3.66955853e-01 7.00000000e+00]
[5.94000000e+02 7.54000000e+02 3.67148629e-01 5.00000000e+00]
[3.70000000e+02 4.59000000e+02 3.67354344e-01 2.00000000e+00]
[1.5900000e+02 4.1700000e+02 3.6787929e-01 2.0000000e+00]
[3.52000000e+02 7.91000000e+02 3.68439189e-01 9.00000000e+00]
[5.90000000e+01 7.02000000e+02 3.69945892e-01 3.00000000e+00]
[7.35000000e+02 6.30000000e+02 3.69966809e-01 4.00000000e+00]
[4.80000000e+01 8.00000000e+02 3.70395914e-01 4.00000000e+01]
[3.44000000e+02 8.20000000e+02 3.70448896e-01 9.00000000e+00]
[8.04000000e+02 2.53000000e+02 3.73390305e-01 1.30000000e+01]
[5.20000000e+02 8.16000000e+02 3.74860083e-01 8.00000000e+00]
[4.40000000e+01 8.13000000e+02 3.77009493e-01 8.00000000e+00]
[8.23000000e+02 2.80000000e+02 3.78534198e-01 1.80000000e+01]
[5.30000000e+01 4.56000000e+02 3.79140833e-01 2.00000000e+00]
[6.44000000e+02 1.63000000e+02 3.80371677e-01 3.00000000e+00]
[2.8100000e+02 7.7500000e+02 3.8046935e-01 1.0000000e+01]
[7.66000000e+02 8.24000000e+02 3.80689143e-01 6.30000000e+01]
[2.24000000e+02 5.37000000e+02 3.80932149e-01 2.00000000e+00]
[7.01000000e+02 7.71000000e+02 3.81322763e-01 4.00000000e+00]
[2.58000000e+02 8.31000000e+02 3.81544005e-01 3.00000000e+00]
[5.84000000e+02 4.30000000e+02 3.82724706e-01 3.00000000e+00]
[3.38000000e+02 7.94000000e+02 3.83754186e-01 1.10000000e+01]
[1.89000000e+02 8.11000000e+02 3.84423179e-01 1.10000000e+01]
[8.19000000e+02 1.90000000e+02 3.84522259e-01 8.00000000e+00]
[5.26000000e+02 8.36000000e+02 3.84850007e-01 1.00000000e+01]
[2.86000000e+02 7.76000000e+02 3.85982353e-01 3.00000000e+00]
[8.3800000e+02 4.7800000e+02 3.8602801e-01 9.0000000e+00]
[8.01000000e+02 7.99000000e+02 3.87000499e-01 1.20000000e+01]
[8.42000000e+02 4.40000000e+02 3.87413533e-01 4.00000000e+00]
[8.46000000e+02 7.14000000e+02 3.89281169e-01 6.00000000e+00]
[1.41000000e+02 4.52000000e+02 3.89297212e-01 2.00000000e+00]
[1.02000000e+02 8.51000000e+02 3.89381625e-01 9.00000000e+00]
[5.05000000e+02 8.29000000e+02 3.89805834e-01 6.00000000e+00]
[6.28000000e+02 6.23000000e+02 3.89822169e-01 4.00000000e+00]
[7.00000000e+00 8.59000000e+02 3.90098909e-01 1.00000000e+01]
[7.9000000e+02 8.3500000e+02 3.9034912e-01 4.3000000e+01]
[8.32000000e+02 6.69000000e+02 3.90637205e-01 1.10000000e+01]
[2.0300000e+02 3.9900000e+02 3.9084554e-01 2.0000000e+00]
[7.80000000e+02 8.21000000e+02 3.91323386e-01 1.00000000e+01]
[2.7300000e+02 7.9800000e+02 3.9150725e-01 7.0000000e+00]
[8.10000000e+02 8.34000000e+02 3.92177824e-01 6.00000000e+00]
[1.00000000e+02 4.82000000e+02 3.92593087e-01 2.00000000e+00]
[3.53000000e+02 8.54000000e+02 3.93185647e-01 1.00000000e+01]
[8.68000000e+02 8.50000000e+02 3.93342315e-01 1.70000000e+01]
[6.35000000e+02 3.25000000e+02 3.94768475e-01 3.00000000e+00]
[1.05000000e+02 8.15000000e+02 3.94860709e-01 4.00000000e+00]
[8.27000000e+02 8.44000000e+02 3.96540057e-01 6.60000000e+01]
[7.90000000e+01 8.63000000e+02 3.98299863e-01 4.40000000e+01]
[8.37000000e+02 9.90000000e+01 3.99972189e-01 1.40000000e+01]
[4.0100000e+02 8.6400000e+02 4.0097912e-01 1.2000000e+01]
[8.30000000e+01 8.74000000e+02 4.01374854e-01 6.70000000e+01]
[3.90000000e+01 6.03000000e+02 4.01689342e-01 3.00000000e+00]
[3.60000000e+01 7.85000000e+02 4.01707034e-01 5.00000000e+00]
[8.28000000e+02 8.69000000e+02 4.02018631e-01 9.00000000e+00]
[2.35000000e+02 8.71000000e+02 4.02967806e-01 1.80000000e+01]
[8.22000000e+02 5.91000000e+02 4.04329381e-01 4.00000000e+00]
[5.32000000e+02 8.43000000e+02 4.04553149e-01 1.10000000e+01]
[7.63000000e+02 8.81000000e+02 4.05058916e-01 1.10000000e+01]
[8.14000000e+02 8.49000000e+02 4.05492642e-01 1.30000000e+01]
[5.34000000e+02 8.02000000e+02 4.08412633e-01 7.00000000e+00]
[2.8500000e+02 8.7600000e+02 4.0898723e-01 1.5000000e+01]
[8.86000000e+02 4.83000000e+02 4.09049324e-01 1.40000000e+01]
[4.31000000e+02 4.81000000e+02 4.09365791e-01 2.00000000e+00]
[4.84000000e+02 8.25000000e+02 4.09711543e-01 4.00000000e+00]
[6.83000000e+02 8.66000000e+02 4.11945865e-01 1.20000000e+01]
[1.38000000e+02 8.78000000e+02 4.11955027e-01 6.80000000e+01]
[6.37000000e+02 8.61000000e+02 4.12537844e-01 6.00000000e+00]
[8.67000000e+02 8.26000000e+02 4.12786844e-01 1.00000000e+01]
[5.71000000e+02 4.11000000e+02 4.12975603e-01 3.00000000e+00]
[2.54000000e+02 7.86000000e+02 4.13930059e-01 4.00000000e+00]
[260.         337.           0.41430677   2.        ]
[1.50000000e+01 6.95000000e+02 4.14920718e-01 4.00000000e+00]
[4.99000000e+02 8.39000000e+02 4.15660255e-01 9.00000000e+00]
[8.950000e+02 8.650000e+02 4.165696e-01 1.200000e+01]
[4.03000000e+02 4.64000000e+02 4.16957741e-01 2.00000000e+00]
[2.57000000e+02 8.70000000e+02 4.19427089e-01 1.10000000e+01]
[8.77000000e+02 7.28000000e+02 4.19890775e-01 1.40000000e+01]
[4.28000000e+02 5.28000000e+02 4.20392367e-01 2.00000000e+00]
[4.51000000e+02 6.20000000e+02 4.20739735e-01 3.00000000e+00]
[8.00000000e+00 8.60000000e+02 4.20792733e-01 7.00000000e+00]
[6.99000000e+02 2.84000000e+02 4.22179265e-01 3.00000000e+00]
[8.57000000e+02 5.10000000e+02 4.22622413e-01 7.00000000e+00]
[1.84000000e+02 9.04000000e+02 4.23481039e-01 1.50000000e+01]
[8.41000000e+02 2.82000000e+02 4.25529661e-01 3.00000000e+00]
[118.        385.          0.4260385   2.       ]
[6.33000000e+02 8.72000000e+02 4.26586498e-01 6.00000000e+00]
[5.9600000e+02 3.6000000e+02 4.2843909e-01 3.0000000e+00]
[145.         242.           0.42935581   2.        ]
[9.01000000e+02 8.89000000e+02 4.29972891e-01 2.60000000e+01]
[8.82000000e+02 8.75000000e+02 4.30462349e-01 6.20000000e+01]
[9.10000000e+02 8.85000000e+02 4.32698575e-01 2.60000000e+01]
[1.46000000e+02 8.55000000e+02 4.33179781e-01 1.30000000e+01]
[2.88000000e+02 8.87000000e+02 4.33750435e-01 8.00000000e+00]
[2.93000000e+02 9.19000000e+02 4.34128049e-01 1.40000000e+01]
[8.96000000e+02 5.39000000e+02 4.35851654e-01 4.00000000e+00]
[4.77000000e+02 8.84000000e+02 4.37725795e-01 1.20000000e+01]
[4.65000000e+02 9.16000000e+02 4.38304899e-01 2.70000000e+01]
[231.         234.           0.43854689   2.        ]
[9.03000000e+02 6.72000000e+02 4.40264995e-01 1.30000000e+01]
[8.4800000e+02 8.6200000e+02 4.4035413e-01 1.3000000e+01]
[5.60000000e+01 9.00000000e+02 4.40564999e-01 1.00000000e+01]
[8.92000000e+02 8.47000000e+02 4.40762536e-01 1.50000000e+01]
[1.81000000e+02 9.18000000e+02 4.42197649e-01 2.70000000e+01]
[3.04000000e+02 7.81000000e+02 4.42423922e-01 5.00000000e+00]
[8.18000000e+02 9.30000000e+02 4.42862467e-01 2.90000000e+01]
[8.73000000e+02 9.17000000e+02 4.44115896e-01 6.60000000e+01]
[8.9000000e+01 9.2600000e+02 4.4736282e-01 1.4000000e+01]
[4.12000000e+02 8.94000000e+02 4.47473051e-01 7.00000000e+00]
[6.00000000e+01 9.31000000e+02 4.49696485e-01 6.00000000e+00]
[8.98000000e+02 1.16000000e+02 4.50307888e-01 3.00000000e+00]
[8.97000000e+02 9.33000000e+02 4.50334254e-01 7.00000000e+01]
[179.         198.           0.45167218   2.        ]
[8.91000000e+02 9.34000000e+02 4.52230294e-01 1.80000000e+01]
[9.07000000e+02 3.92000000e+02 4.52789073e-01 8.00000000e+00]
[8.90000000e+02 9.32000000e+02 4.56526302e-01 3.10000000e+01]
[8.93000000e+02 8.83000000e+02 4.56531835e-01 7.20000000e+01]
[5.14000000e+02 9.43000000e+02 4.58482331e-01 7.30000000e+01]
[1.10000000e+02 9.38000000e+02 4.59409169e-01 7.10000000e+01]
[4.25000000e+02 9.36000000e+02 4.59702611e-01 7.00000000e+00]
[8.53000000e+02 9.41000000e+02 4.59859108e-01 1.10000000e+01]
[8.33000000e+02 8.40000000e+02 4.60160118e-01 2.10000000e+01]
[3.75000000e+02 5.82000000e+02 4.60384819e-01 3.00000000e+00]
[9.29000000e+02 9.27000000e+02 4.61116056e-01 2.80000000e+01]
[1.57000000e+02 8.88000000e+02 4.61161562e-01 1.60000000e+01]
[8.80000000e+02 8.52000000e+02 4.61339676e-01 1.50000000e+01]
[6.40000000e+02 5.98000000e+02 4.62494388e-01 4.00000000e+00]
[4.53000000e+02 9.47000000e+02 4.65313984e-01 1.20000000e+01]
[6.34000000e+02 9.24000000e+02 4.65322824e-01 2.90000000e+01]
[9.49000000e+02 4.93000000e+02 4.65478262e-01 4.00000000e+00]
[175.         223.           0.46679641   2.        ]
[9.02000000e+02 9.21000000e+02 4.67305672e-01 1.60000000e+01]
[9.11000000e+02 9.22000000e+02 4.67797381e-01 7.00000000e+00]
[9.4000000e+02 4.9700000e+02 4.7183686e-01 1.9000000e+01]
[4.20000000e+01 9.60000000e+02 4.72028363e-01 2.00000000e+01]
[9.09000000e+02 9.50000000e+02 4.74099149e-01 3.50000000e+01]
[4.30000000e+01 9.44000000e+02 4.74637581e-01 7.40000000e+01]
[4.32000000e+02 8.45000000e+02 4.75738823e-01 3.00000000e+00]
[8.9900000e+02 9.1200000e+02 4.7636544e-01 6.0000000e+00]
[69.         77.          0.47671118  2.        ]
[3.41000000e+02 5.36000000e+02 4.77084765e-01 2.00000000e+00]
[9.15000000e+02 4.47000000e+02 4.77633361e-01 3.00000000e+00]
[8.56000000e+02 9.64000000e+02 4.80098212e-01 7.00000000e+00]
[9.20000000e+02 9.23000000e+02 4.80593114e-01 2.00000000e+01]
[9.62000000e+02 6.88000000e+02 4.80826719e-01 3.70000000e+01]
[5.31000000e+02 9.58000000e+02 4.81291338e-01 1.70000000e+01]
[9.05000000e+02 9.71000000e+02 4.81743885e-01 3.90000000e+01]
[1.10000000e+01 5.04000000e+02 4.82506245e-01 2.00000000e+00]
[4.88000000e+02 9.61000000e+02 4.83943772e-01 2.10000000e+01]
[5.41000000e+02 3.54000000e+02 4.83992691e-01 4.00000000e+00]
[9.37000000e+02 9.72000000e+02 4.84298756e-01 2.00000000e+01]
[4.98000000e+02 9.75000000e+02 4.86125012e-01 2.20000000e+01]
[9.5900000e+02 8.3000000e+02 4.8653415e-01 9.0000000e+00]
[1.33000000e+02 9.28000000e+02 4.87026765e-01 1.10000000e+01]
[8.58000000e+02 9.69000000e+02 4.90337001e-01 9.00000000e+00]
[5.8300000e+02 4.2000000e+02 4.9222502e-01 3.0000000e+00]
[9.51000000e+02 9.45000000e+02 4.96750357e-01 8.70000000e+01]
[9.77000000e+02 9.06000000e+02 4.97655916e-01 2.30000000e+01]
[9.70000000e+02 9.80000000e+02 4.98643626e-01 3.10000000e+01]
[3.77000000e+02 9.42000000e+02 5.00367073e-01 3.20000000e+01]
[9.57000000e+02 9.56000000e+02 5.01352836e-01 6.00000000e+00]
[3.79000000e+02 9.85000000e+02 5.01356284e-01 3.20000000e+01]
[4.16000000e+02 9.13000000e+02 5.02480109e-01 7.00000000e+00]
[8.40000000e+01 9.53000000e+02 5.04507118e-01 5.00000000e+00]
[9.55000000e+02 9.54000000e+02 5.06909922e-01 4.10000000e+01]
[407.         475.           0.50795292   2.        ]
[9.08000000e+02 2.68000000e+02 5.08288345e-01 4.00000000e+00]
[1.34000000e+02 9.83000000e+02 5.15185106e-01 8.80000000e+01]
[8.79000000e+02 5.97000000e+02 5.15620917e-01 5.00000000e+00]
[9.81000000e+02 9.35000000e+02 5.17513436e-01 1.60000000e+01]
[3.06000000e+02 9.88000000e+02 5.24168829e-01 3.30000000e+01]
[9.73000000e+02 9.86000000e+02 5.24696625e-01 7.10000000e+01]
[ 31.         441.           0.52589244   2.        ]
[4.74000000e+02 9.52000000e+02 5.26541578e-01 1.60000000e+01]
[9.84000000e+02 9.91000000e+02 5.27377702e-01 6.40000000e+01]
[9.48000000e+02 9.94000000e+02 5.28920214e-01 1.09000000e+02]
[9.4600000e+02 1.0010000e+03 5.3122688e-01 7.1000000e+01]
[9.14000000e+02 1.00000000e+03 5.31349321e-01 1.90000000e+01]
[9.63000000e+02 9.82000000e+02 5.31751899e-01 7.70000000e+01]
[9.79000000e+02 3.19000000e+02 5.32975762e-01 1.00000000e+01]
[9.78000000e+02 1.00300000e+03 5.38896473e-01 9.30000000e+01]
[1.00500000e+03 9.66000000e+02 5.39299884e-01 7.90000000e+01]
[107.         316.           0.54362018   2.        ]
[2.43000000e+02 1.00200000e+03 5.43895019e-01 1.10000000e+02]
[4.70000000e+02 1.01000000e+03 5.44128119e-01 1.11000000e+02]
[9.68000000e+02 9.25000000e+02 5.46327986e-01 5.00000000e+00]
[7.83000000e+02 9.96000000e+02 5.48995111e-01 1.80000000e+01]
[3.64000000e+02 9.97000000e+02 5.50149767e-01 3.40000000e+01]
[9.89000000e+02 9.95000000e+02 5.56275508e-01 1.20000000e+01]
[3.88000000e+02 6.02000000e+02 5.56996952e-01 3.00000000e+00]
[1.71000000e+02 1.00700000e+03 5.60030499e-01 9.40000000e+01]
[9.76000000e+02 1.00800000e+03 5.60244121e-01 8.30000000e+01]
[6.57000000e+02 1.01300000e+03 5.60250992e-01 2.10000000e+01]
[9.7400000e+02 9.6500000e+02 5.6037757e-01 8.0000000e+00]
[3.51000000e+02 1.00400000e+03 5.60901557e-01 2.00000000e+01]
[1.00600000e+03 9.98000000e+02 5.62514193e-01 8.10000000e+01]
[9.39000000e+02 5.07000000e+02 5.62561307e-01 3.00000000e+00]
[  2.         455.           0.56576835   2.        ]
[ 45.         434.           0.57264862   2.        ]
[9.90000000e+02 9.99000000e+02 5.73387143e-01 7.00000000e+00]
[4.70000000e+01 1.02600000e+03 5.75404166e-01 8.00000000e+00]
[ 55.         310.           0.57642332   2.        ]
[114.         191.           0.58429099   2.        ]
[1.023000e+03 1.015000e+03 5.876846e-01 1.500000e+01]
[1.02100000e+03 1.02700000e+03 5.87894855e-01 2.80000000e+01]
[9.87000000e+02 1.01400000e+03 5.94538879e-01 4.00000000e+01]
[502.         506.           0.59598537   2.        ]
[1.31000000e+02 1.01100000e+03 5.96041912e-01 1.12000000e+02]
[1.03100000e+03 9.92000000e+02 5.97382351e-01 3.00000000e+01]
[1.01600000e+03 1.03500000e+03 6.00788332e-01 3.30000000e+01]
[1.20000000e+02 6.24000000e+02 6.01334412e-01 3.00000000e+00]
[9.93000000e+02 1.62000000e+02 6.10486691e-01 5.00000000e+00]
[1.018000e+03 1.034000e+03 6.111663e-01 1.950000e+02]
[1.01700000e+03 1.02800000e+03 6.11922084e-01 9.60000000e+01]
[1.04000000e+03 1.77000000e+02 6.12088239e-01 9.70000000e+01]
[1.01200000e+03 1.02200000e+03 6.25097863e-01 8.60000000e+01]
[1.01900000e+03 1.04100000e+03 6.25416903e-01 1.18000000e+02]
[1.03600000e+03 1.04300000e+03 6.38931111e-01 1.51000000e+02]
[1.02900000e+03 3.55000000e+02 6.46786857e-01 3.00000000e+00]
[1.03200000e+03 1.04200000e+03 6.57345705e-01 1.26000000e+02]
[1.03900000e+03 1.02000000e+03 6.60727727e-01 2.03000000e+02]
[1.6900000e+02 1.0300000e+03 6.6127052e-01 1.6000000e+01]
[1.04700000e+03 1.04400000e+03 6.62393018e-01 3.54000000e+02]
[1.03800000e+03 7.26000000e+02 6.66422118e-01 8.00000000e+00]
[4.19000000e+02 1.03300000e+03 6.69517187e-01 3.00000000e+00]
[1.03700000e+03 1.66000000e+02 6.86248877e-01 4.00000000e+00]
[1.04900000e+03 1.05000000e+03 6.94437225e-01 3.62000000e+02]
[1.04600000e+03 1.05300000e+03 7.00839568e-01 4.88000000e+02]
[1.0240000e+03 1.0480000e+03 7.0854831e-01 1.8000000e+01]
[1.05400000e+03 9.67000000e+02 7.13671882e-01 4.90000000e+02]
[1.00900000e+03 1.05500000e+03 7.20649825e-01 2.00000000e+01]
[1.30000000e+01 1.02500000e+03 7.24022874e-01 3.00000000e+00]
[1.05600000e+03 1.05100000e+03 7.36591311e-01 4.93000000e+02]
[1.05900000e+03 1.08000000e+02 7.46662293e-01 4.94000000e+02]
[1.06000000e+03 1.05700000e+03 7.46753968e-01 5.14000000e+02]
[1.26000000e+02 1.06100000e+03 7.50479065e-01 5.15000000e+02]
[1.0450000e+03 1.0520000e+03 7.5266214e-01 7.0000000e+00]
[212.         458.           0.75316398   2.        ]
[1.06300000e+03 7.44000000e+02 7.83954032e-01 9.00000000e+00]
[1.06200000e+03 1.06400000e+03 7.84332449e-01 5.17000000e+02]
[543.         147.           0.79119649   3.        ]
[1.06500000e+03 1.06600000e+03 8.30689108e-01 5.26000000e+02]
[1.05800000e+03 1.06800000e+03 8.32505802e-01 5.29000000e+02]
[1.06900000e+03 3.14000000e+02 8.87939185e-01 5.30000000e+02]
[1.07000000e+03 8.60000000e+01 8.90215636e-01 5.31000000e+02]
[533.        429.          0.9051164   2.       ]
[277.        311.          0.9151923   2.       ]
[1.0710000e+03 2.8900000e+02 9.3801974e-01 5.3200000e+02]
[1.07400000e+03 1.06700000e+03 9.55071587e-01 5.35000000e+02]
[1.07500000e+03 1.07300000e+03 9.68392341e-01 5.37000000e+02]
[1.07600000e+03 1.07200000e+03 9.75732809e-01 5.39000000e+02]
[1.07700000e+03 2.01000000e+02 1.01172954e+00 5.40000000e+02]
