[  1. 216.   0.   2.]
[540. 269.   0.   3.]
[  6. 129.   0.   2.]
[ 24. 284.   0.   2.]
[64. 68.  0.  2.]
[544.  93.   0.   3.]
[545. 123.   0.   4.]
[546. 214.   0.   5.]
[547. 261.   0.   6.]
[ 72. 437.   0.   2.]
[ 78. 125.   0.   2.]
[550. 315.   0.   3.]
[ 95. 152.   0.   2.]
[552. 240.   0.   3.]
[553. 301.   0.   4.]
[554. 308.   0.   5.]
[555. 220.   0.   6.]
[307. 556.   0.   7.]
[136. 336.   0.   2.]
[178. 245.   0.   2.]
[205. 262.   0.   2.]
[270. 271.   0.   2.]
[561. 140.   0.   3.]
[359. 413.   0.   2.]
[5.57000000e+02 2.95000000e+02 3.33179975e-09 8.00000000e+00]
[5.64000000e+02 5.00000000e+01 8.57629935e-09 9.00000000e+00]
[5.6200000e+02 1.7000000e+02 1.9887608e-08 4.0000000e+00]
[9.00000000e+01 5.18000000e+02 2.10734243e-08 2.00000000e+00]
[1.96000000e+02 6.60000000e+01 2.10734243e-08 2.00000000e+00]
[3.29000000e+02 5.65000000e+02 2.10734243e-08 1.00000000e+01]
[2.36000000e+02 1.51000000e+02 2.58095683e-08 2.00000000e+00]
[3.00000000e+02 3.02000000e+02 2.58095683e-08 2.00000000e+00]
[7.40000000e+01 9.10000000e+01 2.98023224e-08 2.00000000e+00]
[5.72000000e+02 3.17000000e+02 2.98023224e-08 3.00000000e+00]
[5.71000000e+02 1.09000000e+02 3.57913921e-08 3.00000000e+00]
[4.00000000e+02 5.66000000e+02 7.95504321e-08 5.00000000e+00]
[5.7300000e+02 2.7400000e+02 8.5600654e-08 4.0000000e+00]
[5.75000000e+02 3.34000000e+02 8.63866566e-03 6.00000000e+00]
[5.77000000e+02 2.29000000e+02 2.47604107e-02 7.00000000e+00]
[3.80000000e+02 5.78000000e+02 3.97612731e-02 8.00000000e+00]
[5.74000000e+02 4.68000000e+02 4.20291496e-02 4.00000000e+00]
[1.35000000e+02 5.69000000e+02 4.25762787e-02 1.10000000e+01]
[5.60000000e+02 5.79000000e+02 5.39234141e-02 1.00000000e+01]
[5.81000000e+02 1.30000000e+02 7.95958446e-02 1.20000000e+01]
[5.83000000e+02 2.19000000e+02 8.41377065e-02 1.30000000e+01]
[8.10000000e+01 5.84000000e+02 8.75833913e-02 1.40000000e+01]
[4.36000000e+02 5.22000000e+02 9.44913275e-02 2.00000000e+00]
[5.41000000e+02 1.92000000e+02 9.54560764e-02 4.00000000e+00]
[5.680000e+02 3.500000e+02 9.936187e-02 3.000000e+00]
[1.24000000e+02 3.05000000e+02 1.01434478e-01 2.00000000e+00]
[2.18000000e+02 5.03000000e+02 1.03739493e-01 2.00000000e+00]
[21.         40.          0.10729738  2.        ]
[3.03000000e+02 3.69000000e+02 1.08592174e-01 2.00000000e+00]
[4.92000000e+02 5.23000000e+02 1.11173699e-01 2.00000000e+00]
[5.7000000e+02 1.6500000e+02 1.1133502e-01 3.0000000e+00]
[1.70000000e+01 2.83000000e+02 1.11574654e-01 2.00000000e+00]
[3.67000000e+02 2.11000000e+02 1.13166108e-01 2.00000000e+00]
[5.82000000e+02 4.00000000e+00 1.16173329e-01 1.10000000e+01]
[4.90000000e+01 2.46000000e+02 1.17898885e-01 2.00000000e+00]
[65.         76.          0.11806438  2.        ]
[4.26000000e+02 5.29000000e+02 1.20585876e-01 2.00000000e+00]
[2.47000000e+02 2.49000000e+02 1.20809237e-01 2.00000000e+00]
[5.97000000e+02 2.98000000e+02 1.22115053e-01 1.20000000e+01]
[1.55000000e+02 5.85000000e+02 1.24712852e-01 1.50000000e+01]
[3.09000000e+02 3.60000000e+02 1.24956369e-01 2.00000000e+00]
[3.96000000e+02 6.00000000e+02 1.25181915e-01 3.00000000e+00]
[3.39000000e+02 4.73000000e+02 1.25662516e-01 2.00000000e+00]
[5.76000000e+02 2.04000000e+02 1.25922583e-01 5.00000000e+00]
[5.20000000e+01 3.82000000e+02 1.26632982e-01 2.00000000e+00]
[3.00000000e+01 2.09000000e+02 1.27010975e-01 2.00000000e+00]
[3.46000000e+02 3.90000000e+01 1.28446535e-01 2.00000000e+00]
[6.02000000e+02 2.51000000e+02 1.31619337e-01 1.30000000e+01]
[ 62.         112.           0.13782569   2.        ]
[2.13000000e+02 3.86000000e+02 1.38148785e-01 2.00000000e+00]
[2.90000000e+02 5.30000000e+02 1.40875527e-01 2.00000000e+00]
[6.07000000e+02 1.64000000e+02 1.41364975e-01 6.00000000e+00]
[4.61000000e+02 5.86000000e+02 1.46741382e-01 3.00000000e+00]
[4.10000000e+01 6.08000000e+02 1.49602584e-01 3.00000000e+00]
[1.80000000e+02 6.12000000e+02 1.50853104e-01 3.00000000e+00]
[3.6600000e+02 5.9300000e+02 1.5205281e-01 3.0000000e+00]
[1.85000000e+02 6.14000000e+02 1.52240951e-01 3.00000000e+00]
[4.33000000e+02 5.21000000e+02 1.54450646e-01 2.00000000e+00]
[3.56000000e+02 4.67000000e+02 1.55558139e-01 2.00000000e+00]
[1.60000000e+01 4.39000000e+02 1.55672607e-01 2.00000000e+00]
[1.03000000e+02 5.88000000e+02 1.56734331e-01 4.00000000e+00]
[2.07000000e+02 2.56000000e+02 1.57179222e-01 2.00000000e+00]
[2.9700000e+02 4.2700000e+02 1.5722257e-01 2.0000000e+00]
[5.87000000e+02 9.20000000e+01 1.57774859e-01 5.00000000e+00]
[3.81000000e+02 4.48000000e+02 1.59989036e-01 2.00000000e+00]
[3.97000000e+02 4.44000000e+02 1.60988044e-01 2.00000000e+00]
[1.4300000e+02 4.4500000e+02 1.6132986e-01 2.0000000e+00]
[ 54.         150.           0.16245685   2.        ]
[4.02000000e+02 4.89000000e+02 1.63179724e-01 2.00000000e+00]
[3.45000000e+02 5.42000000e+02 1.64550693e-01 3.00000000e+00]
[8.00000000e+01 6.29000000e+02 1.64697451e-01 3.00000000e+00]
[6.15000000e+02 1.21000000e+02 1.64732133e-01 7.00000000e+00]
[2.91000000e+02 6.18000000e+02 1.65301466e-01 4.00000000e+00]
[4.15000000e+02 4.60000000e+02 1.65853944e-01 2.00000000e+00]
[1.44000000e+02 6.19000000e+02 1.68128335e-01 4.00000000e+00]
[3.20000000e+02 4.06000000e+02 1.68766344e-01 2.00000000e+00]
[1.42000000e+02 5.63000000e+02 1.70996411e-01 3.00000000e+00]
[6.31000000e+02 6.25000000e+02 1.72203474e-01 4.00000000e+00]
[5.16000000e+02 1.16000000e+02 1.73673849e-01 2.00000000e+00]
[1.83000000e+02 3.47000000e+02 1.76011937e-01 2.00000000e+00]
[6.1100000e+02 5.5800000e+02 1.7808956e-01 1.5000000e+01]
[2.08000000e+02 6.36000000e+02 1.80262433e-01 5.00000000e+00]
[2.90000000e+01 6.06000000e+02 1.82520664e-01 3.00000000e+00]
[5.00000000e+00 2.75000000e+02 1.83164198e-01 2.00000000e+00]
[6.44000000e+02 1.04000000e+02 1.84378859e-01 1.60000000e+01]
[5.94000000e+02 6.45000000e+02 1.85851932e-01 8.00000000e+00]
[6.48000000e+02 1.90000000e+01 1.86821959e-01 1.70000000e+01]
[ 27.         172.           0.18742212   2.        ]
[6.50000000e+02 7.00000000e+01 1.89575261e-01 1.80000000e+01]
[3.27000000e+02 1.60000000e+02 1.91127035e-01 2.00000000e+00]
[5.96000000e+02 4.08000000e+02 1.91373101e-01 3.00000000e+00]
[2.06000000e+02 3.22000000e+02 1.92766971e-01 2.00000000e+00]
[6.52000000e+02 2.21000000e+02 1.93322277e-01 1.90000000e+01]
[1.28000000e+02 3.33000000e+02 1.93397273e-01 2.00000000e+00]
[2.00000000e+01 6.41000000e+02 1.97119221e-01 5.00000000e+00]
[6.33000000e+02 6.56000000e+02 1.98267878e-01 2.20000000e+01]
[6.27000000e+02 1.53000000e+02 2.01055254e-01 6.00000000e+00]
[9.00000000e+00 5.51000000e+02 2.04365129e-01 4.00000000e+00]
[3.18000000e+02 5.09000000e+02 2.07611804e-01 2.00000000e+00]
[4.18000000e+02 6.16000000e+02 2.08621944e-01 4.00000000e+00]
[6.28000000e+02 1.54000000e+02 2.13980576e-01 3.00000000e+00]
[1.15000000e+02 6.57000000e+02 2.14434406e-01 3.00000000e+00]
[6.03000000e+02 3.28000000e+02 2.21048225e-01 1.60000000e+01]
[6.61000000e+02 1.56000000e+02 2.21195433e-01 5.00000000e+00]
[3.80000000e+01 5.80000000e+02 2.21644277e-01 5.00000000e+00]
[5.11000000e+02 6.67000000e+02 2.22931541e-01 6.00000000e+00]
[6.2000000e+02 1.9500000e+02 2.2388969e-01 4.0000000e+00]
[1.22000000e+02 2.78000000e+02 2.23919495e-01 2.00000000e+00]
[3.6100000e+02 5.2700000e+02 2.2450116e-01 2.0000000e+00]
[6.35000000e+02 8.70000000e+01 2.24841461e-01 8.00000000e+00]
[4.38000000e+02 6.70000000e+02 2.25796996e-01 5.00000000e+00]
[176.         186.           0.22614687   2.        ]
[5.43000000e+02 1.89000000e+02 2.26679693e-01 3.00000000e+00]
[6.66000000e+02 6.64000000e+02 2.27398076e-01 1.90000000e+01]
[6.04000000e+02 9.60000000e+01 2.27517119e-01 3.00000000e+00]
[6.54000000e+02 6.43000000e+02 2.29763937e-01 5.00000000e+00]
[4.90000000e+02 6.62000000e+02 2.30694445e-01 3.00000000e+00]
[4.80000000e+02 6.77000000e+02 2.30820368e-01 2.00000000e+01]
[2.10000000e+02 3.83000000e+02 2.31573919e-01 2.00000000e+00]
[1.82000000e+02 6.81000000e+02 2.32693345e-01 2.10000000e+01]
[6.53000000e+02 2.64000000e+02 2.38421257e-01 3.00000000e+00]
[4.54000000e+02 6.83000000e+02 2.38916466e-01 2.20000000e+01]
[6.2100000e+02 3.6300000e+02 2.3903532e-01 3.0000000e+00]
[6.58000000e+02 6.47000000e+02 2.42670746e-01 7.00000000e+00]
[6.60000000e+02 6.73000000e+02 2.42777335e-01 1.40000000e+01]
[6.87000000e+02 2.65000000e+02 2.44733945e-01 8.00000000e+00]
[7.10000000e+01 4.62000000e+02 2.51338993e-01 2.00000000e+00]
[2.4800000e+02 6.6300000e+02 2.5418042e-01 5.0000000e+00]
[3.50000000e+01 6.85000000e+02 2.55297526e-01 2.30000000e+01]
[5.38000000e+02 6.84000000e+02 2.56140024e-01 4.00000000e+00]
[5.48000000e+02 6.89000000e+02 2.56217603e-01 1.40000000e+01]
[2.28000000e+02 3.57000000e+02 2.56396483e-01 2.00000000e+00]
[8.50000000e+01 6.92000000e+02 2.60961862e-01 2.40000000e+01]
[6.05000000e+02 4.14000000e+02 2.60982484e-01 4.00000000e+00]
[6.71000000e+02 2.33000000e+02 2.61624352e-01 3.00000000e+00]
[ 58.         238.           0.26223597   2.        ]
[3.4000000e+02 6.9400000e+02 2.6493829e-01 1.5000000e+01]
[2.76000000e+02 6.59000000e+02 2.65042793e-01 2.30000000e+01]
[6.34000000e+02 4.09000000e+02 2.65970579e-01 4.00000000e+00]
[1.32000000e+02 6.75000000e+02 2.67260068e-01 3.00000000e+00]
[3.58000000e+02 7.03000000e+02 2.67494386e-01 4.00000000e+00]
[6.70000000e+01 7.01000000e+02 2.67605549e-01 2.40000000e+01]
[6.860000e+02 2.200000e+01 2.680189e-01 4.000000e+00]
[6.82000000e+02 3.74000000e+02 2.69812377e-01 3.00000000e+00]
[5.99000000e+02 4.05000000e+02 2.72231731e-01 3.00000000e+00]
[8.2000000e+01 6.9600000e+02 2.7281352e-01 2.5000000e+01]
[2.66000000e+02 7.09000000e+02 2.73590088e-01 2.60000000e+01]
[2.25000000e+02 6.55000000e+02 2.75040369e-01 3.00000000e+00]
[7.06000000e+02 3.98000000e+02 2.75734497e-01 5.00000000e+00]
[2.22000000e+02 2.99000000e+02 2.77009465e-01 2.00000000e+00]
[4.69000000e+02 7.10000000e+02 2.77165635e-01 2.70000000e+01]
[1.2000000e+01 3.9000000e+02 2.7750399e-01 2.0000000e+00]
[6.79000000e+02 2.30000000e+01 2.77791226e-01 6.00000000e+00]
[1.39000000e+02 6.65000000e+02 2.79867232e-01 4.00000000e+00]
[3.84000000e+02 4.79000000e+02 2.80139453e-01 2.00000000e+00]
[4.60000000e+01 7.08000000e+02 2.81556951e-01 4.00000000e+00]
[3.24000000e+02 7.00000000e+02 2.83177879e-01 1.60000000e+01]
[4.7100000e+02 6.1300000e+02 2.8352352e-01 3.0000000e+00]
[1.00000000e+01 7.11000000e+02 2.84375679e-01 4.00000000e+00]
[1.80000000e+01 6.68000000e+02 2.85531181e-01 6.00000000e+00]
[5.25000000e+02 4.21000000e+02 2.86181444e-01 2.00000000e+00]
[7.04000000e+02 5.59000000e+02 2.86244728e-01 6.00000000e+00]
[6.98000000e+02 6.49000000e+02 2.86429258e-01 1.10000000e+01]
[2.55000000e+02 7.25000000e+02 2.87273827e-01 7.00000000e+00]
[1.01000000e+02 7.24000000e+02 2.87388291e-01 3.00000000e+00]
[5.17000000e+02 6.38000000e+02 2.88458967e-01 5.00000000e+00]
[6.78000000e+02 5.10000000e+01 2.88874271e-01 4.00000000e+00]
[3.3500000e+02 3.3800000e+02 2.9013737e-01 2.0000000e+00]
[6.40000000e+02 7.29000000e+02 2.90636121e-01 8.00000000e+00]
[7.16000000e+02 9.80000000e+01 2.93675249e-01 7.00000000e+00]
[1.40000000e+01 7.12000000e+02 2.94319063e-01 6.00000000e+00]
[ 73.         200.           0.29448037   2.        ]
[3.21000000e+02 3.89000000e+02 2.95596664e-01 2.00000000e+00]
[7.05000000e+02 1.19000000e+02 2.96463119e-01 2.50000000e+01]
[1.87000000e+02 5.00000000e+02 2.98471635e-01 2.00000000e+00]
[7.37000000e+02 4.95000000e+02 2.98520392e-01 2.60000000e+01]
[6.46000000e+02 4.86000000e+02 2.98610989e-01 4.00000000e+00]
[6.69000000e+02 1.99000000e+02 2.99000133e-01 7.00000000e+00]
[5.70000000e+01 7.21000000e+02 2.99426931e-01 4.00000000e+00]
[127.         252.           0.30028381   2.        ]
[259.           3.           0.30029598   2.        ]
[4.63000000e+02 7.19000000e+02 3.02160662e-01 5.00000000e+00]
[4.87000000e+02 6.23000000e+02 3.04622628e-01 3.00000000e+00]
[4.22000000e+02 7.28000000e+02 3.05033381e-01 4.00000000e+00]
[4.42000000e+02 7.31000000e+02 3.05071324e-01 3.00000000e+00]
[6.74000000e+02 6.95000000e+02 3.05163484e-01 7.00000000e+00]
[6.99000000e+02 1.06000000e+02 3.05457791e-01 3.00000000e+00]
[4.94000000e+02 7.18000000e+02 3.07506133e-01 3.00000000e+00]
[2.44000000e+02 7.27000000e+02 3.07699476e-01 8.00000000e+00]
[4.76000000e+02 5.15000000e+02 3.08691267e-01 2.00000000e+00]
[3.65000000e+02 4.43000000e+02 3.09139825e-01 2.00000000e+00]
[3.4800000e+02 7.3300000e+02 3.0986362e-01 8.0000000e+00]
[2.24000000e+02 5.37000000e+02 3.10863798e-01 2.00000000e+00]
[2.72000000e+02 7.14000000e+02 3.11780517e-01 2.80000000e+01]
[7.44000000e+02 7.20000000e+02 3.14026287e-01 1.80000000e+01]
[5.35000000e+02 6.22000000e+02 3.14219807e-01 3.00000000e+00]
[5.12000000e+02 5.13000000e+02 3.14470709e-01 2.00000000e+00]
[2.39000000e+02 7.57000000e+02 3.14984768e-01 2.90000000e+01]
[9.70000000e+01 7.47000000e+02 3.15641735e-01 5.00000000e+00]
[8.80000000e+01 5.67000000e+02 3.15851529e-01 3.00000000e+00]
[3.30000000e+01 7.26000000e+02 3.16293343e-01 1.20000000e+01]
[3.78000000e+02 3.62000000e+02 3.16710467e-01 2.00000000e+00]
[9.40000000e+01 7.51000000e+02 3.16913593e-01 4.00000000e+00]
[2.17000000e+02 7.13000000e+02 3.17440664e-01 3.00000000e+00]
[3.23000000e+02 6.32000000e+02 3.17611175e-01 3.00000000e+00]
[5.95000000e+02 1.97000000e+02 3.18131611e-01 3.00000000e+00]
[174.          99.           0.31956972   2.        ]
[7.41000000e+02 1.61000000e+02 3.22071447e-01 8.00000000e+00]
[4.57000000e+02 7.69000000e+02 3.22418126e-01 4.00000000e+00]
[4.04000000e+02 7.62000000e+02 3.23117646e-01 6.00000000e+00]
[7.50000000e+02 3.91000000e+02 3.24180985e-01 4.00000000e+00]
[7.46000000e+02 6.93000000e+02 3.24295758e-01 7.00000000e+00]
[2.27000000e+02 7.58000000e+02 3.26221409e-01 1.90000000e+01]
[3.20000000e+01 7.75000000e+02 3.26980921e-01 8.00000000e+00]
[4.24000000e+02 7.55000000e+02 3.27500991e-01 9.00000000e+00]
[4.660000e+02 7.660000e+02 3.285475e-01 5.000000e+00]
[4.35000000e+02 7.71000000e+02 3.29079909e-01 9.00000000e+00]
[7.49000000e+02 5.24000000e+02 3.30130505e-01 8.00000000e+00]
[7.43000000e+02 7.61000000e+02 3.31023648e-01 3.10000000e+01]
[3.73000000e+02 7.42000000e+02 3.31039314e-01 5.00000000e+00]
[2.32000000e+02 7.32000000e+02 3.31157269e-01 9.00000000e+00]
[6.8000000e+02 7.6000000e+02 3.3181902e-01 5.0000000e+00]
[7.68000000e+02 4.46000000e+02 3.31949994e-01 4.00000000e+00]
[1.13000000e+02 7.39000000e+02 3.32282983e-01 2.70000000e+01]
[7.30000000e+02 2.80000000e+01 3.32303378e-01 5.00000000e+00]
[4.7200000e+02 5.0800000e+02 3.3244084e-01 2.0000000e+00]
[5.4900000e+02 7.8000000e+02 3.3286328e-01 1.1000000e+01]
[5.90000000e+01 6.88000000e+02 3.35291295e-01 1.50000000e+01]
[7.76000000e+02 3.40000000e+01 3.36344522e-01 2.00000000e+01]
[2.92000000e+02 7.65000000e+02 3.36459776e-01 3.00000000e+00]
[193.         279.           0.33775523   2.        ]
[7.92000000e+02 2.50000000e+02 3.38736301e-01 2.10000000e+01]
[7.52000000e+02 3.72000000e+02 3.39257557e-01 9.00000000e+00]
[1.17000000e+02 7.91000000e+02 3.39358913e-01 1.60000000e+01]
[2.96000000e+02 5.92000000e+02 3.39782156e-01 3.00000000e+00]
[7.95000000e+02 3.87000000e+02 3.42777181e-01 2.20000000e+01]
[4.49000000e+02 7.79000000e+02 3.44772911e-01 6.00000000e+00]
[7.81000000e+02 4.85000000e+02 3.45412327e-01 9.00000000e+00]
[7.23000000e+02 2.94000000e+02 3.45580174e-01 7.00000000e+00]
[7.50000000e+01 7.59000000e+02 3.45904238e-01 4.00000000e+00]
[7.77000000e+02 7.82000000e+02 3.46115411e-01 3.90000000e+01]
[3.13000000e+02 7.93000000e+02 3.47243567e-01 4.00000000e+00]
[8.30000000e+01 7.45000000e+02 3.48177533e-01 6.00000000e+00]
[7.17000000e+02 2.02000000e+02 3.48553701e-01 5.00000000e+00]
[1.73000000e+02 7.22000000e+02 3.48672154e-01 5.00000000e+00]
[7.00000000e+00 7.73000000e+02 3.48899284e-01 7.00000000e+00]
[4.10000000e+02 7.85000000e+02 3.49975635e-01 6.00000000e+00]
[2.15000000e+02 7.53000000e+02 3.51462858e-01 3.00000000e+00]
[7.36000000e+02 7.64000000e+02 3.51686252e-01 1.40000000e+01]
[2.2600000e+02 5.2000000e+02 3.5173616e-01 2.0000000e+00]
[5.01000000e+02 8.00000000e+02 3.52842919e-01 7.00000000e+00]
[8.02000000e+02 2.87000000e+02 3.54127481e-01 8.00000000e+00]
[ 25.         331.           0.35421984   2.        ]
[349.           0.           0.35440778   2.        ]
[1.48000000e+02 7.99000000e+02 3.56061098e-01 2.30000000e+01]
[7.90000000e+02 3.93000000e+02 3.56072327e-01 1.20000000e+01]
[1.00000000e+02 8.03000000e+02 3.56819819e-01 5.00000000e+00]
[8.01000000e+02 8.14000000e+02 3.57081415e-01 1.60000000e+01]
[6.37000000e+02 7.98000000e+02 3.57203082e-01 5.00000000e+00]
[7.74000000e+02 8.10000000e+02 3.57755862e-01 1.00000000e+01]
[2.60000000e+01 7.78000000e+02 3.57923334e-01 1.00000000e+01]
[7.1500000e+02 8.0900000e+02 3.5858195e-01 9.0000000e+00]
[2.3000000e+02 8.2300000e+02 3.5867836e-01 1.1000000e+01]
[4.50000000e+02 8.22000000e+02 3.58738661e-01 6.00000000e+00]
[7.84000000e+02 7.56000000e+02 3.58972471e-01 1.10000000e+01]
[6.91000000e+02 7.02000000e+02 3.59595224e-01 9.00000000e+00]
[6.30000000e+01 8.24000000e+02 3.59986865e-01 1.10000000e+01]
[3.42000000e+02 7.96000000e+02 3.62338802e-01 1.00000000e+01]
[3.26000000e+02 8.30000000e+02 3.62878147e-01 1.20000000e+01]
[1.58000000e+02 8.28000000e+02 3.63425254e-01 1.20000000e+01]
[2.67000000e+02 8.20000000e+02 3.65296944e-01 6.00000000e+00]
[6.90000000e+02 8.12000000e+02 3.65749782e-01 1.60000000e+01]
[7.88000000e+02 4.83000000e+02 3.66648956e-01 6.00000000e+00]
[3.70000000e+02 4.59000000e+02 3.67354344e-01 2.00000000e+00]
[1.5900000e+02 4.1700000e+02 3.6787929e-01 2.0000000e+00]
[1.90000000e+02 7.72000000e+02 3.68042709e-01 5.00000000e+00]
[3.52000000e+02 8.34000000e+02 3.68439189e-01 7.00000000e+00]
[8.07000000e+02 2.41000000e+02 3.68960338e-01 6.00000000e+00]
[7.63000000e+02 8.26000000e+02 3.69179454e-01 1.40000000e+01]
[6.7600000e+02 7.9000000e+01 3.6933742e-01 4.0000000e+00]
[5.26000000e+02 3.60000000e+01 3.70448896e-01 2.00000000e+00]
[1.37000000e+02 8.17000000e+02 3.70678405e-01 3.00000000e+00]
[7.83000000e+02 8.11000000e+02 3.70939791e-01 8.00000000e+00]
[8.13000000e+02 5.60000000e+01 3.71298313e-01 3.00000000e+00]
[4.96000000e+02 8.21000000e+02 3.74193674e-01 1.70000000e+01]
[3.70000000e+01 7.35000000e+02 3.76536219e-01 3.00000000e+00]
[1.49000000e+02 8.27000000e+02 3.76696886e-01 7.00000000e+00]
[8.04000000e+02 8.06000000e+02 3.76845018e-01 4.50000000e+01]
[4.40000000e+01 4.52000000e+02 3.77009493e-01 2.00000000e+00]
[4.80000000e+01 8.18000000e+02 3.77013885e-01 2.40000000e+01]
[ 53.         282.           0.37914083   2.        ]
[3.71000000e+02 8.33000000e+02 3.80201962e-01 1.30000000e+01]
[6.51000000e+02 1.63000000e+02 3.80371677e-01 3.00000000e+00]
[1.05000000e+02 8.41000000e+02 3.81544005e-01 7.00000000e+00]
[5.91000000e+02 8.48000000e+02 3.82724706e-01 1.90000000e+01]
[8.39000000e+02 8.25000000e+02 3.84402232e-01 1.40000000e+01]
[8.3600000e+02 3.5300000e+02 3.8496287e-01 7.0000000e+00]
[7.67000000e+02 8.05000000e+02 3.85227221e-01 7.00000000e+00]
[8.45000000e+02 1.68000000e+02 3.85454452e-01 4.00000000e+00]
[3.76000000e+02 8.32000000e+02 3.85874637e-01 1.30000000e+01]
[2.86000000e+02 7.89000000e+02 3.85982353e-01 3.00000000e+00]
[3.43000000e+02 8.47000000e+02 3.86154582e-01 4.00000000e+00]
[8.40000000e+02 6.72000000e+02 3.87164684e-01 9.00000000e+00]
[4.40000000e+02 8.55000000e+02 3.87413533e-01 1.40000000e+01]
[8.51000000e+02 8.49000000e+02 3.88068302e-01 4.80000000e+01]
[5.05000000e+02 6.01000000e+02 3.89805834e-01 3.00000000e+00]
[2.0300000e+02 8.3100000e+02 3.9084554e-01 1.1000000e+01]
[8.46000000e+02 8.63000000e+02 3.90868924e-01 2.10000000e+01]
[2.7300000e+02 8.5700000e+02 3.9150725e-01 8.0000000e+00]
[7.97000000e+02 7.70000000e+02 3.93885141e-01 1.80000000e+01]
[8.68000000e+02 1.88000000e+02 3.94248438e-01 4.90000000e+01]
[1.02000000e+02 8.59000000e+02 3.94286352e-01 1.50000000e+01]
[8.15000000e+02 5.98000000e+02 3.95423349e-01 1.00000000e+01]
[8.73000000e+02 2.80000000e+02 3.96720869e-01 1.90000000e+01]
[3.12000000e+02 8.58000000e+02 3.97687194e-01 2.00000000e+01]
[4.78000000e+02 8.67000000e+02 4.00300764e-01 1.50000000e+01]
[3.68000000e+02 7.38000000e+02 4.00779248e-01 3.00000000e+00]
[8.53000000e+02 8.08000000e+02 4.00899134e-01 2.90000000e+01]
[1.8400000e+02 8.7000000e+02 4.0097912e-01 1.2000000e+01]
[3.95000000e+02 7.34000000e+02 4.01338549e-01 7.00000000e+00]
[8.62000000e+02 7.48000000e+02 4.01733775e-01 7.00000000e+00]
[3.3000000e+02 4.9100000e+02 4.0257663e-01 2.0000000e+00]
[2.35000000e+02 8.76000000e+02 4.02967806e-01 1.10000000e+01]
[5.32000000e+02 8.42000000e+02 4.04056294e-01 1.50000000e+01]
[2.58000000e+02 8.35000000e+02 4.04528576e-01 1.70000000e+01]
[8.38000000e+02 8.88000000e+02 4.05385674e-01 1.90000000e+01]
[8.16000000e+02 8.66000000e+02 4.06138778e-01 1.10000000e+01]
[8.60000000e+02 8.79000000e+02 4.06687591e-01 2.20000000e+01]
[3.44000000e+02 8.44000000e+02 4.06845042e-01 3.00000000e+00]
[8.90000000e+02 4.82000000e+02 4.07825709e-01 1.20000000e+01]
[5.34000000e+02 8.71000000e+02 4.08412633e-01 2.20000000e+01]
[8.81000000e+02 7.87000000e+02 4.08567954e-01 5.60000000e+01]
[8.84000000e+02 8.50000000e+02 4.08970369e-01 1.40000000e+01]
[2.5400000e+02 8.7400000e+02 4.0898723e-01 5.0000000e+01]
[4.81000000e+02 8.75000000e+02 4.09365791e-01 1.60000000e+01]
[8.29000000e+02 1.33000000e+02 4.09376331e-01 1.00000000e+01]
[4.20000000e+01 4.84000000e+02 4.09711543e-01 2.00000000e+00]
[1.38000000e+02 8.95000000e+02 4.11955027e-01 5.70000000e+01]
[6.10000000e+01 8.37000000e+02 4.12975604e-01 3.00000000e+00]
[8.540000e+02 4.560000e+02 4.139958e-01 3.000000e+00]
[260.         337.           0.41430677   2.        ]
[1.50000000e+01 7.07000000e+02 4.14920718e-01 4.00000000e+00]
[1.6700000e+02 8.8300000e+02 4.1594616e-01 8.0000000e+00]
[8.99000000e+02 6.42000000e+02 4.16157665e-01 1.20000000e+01]
[4.03000000e+02 4.64000000e+02 4.16957741e-01 2.00000000e+00]
[3.99000000e+02 8.72000000e+02 4.17068344e-01 9.00000000e+00]
[4.01000000e+02 8.82000000e+02 4.17825969e-01 1.30000000e+01]
[3.10000000e+01 9.08000000e+02 4.18584602e-01 3.00000000e+00]
[8.69000000e+02 3.92000000e+02 4.18694999e-01 4.00000000e+00]
[8.90000000e+01 8.65000000e+02 4.19427089e-01 5.00000000e+00]
[5.28000000e+02 8.89000000e+02 4.20392367e-01 2.00000000e+01]
[4.51000000e+02 6.26000000e+02 4.20739735e-01 3.00000000e+00]
[8.97000000e+02 2.85000000e+02 4.21340394e-01 5.10000000e+01]
[8.78000000e+02 7.86000000e+02 4.22024111e-01 2.40000000e+01]
[1.81000000e+02 9.10000000e+02 4.22609133e-01 1.40000000e+01]
[4.30000000e+02 9.17000000e+02 4.23336702e-01 2.50000000e+01]
[8.6100000e+02 9.0600000e+02 4.2582197e-01 1.5000000e+01]
[1.18000000e+02 9.05000000e+02 4.26038496e-01 5.00000000e+00]
[8.00000000e+00 9.12000000e+02 4.26391172e-01 5.00000000e+00]
[2.5700000e+02 9.1300000e+02 4.2663921e-01 6.0000000e+00]
[1.11000000e+02 9.16000000e+02 4.28412865e-01 5.20000000e+01]
[2.42000000e+02 9.19000000e+02 4.29355808e-01 2.60000000e+01]
[2.88000000e+02 8.56000000e+02 4.31640565e-01 4.00000000e+00]
[6.17000000e+02 1.41000000e+02 4.33388728e-01 4.00000000e+00]
[4.31000000e+02 8.98000000e+02 4.35190944e-01 1.70000000e+01]
[2.93000000e+02 9.23000000e+02 4.35274341e-01 7.00000000e+00]
[2.31000000e+02 8.52000000e+02 4.38546894e-01 3.00000000e+00]
[5.39000000e+02 8.86000000e+02 4.38668651e-01 1.20000000e+01]
[2.63000000e+02 9.11000000e+02 4.41652224e-01 4.00000000e+00]
[3.04000000e+02 8.19000000e+02 4.42423922e-01 1.30000000e+01]
[8.64000000e+02 9.01000000e+02 4.42483611e-01 6.00000000e+01]
[9.14000000e+02 8.93000000e+02 4.44242459e-01 3.20000000e+01]
[8.91000000e+02 9.07000000e+02 4.44410642e-01 3.40000000e+01]
[5.1900000e+02 5.0700000e+02 4.4450843e-01 2.0000000e+00]
[2.81000000e+02 8.94000000e+02 4.46946358e-01 2.30000000e+01]
[4.47000000e+02 9.25000000e+02 4.47414837e-01 2.70000000e+01]
[5.89000000e+02 4.12000000e+02 4.47473051e-01 3.00000000e+00]
[9.04000000e+02 4.25000000e+02 4.50307888e-01 3.00000000e+00]
[4.28000000e+02 9.35000000e+02 4.51289255e-01 3.30000000e+01]
[1.98000000e+02 9.32000000e+02 4.51672176e-01 5.00000000e+00]
[8.96000000e+02 9.24000000e+02 4.51971664e-01 6.60000000e+01]
[4.11000000e+02 9.31000000e+02 4.52391142e-01 1.30000000e+01]
[8.85000000e+02 9.44000000e+02 4.52571796e-01 6.80000000e+01]
[9.18000000e+02 9.28000000e+02 4.53960992e-01 3.10000000e+01]
[3.25000000e+02 9.37000000e+02 4.54057818e-01 3.00000000e+00]
[9.00000000e+02 8.87000000e+02 4.54230568e-01 1.70000000e+01]
[3.85000000e+02 9.34000000e+02 4.56474724e-01 6.10000000e+01]
[5.14000000e+02 6.24000000e+02 4.58482331e-01 5.00000000e+00]
[9.20000000e+02 2.53000000e+02 4.59225683e-01 1.60000000e+01]
[1.10000000e+02 9.46000000e+02 4.59409169e-01 6.90000000e+01]
[9.47000000e+02 8.80000000e+02 4.59813074e-01 3.40000000e+01]
[1.75000000e+02 9.54000000e+02 4.60384819e-01 3.50000000e+01]
[1.34000000e+02 8.77000000e+02 4.61161562e-01 2.00000000e+01]
[9.5200000e+02 9.4200000e+02 4.6130192e-01 4.9000000e+01]
[6.39000000e+02 4.53000000e+02 4.65313984e-01 3.00000000e+00]
[6.00000000e+01 9.33000000e+02 4.65340022e-01 1.40000000e+01]
[6.97000000e+02 4.93000000e+02 4.66459166e-01 5.00000000e+00]
[9.36000000e+02 9.26000000e+02 4.67665466e-01 3.80000000e+01]
[8.43000000e+02 9.53000000e+02 4.68831802e-01 7.30000000e+01]
[9.39000000e+02 3.06000000e+02 4.69403054e-01 2.80000000e+01]
[2.23000000e+02 9.55000000e+02 4.70153294e-01 3.60000000e+01]
[4.99000000e+02 9.38000000e+02 4.70918363e-01 2.40000000e+01]
[9.63000000e+02 9.30000000e+02 4.71654181e-01 3.10000000e+01]
[1.46000000e+02 9.29000000e+02 4.71921993e-01 8.00000000e+00]
[9.61000000e+02 4.75000000e+02 4.74993106e-01 3.90000000e+01]
[9.09000000e+02 4.65000000e+02 4.75284994e-01 1.00000000e+01]
[2.37000000e+02 9.67000000e+02 4.75447238e-01 9.00000000e+00]
[9.03000000e+02 9.57000000e+02 4.76500087e-01 5.20000000e+01]
[6.90000000e+01 9.45000000e+02 4.76711183e-01 1.40000000e+01]
[3.32000000e+02 9.71000000e+02 4.76790005e-01 5.30000000e+01]
[9.68000000e+02 9.40000000e+02 4.76821813e-01 4.20000000e+01]
[5.36000000e+02 9.64000000e+02 4.77084765e-01 3.70000000e+01]
[6.1000000e+02 9.6000000e+02 4.8159773e-01 7.0000000e+00]
[1.10000000e+01 9.50000000e+02 4.82506245e-01 6.20000000e+01]
[4.30000000e+01 9.72000000e+02 4.82551111e-01 1.50000000e+01]
[5.31000000e+02 9.15000000e+02 4.84042016e-01 4.00000000e+00]
[9.66000000e+02 3.79000000e+02 4.84455136e-01 3.20000000e+01]
[4.98000000e+02 9.49000000e+02 4.86125012e-01 1.80000000e+01]
[4.32000000e+02 9.59000000e+02 4.86237642e-01 1.50000000e+01]
[9.41000000e+02 9.69000000e+02 4.86352508e-01 1.30000000e+01]
[9.80000000e+02 9.65000000e+02 4.86980015e-01 5.60000000e+01]
[9.74000000e+02 9.79000000e+02 4.88047549e-01 4.60000000e+01]
[9.85000000e+02 9.70000000e+02 4.92160592e-01 5.50000000e+01]
[4.2000000e+02 9.7500000e+02 4.9222502e-01 3.8000000e+01]
[9.43000000e+02 9.48000000e+02 5.00262502e-01 8.00000000e+00]
[5.90000000e+02 9.87000000e+02 5.01508685e-01 4.00000000e+01]
[9.8800000e+02 9.8600000e+02 5.0215808e-01 6.3000000e+01]
[9.73000000e+02 5.10000000e+02 5.08472362e-01 5.40000000e+01]
[9.78000000e+02 9.89000000e+02 5.15109942e-01 5.50000000e+01]
[8.40000000e+01 9.76000000e+02 5.16185403e-01 8.00000000e+00]
[4.77000000e+02 9.84000000e+02 5.17520383e-01 5.70000000e+01]
[9.56000000e+02 9.83000000e+02 5.18922698e-01 3.30000000e+01]
[1.79000000e+02 9.90000000e+02 5.19649296e-01 6.40000000e+01]
[4.74000000e+02 9.22000000e+02 5.26541578e-01 6.00000000e+00]
[8.9200000e+02 9.8100000e+02 5.2789497e-01 2.1000000e+01]
[1.57000000e+02 9.91000000e+02 5.28619494e-01 5.50000000e+01]
[9.58000000e+02 9.92000000e+02 5.29124392e-01 5.80000000e+01]
[9.02000000e+02 9.99000000e+02 5.30589961e-01 5.80000000e+01]
[9.82000000e+02 9.98000000e+02 5.33124618e-01 3.60000000e+01]
[3.88000000e+02 9.27000000e+02 5.33433391e-01 5.00000000e+00]
[9.9300000e+02 7.4000000e+02 5.3375925e-01 1.2000000e+01]
[3.64000000e+02 9.96000000e+02 5.34155044e-01 6.50000000e+01]
[3.51000000e+02 1.00400000e+03 5.42533348e-01 1.30000000e+01]
[107.         316.           0.54362018   2.        ]
[2.43000000e+02 1.00000000e+03 5.43895019e-01 5.90000000e+01]
[4.70000000e+02 1.00800000e+03 5.44128119e-01 6.00000000e+01]
[7.94000000e+02 1.00300000e+03 5.48995111e-01 7.00000000e+00]
[1.94000000e+02 9.77000000e+02 5.51629266e-01 6.30000000e+01]
[497.         375.           0.55618551   2.        ]
[1.00200000e+03 6.09000000e+02 5.57430854e-01 3.80000000e+01]
[1.00600000e+03 9.97000000e+02 5.58043804e-01 1.90000000e+01]
[3.5400000e+02 1.0010000e+03 5.6222886e-01 5.9000000e+01]
[1.01300000e+03 3.94000000e+02 5.62907543e-01 3.90000000e+01]
[2.68000000e+02 9.95000000e+02 5.64493713e-01 3.40000000e+01]
[4.55000000e+02 1.01400000e+03 5.65768352e-01 2.00000000e+01]
[1.01600000e+03 4.19000000e+02 5.65993626e-01 4.00000000e+01]
[1.01900000e+03 4.16000000e+02 5.67455204e-01 4.10000000e+01]
[2.34000000e+02 9.94000000e+02 5.69039803e-01 5.80000000e+01]
[4.4100000e+02 1.0100000e+03 5.6985835e-01 8.0000000e+00]
[1.71000000e+02 1.02000000e+03 5.71152263e-01 4.20000000e+01]
[4.50000000e+01 1.01100000e+03 5.72648624e-01 6.40000000e+01]
[3.10000000e+02 9.62000000e+02 5.76423321e-01 7.40000000e+01]
[1.02100000e+03 1.01200000e+03 5.79064962e-01 6.00000000e+01]
[1.14000000e+02 1.02200000e+03 5.84290993e-01 9.00000000e+00]
[1.02600000e+03 3.77000000e+02 5.84524527e-01 6.10000000e+01]
[1.02800000e+03 1.77000000e+02 5.85807441e-01 6.20000000e+01]
[9.5100000e+02 1.0090000e+03 5.8686012e-01 6.5000000e+01]
[1.02300000e+03 1.01700000e+03 5.87741755e-01 7.60000000e+01]
[1.02900000e+03 1.03100000e+03 5.88230877e-01 1.38000000e+02]
[1.01500000e+03 1.03000000e+03 5.91318777e-01 1.24000000e+02]
[5.02000000e+02 1.03200000e+03 5.95985371e-01 1.39000000e+02]
[6.30000000e+02 1.02700000e+03 6.01334412e-01 1.10000000e+01]
[1.31000000e+02 1.02500000e+03 6.09587469e-01 7.50000000e+01]
[1.45000000e+02 1.03400000e+03 6.10249462e-01 1.40000000e+02]
[4.88000000e+02 1.03600000e+03 6.13975989e-01 7.60000000e+01]
[1.03300000e+03 9.21000000e+02 6.17895801e-01 1.29000000e+02]
[7.70000000e+01 1.03900000e+03 6.22152983e-01 1.30000000e+02]
[1.20000000e+02 1.03500000e+03 6.22529772e-01 1.20000000e+01]
[5.5000000e+01 1.0400000e+03 6.2492404e-01 1.3100000e+02]
[2.00000000e+00 1.01800000e+03 6.28782831e-01 2.10000000e+01]
[4.70000000e+01 1.04300000e+03 6.32127978e-01 2.20000000e+01]
[1.00500000e+03 1.04400000e+03 6.40645359e-01 8.70000000e+01]
[4.0700000e+02 1.0380000e+03 6.5089296e-01 7.7000000e+01]
[1.69000000e+02 1.04500000e+03 6.52604143e-01 8.80000000e+01]
[1.02400000e+03 1.04600000e+03 6.62467733e-01 1.41000000e+02]
[1.04800000e+03 1.04200000e+03 6.70492981e-01 2.72000000e+02]
[3.5500000e+02 1.0410000e+03 6.8073976e-01 1.3000000e+01]
[1.03700000e+03 4.58000000e+02 6.84889797e-01 1.41000000e+02]
[1.04900000e+03 5.06000000e+02 6.99949179e-01 2.73000000e+02]
[1.04700000e+03 1.00700000e+03 7.00184424e-01 9.00000000e+01]
[1.05200000e+03 1.26000000e+02 7.00236587e-01 2.74000000e+02]
[1.05400000e+03 5.04000000e+02 7.00662406e-01 2.75000000e+02]
[1.05500000e+03 4.34000000e+02 7.01292988e-01 2.76000000e+02]
[1.05300000e+03 1.05000000e+03 7.03996393e-01 1.03000000e+02]
[1.05700000e+03 1.30000000e+01 7.22605603e-01 1.04000000e+02]
[7.54000000e+02 1.05600000e+03 7.22700015e-01 2.78000000e+02]
[1.05800000e+03 1.47000000e+02 7.23631368e-01 1.05000000e+02]
[1.06000000e+03 1.91000000e+02 7.25333893e-01 1.06000000e+02]
[1.06100000e+03 3.41000000e+02 7.27164407e-01 1.07000000e+02]
[1.0620000e+03 1.6600000e+02 7.2850025e-01 1.0800000e+02]
[1.08000000e+02 1.05100000e+03 7.30830129e-01 1.42000000e+02]
[1.06400000e+03 1.06300000e+03 7.92484657e-01 2.50000000e+02]
[1.62000000e+02 1.05900000e+03 8.30305656e-01 2.79000000e+02]
[1.06500000e+03 2.12000000e+02 8.41654199e-01 2.51000000e+02]
[1.06700000e+03 1.06600000e+03 8.60207699e-01 5.30000000e+02]
[1.06800000e+03 3.14000000e+02 8.85195684e-01 5.31000000e+02]
[3.11000000e+02 1.06900000e+03 9.05116401e-01 5.32000000e+02]
[5.33000000e+02 1.07000000e+03 9.16383469e-01 5.33000000e+02]
[2.77000000e+02 1.07100000e+03 9.45890728e-01 5.34000000e+02]
[1.07200000e+03 8.60000000e+01 9.47659374e-01 5.35000000e+02]
[1.07300000e+03 3.19000000e+02 9.47860605e-01 5.36000000e+02]
[1.07400000e+03 4.29000000e+02 9.48371781e-01 5.37000000e+02]
[289.         423.           0.98831128   2.        ]
[2.01000000e+02 1.07500000e+03 9.90674789e-01 5.38000000e+02]
[1077.         1076.            1.14664753  540.        ]
