[  1. 216.   0.   2.]
[540. 113.   0.   3.]
[  6. 129.   0.   2.]
[ 24. 423.   0.   2.]
[64. 68.  0.  2.]
[544.  93.   0.   3.]
[545. 123.   0.   4.]
[546. 214.   0.   5.]
[547. 261.   0.   6.]
[ 72. 437.   0.   2.]
[ 78. 125.   0.   2.]
[550. 315.   0.   3.]
[ 95. 152.   0.   2.]
[552. 240.   0.   3.]
[553. 301.   0.   4.]
[554. 308.   0.   5.]
[555. 220.   0.   6.]
[307. 556.   0.   7.]
[136. 336.   0.   2.]
[178. 245.   0.   2.]
[205. 251.   0.   2.]
[270. 271.   0.   2.]
[561. 140.   0.   3.]
[359. 413.   0.   2.]
[5.57000000e+02 2.95000000e+02 3.33179975e-09 8.00000000e+00]
[8.10000000e+01 5.64000000e+02 8.57629935e-09 9.00000000e+00]
[5.6200000e+02 1.7000000e+02 1.9887608e-08 4.0000000e+00]
[5.00000000e+01 1.35000000e+02 2.10734243e-08 2.00000000e+00]
[5.67000000e+02 3.29000000e+02 2.10734243e-08 3.00000000e+00]
[9.00000000e+01 5.18000000e+02 2.10734243e-08 2.00000000e+00]
[1.03000000e+02 1.96000000e+02 2.10734243e-08 2.00000000e+00]
[6.10000000e+01 2.36000000e+02 2.58095683e-08 2.00000000e+00]
[3.00000000e+02 3.02000000e+02 2.58095683e-08 2.00000000e+00]
[7.40000000e+01 9.10000000e+01 2.98023224e-08 2.00000000e+00]
[5.73000000e+02 3.17000000e+02 2.98023224e-08 3.00000000e+00]
[5.72000000e+02 4.68000000e+02 3.57913921e-08 3.00000000e+00]
[4.00000000e+02 5.66000000e+02 7.95504321e-08 5.00000000e+00]
[5.7400000e+02 2.7400000e+02 8.5600654e-08 4.0000000e+00]
[3.80000000e+02 5.76000000e+02 8.63866566e-03 6.00000000e+00]
[5.68000000e+02 5.65000000e+02 9.09310098e-02 1.20000000e+01]
[4.36000000e+02 5.22000000e+02 9.44913275e-02 2.00000000e+00]
[2.6200000e+02 5.7800000e+02 1.0123878e-01 7.0000000e+00]
[1.24000000e+02 3.05000000e+02 1.01434478e-01 2.00000000e+00]
[2.18000000e+02 5.03000000e+02 1.03739493e-01 2.00000000e+00]
[21.         40.          0.10729738  2.        ]
[3.03000000e+02 3.69000000e+02 1.08592174e-01 2.00000000e+00]
[4.92000000e+02 5.23000000e+02 1.11173699e-01 2.00000000e+00]
[5.79000000e+02 1.30000000e+02 1.11377742e-01 1.30000000e+01]
[1.70000000e+01 2.83000000e+02 1.11574654e-01 2.00000000e+00]
[1.65000000e+02 2.08000000e+02 1.12730895e-01 2.00000000e+00]
[3.48000000e+02 3.67000000e+02 1.13166108e-01 2.00000000e+00]
[4.00000000e+00 5.81000000e+02 1.17012647e-01 8.00000000e+00]
[4.90000000e+01 2.46000000e+02 1.17898885e-01 2.00000000e+00]
[65.         76.          0.11806438  2.        ]
[6.30000000e+01 4.26000000e+02 1.20585876e-01 2.00000000e+00]
[2.47000000e+02 2.49000000e+02 1.20809237e-01 2.00000000e+00]
[1.55000000e+02 2.72000000e+02 1.24712852e-01 2.00000000e+00]
[3.09000000e+02 3.94000000e+02 1.24956369e-01 2.00000000e+00]
[3.96000000e+02 4.14000000e+02 1.25181915e-01 2.00000000e+00]
[3.39000000e+02 4.73000000e+02 1.25662516e-01 2.00000000e+00]
[5.77000000e+02 2.04000000e+02 1.25922583e-01 5.00000000e+00]
[41.         52.          0.12663298  2.        ]
[3.00000000e+01 2.09000000e+02 1.27010975e-01 2.00000000e+00]
[3.46000000e+02 4.38000000e+02 1.28446535e-01 2.00000000e+00]
[5.8900000e+02 2.9100000e+02 1.3140904e-01 3.0000000e+00]
[ 62.         112.           0.13782569   2.        ]
[2.13000000e+02 3.86000000e+02 1.38148785e-01 2.00000000e+00]
[2.90000000e+02 5.30000000e+02 1.40875527e-01 2.00000000e+00]
[6.00000000e+02 1.64000000e+02 1.41364975e-01 6.00000000e+00]
[5.91000000e+02 5.58000000e+02 1.42556546e-01 1.00000000e+01]
[6.04000000e+02 1.80000000e+02 1.45617183e-01 4.00000000e+00]
[4.18000000e+02 4.61000000e+02 1.46741382e-01 2.00000000e+00]
[2.29000000e+02 6.09000000e+02 1.46911742e-01 1.10000000e+01]
[3.6600000e+02 5.1700000e+02 1.5205281e-01 2.0000000e+00]
[1.85000000e+02 1.95000000e+02 1.52240951e-01 2.00000000e+00]
[1.40000000e+01 4.33000000e+02 1.54450646e-01 2.00000000e+00]
[5.87000000e+02 2.19000000e+02 1.55199557e-01 1.40000000e+01]
[3.56000000e+02 4.67000000e+02 1.55558139e-01 2.00000000e+00]
[1.60000000e+01 4.39000000e+02 1.55672607e-01 2.00000000e+00]
[2.07000000e+02 2.56000000e+02 1.57179222e-01 2.00000000e+00]
[2.9700000e+02 4.2700000e+02 1.5722257e-01 2.0000000e+00]
[6.16000000e+02 1.60000000e+02 1.59134023e-01 1.50000000e+01]
[3.81000000e+02 4.05000000e+02 1.59989036e-01 2.00000000e+00]
[3.97000000e+02 4.44000000e+02 1.60988044e-01 2.00000000e+00]
[1.4300000e+02 4.4500000e+02 1.6132986e-01 2.0000000e+00]
[ 54.         150.           0.16245685   2.        ]
[6.21000000e+02 3.34000000e+02 1.63038394e-01 1.60000000e+01]
[4.02000000e+02 4.89000000e+02 1.63179724e-01 2.00000000e+00]
[3.45000000e+02 5.42000000e+02 1.64550693e-01 3.00000000e+00]
[8.00000000e+01 4.09000000e+02 1.64697451e-01 2.00000000e+00]
[6.08000000e+02 1.21000000e+02 1.64732133e-01 7.00000000e+00]
[4.15000000e+02 4.60000000e+02 1.65853944e-01 2.00000000e+00]
[5.75000000e+02 6.12000000e+02 1.68116491e-01 1.40000000e+01]
[1.44000000e+02 5.63000000e+02 1.68128335e-01 3.00000000e+00]
[6.26000000e+02 3.50000000e+01 1.68293864e-01 1.70000000e+01]
[3.20000000e+02 4.06000000e+02 1.68766344e-01 2.00000000e+00]
[1.42000000e+02 5.19000000e+02 1.70996411e-01 2.00000000e+00]
[6.34000000e+02 1.54000000e+02 1.71513455e-01 1.80000000e+01]
[6.25000000e+02 1.48000000e+02 1.72203474e-01 3.00000000e+00]
[2.48000000e+02 5.16000000e+02 1.73673849e-01 2.00000000e+00]
[1.83000000e+02 3.47000000e+02 1.76011937e-01 2.00000000e+00]
[2.90000000e+01 4.86000000e+02 1.82520664e-01 2.00000000e+00]
[6.10000000e+02 6.05000000e+02 1.83112494e-01 6.00000000e+00]
[5.00000000e+00 2.75000000e+02 1.83164198e-01 2.00000000e+00]
[ 27.         172.           0.18742212   2.        ]
[5.6000000e+02 6.3200000e+02 1.8824532e-01 1.6000000e+01]
[3.27000000e+02 5.38000000e+02 1.91127035e-01 2.00000000e+00]
[1.90000000e+01 6.28000000e+02 1.92732823e-01 4.00000000e+00]
[2.06000000e+02 3.22000000e+02 1.92766971e-01 2.00000000e+00]
[1.28000000e+02 6.42000000e+02 1.93397273e-01 7.00000000e+00]
[6.37000000e+02 4.48000000e+02 1.94582628e-01 1.90000000e+01]
[3.33000000e+02 6.49000000e+02 1.95114783e-01 8.00000000e+00]
[2.00000000e+01 6.19000000e+02 1.97119221e-01 3.00000000e+00]
[9.00000000e+00 5.51000000e+02 2.04365129e-01 4.00000000e+00]
[6.50000000e+02 2.39000000e+02 2.05358934e-01 2.00000000e+01]
[6.54000000e+02 3.28000000e+02 2.06956912e-01 2.10000000e+01]
[6.01000000e+02 3.82000000e+02 2.07463021e-01 3.00000000e+00]
[3.18000000e+02 5.09000000e+02 2.07611804e-01 2.00000000e+00]
[6.55000000e+02 7.00000000e+01 2.08119479e-01 2.20000000e+01]
[3.0000000e+00 2.9800000e+02 2.0885322e-01 2.0000000e+00]
[6.58000000e+02 4.54000000e+02 2.10192733e-01 2.30000000e+01]
[6.60000000e+02 4.80000000e+02 2.11052218e-01 2.40000000e+01]
[1.15000000e+02 6.51000000e+02 2.13532673e-01 9.00000000e+00]
[6.45000000e+02 1.09000000e+02 2.15077057e-01 1.70000000e+01]
[6.52000000e+02 6.43000000e+02 2.19713057e-01 5.00000000e+00]
[6.63000000e+02 3.40000000e+02 2.21181763e-01 1.80000000e+01]
[6.53000000e+02 1.56000000e+02 2.21195433e-01 5.00000000e+00]
[3.93000000e+02 5.11000000e+02 2.22931541e-01 2.00000000e+00]
[1.04000000e+02 6.47000000e+02 2.23491147e-01 5.00000000e+00]
[ 33.        122.          0.2239195   2.       ]
[6.65000000e+02 2.21000000e+02 2.24146258e-01 1.90000000e+01]
[3.6100000e+02 5.2700000e+02 2.2450116e-01 2.0000000e+00]
[6.30000000e+02 8.70000000e+01 2.24841461e-01 8.00000000e+00]
[1.76000000e+02 6.70000000e+02 2.26146865e-01 2.00000000e+01]
[6.6400000e+02 2.6500000e+02 2.2892508e-01 6.0000000e+00]
[2.37000000e+02 4.90000000e+02 2.30694445e-01 2.00000000e+00]
[2.10000000e+02 3.83000000e+02 2.31573919e-01 2.00000000e+00]
[1.82000000e+02 6.61000000e+02 2.32693345e-01 2.50000000e+01]
[6.72000000e+02 1.53000000e+02 2.32883807e-01 9.00000000e+00]
[ 92.         192.           0.23469212   2.        ]
[6.79000000e+02 2.69000000e+02 2.44310487e-01 3.00000000e+00]
[7.10000000e+01 4.62000000e+02 2.51338993e-01 2.00000000e+00]
[6.77000000e+02 6.22000000e+02 2.55948178e-01 2.70000000e+01]
[5.48000000e+02 6.74000000e+02 2.56217603e-01 1.20000000e+01]
[2.28000000e+02 3.57000000e+02 2.56396483e-01 2.00000000e+00]
[8.20000000e+01 6.82000000e+02 2.56515741e-01 2.80000000e+01]
[6.5900000e+02 6.6800000e+02 2.5655522e-01 7.0000000e+00]
[3.63000000e+02 5.21000000e+02 2.58961339e-01 2.00000000e+00]
[1.73000000e+02 6.48000000e+02 2.60961862e-01 3.00000000e+00]
[ 58.         238.           0.26223597   2.        ]
[4.87000000e+02 6.18000000e+02 2.63614979e-01 3.00000000e+00]
[6.78000000e+02 1.74000000e+02 2.64632623e-01 1.00000000e+01]
[6.70000000e+01 6.38000000e+02 2.65042793e-01 4.00000000e+00]
[5.59000000e+02 2.55000000e+02 2.67494386e-01 3.00000000e+00]
[6.85000000e+02 2.11000000e+02 2.69761663e-01 2.90000000e+01]
[6.76000000e+02 3.74000000e+02 2.69812377e-01 3.00000000e+00]
[6.6200000e+02 2.0200000e+02 2.7101781e-01 1.0000000e+01]
[2.6400000e+02 6.8600000e+02 2.7152345e-01 8.0000000e+00]
[6.6600000e+02 1.9900000e+02 2.7215671e-01 6.0000000e+00]
[4.60000000e+01 5.93000000e+02 2.72231731e-01 3.00000000e+00]
[2.66000000e+02 6.94000000e+02 2.73590088e-01 3.00000000e+01]
[5.2900000e+02 6.0700000e+02 2.7388589e-01 3.0000000e+00]
[6.73000000e+02 1.86000000e+02 2.74213178e-01 2.10000000e+01]
[ 10.         225.           0.27504037   2.        ]
[217.         222.           0.27700947   2.        ]
[3.32000000e+02 4.69000000e+02 2.77165635e-01 2.00000000e+00]
[1.2000000e+01 3.9000000e+02 2.7750399e-01 2.0000000e+00]
[8.50000000e+01 6.97000000e+02 2.78868861e-01 9.00000000e+00]
[6.83000000e+02 6.92000000e+02 2.79009444e-01 1.60000000e+01]
[6.930000e+02 9.800000e+01 2.791858e-01 4.000000e+00]
[139.         241.           0.27986723   2.        ]
[3.84000000e+02 4.79000000e+02 2.80139453e-01 2.00000000e+00]
[7.09000000e+02 3.58000000e+02 2.80370639e-01 5.00000000e+00]
[2.30000000e+02 6.57000000e+02 2.83084026e-01 3.00000000e+00]
[3.24000000e+02 7.08000000e+02 2.83177879e-01 1.70000000e+01]
[4.7100000e+02 6.0600000e+02 2.8352352e-01 3.0000000e+00]
[6.96000000e+02 2.33000000e+02 2.83936262e-01 1.10000000e+01]
[4.22000000e+02 7.01000000e+02 2.83981138e-01 4.00000000e+00]
[1.80000000e+01 2.94000000e+02 2.85531181e-01 2.00000000e+00]
[5.25000000e+02 4.21000000e+02 2.86181444e-01 2.00000000e+00]
[2.99000000e+02 3.95000000e+02 2.86218198e-01 2.00000000e+00]
[1.01000000e+02 7.17000000e+02 2.87388291e-01 5.00000000e+00]
[7.19000000e+02 7.21000000e+02 2.87750747e-01 7.00000000e+00]
[1.3200000e+02 7.0200000e+02 2.8823745e-01 2.2000000e+01]
[3.3500000e+02 6.9900000e+02 2.9013737e-01 4.0000000e+00]
[6.11000000e+02 5.80000000e+02 2.94390069e-01 4.00000000e+00]
[ 73.         200.           0.29448037   2.        ]
[3.21000000e+02 3.89000000e+02 2.95596664e-01 2.00000000e+00]
[4.08000000e+02 5.90000000e+02 2.97043997e-01 3.00000000e+00]
[6.60000000e+01 5.70000000e+02 2.98085568e-01 3.00000000e+00]
[5.96000000e+02 7.00000000e+02 2.98296392e-01 3.20000000e+01]
[1.87000000e+02 5.00000000e+02 2.98471635e-01 2.00000000e+00]
[5.70000000e+01 7.15000000e+02 2.99426931e-01 4.00000000e+00]
[1.27000000e+02 7.30000000e+02 3.00283814e-01 3.30000000e+01]
[2.59000000e+02 7.07000000e+02 3.00295983e-01 1.00000000e+01]
[4.63000000e+02 7.33000000e+02 3.02160662e-01 3.40000000e+01]
[6.46000000e+02 7.23000000e+02 3.03336883e-01 2.40000000e+01]
[6.98000000e+02 4.35000000e+02 3.04795889e-01 7.00000000e+00]
[2.50000000e+02 4.42000000e+02 3.05071324e-01 2.00000000e+00]
[6.89000000e+02 1.06000000e+02 3.05457791e-01 3.00000000e+00]
[6.69000000e+02 3.62000000e+02 3.06645444e-01 3.00000000e+00]
[4.94000000e+02 7.11000000e+02 3.07506133e-01 3.00000000e+00]
[6.13000000e+02 5.86000000e+02 3.08518015e-01 4.00000000e+00]
[4.76000000e+02 5.15000000e+02 3.08691267e-01 2.00000000e+00]
[6.8400000e+02 7.0600000e+02 3.0884575e-01 4.0000000e+00]
[3.65000000e+02 4.43000000e+02 3.09139825e-01 2.00000000e+00]
[3.50000000e+02 7.34000000e+02 3.10227923e-01 1.10000000e+01]
[7.12000000e+02 2.44000000e+02 3.10630317e-01 6.00000000e+00]
[2.32000000e+02 7.42000000e+02 3.10863798e-01 5.00000000e+00]
[5.13000000e+02 7.32000000e+02 3.14470709e-01 5.00000000e+00]
[6.91000000e+02 1.17000000e+02 3.14573755e-01 1.10000000e+01]
[7.22000000e+02 9.70000000e+01 3.14703423e-01 8.00000000e+00]
[2.87000000e+02 7.14000000e+02 3.15233284e-01 1.80000000e+01]
[8.80000000e+01 7.39000000e+02 3.15851529e-01 4.00000000e+00]
[6.17000000e+02 5.35000000e+02 3.16124745e-01 3.00000000e+00]
[2.92000000e+02 7.27000000e+02 3.16710467e-01 3.00000000e+00]
[6.15000000e+02 2.20000000e+01 3.16739913e-01 3.00000000e+00]
[9.40000000e+01 7.44000000e+02 3.16913593e-01 5.00000000e+00]
[3.23000000e+02 6.27000000e+02 3.17611175e-01 3.00000000e+00]
[6.90000000e+02 4.95000000e+02 3.18050704e-01 4.00000000e+00]
[5.88000000e+02 1.97000000e+02 3.18131611e-01 3.00000000e+00]
[2.76000000e+02 5.41000000e+02 3.19514459e-01 4.00000000e+00]
[7.5100000e+02 7.6000000e+02 3.2018855e-01 1.1000000e+01]
[1.94000000e+02 7.35000000e+02 3.20305464e-01 3.50000000e+01]
[7.40000000e+02 2.67000000e+02 3.22073596e-01 4.00000000e+00]
[2.50000000e+01 4.04000000e+02 3.23117646e-01 2.00000000e+00]
[4.66000000e+02 7.41000000e+02 3.25275548e-01 4.00000000e+00]
[3.20000000e+01 7.59000000e+02 3.25847394e-01 5.00000000e+00]
[2.27000000e+02 7.46000000e+02 3.26221409e-01 1.20000000e+01]
[7.2400000e+02 6.4000000e+02 3.2655975e-01 6.0000000e+00]
[1.19000000e+02 7.68000000e+02 3.26660415e-01 1.30000000e+01]
[4.24000000e+02 7.49000000e+02 3.27500991e-01 6.00000000e+00]
[3.78000000e+02 7.55000000e+02 3.27618624e-01 4.00000000e+00]
[5.1000000e+01 7.2500000e+02 3.2803971e-01 5.0000000e+00]
[4.9600000e+02 7.5400000e+02 3.2883422e-01 4.0000000e+00]
[3.910000e+02 7.710000e+02 3.295004e-01 7.000000e+00]
[3.73000000e+02 7.57000000e+02 3.31039314e-01 6.00000000e+00]
[4.46000000e+02 7.62000000e+02 3.31949994e-01 1.20000000e+01]
[4.7200000e+02 5.0800000e+02 3.3244084e-01 2.0000000e+00]
[1.51000000e+02 7.64000000e+02 3.34005009e-01 5.00000000e+00]
[1.89000000e+02 7.36000000e+02 3.35948186e-01 2.50000000e+01]
[6.67000000e+02 7.37000000e+02 3.36962316e-01 9.00000000e+00]
[7.69000000e+02 6.14000000e+02 3.37168408e-01 8.00000000e+00]
[193.         279.           0.33775523   2.        ]
[7.63000000e+02 2.52000000e+02 3.38799583e-01 3.60000000e+01]
[2.30000000e+01 7.67000000e+02 3.38865666e-01 6.00000000e+00]
[2.96000000e+02 5.85000000e+02 3.39782156e-01 3.00000000e+00]
[7.18000000e+02 7.52000000e+02 3.40646487e-01 2.00000000e+01]
[7.47000000e+02 7.85000000e+02 3.41019141e-01 1.20000000e+01]
[7.48000000e+02 3.71000000e+02 3.41307937e-01 6.00000000e+00]
[9.60000000e+01 7.28000000e+02 3.41883725e-01 4.00000000e+00]
[7.66000000e+02 4.49000000e+02 3.44515706e-01 5.00000000e+00]
[5.24000000e+02 7.82000000e+02 3.45529035e-01 9.00000000e+00]
[ 75.         102.           0.34590424   2.        ]
[3.40000000e+01 7.70000000e+02 3.46661792e-01 1.40000000e+01]
[7.16000000e+02 7.10000000e+02 3.46903061e-01 1.30000000e+01]
[161.         260.           0.34834714   2.        ]
[3.87000000e+02 7.94000000e+02 3.48400476e-01 1.50000000e+01]
[3.80000000e+01 7.80000000e+02 3.48756912e-01 2.60000000e+01]
[3.5200000e+02 7.9100000e+02 3.4927475e-01 6.0000000e+00]
[7.90000000e+02 4.57000000e+02 3.49466976e-01 5.00000000e+00]
[7.75000000e+02 5.12000000e+02 3.50516075e-01 8.00000000e+00]
[3.72000000e+02 7.88000000e+02 3.50950506e-01 1.30000000e+01]
[2.15000000e+02 7.43000000e+02 3.51462858e-01 3.00000000e+00]
[2.2600000e+02 5.2000000e+02 3.5173616e-01 2.0000000e+00]
[5.90000000e+01 7.50000000e+02 3.52942304e-01 1.20000000e+01]
[7.53000000e+02 5.69000000e+02 3.53242505e-01 6.00000000e+00]
[7.73000000e+02 8.04000000e+02 3.53328567e-01 7.00000000e+00]
[2.60000000e+01 7.76000000e+02 3.53662296e-01 7.00000000e+00]
[349.           0.           0.35440778   2.        ]
[7.03000000e+02 6.88000000e+02 3.55733254e-01 5.00000000e+00]
[7.13000000e+02 3.76000000e+02 3.55886456e-01 4.00000000e+00]
[137.         168.           0.35681982   2.        ]
[1.49000000e+02 7.79000000e+02 3.57203082e-01 6.00000000e+00]
[8.0500000e+02 3.1300000e+02 3.5828513e-01 1.3000000e+01]
[4.50000000e+02 8.07000000e+02 3.58738661e-01 8.00000000e+00]
[8.060000e+02 4.100000e+02 3.597792e-01 7.000000e+00]
[3.68000000e+02 7.31000000e+02 3.62338802e-01 3.00000000e+00]
[1.58000000e+02 7.89000000e+02 3.63425254e-01 7.00000000e+00]
[5.28000000e+02 7.65000000e+02 3.63554674e-01 3.00000000e+00]
[7.95000000e+02 8.02000000e+02 3.64189442e-01 2.60000000e+01]
[5.94000000e+02 3.26000000e+02 3.66214909e-01 3.00000000e+00]
[3.70000000e+02 4.59000000e+02 3.67354344e-01 2.00000000e+00]
[6.80000000e+02 2.80000000e+02 3.67573463e-01 4.00000000e+00]
[1.5900000e+02 4.1700000e+02 3.6787929e-01 2.0000000e+00]
[1.90000000e+02 8.00000000e+02 3.68042709e-01 6.00000000e+00]
[4.85000000e+02 7.77000000e+02 3.69048122e-01 1.30000000e+01]
[7.38000000e+02 7.74000000e+02 3.69966809e-01 6.00000000e+00]
[3.44000000e+02 8.01000000e+02 3.70448896e-01 9.00000000e+00]
[4.80000000e+01 7.97000000e+02 3.71835185e-01 1.60000000e+01]
[5.32000000e+02 8.16000000e+02 3.71958296e-01 8.00000000e+00]
[3.31000000e+02 8.19000000e+02 3.72769944e-01 4.00000000e+00]
[2.780000e+02 8.310000e+02 3.728111e-01 5.000000e+00]
[5.4900000e+02 7.8100000e+02 3.7350017e-01 1.1000000e+01]
[7.92000000e+02 8.09000000e+02 3.75732595e-01 1.10000000e+01]
[3.98000000e+02 7.72000000e+02 3.76188708e-01 5.00000000e+00]
[3.70000000e+01 7.98000000e+02 3.76536219e-01 2.70000000e+01]
[4.52000000e+02 6.29000000e+02 3.77009493e-01 3.00000000e+00]
[5.01000000e+02 8.34000000e+02 3.78944102e-01 1.20000000e+01]
[ 53.         282.           0.37914083   2.        ]
[6.44000000e+02 1.63000000e+02 3.80371677e-01 3.00000000e+00]
[2.24000000e+02 8.18000000e+02 3.80932149e-01 8.00000000e+00]
[6.31000000e+02 8.27000000e+02 3.81115018e-01 8.00000000e+00]
[7.04000000e+02 8.26000000e+02 3.81322763e-01 1.50000000e+01]
[1.05000000e+02 8.36000000e+02 3.81544005e-01 2.80000000e+01]
[7.90000000e+01 8.12000000e+02 3.81871791e-01 3.00000000e+00]
[5.84000000e+02 7.99000000e+02 3.82724706e-01 8.00000000e+00]
[8.30000000e+01 8.38000000e+02 3.83636808e-01 1.30000000e+01]
[3.38000000e+02 8.29000000e+02 3.83754186e-01 1.70000000e+01]
[3.60000000e+01 8.30000000e+02 3.84850007e-01 9.00000000e+00]
[7.78000000e+02 7.96000000e+02 3.85982353e-01 4.00000000e+00]
[3.43000000e+02 6.75000000e+02 3.86154582e-01 3.00000000e+00]
[7.87000000e+02 8.44000000e+02 3.86348008e-01 4.80000000e+01]
[8.40000000e+02 4.40000000e+02 3.87413533e-01 4.00000000e+00]
[8.20000000e+02 1.67000000e+02 3.89340256e-01 2.70000000e+01]
[7.93000000e+02 1.00000000e+02 3.89664691e-01 3.00000000e+00]
[5.05000000e+02 5.95000000e+02 3.89805834e-01 3.00000000e+00]
[2.0300000e+02 8.3500000e+02 3.9084554e-01 6.0000000e+00]
[2.7300000e+02 5.9200000e+02 3.9150725e-01 3.0000000e+00]
[7.56000000e+02 8.57000000e+02 3.93421634e-01 9.00000000e+00]
[3.60000000e+02 5.97000000e+02 3.94432191e-01 3.00000000e+00]
[6.36000000e+02 6.33000000e+02 3.94768475e-01 5.00000000e+00]
[8.41000000e+02 5.37000000e+02 3.95010784e-01 9.00000000e+00]
[3.53000000e+02 8.51000000e+02 3.96620957e-01 4.00000000e+00]
[3.12000000e+02 8.25000000e+02 3.97687194e-01 7.00000000e+00]
[6.71000000e+02 8.13000000e+02 3.98134958e-01 8.00000000e+00]
[7.86000000e+02 8.42000000e+02 3.98403893e-01 1.10000000e+01]
[8.15000000e+02 2.80000000e+01 3.99181623e-01 9.00000000e+00]
[8.46000000e+02 4.30000000e+02 3.99519474e-01 9.00000000e+00]
[1.41000000e+02 8.37000000e+02 3.99975356e-01 4.00000000e+00]
[2.88000000e+02 8.03000000e+02 4.00300764e-01 4.00000000e+00]
[8.67000000e+02 5.10000000e+02 4.00522683e-01 1.00000000e+01]
[1.8400000e+02 8.7100000e+02 4.0097912e-01 1.1000000e+01]
[8.54000000e+02 8.66000000e+02 4.01441922e-01 3.80000000e+01]
[3.90000000e+01 6.03000000e+02 4.01689342e-01 3.00000000e+00]
[3.42000000e+02 8.68000000e+02 4.01873017e-01 1.00000000e+01]
[4.8200000e+02 8.7500000e+02 4.0225161e-01 1.1000000e+01]
[3.3000000e+02 8.4500000e+02 4.0257663e-01 4.0000000e+00]
[5.39000000e+02 7.26000000e+02 4.02967806e-01 3.00000000e+00]
[8.24000000e+02 2.58000000e+02 4.04528576e-01 3.00000000e+00]
[9.90000000e+01 8.73000000e+02 4.06191904e-01 3.90000000e+01]
[8.08000000e+02 8.64000000e+02 4.07417051e-01 1.40000000e+01]
[4.84000000e+02 8.28000000e+02 4.07500411e-01 1.00000000e+01]
[5.34000000e+02 8.43000000e+02 4.08412633e-01 1.60000000e+01]
[2.8500000e+02 6.3500000e+02 4.0898723e-01 3.0000000e+00]
[4.81000000e+02 8.76000000e+02 4.09365791e-01 1.20000000e+01]
[8.61000000e+02 4.78000000e+02 4.10165519e-01 6.00000000e+00]
[2.86000000e+02 8.50000000e+02 4.10963118e-01 5.00000000e+00]
[8.77000000e+02 4.91000000e+02 4.11122272e-01 5.00000000e+00]
[1.38000000e+02 5.14000000e+02 4.11955027e-01 2.00000000e+00]
[6.39000000e+02 8.60000000e+02 4.12537844e-01 5.00000000e+00]
[5.71000000e+02 8.79000000e+02 4.12975603e-01 5.00000000e+00]
[8.390000e+02 8.910000e+02 4.139958e-01 7.000000e+00]
[8.59000000e+02 8.32000000e+02 4.14605995e-01 1.40000000e+01]
[1.50000000e+01 6.95000000e+02 4.14920718e-01 4.00000000e+00]
[5.60000000e+01 8.70000000e+02 4.15660255e-01 5.00000000e+00]
[6.8100000e+02 8.4700000e+02 4.1691088e-01 1.5000000e+01]
[4.03000000e+02 4.64000000e+02 4.16957741e-01 2.00000000e+00]
[3.37000000e+02 8.82000000e+02 4.16959191e-01 1.10000000e+01]
[8.81000000e+02 8.21000000e+02 4.17037907e-01 1.70000000e+01]
[3.99000000e+02 4.98000000e+02 4.17068344e-01 2.00000000e+00]
[4.01000000e+02 8.72000000e+02 4.17825969e-01 1.20000000e+01]
[2.63000000e+02 8.62000000e+02 4.18584602e-01 1.00000000e+01]
[8.56000000e+02 3.92000000e+02 4.18694999e-01 4.00000000e+00]
[8.90000000e+01 8.63000000e+02 4.19427089e-01 5.00000000e+00]
[5.31000000e+02 8.99000000e+02 4.20739735e-01 1.80000000e+01]
[8.17000000e+02 8.85000000e+02 4.22609133e-01 1.50000000e+01]
[8.86000000e+02 3.25000000e+02 4.23554929e-01 7.00000000e+00]
[8.10000000e+02 8.48000000e+02 4.24337595e-01 2.20000000e+01]
[1.18000000e+02 8.94000000e+02 4.26038496e-01 5.00000000e+00]
[8.00000000e+00 8.87000000e+02 4.26391172e-01 6.00000000e+00]
[8.78000000e+02 4.11000000e+02 4.26441378e-01 4.00000000e+00]
[2.5700000e+02 9.0400000e+02 4.2663921e-01 6.0000000e+00]
[2.93000000e+02 9.12000000e+02 4.27499969e-01 7.00000000e+00]
[4.30000000e+01 8.52000000e+02 4.28268554e-01 4.90000000e+01]
[4.83000000e+02 9.10000000e+02 4.28910896e-01 7.00000000e+00]
[8.14000000e+02 8.80000000e+02 4.29177273e-01 5.20000000e+01]
[2.42000000e+02 7.58000000e+02 4.29355808e-01 4.00000000e+00]
[1.88000000e+02 7.84000000e+02 4.32407679e-01 3.70000000e+01]
[8.93000000e+02 8.65000000e+02 4.32505219e-01 2.20000000e+01]
[1.46000000e+02 8.97000000e+02 4.33179781e-01 3.00000000e+00]
[2.3500000e+02 8.8800000e+02 4.3432128e-01 6.0000000e+00]
[8.23000000e+02 9.16000000e+02 4.34511597e-01 5.60000000e+01]
[4.31000000e+02 9.06000000e+02 4.35190944e-01 1.60000000e+01]
[6.87000000e+02 9.19000000e+02 4.35411294e-01 2.40000000e+01]
[4.40000000e+01 9.13000000e+02 4.36273875e-01 8.00000000e+00]
[1.110000e+02 8.960000e+02 4.368332e-01 1.600000e+01]
[1.10000000e+02 9.26000000e+02 4.37955979e-01 1.70000000e+01]
[2.31000000e+02 9.17000000e+02 4.38546894e-01 5.00000000e+00]
[4.99000000e+02 9.23000000e+02 4.40689485e-01 1.70000000e+01]
[8.92000000e+02 9.11000000e+02 4.41102577e-01 1.10000000e+01]
[1.81000000e+02 9.01000000e+02 4.41596761e-01 1.30000000e+01]
[3.04000000e+02 8.33000000e+02 4.42423922e-01 1.20000000e+01]
[8.5500000e+02 9.3100000e+02 4.4415774e-01 1.6000000e+01]
[4.51000000e+02 9.05000000e+02 4.46166529e-01 1.90000000e+01]
[145.         447.           0.44741484   2.        ]
[4.12000000e+02 8.90000000e+02 4.47473051e-01 6.00000000e+00]
[9.14000000e+02 9.21000000e+02 4.49078316e-01 5.50000000e+01]
[8.58000000e+02 9.37000000e+02 4.49666397e-01 5.80000000e+01]
[8.84000000e+02 7.61000000e+02 4.49711451e-01 7.00000000e+00]
[4.53000000e+02 9.15000000e+02 4.50192604e-01 8.00000000e+00]
[8.11000000e+02 8.98000000e+02 4.50323302e-01 1.50000000e+01]
[1.98000000e+02 9.02000000e+02 4.51672176e-01 1.10000000e+01]
[2.84000000e+02 9.08000000e+02 4.55808248e-01 2.30000000e+01]
[2.81000000e+02 9.29000000e+02 4.55921636e-01 1.80000000e+01]
[9.20000000e+02 9.34000000e+02 4.56235836e-01 2.20000000e+01]
[9.09000000e+02 3.85000000e+02 4.56474724e-01 6.00000000e+00]
[4.25000000e+02 4.88000000e+02 4.59702611e-01 2.00000000e+00]
[1.75000000e+02 9.33000000e+02 4.60384819e-01 1.70000000e+01]
[1.57000000e+02 9.43000000e+02 4.61161562e-01 2.40000000e+01]
[4.28000000e+02 9.30000000e+02 4.61459892e-01 1.20000000e+01]
[8.8300000e+02 9.4400000e+02 4.6233929e-01 3.4000000e+01]
[6.41000000e+02 5.99000000e+02 4.62494388e-01 4.00000000e+00]
[3.75000000e+02 9.48000000e+02 4.62532345e-01 1.80000000e+01]
[6.00000000e+01 9.32000000e+02 4.62862652e-01 1.30000000e+01]
[9.24000000e+02 9.27000000e+02 4.63505401e-01 4.10000000e+01]
[8.49000000e+02 9.41000000e+02 4.64019417e-01 2.40000000e+01]
[3.10000000e+01 9.42000000e+02 4.65829799e-01 1.20000000e+01]
[9.50000000e+02 7.20000000e+02 4.71935672e-01 1.40000000e+01]
[2.54000000e+02 9.18000000e+02 4.72367467e-01 3.80000000e+01]
[9.39000000e+02 9.59000000e+02 4.72904362e-01 4.50000000e+01]
[1.16000000e+02 9.45000000e+02 4.73203419e-01 2.30000000e+01]
[4.93000000e+02 8.53000000e+02 4.75397923e-01 5.00000000e+00]
[4.32000000e+02 8.69000000e+02 4.75738823e-01 5.00000000e+00]
[6.90000000e+01 9.38000000e+02 4.76711183e-01 5.90000000e+01]
[5.36000000e+02 9.53000000e+02 4.77084765e-01 1.90000000e+01]
[ 42.        126.          0.4772361   2.       ]
[9.58000000e+02 9.55000000e+02 4.79012098e-01 5.50000000e+01]
[9.00000000e+02 5.26000000e+02 4.79519592e-01 3.00000000e+00]
[9.25000000e+02 1.33000000e+02 4.81269772e-01 9.00000000e+00]
[1.10000000e+01 9.61000000e+02 4.82506245e-01 2.40000000e+01]
[3.79000000e+02 9.51000000e+02 4.83691939e-01 3.50000000e+01]
[2.53000000e+02 9.22000000e+02 4.86796481e-01 5.70000000e+01]
[9.40000000e+02 9.60000000e+02 4.89154985e-01 5.30000000e+01]
[5.8200000e+02 9.6200000e+02 4.8960505e-01 7.0000000e+00]
[9.28000000e+02 9.71000000e+02 4.89744432e-01 4.00000000e+01]
[7.00000000e+00 5.83000000e+02 4.91425288e-01 3.00000000e+00]
[9.07000000e+02 8.95000000e+02 4.91770895e-01 1.20000000e+01]
[9.540e+02 9.700e+02 4.948e-01 3.700e+01]
[7.05000000e+02 9.72000000e+02 4.95582233e-01 5.90000000e+01]
[9.69000000e+02 9.63000000e+02 4.96646794e-01 1.40000000e+01]
[6.23000000e+02 9.80000000e+02 4.99997394e-01 1.60000000e+01]
[9.7300000e+02 9.0300000e+02 5.0191753e-01 5.7000000e+01]
[2.23000000e+02 9.82000000e+02 5.02211115e-01 5.80000000e+01]
[4.16000000e+02 9.77000000e+02 5.02480109e-01 1.30000000e+01]
[8.89000000e+02 9.64000000e+02 5.03744654e-01 6.10000000e+01]
[5.98000000e+02 8.74000000e+02 5.04507118e-01 5.00000000e+00]
[4.65000000e+02 9.83000000e+02 5.05052486e-01 5.90000000e+01]
[4.75000000e+02 9.74000000e+02 5.07952917e-01 8.00000000e+00]
[9.78000000e+02 9.47000000e+02 5.08512862e-01 3.90000000e+01]
[4.56000000e+02 9.79000000e+02 5.10610511e-01 6.00000000e+01]
[9.65000000e+02 9.87000000e+02 5.10965273e-01 7.80000000e+01]
[4.20000000e+02 9.91000000e+02 5.11762805e-01 7.90000000e+01]
[9.68000000e+02 9.56000000e+02 5.14305663e-01 2.70000000e+01]
[8.40000000e+01 9.88000000e+02 5.16185403e-01 9.00000000e+00]
[4.77000000e+02 9.75000000e+02 5.17520383e-01 4.10000000e+01]
[1.79000000e+02 9.84000000e+02 5.19649296e-01 1.40000000e+01]
[9.57000000e+02 9.94000000e+02 5.22569367e-01 2.10000000e+01]
[9.49000000e+02 9.85000000e+02 5.23055556e-01 8.50000000e+01]
[1.34000000e+02 9.98000000e+02 5.25322271e-01 8.60000000e+01]
[4.74000000e+02 9.97000000e+02 5.26541578e-01 2.20000000e+01]
[9.67000000e+02 9.90000000e+02 5.26742274e-01 1.15000000e+02]
[9.35000000e+02 9.95000000e+02 5.33304284e-01 4.30000000e+01]
[4.97000000e+02 9.81000000e+02 5.34155044e-01 1.70000000e+01]
[9.76000000e+02 9.92000000e+02 5.42637253e-01 8.20000000e+01]
[107.         316.           0.54362018   2.        ]
[2.43000000e+02 9.99000000e+02 5.43895019e-01 8.70000000e+01]
[4.70000000e+02 1.00600000e+03 5.44128119e-01 8.80000000e+01]
[1.00200000e+03 3.06000000e+02 5.45855615e-01 4.40000000e+01]
[1.00000000e+03 9.96000000e+02 5.46256387e-01 3.60000000e+01]
[7.83000000e+02 9.52000000e+02 5.48995111e-01 6.00000000e+00]
[9.93000000e+02 9.89000000e+02 5.51607691e-01 6.60000000e+01]
[8.22000000e+02 1.00100000e+03 5.53360702e-01 1.17000000e+02]
[3.88000000e+02 6.02000000e+02 5.56996952e-01 3.00000000e+00]
[4.07000000e+02 1.00400000e+03 5.57501718e-01 8.30000000e+01]
[3.5400000e+02 1.0120000e+03 5.6222886e-01 1.1800000e+02]
[2.68000000e+02 1.00700000e+03 5.64493713e-01 8.90000000e+01]
[1.0030000e+03 6.2000000e+02 5.6521365e-01 1.9000000e+01]
[2.00000000e+00 1.00900000e+03 5.65768352e-01 3.70000000e+01]
[1.77000000e+02 1.01700000e+03 5.68614028e-01 2.00000000e+01]
[2.34000000e+02 1.00800000e+03 5.69039803e-01 4.50000000e+01]
[4.4100000e+02 1.0100000e+03 5.6985835e-01 7.0000000e+00]
[1.01400000e+03 1.01100000e+03 5.69868266e-01 1.49000000e+02]
[ 45.         434.           0.57264862   2.        ]
[5.50000000e+01 1.00500000e+03 5.76423321e-01 3.00000000e+00]
[9.86000000e+02 1.02200000e+03 5.79356752e-01 1.54000000e+02]
[1.14000000e+02 1.02100000e+03 5.84290993e-01 8.00000000e+00]
[3.51000000e+02 1.02500000e+03 5.91072245e-01 1.55000000e+02]
[7.70000000e+01 1.01500000e+03 5.92176284e-01 1.19000000e+02]
[5.02000000e+02 1.01600000e+03 5.95985371e-01 9.00000000e+01]
[1.01300000e+03 1.01800000e+03 5.98637645e-01 4.00000000e+01]
[4.55000000e+02 1.03000000e+03 5.98960007e-01 4.10000000e+01]
[9.36000000e+02 1.02600000e+03 5.99769789e-01 1.40000000e+01]
[6.24000000e+02 1.03200000e+03 6.01334412e-01 1.60000000e+01]
[1.02000000e+03 1.01900000e+03 6.06758373e-01 6.50000000e+01]
[3.1000000e+02 1.0230000e+03 6.0925603e-01 3.0000000e+00]
[1.31000000e+02 1.03500000e+03 6.09788871e-01 4.00000000e+00]
[1.71000000e+02 1.02700000e+03 6.10488568e-01 1.56000000e+02]
[507.         212.           0.61102314   2.        ]
[1.03400000e+03 3.77000000e+02 6.11326588e-01 6.60000000e+01]
[1.20000000e+02 1.03300000e+03 6.22529772e-01 1.70000000e+01]
[4.19000000e+02 1.03700000e+03 6.23472895e-01 1.57000000e+02]
[6.5600000e+02 1.0410000e+03 6.2806997e-01 1.6000000e+02]
[4.70000000e+01 1.03100000e+03 6.32127978e-01 4.20000000e+01]
[3.64000000e+02 1.03900000e+03 6.37430179e-01 6.70000000e+01]
[1.02800000e+03 3.19000000e+02 6.41944862e-01 1.20000000e+02]
[5.04000000e+02 1.04200000e+03 6.54745489e-01 1.61000000e+02]
[1.02900000e+03 1.04600000e+03 6.60115177e-01 2.51000000e+02]
[7.29000000e+02 9.46000000e+02 6.61964099e-01 9.00000000e+00]
[1.03600000e+03 1.04700000e+03 6.71906571e-01 2.55000000e+02]
[1.9100000e+02 1.0430000e+03 6.8073976e-01 4.3000000e+01]
[1.04900000e+03 1.02400000e+03 6.89319424e-01 2.58000000e+02]
[1.05100000e+03 1.04500000e+03 6.91002549e-01 3.78000000e+02]
[1.04400000e+03 9.66000000e+02 7.03470608e-01 6.90000000e+01]
[1.05300000e+03 4.58000000e+02 7.05172071e-01 7.00000000e+01]
[1.04000000e+03 1.05000000e+03 7.05231708e-01 6.00000000e+01]
[1.08000000e+02 1.05400000e+03 7.06146301e-01 7.10000000e+01]
[1.05600000e+03 1.69000000e+02 7.09526391e-01 7.20000000e+01]
[1.05200000e+03 1.04800000e+03 7.24129454e-01 3.87000000e+02]
[1.05800000e+03 1.62000000e+02 7.25497571e-01 3.88000000e+02]
[1.05900000e+03 1.30000000e+01 7.25832841e-01 3.89000000e+02]
[1.06000000e+03 1.05500000e+03 7.26010397e-01 4.49000000e+02]
[1.0610000e+03 7.4500000e+02 7.3545003e-01 4.5100000e+02]
[1.06200000e+03 1.03800000e+03 7.35864071e-01 4.53000000e+02]
[1.06300000e+03 3.41000000e+02 7.36379985e-01 4.54000000e+02]
[1.06400000e+03 5.06000000e+02 7.36426026e-01 4.55000000e+02]
[166.         355.           0.76709739   2.        ]
[1.05700000e+03 1.06500000e+03 7.77593767e-01 5.27000000e+02]
[1.47000000e+02 1.06700000e+03 7.91196488e-01 5.28000000e+02]
[1.06800000e+03 3.11000000e+02 8.65250801e-01 5.29000000e+02]
[1.06900000e+03 8.60000000e+01 8.83153996e-01 5.30000000e+02]
[1.07000000e+03 5.43000000e+02 8.83429228e-01 5.32000000e+02]
[1.07100000e+03 3.14000000e+02 8.84321593e-01 5.33000000e+02]
[1.07200000e+03 2.77000000e+02 8.84337695e-01 5.34000000e+02]
[1.06600000e+03 1.07300000e+03 8.88034634e-01 5.36000000e+02]
[429.         533.           0.91638347   2.        ]
[1.07400000e+03 1.07500000e+03 9.45028433e-01 5.38000000e+02]
[1.07600000e+03 2.01000000e+02 9.97375753e-01 5.39000000e+02]
[1.07700000e+03 2.89000000e+02 1.03373339e+00 5.40000000e+02]
