[  1. 113.   0.   2.]
[540. 216.   0.   3.]
[  6. 129.   0.   2.]
[ 24. 423.   0.   2.]
[64. 68.  0.  2.]
[544.  93.   0.   3.]
[545. 123.   0.   4.]
[546. 214.   0.   5.]
[547. 261.   0.   6.]
[ 72. 437.   0.   2.]
[ 78. 125.   0.   2.]
[550. 315.   0.   3.]
[81. 95.  0.  2.]
[552. 152.   0.   3.]
[553. 240.   0.   4.]
[554. 301.   0.   5.]
[555. 307.   0.   6.]
[556. 308.   0.   7.]
[136. 336.   0.   2.]
[178. 245.   0.   2.]
[205. 251.   0.   2.]
[220. 295.   0.   2.]
[270. 271.   0.   2.]
[562. 400.   0.   3.]
[359. 413.   0.   2.]
[5.00000000e+01 1.35000000e+02 2.10734243e-08 2.00000000e+00]
[5.65000000e+02 3.29000000e+02 2.10734243e-08 3.00000000e+00]
[9.00000000e+01 5.18000000e+02 2.10734243e-08 2.00000000e+00]
[1.03000000e+02 1.96000000e+02 2.10734243e-08 2.00000000e+00]
[1.40000000e+02 3.80000000e+02 2.10734243e-08 2.00000000e+00]
[6.10000000e+01 2.36000000e+02 2.58095683e-08 2.00000000e+00]
[3.00000000e+02 4.68000000e+02 2.58095683e-08 2.00000000e+00]
[7.40000000e+01 9.10000000e+01 2.98023224e-08 2.00000000e+00]
[5.72000000e+02 3.17000000e+02 2.98023224e-08 3.00000000e+00]
[5.57000000e+02 5.61000000e+02 5.05322962e-08 9.00000000e+00]
[5.7100000e+02 3.0200000e+02 5.7059646e-08 3.0000000e+00]
[5.690000e+02 5.630000e+02 7.989629e-08 5.000000e+00]
[5.7300000e+02 2.7400000e+02 8.5600654e-08 4.0000000e+00]
[5.66000000e+02 1.30000000e+02 9.09310098e-02 4.00000000e+00]
[4.36000000e+02 5.22000000e+02 9.44913275e-02 2.00000000e+00]
[5.76000000e+02 1.70000000e+02 9.71842347e-02 6.00000000e+00]
[4.0000000e+00 2.6200000e+02 1.0123878e-01 2.0000000e+00]
[1.24000000e+02 3.05000000e+02 1.01434478e-01 2.00000000e+00]
[2.18000000e+02 5.03000000e+02 1.03739493e-01 2.00000000e+00]
[21.         40.          0.10729738  2.        ]
[5.78000000e+02 5.74000000e+02 1.07624214e-01 1.30000000e+01]
[3.03000000e+02 3.69000000e+02 1.08592174e-01 2.00000000e+00]
[4.92000000e+02 5.23000000e+02 1.11173699e-01 2.00000000e+00]
[1.70000000e+01 2.83000000e+02 1.11574654e-01 2.00000000e+00]
[1.65000000e+02 2.08000000e+02 1.12730895e-01 2.00000000e+00]
[3.48000000e+02 3.67000000e+02 1.13166108e-01 2.00000000e+00]
[4.90000000e+01 2.46000000e+02 1.17898885e-01 2.00000000e+00]
[65.         76.          0.11806438  2.        ]
[6.30000000e+01 4.26000000e+02 1.20585876e-01 2.00000000e+00]
[2.47000000e+02 2.49000000e+02 1.20809237e-01 2.00000000e+00]
[1.55000000e+02 2.72000000e+02 1.24712852e-01 2.00000000e+00]
[3.09000000e+02 3.94000000e+02 1.24956369e-01 2.00000000e+00]
[3.96000000e+02 4.14000000e+02 1.25181915e-01 2.00000000e+00]
[3.39000000e+02 4.73000000e+02 1.25662516e-01 2.00000000e+00]
[5.77000000e+02 2.04000000e+02 1.25922583e-01 5.00000000e+00]
[5.80000000e+02 3.34000000e+02 1.26234004e-01 7.00000000e+00]
[41.         52.          0.12663298  2.        ]
[3.00000000e+01 2.09000000e+02 1.27010975e-01 2.00000000e+00]
[3.46000000e+02 4.38000000e+02 1.28446535e-01 2.00000000e+00]
[5.8900000e+02 2.9100000e+02 1.3140904e-01 3.0000000e+00]
[5.81000000e+02 2.21000000e+02 1.36310846e-01 3.00000000e+00]
[ 62.         112.           0.13782569   2.        ]
[2.13000000e+02 3.86000000e+02 1.38148785e-01 2.00000000e+00]
[2.90000000e+02 5.30000000e+02 1.40875527e-01 2.00000000e+00]
[5.99000000e+02 1.64000000e+02 1.41364975e-01 6.00000000e+00]
[6.04000000e+02 1.80000000e+02 1.45617183e-01 4.00000000e+00]
[4.18000000e+02 4.61000000e+02 1.46741382e-01 2.00000000e+00]
[1.90000000e+01 2.29000000e+02 1.46911742e-01 2.00000000e+00]
[3.6600000e+02 5.1700000e+02 1.5205281e-01 2.0000000e+00]
[1.85000000e+02 1.95000000e+02 1.52240951e-01 2.00000000e+00]
[1.40000000e+01 4.33000000e+02 1.54450646e-01 2.00000000e+00]
[3.56000000e+02 4.67000000e+02 1.55558139e-01 2.00000000e+00]
[1.60000000e+01 4.39000000e+02 1.55672607e-01 2.00000000e+00]
[5.85000000e+02 1.54000000e+02 1.56298532e-01 1.40000000e+01]
[2.07000000e+02 2.56000000e+02 1.57179222e-01 2.00000000e+00]
[2.9700000e+02 4.2700000e+02 1.5722257e-01 2.0000000e+00]
[3.81000000e+02 4.05000000e+02 1.59989036e-01 2.00000000e+00]
[3.97000000e+02 4.44000000e+02 1.60988044e-01 2.00000000e+00]
[1.4300000e+02 4.4500000e+02 1.6132986e-01 2.0000000e+00]
[ 54.         150.           0.16245685   2.        ]
[4.02000000e+02 4.89000000e+02 1.63179724e-01 2.00000000e+00]
[2.76000000e+02 3.45000000e+02 1.64550693e-01 2.00000000e+00]
[8.00000000e+01 4.09000000e+02 1.64697451e-01 2.00000000e+00]
[6.09000000e+02 1.21000000e+02 1.64732133e-01 7.00000000e+00]
[4.15000000e+02 4.60000000e+02 1.65853944e-01 2.00000000e+00]
[6.18000000e+02 2.19000000e+02 1.65947856e-01 1.50000000e+01]
[1.09000000e+02 5.75000000e+02 1.68116491e-01 4.00000000e+00]
[1.44000000e+02 5.64000000e+02 1.68128335e-01 3.00000000e+00]
[6.05000000e+02 6.00000000e+02 1.68680607e-01 1.00000000e+01]
[3.20000000e+02 4.06000000e+02 1.68766344e-01 2.00000000e+00]
[1.42000000e+02 5.19000000e+02 1.70996411e-01 2.00000000e+00]
[6.24000000e+02 1.48000000e+02 1.72203474e-01 3.00000000e+00]
[2.48000000e+02 5.16000000e+02 1.73673849e-01 2.00000000e+00]
[1.83000000e+02 3.47000000e+02 1.76011937e-01 2.00000000e+00]
[2.90000000e+01 4.86000000e+02 1.82520664e-01 2.00000000e+00]
[6.10000000e+02 2.33000000e+02 1.83112494e-01 5.00000000e+00]
[5.00000000e+00 2.75000000e+02 1.83164198e-01 2.00000000e+00]
[5.58000000e+02 1.76000000e+02 1.86275014e-01 3.00000000e+00]
[6.30000000e+02 4.48000000e+02 1.87247542e-01 1.60000000e+01]
[ 27.         172.           0.18742212   2.        ]
[6.33000000e+02 5.60000000e+02 1.87615607e-01 1.20000000e+01]
[3.27000000e+02 5.38000000e+02 1.91127035e-01 2.00000000e+00]
[2.06000000e+02 3.22000000e+02 1.92766971e-01 2.00000000e+00]
[1.28000000e+02 3.33000000e+02 1.93397273e-01 2.00000000e+00]
[1.60000000e+02 2.98000000e+02 1.94971635e-01 2.00000000e+00]
[2.00000000e+01 2.65000000e+02 1.97119221e-01 2.00000000e+00]
[6.1200000e+02 1.0400000e+02 1.9746669e-01 3.0000000e+00]
[6.43000000e+02 4.80000000e+02 1.99773258e-01 1.70000000e+01]
[6.52000000e+02 4.54000000e+02 2.02033776e-01 1.80000000e+01]
[  9.         156.           0.20436513   2.        ]
[6.06000000e+02 6.48000000e+02 2.04893659e-01 4.00000000e+00]
[6.01000000e+02 3.82000000e+02 2.07463021e-01 3.00000000e+00]
[3.18000000e+02 5.09000000e+02 2.07611804e-01 2.00000000e+00]
[6.45000000e+02 6.49000000e+02 2.12350916e-01 1.40000000e+01]
[6.55000000e+02 6.40000000e+02 2.16574723e-01 9.00000000e+00]
[6.58000000e+02 6.51000000e+02 2.18454816e-01 1.70000000e+01]
[6.50000000e+02 6.19000000e+02 2.19994871e-01 4.00000000e+00]
[3.93000000e+02 5.11000000e+02 2.22931541e-01 2.00000000e+00]
[7.0000000e+01 6.3800000e+02 2.2308421e-01 3.0000000e+00]
[3.50000000e+01 6.53000000e+02 2.23574557e-01 1.90000000e+01]
[ 33.        122.          0.2239195   2.       ]
[3.6100000e+02 5.2700000e+02 2.2450116e-01 2.0000000e+00]
[6.28000000e+02 8.70000000e+01 2.24841461e-01 8.00000000e+00]
[2.39000000e+02 3.28000000e+02 2.25884369e-01 2.00000000e+00]
[2.37000000e+02 4.90000000e+02 2.30694445e-01 2.00000000e+00]
[2.10000000e+02 3.83000000e+02 2.31573919e-01 2.00000000e+00]
[5.42000000e+02 6.26000000e+02 2.31956409e-01 4.00000000e+00]
[ 82.         182.           0.23269335   2.        ]
[6.67000000e+02 1.53000000e+02 2.32883807e-01 9.00000000e+00]
[ 92.         192.           0.23469212   2.        ]
[6.54000000e+02 5.51000000e+02 2.35857366e-01 5.00000000e+00]
[6.59000000e+02 1.15000000e+02 2.36177277e-01 1.00000000e+01]
[6.60000000e+02 2.64000000e+02 2.40031376e-01 1.80000000e+01]
[3.80000000e+01 6.31000000e+02 2.40242528e-01 5.00000000e+00]
[6.74000000e+02 2.69000000e+02 2.44310487e-01 3.00000000e+00]
[6.77000000e+02 6.42000000e+02 2.45645918e-01 2.10000000e+01]
[6.41000000e+02 6.61000000e+02 2.47240409e-01 6.00000000e+00]
[7.10000000e+01 4.62000000e+02 2.51338993e-01 2.00000000e+00]
[6.80000000e+02 6.64000000e+02 2.53166346e-01 4.00000000e+01]
[5.48000000e+02 3.24000000e+02 2.56217603e-01 7.00000000e+00]
[2.28000000e+02 3.57000000e+02 2.56396483e-01 2.00000000e+00]
[3.63000000e+02 5.21000000e+02 2.58961339e-01 2.00000000e+00]
[ 85.         173.           0.26096186   2.        ]
[2.11000000e+02 6.21000000e+02 2.62070044e-01 3.00000000e+00]
[ 58.         238.           0.26223597   2.        ]
[6.73000000e+02 1.74000000e+02 2.64632623e-01 1.00000000e+01]
[6.71000000e+02 6.70000000e+01 2.64858506e-01 5.00000000e+00]
[3.4000000e+02 4.9500000e+02 2.6493829e-01 2.0000000e+00]
[6.83000000e+02 6.68000000e+02 2.66152124e-01 4.20000000e+01]
[5.59000000e+02 3.58000000e+02 2.67494386e-01 3.00000000e+00]
[6.70000000e+02 3.74000000e+02 2.69812377e-01 3.00000000e+00]
[6.81000000e+02 1.19000000e+02 2.70474182e-01 7.00000000e+00]
[4.60000000e+01 5.92000000e+02 2.72231731e-01 3.00000000e+00]
[ 99.         266.           0.27359009   2.        ]
[4.4900000e+02 5.2900000e+02 2.7388589e-01 2.0000000e+00]
[ 10.         225.           0.27504037   2.        ]
[6.75000000e+02 1.99000000e+02 2.75359999e-01 6.00000000e+00]
[6.6300000e+02 6.7200000e+02 2.7640869e-01 5.0000000e+00]
[217.         222.           0.27700947   2.        ]
[3.32000000e+02 4.69000000e+02 2.77165635e-01 2.00000000e+00]
[1.2000000e+01 4.5700000e+02 2.7750399e-01 2.0000000e+00]
[6.87000000e+02 4.87000000e+02 2.78406063e-01 3.00000000e+00]
[139.         241.           0.27986723   2.        ]
[3.84000000e+02 4.79000000e+02 2.80139453e-01 2.00000000e+00]
[3.00000000e+00 6.93000000e+02 2.80377025e-01 4.30000000e+01]
[7.02000000e+02 6.88000000e+02 2.82197467e-01 8.00000000e+00]
[6.08000000e+02 4.22000000e+02 2.82570526e-01 3.00000000e+00]
[2.30000000e+02 6.57000000e+02 2.83084026e-01 3.00000000e+00]
[9.80000000e+01 5.95000000e+02 2.83481076e-01 3.00000000e+00]
[5.7000000e+01 4.7100000e+02 2.8352352e-01 2.0000000e+00]
[1.80000000e+01 2.94000000e+02 2.85531181e-01 2.00000000e+00]
[4.46000000e+02 5.25000000e+02 2.86181444e-01 2.00000000e+00]
[2.99000000e+02 3.95000000e+02 2.86218198e-01 2.00000000e+00]
[1.01000000e+02 4.21000000e+02 2.86547224e-01 2.00000000e+00]
[2.55000000e+02 3.62000000e+02 2.87273827e-01 2.00000000e+00]
[1.3200000e+02 3.7200000e+02 2.8823745e-01 2.0000000e+00]
[3.3500000e+02 3.3800000e+02 2.9013737e-01 2.0000000e+00]
[6.96000000e+02 3.40000000e+01 2.91939054e-01 8.00000000e+00]
[6.11000000e+02 5.79000000e+02 2.94390069e-01 4.00000000e+00]
[ 73.         200.           0.29448037   2.        ]
[3.21000000e+02 3.89000000e+02 2.95596664e-01 2.00000000e+00]
[7.00000000e+02 6.47000000e+02 2.95952163e-01 4.00000000e+00]
[4.08000000e+02 4.50000000e+02 2.97043997e-01 2.00000000e+00]
[6.60000000e+01 5.68000000e+02 2.98085568e-01 3.00000000e+00]
[1.87000000e+02 5.00000000e+02 2.98471635e-01 2.00000000e+00]
[7.22000000e+02 6.36000000e+02 3.00261717e-01 1.10000000e+01]
[1.27000000e+02 4.63000000e+02 3.00283814e-01 2.00000000e+00]
[2.59000000e+02 3.87000000e+02 3.00295983e-01 2.00000000e+00]
[6.97000000e+02 8.30000000e+01 3.04228558e-01 4.00000000e+00]
[2.50000000e+02 4.42000000e+02 3.05071324e-01 2.00000000e+00]
[6.89000000e+02 2.63000000e+02 3.05457791e-01 3.00000000e+00]
[6.94000000e+02 2.44000000e+02 3.05772509e-01 4.00000000e+00]
[7.01000000e+02 4.35000000e+02 3.06244285e-01 7.00000000e+00]
[7.13000000e+02 2.85000000e+02 3.06981024e-01 4.00000000e+00]
[4.66000000e+02 4.94000000e+02 3.07506133e-01 2.00000000e+00]
[6.78000000e+02 6.92000000e+02 3.07609897e-01 7.00000000e+00]
[2.32000000e+02 6.13000000e+02 3.08518015e-01 3.00000000e+00]
[7.11000000e+02 6.99000000e+02 3.08663531e-01 5.00000000e+00]
[4.76000000e+02 5.15000000e+02 3.08691267e-01 2.00000000e+00]
[9.4000000e+01 6.8500000e+02 3.0884575e-01 3.0000000e+00]
[6.46000000e+02 3.49000000e+02 3.09133798e-01 3.00000000e+00]
[3.65000000e+02 4.43000000e+02 3.09139825e-01 2.00000000e+00]
[2.27000000e+02 3.50000000e+02 3.10227923e-01 2.00000000e+00]
[6.17000000e+02 2.30000000e+01 3.13159426e-01 3.00000000e+00]
[3.90000000e+02 5.01000000e+02 3.13549884e-01 2.00000000e+00]
[5.12000000e+02 5.13000000e+02 3.14470709e-01 2.00000000e+00]
[6.90000000e+02 1.17000000e+02 3.14573755e-01 1.10000000e+01]
[7.15000000e+02 2.87000000e+02 3.15233284e-01 3.00000000e+00]
[ 97.         226.           0.31564173   2.        ]
[8.80000000e+01 5.67000000e+02 3.15851529e-01 3.00000000e+00]
[6.16000000e+02 5.35000000e+02 3.16124745e-01 3.00000000e+00]
[7.33000000e+02 7.10000000e+02 3.16656672e-01 1.20000000e+01]
[2.92000000e+02 3.78000000e+02 3.16710467e-01 2.00000000e+00]
[6.15000000e+02 2.20000000e+01 3.16739913e-01 3.00000000e+00]
[7.40000000e+02 1.86000000e+02 3.16843521e-01 8.00000000e+00]
[3.23000000e+02 6.25000000e+02 3.17611175e-01 3.00000000e+00]
[6.6500000e+02 2.7800000e+02 3.1775195e-01 3.0000000e+00]
[5.88000000e+02 1.97000000e+02 3.18131611e-01 3.00000000e+00]
[7.14000000e+02 6.07000000e+02 3.19227911e-01 4.00000000e+00]
[194.         252.           0.32030546   2.        ]
[7.30000000e+02 6.84000000e+02 3.22090162e-01 1.80000000e+01]
[7.18000000e+02 7.16000000e+02 3.22241548e-01 4.00000000e+00]
[2.50000000e+01 4.04000000e+02 3.23117646e-01 2.00000000e+00]
[7.31000000e+02 7.64000000e+02 3.25107399e-01 4.00000000e+00]
[3.91000000e+02 7.50000000e+02 3.25722393e-01 3.00000000e+00]
[7.09000000e+02 7.06000000e+02 3.26164594e-01 4.60000000e+01]
[ 32.         188.           0.32698092   2.        ]
[4.24000000e+02 4.85000000e+02 3.27500991e-01 2.00000000e+00]
[9.600000e+01 5.900000e+02 3.281643e-01 3.000000e+00]
[6.1400000e+02 4.9600000e+02 3.2883422e-01 3.0000000e+00]
[7.4100000e+02 5.8700000e+02 3.2884017e-01 5.0000000e+00]
[7.48000000e+02 7.45000000e+02 3.29404266e-01 6.00000000e+00]
[2.81000000e+02 3.73000000e+02 3.31039314e-01 2.00000000e+00]
[4.7200000e+02 5.0800000e+02 3.3244084e-01 2.0000000e+00]
[5.70000000e+02 1.51000000e+02 3.34005009e-01 3.00000000e+00]
[3.70000000e+01 7.20000000e+02 3.34778598e-01 3.00000000e+00]
[7.38000000e+02 7.36000000e+02 3.36528735e-01 8.00000000e+00]
[5.49000000e+02 6.62000000e+02 3.36962316e-01 4.00000000e+00]
[193.         279.           0.33775523   2.        ]
[7.59000000e+02 2.35000000e+02 3.38186042e-01 9.00000000e+00]
[3.52000000e+02 7.39000000e+02 3.38800691e-01 3.00000000e+00]
[7.44000000e+02 7.42000000e+02 3.39024591e-01 8.00000000e+00]
[6.76000000e+02 2.02000000e+02 3.39109275e-01 1.10000000e+01]
[7.35000000e+02 1.06000000e+02 3.39279395e-01 4.00000000e+00]
[7.70000000e+02 7.65000000e+02 3.39623538e-01 6.40000000e+01]
[168.         296.           0.33978216   2.        ]
[7.25000000e+02 3.98000000e+02 3.39966439e-01 3.00000000e+00]
[2.60000000e+01 7.73000000e+02 3.41232244e-01 4.00000000e+00]
[7.87000000e+02 1.67000000e+02 3.42569445e-01 1.20000000e+01]
[7.75000000e+02 3.71000000e+02 3.42634664e-01 6.00000000e+00]
[5.10000000e+01 5.20000000e+02 3.43863084e-01 2.00000000e+00]
[7.32000000e+02 3.30000000e+02 3.44118757e-01 3.00000000e+00]
[0.00000000e+00 5.24000000e+02 3.45529035e-01 2.00000000e+00]
[ 75.         102.           0.34590424   2.        ]
[6.91000000e+02 7.76000000e+02 3.45974397e-01 1.10000000e+01]
[7.08000000e+02 7.69000000e+02 3.47367024e-01 5.00000000e+00]
[7.89000000e+02 7.47000000e+02 3.48076078e-01 6.60000000e+01]
[161.         260.           0.34834714   2.        ]
[7.54000000e+02 4.10000000e+02 3.49975635e-01 4.00000000e+00]
[2.80000000e+01 7.23000000e+02 3.51509772e-01 5.00000000e+00]
[ 59.        313.          0.3529423   2.       ]
[7.63000000e+02 7.53000000e+02 3.54928468e-01 6.00000000e+00]
[7.6600000e+02 3.1200000e+02 3.5498729e-01 5.0000000e+00]
[7.05000000e+02 7.72000000e+02 3.55093215e-01 4.00000000e+00]
[7.52000000e+02 3.54000000e+02 3.55619555e-01 4.00000000e+00]
[7.12000000e+02 5.32000000e+02 3.55886456e-01 4.00000000e+00]
[100.         137.           0.35681982   2.        ]
[1.49000000e+02 6.29000000e+02 3.57203082e-01 3.00000000e+00]
[7.7400000e+02 7.2100000e+02 3.5789662e-01 5.0000000e+00]
[2.15000000e+02 7.43000000e+02 3.58087836e-01 3.00000000e+00]
[7.71000000e+02 7.07000000e+02 3.58623469e-01 4.00000000e+00]
[7.80000000e+02 1.89000000e+02 3.59489255e-01 4.00000000e+00]
[8.05000000e+02 7.51000000e+02 3.59992586e-01 1.30000000e+01]
[7.86000000e+02 7.49000000e+02 3.60452926e-01 1.00000000e+01]
[8.01000000e+02 7.99000000e+02 3.61252496e-01 7.70000000e+01]
[5.86000000e+02 7.27000000e+02 3.61793376e-01 4.00000000e+00]
[3.42000000e+02 3.68000000e+02 3.62338802e-01 2.00000000e+00]
[8.19000000e+02 7.56000000e+02 3.62742558e-01 8.90000000e+01]
[3.26000000e+02 3.76000000e+02 3.62878147e-01 2.00000000e+00]
[158.         353.           0.36342525   2.        ]
[2.67000000e+02 4.82000000e+02 3.66213805e-01 2.00000000e+00]
[7.26000000e+02 4.80000000e+01 3.66665138e-01 5.00000000e+00]
[7.67000000e+02 3.31000000e+02 3.66955853e-01 3.00000000e+00]
[5.94000000e+02 7.55000000e+02 3.67148629e-01 5.00000000e+00]
[3.70000000e+02 4.59000000e+02 3.67354344e-01 2.00000000e+00]
[7.57000000e+02 7.91000000e+02 3.67361788e-01 5.00000000e+00]
[6.79000000e+02 2.80000000e+02 3.67573463e-01 4.00000000e+00]
[8.08000000e+02 8.06000000e+02 3.67595033e-01 1.00000000e+01]
[1.5900000e+02 4.1700000e+02 3.6787929e-01 2.0000000e+00]
[7.93000000e+02 2.53000000e+02 3.69124405e-01 1.30000000e+01]
[7.90000000e+01 7.34000000e+02 3.69966809e-01 3.00000000e+00]
[3.44000000e+02 5.26000000e+02 3.70448896e-01 2.00000000e+00]
[7.61000000e+02 4.28000000e+02 3.71191074e-01 4.00000000e+00]
[7.62000000e+02 7.95000000e+02 3.71460936e-01 5.00000000e+00]
[8.22000000e+02 7.84000000e+02 3.72713234e-01 9.80000000e+01]
[7.85000000e+02 6.66000000e+02 3.74067777e-01 5.00000000e+00]
[4.40000000e+01 4.52000000e+02 3.77009493e-01 2.00000000e+00]
[8.3200000e+02 8.0000000e+02 3.7849399e-01 1.5000000e+01]
[8.39000000e+02 7.96000000e+02 3.78494875e-01 1.01000000e+02]
[5.30000000e+01 4.56000000e+02 3.79140833e-01 2.00000000e+00]
[2.24000000e+02 7.94000000e+02 3.79375021e-01 7.00000000e+00]
[6.44000000e+02 1.63000000e+02 3.80371677e-01 3.00000000e+00]
[7.03000000e+02 7.17000000e+02 3.81322763e-01 4.00000000e+00]
[105.         258.           0.38154401   2.        ]
[8.3800000e+02 7.9800000e+02 3.8190972e-01 7.0000000e+00]
[5.84000000e+02 4.30000000e+02 3.82724706e-01 3.00000000e+00]
[1.11000000e+02 7.90000000e+02 3.83479365e-01 3.00000000e+00]
[8.42000000e+02 8.18000000e+02 3.84532014e-01 2.50000000e+01]
[8.16000000e+02 7.81000000e+02 3.85417067e-01 1.20000000e+01]
[2.86000000e+02 7.78000000e+02 3.85982353e-01 3.00000000e+00]
[3.43000000e+02 4.32000000e+02 3.86154582e-01 2.00000000e+00]
[3.60000000e+01 8.03000000e+02 3.87000499e-01 5.00000000e+00]
[8.46000000e+02 4.40000000e+02 3.87413533e-01 4.00000000e+00]
[7.92000000e+02 2.93000000e+02 3.87805916e-01 5.00000000e+00]
[8.37000000e+02 7.19000000e+02 3.89036669e-01 6.00000000e+00]
[8.00000000e+00 5.05000000e+02 3.89805834e-01 2.00000000e+00]
[6.27000000e+02 6.22000000e+02 3.89822169e-01 4.00000000e+00]
[7.00000000e+00 5.28000000e+02 3.90098909e-01 2.00000000e+00]
[2.0300000e+02 3.9900000e+02 3.9084554e-01 2.0000000e+00]
[ 43.         273.           0.39150725   2.        ]
[8.50000000e+02 8.07000000e+02 3.91751626e-01 8.00000000e+00]
[8.12000000e+02 4.11000000e+02 3.92284981e-01 4.00000000e+00]
[7.37000000e+02 1.46000000e+02 3.93143938e-01 8.00000000e+00]
[8.25000000e+02 8.40000000e+02 3.93188951e-01 7.00000000e+00]
[7.58000000e+02 6.86000000e+02 3.93421634e-01 5.00000000e+00]
[8.24000000e+02 3.25000000e+02 3.93667582e-01 3.00000000e+00]
[3.60000000e+02 4.78000000e+02 3.94432191e-01 2.00000000e+00]
[8.45000000e+02 5.37000000e+02 3.95532809e-01 8.00000000e+00]
[8.52000000e+02 8.49000000e+02 3.97468748e-01 3.20000000e+01]
[8.34000000e+02 6.98000000e+02 3.98439557e-01 1.50000000e+01]
[8.04000000e+02 1.84000000e+02 3.99434453e-01 6.00000000e+00]
[8.59000000e+02 8.30000000e+02 3.99867348e-01 1.10000000e+01]
[3.90000000e+01 6.03000000e+02 4.01689342e-01 3.00000000e+00]
[5.93000000e+02 8.23000000e+02 4.02301356e-01 4.00000000e+00]
[7.79000000e+02 8.33000000e+02 4.02586715e-01 5.00000000e+00]
[8.43000000e+02 7.68000000e+02 4.03345353e-01 1.05000000e+02]
[8.53000000e+02 8.51000000e+02 4.05419244e-01 1.50000000e+01]
[8.56000000e+02 7.88000000e+02 4.05797997e-01 9.00000000e+00]
[8.47000000e+02 5.10000000e+02 4.06106264e-01 5.00000000e+00]
[8.02000000e+02 4.51000000e+02 4.06860524e-01 3.00000000e+00]
[8.27000000e+02 8.68000000e+02 4.07312516e-01 1.00000000e+01]
[7.97000000e+02 4.91000000e+02 4.07667858e-01 3.00000000e+00]
[3.06000000e+02 5.34000000e+02 4.08412633e-01 2.00000000e+00]
[4.31000000e+02 4.81000000e+02 4.09365791e-01 2.00000000e+00]
[4.20000000e+01 4.84000000e+02 4.09711543e-01 2.00000000e+00]
[8.48000000e+02 2.82000000e+02 4.11706421e-01 3.00000000e+00]
[1.38000000e+02 5.14000000e+02 4.11955027e-01 2.00000000e+00]
[6.37000000e+02 4.12000000e+02 4.12537844e-01 3.00000000e+00]
[8.73000000e+02 8.65000000e+02 4.13268745e-01 4.00000000e+01]
[8.80000000e+02 7.24000000e+02 4.13817705e-01 1.07000000e+02]
[1.50000000e+01 6.95000000e+02 4.14920718e-01 4.00000000e+00]
[5.60000000e+01 4.99000000e+02 4.15660255e-01 2.00000000e+00]
[8.58000000e+02 1.90000000e+02 4.16064187e-01 6.00000000e+00]
[4.03000000e+02 4.64000000e+02 4.16957741e-01 2.00000000e+00]
[3.37000000e+02 4.25000000e+02 4.16959191e-01 2.00000000e+00]
[8.11000000e+02 8.28000000e+02 4.17558817e-01 7.00000000e+00]
[181.         401.           0.41782597   2.        ]
[8.86000000e+02 4.83000000e+02 4.18065957e-01 4.00000000e+00]
[8.76000000e+02 6.82000000e+02 4.18496878e-01 1.30000000e+01]
[8.81000000e+02 8.66000000e+02 4.18758875e-01 1.90000000e+01]
[8.14000000e+02 2.88000000e+02 4.19245773e-01 4.00000000e+00]
[8.75000000e+02 1.75000000e+02 4.19279189e-01 7.00000000e+00]
[ 89.         257.           0.41942709   2.        ]
[9.04000000e+02 8.74000000e+02 4.21760359e-01 3.40000000e+01]
[8.70000000e+02 6.69000000e+02 4.23385016e-01 5.00000000e+00]
[8.9400000e+02 8.1500000e+02 4.2371815e-01 1.1100000e+02]
[8.67000000e+02 7.82000000e+02 4.23783785e-01 1.20000000e+01]
[6.35000000e+02 6.32000000e+02 4.24330704e-01 5.00000000e+00]
[8.62000000e+02 8.85000000e+02 4.25721948e-01 1.20000000e+01]
[118.        385.          0.4260385   2.       ]
[5.41000000e+02 8.31000000e+02 4.26379062e-01 7.00000000e+00]
[8.26000000e+02 2.84000000e+02 4.29180543e-01 6.00000000e+00]
[145.         242.           0.42935581   2.        ]
[9.10000000e+02 8.35000000e+02 4.29514501e-01 1.14000000e+02]
[9.06000000e+02 2.23000000e+02 4.29514961e-01 8.00000000e+00]
[8.97000000e+02 8.78000000e+02 4.31362058e-01 1.00000000e+01]
[8.93000000e+02 8.21000000e+02 4.33235733e-01 4.20000000e+01]
[5.91000000e+02 1.34000000e+02 4.34686772e-01 3.00000000e+00]
[8.41000000e+02 1.41000000e+02 4.35944269e-01 3.00000000e+00]
[8.9600000e+02 9.0500000e+02 4.3699672e-01 6.0000000e+00]
[2.54000000e+02 8.20000000e+02 4.37521798e-01 5.00000000e+00]
[8.60000000e+02 3.92000000e+02 4.38270599e-01 3.00000000e+00]
[8.98000000e+02 4.65000000e+02 4.38304899e-01 3.00000000e+00]
[231.         234.           0.43854689   2.        ]
[9.21000000e+02 9.20000000e+02 4.39738546e-01 5.20000000e+01]
[8.8400000e+02 8.9900000e+02 4.4084047e-01 5.0000000e+00]
[8.77000000e+02 8.13000000e+02 4.41983628e-01 8.00000000e+00]
[ 60.         304.           0.44242392   2.        ]
[7.6000000e+02 4.7700000e+02 4.4254939e-01 4.0000000e+00]
[1.16000000e+02 8.92000000e+02 4.42562292e-01 4.00000000e+00]
[9.24000000e+02 7.77000000e+02 4.45831613e-01 8.00000000e+00]
[9.03000000e+02 8.90000000e+02 4.46216993e-01 1.60000000e+01]
[9.11000000e+02 9.30000000e+02 4.46287501e-01 1.70000000e+01]
[9.02000000e+02 9.00000000e+02 4.46680437e-01 1.10000000e+01]
[8.69000000e+02 8.63000000e+02 4.46716622e-01 7.00000000e+00]
[1.33000000e+02 9.09000000e+02 4.47931578e-01 6.00000000e+00]
[7.2900000e+02 8.8800000e+02 4.4801956e-01 4.0000000e+00]
[9.18000000e+02 9.08000000e+02 4.49219339e-01 1.48000000e+02]
[179.         198.           0.45167218   2.        ]
[8.79000000e+02 8.29000000e+02 4.52054023e-01 7.00000000e+00]
[8.89000000e+02 4.88000000e+02 4.54230568e-01 3.00000000e+00]
[9.29000000e+02 9.19000000e+02 4.55129439e-01 6.00000000e+01]
[9.31000000e+02 8.55000000e+02 4.57456822e-01 1.00000000e+01]
[9.42000000e+02 9.25000000e+02 4.57979805e-01 1.53000000e+02]
[9.13000000e+02 9.36000000e+02 4.58910137e-01 2.80000000e+01]
[8.72000000e+02 4.75000000e+02 4.59076498e-01 9.00000000e+00]
[5.96000000e+02 8.71000000e+02 4.59350902e-01 4.00000000e+00]
[110.         310.           0.45940917   2.        ]
[8.10000000e+02 9.33000000e+02 4.59573461e-01 8.00000000e+00]
[9.01000000e+02 9.41000000e+02 4.60513616e-01 6.00000000e+00]
[9.23000000e+02 8.61000000e+02 4.61321852e-01 7.00000000e+00]
[8.09000000e+02 8.91000000e+02 4.62233628e-01 6.00000000e+00]
[6.39000000e+02 5.98000000e+02 4.62494388e-01 4.00000000e+00]
[5.82000000e+02 3.75000000e+02 4.62532345e-01 3.00000000e+00]
[6.34000000e+02 4.53000000e+02 4.65313984e-01 3.00000000e+00]
[8.54000000e+02 6.20000000e+02 4.67949471e-01 5.00000000e+00]
[9.39000000e+02 8.17000000e+02 4.68842143e-01 2.00000000e+01]
[8.82000000e+02 8.36000000e+02 4.69319317e-01 1.10000000e+01]
[9.22000000e+02 1.57000000e+02 4.69658893e-01 4.00000000e+00]
[9.38000000e+02 5.83000000e+02 4.70323909e-01 1.30000000e+01]
[8.44000000e+02 9.44000000e+02 4.70979972e-01 9.00000000e+00]
[6.90000000e+01 5.39000000e+02 4.72386506e-01 2.00000000e+00]
[9.07000000e+02 4.97000000e+02 4.73594821e-01 3.00000000e+00]
[9.56000000e+02 8.64000000e+02 4.75069415e-01 8.00000000e+00]
[5.97000000e+02 4.93000000e+02 4.75397923e-01 3.00000000e+00]
[8.9500000e+02 9.1400000e+02 4.7636544e-01 6.0000000e+00]
[3.41000000e+02 5.36000000e+02 4.77084765e-01 2.00000000e+00]
[9.12000000e+02 9.50000000e+02 4.77126299e-01 1.40000000e+01]
[9.17000000e+02 4.47000000e+02 4.77633361e-01 3.00000000e+00]
[8.40000000e+01 9.27000000e+02 4.79451442e-01 4.00000000e+00]
[9.35000000e+02 9.40000000e+02 4.81705443e-01 1.40000000e+01]
[1.10000000e+01 5.04000000e+02 4.82506245e-01 2.00000000e+00]
[8.87000000e+02 3.79000000e+02 4.83282508e-01 3.00000000e+00]
[8.5700000e+02 9.5100000e+02 4.8361687e-01 8.0000000e+00]
[9.49000000e+02 9.46000000e+02 4.84358364e-01 8.80000000e+01]
[9.37000000e+02 4.98000000e+02 4.85770755e-01 1.80000000e+01]
[9.48000000e+02 9.63000000e+02 4.87109901e-01 1.57000000e+02]
[9.81000000e+02 9.68000000e+02 4.89247475e-01 1.65000000e+02]
[9.26000000e+02 9.60000000e+02 4.89403392e-01 8.00000000e+00]
[9.64000000e+02 4.20000000e+02 4.90173419e-01 1.40000000e+01]
[9.61000000e+02 8.83000000e+02 4.93960921e-01 2.50000000e+01]
[9.84000000e+02 9.79000000e+02 4.95153642e-01 1.02000000e+02]
[9.74000000e+02 5.31000000e+02 4.98814657e-01 5.00000000e+00]
[9.82000000e+02 9.83000000e+02 5.05628623e-01 1.73000000e+02]
[6.56000000e+02 9.32000000e+02 5.05917678e-01 5.00000000e+00]
[9.55000000e+02 9.75000000e+02 5.09817686e-01 2.10000000e+01]
[9.80000000e+02 9.62000000e+02 5.10880187e-01 2.90000000e+01]
[9.15000000e+02 9.88000000e+02 5.12228596e-01 1.80000000e+02]
[9.86000000e+02 9.47000000e+02 5.15018845e-01 1.12000000e+02]
[9.78000000e+02 9.72000000e+02 5.15508049e-01 2.20000000e+01]
[9.16000000e+02 2.68000000e+02 5.15585513e-01 7.00000000e+00]
[9.92000000e+02 7.04000000e+02 5.21076253e-01 1.82000000e+02]
[9.34000000e+02 9.58000000e+02 5.21795621e-01 7.00000000e+00]
[9.87000000e+02 9.69000000e+02 5.22276456e-01 8.00000000e+00]
[9.54000000e+02 3.77000000e+02 5.25253562e-01 7.00000000e+00]
[ 31.         441.           0.52589244   2.        ]
[ 47.         474.           0.52654158   2.        ]
[9.66000000e+02 7.70000000e+01 5.26728128e-01 3.00000000e+00]
[9.45000000e+02 1.26000000e+02 5.27501781e-01 4.00000000e+00]
[9.65000000e+02 3.19000000e+02 5.28364659e-01 1.00000000e+01]
[2.43000000e+02 9.59000000e+02 5.29124392e-01 4.00000000e+00]
[9.53000000e+02 9.77000000e+02 5.31573194e-01 1.10000000e+01]
[9.98000000e+02 4.07000000e+02 5.32575212e-01 9.00000000e+00]
[388.         416.           0.53343339   2.        ]
[9.85000000e+02 9.99000000e+02 5.35349399e-01 3.20000000e+01]
[9.93000000e+02 1.00900000e+03 5.42458331e-01 1.44000000e+02]
[9.90000000e+02 9.67000000e+02 5.42854018e-01 2.40000000e+01]
[107.         316.           0.54362018   2.        ]
[131.         470.           0.54412812   2.        ]
[9.94000000e+02 6.02000000e+02 5.45863217e-01 2.40000000e+01]
[9.73000000e+02 9.28000000e+02 5.46327986e-01 5.00000000e+00]
[1.01100000e+03 1.00600000e+03 5.47228983e-01 3.50000000e+01]
[1.14000000e+02 7.83000000e+02 5.48995111e-01 3.00000000e+00]
[1.00700000e+03 3.51000000e+02 5.49799506e-01 1.00000000e+01]
[9.91000000e+02 1.71000000e+02 5.50134062e-01 3.00000000e+01]
[9.43000000e+02 3.64000000e+02 5.50149767e-01 3.00000000e+00]
[1.00400000e+03 1.00200000e+03 5.51844974e-01 1.30000000e+01]
[9.96000000e+02 9.95000000e+02 5.53244248e-01 1.89000000e+02]
[1.01900000e+03 9.52000000e+02 5.54334252e-01 3.20000000e+01]
[1.01000000e+03 1.00500000e+03 5.55279068e-01 1.48000000e+02]
[9.7600000e+02 9.7000000e+02 5.6037757e-01 8.0000000e+00]
[9.57000000e+02 1.01800000e+03 5.63099356e-01 1.40000000e+01]
[1.01400000e+03 1.00100000e+03 5.63832917e-01 2.60000000e+01]
[  2.         455.           0.56576835   2.        ]
[1.02400000e+03 1.02200000e+03 5.68185337e-01 3.37000000e+02]
[1.02300000e+03 1.00300000e+03 5.71254501e-01 3.60000000e+01]
[ 45.         434.           0.57264862   2.        ]
[1.02700000e+03 1.00000000e+03 5.78880893e-01 2.80000000e+01]
[1.01600000e+03 9.97000000e+02 5.81670058e-01 4.20000000e+01]
[1.02000000e+03 5.07000000e+02 5.86527306e-01 4.00000000e+00]
[1.03000000e+03 1.03300000e+03 5.88028589e-01 7.80000000e+01]
[502.         506.           0.59598537   2.        ]
[ 55.         177.           0.59677421   2.        ]
[1.0280000e+03 1.0080000e+03 5.9708098e-01 4.0000000e+00]
[1.03200000e+03 1.02600000e+03 5.98292782e-01 4.20000000e+01]
[1.20000000e+02 6.23000000e+02 6.01334412e-01 3.00000000e+00]
[1.03500000e+03 9.89000000e+02 6.05714089e-01 8.30000000e+01]
[1.02900000e+03 1.02100000e+03 6.08663809e-01 3.50000000e+02]
[1.04200000e+03 1.04100000e+03 6.19632238e-01 4.33000000e+02]
[1.01700000e+03 1.91000000e+02 6.20661093e-01 4.00000000e+00]
[1.01500000e+03 4.58000000e+02 6.25097863e-01 6.00000000e+00]
[1.04300000e+03 1.01300000e+03 6.29670281e-01 4.35000000e+02]
[1.03900000e+03 1.04000000e+03 6.29870684e-01 4.50000000e+01]
[1.04400000e+03 3.55000000e+02 6.35715984e-01 5.00000000e+00]
[1.69000000e+02 1.03400000e+03 6.40318707e-01 5.00000000e+00]
[1.04600000e+03 1.03700000e+03 6.43261905e-01 4.37000000e+02]
[1.05000000e+03 1.02500000e+03 6.52947119e-01 4.45000000e+02]
[1.0450000e+03 4.1900000e+02 6.5428196e-01 7.0000000e+00]
[1.03800000e+03 1.04700000e+03 6.65734627e-01 4.90000000e+01]
[1.05100000e+03 7.28000000e+02 6.76532921e-01 4.48000000e+02]
[1.05400000e+03 9.71000000e+02 6.82602193e-01 4.50000000e+02]
[1.08000000e+02 1.04900000e+03 6.98785078e-01 6.00000000e+00]
[1.05500000e+03 1.05200000e+03 7.01278243e-01 4.57000000e+02]
[1.05700000e+03 1.05300000e+03 7.04047283e-01 5.06000000e+02]
[1.05800000e+03 1.03600000e+03 7.13472636e-01 5.08000000e+02]
[1.01200000e+03 2.01000000e+02 7.20649825e-01 3.00000000e+00]
[1.30000000e+01 1.03100000e+03 7.24022874e-01 3.00000000e+00]
[1.05900000e+03 1.62000000e+02 7.49575693e-01 5.09000000e+02]
[1.04800000e+03 7.46000000e+02 7.53785435e-01 7.00000000e+00]
[1.06200000e+03 1.06100000e+03 7.66700565e-01 5.12000000e+02]
[1.0640000e+03 2.1200000e+02 7.7180469e-01 5.1300000e+02]
[1.06500000e+03 1.06300000e+03 7.78929517e-01 5.20000000e+02]
[1.06600000e+03 1.05600000e+03 7.89071848e-01 5.26000000e+02]
[543.         147.           0.79119649   3.        ]
[1.06700000e+03 8.60000000e+01 8.20800685e-01 5.27000000e+02]
[1.06900000e+03 1.06000000e+03 8.27376893e-01 5.30000000e+02]
[1.07000000e+03 3.14000000e+02 8.58015217e-01 5.31000000e+02]
[166.         429.           0.86839525   2.        ]
[1.07100000e+03 3.11000000e+02 8.97006271e-01 5.32000000e+02]
[1.07300000e+03 1.06800000e+03 9.18225443e-01 5.35000000e+02]
[1.07400000e+03 5.33000000e+02 9.32035071e-01 5.36000000e+02]
[1.07500000e+03 1.07200000e+03 9.35250443e-01 5.38000000e+02]
[1.07600000e+03 2.77000000e+02 9.52648493e-01 5.39000000e+02]
[1.07700000e+03 2.89000000e+02 9.81038887e-01 5.40000000e+02]
